"","BEAS-PM2.5_3_miRNA-2_07_07_11.CEL","BEAS_C1_miRNA-2_0_07_07_11.CEL","BEAS_C2_miRNA-2_0_07_07_11.CEL","BEAS_C3_miRNA-2_0_07_07_11.CEL","BEAS_PM10_1_miRNA-2_0_06.07.11.CEL","BEAS_PM10_2_miRNA-2_0_06_07_11.CEL","BEAS_PM10_3_miRNA-2_0_06_07_11.CEL","BEAS_PM2.5_1_miRNA-2_0_06_07_11.CEL","BEAS_PM2.5_2_miRNA-2_07_07_11.CEL"
"1367452_st",1.12968964117433,0.73641116241625,0.981584792114115,1.19061257055404,1.03143649322647,0.753210341598928,1.03143649322647,1.34836023290949,1.03143649322647
"1367453_st",1.0987884903092,1.05701634675296,1.05701634675296,1.01942121424361,0.931568442285962,1.05701634675296,1.4660388910689,1.17835140673184,0.742488831026839
"1367454_st",1.14870846207455,1.14870846207455,1.18630359458391,1.14870846207455,1.07200311704127,1.2118834481104,0.797096635765411,1.01466540398244,1.18630359458391
"1367455_st",0.950668057062392,0.950668057062392,0.897698927528089,0.950668057062392,0.65330677402187,1.15695348061009,0.950668057062392,1.21743132915599,1.06497735617161
"1367456_st",1.17296797865059,1.09871039974321,1.19496949628423,0.977375339764336,1.07200311704127,1.12131876196426,0.63298718244923,0.913072924553037,0.977375339764336
"1367457_st",1.29093817647192,1.23922316506451,1.47173846097503,1.30297758634006,1.04457049804214,1.23922316506451,1.23922316506451,1.21066663789344,1.08828876052834
"1367458_st",1.40332115903987,1.40332115903987,1.19311502487828,1.44715413948433,1.30644416970989,1.40332115903987,1.40332115903987,1.55876004530226,1.40332115903987
"1367459_st",1.07200311704127,1.07200311704127,0.997908963276724,0.821160868851956,1.15264841164643,1.05701634675296,1.2310219753233,1.40079057920553,0.978459100107397
"1367460_st",1.0979411141096,1.19788870964653,1.0102327176637,0.805485729787015,0.939943607732698,0.825634308623484,1.1739492852568,1.32248927053426,1.33056701553967
"1367461_st",0.950668057062392,0.950668057062392,1.10959824955062,0.825151069678769,0.950668057062392,0.950668057062392,0.950668057062392,0.950668057062392,0.950668057062392
"1367462_st",1.21942189693226,1.06505992795419,0.977375339764336,0.805485729787015,1.17936922706341,0.652459495845563,1.2113159777053,1.21689131709791,1.0979411141096
"1367463_st",1.23922316506451,1.30634935870429,1.47643809890867,1.23922316506451,1.12701360136485,1.37338127979463,1.1577950521107,1.0408776917611,1.21251588236256
"1367464_st",1.11055453900948,1.07200311704127,1.05193531927728,1.07200311704127,1.10677627871999,1.22060719751161,0.970507206323473,1.33852050429553,0.869239944108582
"1367465_st",1.01000161224849,1.44278931828336,1.03143649322647,1.05004451088375,1.07089843758977,1.06109907416294,1.238118485613,1.18274613396982,1.28515533223591
"1367466_st",0.857891945238911,1.2738019296333,1.21266066145274,1.01706802256649,1.01706802256649,0.836358757953178,1.18895763254381,0.979472890057131,0.985981696609124
"1367467_st",1.05196791922106,1.05196791922106,0.979669872584828,0.913072924553037,0.909380762653827,1.05196791922106,1.17515222366905,1.06520976520897,1.06695468950936
"1367468_st",1.52854073296985,1.5359147705431,1.40332115903987,1.52854073296985,1.23656623991839,1.68268715093672,1.49298309263918,0.825578516701528,1.5721712906314
"1367469_st",1.29328431852664,1.03143649322647,0.983148576055669,1.03143649322647,1.17750999386246,1.03143649322647,0.683992479594202,1.2145902736085,1.07554777605335
"1367470_st",0.99135782243611,0.741354136402201,0.814696060299322,1.04565173262109,1.07200311704127,1.02895295494546,0.827259619244077,1.33670815193603,1.18454672728911
"1367471_st",0.977375339764336,0.977375339764336,1.07200311704127,1.05814377592841,0.977375339764336,0.977375339764336,0.895947226810527,1.09871039974321,0.786346079992994
"1367472_st",0.96918753964551,0.836358757953178,1.12083773078783,0.96918753964551,0.836358757953178,1.05061565259932,1.32862440262587,0.878977461997859,0.96918753964551
"1367473_st",1.30211257196503,1.06308919293441,1.06308919293441,1.26442616437186,1.34692732264212,1.10055964421233,0.928915565172594,1.10055964421233,1.32458196423039
"1367474_st",0.953238588704919,0.850277288465376,1.03143649322647,0.926991455065236,0.96458658757459,0.96458658757459,1.11447817472453,0.926991455065236,0.950668057062392
"1367475_st",0.977375339764336,0.750549220953167,0.739085764282921,0.950668057062392,0.950668057062392,1.64217077149935,0.841750833184485,1.16477922886475,1.2006717430963
"1367476_st",1.27435699140704,1.47205044862795,1.05742625337194,1.43353306873462,1.10537713684415,1.17525000439897,1.42424857855699,1.07200311704127,1.27435699140704
"1367477_st",1.13722209061036,1.10055964421233,1.05999302039753,1.34778333948073,1.32680613069971,1.28131703770146,1.10055964421233,1.03383288011937,1.05831795833113
"1367478_st",0.882289780925675,0.843738358957469,0.882289780925675,1.03143649322647,1.06186792177143,0.824731830183014,0.882289780925675,0.6143038461662,0.824509980327793
"1367479_st",1.30670596845145,0.836358757953178,1.42930508726266,1.27560880907207,1.13427975645244,1.14870846207455,1.35969060137833,0.733044362519501,1.14870846207455
"1367480_st",1.1236523337276,1.29602543705933,0.869562090875438,1.00487692340149,1.07200311704127,1.07200311704127,0.992362110052643,1.42069189367065,1.21565851338461
"1367481_st",1.04188605810242,1.02035287081668,1.14532800983731,1.10866556343929,1.10866556343929,1.29739644887067,1.1332984548953,1.10866556343929,0.759638797291049
"1367482_st",0.710113032896323,1.01447143749927,0.90487029068174,0.913072924553037,1.00316668467888,1.30194131192926,1.01447143749927,1.2145902736085,1.01447143749927
"1367483_st",1.38669956732165,1.39597303259626,1.1719507125782,1.62848832850678,1.07200311704127,0.986818335543866,1.1719507125782,0.934373021368579,1.49182560599992
"1367484_st",1.25087873017859,0.978571924692479,1.21799754402319,0.854154879592443,0.978571924692479,1.28160247841507,0.748974721361005,1.51012255978942,0.978571924692479
"1367485_st",0.989219479030597,0.950668057062392,0.991851407304256,1.06899108835143,1.15695348061009,0.618868566208295,0.748974721361005,0.737767130440029,0.950668057062392
"1367486_st",1.23922316506451,1.25057116393418,0.794538341171447,1.19655466994902,1.33121645853934,1.48439267867953,1.65900802283251,1.25057116393418,1.34519894121111
"1367487_st",0.951737894293692,1.41366749952216,0.800018427455984,1.23419966615916,1.07200311704127,1.03912193088587,1.07200311704127,1.12963991003968,1.07200311704127
"1367488_st",1.35908100314189,1.07747975930505,1.03143649322647,1.03143649322647,1.03143649322647,0.919818798446371,1.03143649322647,0.821230359064878,0.898144001965614
"1367489_st",0.893916708695839,0.951245600188085,0.893916708695839,1.091957113708,0.986692820519319,0.749526395451178,0.646309652459441,0.856321576186484,0.950668057062392
"1367490_st",0.682611016558023,0.964811780819581,0.91973854676593,1.195085565405,0.977375339764336,1.38211293832599,0.977375339764336,1.00743048486426,0.963456809252138
"1367491_st",1.041412740094,0.822563757601548,1.15695348061009,1.041412740094,1.02884918114925,0.921939198589939,0.993263922231788,1.44209893769532,1.29602543705933
"1367492_st",0.857891945238912,0.945275981831085,1.42617256638797,1.04794105073265,1.33290954603666,1.33290954603666,1.32862775586666,1.0917740311771,0.97122109007052
"1367493_st",1.15695348061009,1.15695348061009,1.27828854058897,1.03143649322647,1.15695348061009,1.15695348061009,0.927356277278618,1.15695348061009,1.15695348061009
"1367494_st",0.917024411003756,1.40653166295456,1.00068053404666,1.2063419789091,1.2063419789091,1.2063419789091,1.23922316506451,1.17778545173804,1.34186436141962
"1367495_st",0.857891945238911,0.714221463886635,0.961411813457206,1.21620356683592,1.13949822180264,1.14481804006263,1.0448704445257,1.13949822180264,0.950668057062392
"1367496_st",0.699149188136794,0.863066040655122,1.37831343033441,1.08791615571089,1.2898470054521,0.836358757953178,0.977375339764336,0.939780207254982,1.32273271976127
"1367497_st",1.41827166241305,1.07200311704127,1.03143649322647,1.06950689021672,1.07200311704127,1.62421268261445,1.07200311704127,1.03440798453192,1.09285704374729
"1367498_st",1.07200311704127,1.07200311704127,0.950522334218608,1.14871728364113,1.37106465241245,1.07200311704127,1.39939220554393,0.913072924553037,1.2110750734905
"1367499_st",0.977375339764336,0.964811780819581,1.20577595816767,1.49282678277519,0.947915196055788,0.901503062502568,0.977375339764336,0.977375339764336,0.988039415694381
"1367500_st",0.944494153608932,0.82301337078627,0.73641116241625,0.836358757953178,1.12407229445469,0.708202891594307,0.836358757953178,0.903446911560967,0.847022833883222
"1367501_st",1.23922316506451,1.32503530018767,1.28131703770146,1.27307201916592,1.28131703770146,1.84827943878816,0.837853051829244,1.20461169266818,1.28131703770146
"1367502_st",1.26859863953243,0.836358757953178,1.05701634675296,0.934344088693671,0.845434053973493,1.05701634675296,1.8178168911741,0.855463419000272,1.06836434562263
"1367503_st",1.01682213772714,1.07200311704127,1.27465253298484,1.15277155320535,0.904783069018034,1.49254543523511,1.17222020672908,0.992189246271137,0.918568989779282
"1367504_st",0.549432663129457,1.06094148522857,0.960051390555663,0.913072924553037,0.813125329016109,0.805383898929168,1.23922316506451,0.913072924553037,0.913072924553037
"1367505_st",1.03283104499414,1.08963331698896,0.950561360539723,0.91968833237356,0.950561360539723,0.950561360539723,0.950561360539723,1.21863898251413,0.662847824038212
"1367506_st",1.05144676242013,0.909806567923382,0.869239944108582,0.869239944108582,0.869239944108582,0.869239944108582,0.582313849284861,0.936366137748364,0.762891654418011
"1367507_st",1.12332557215011,0.964811780819581,0.911743279370636,1.14870846207455,1.07200311704127,1.14976318927471,0.977375339764336,0.818445147276104,0.928281450949407
"1367508_st",0.748974721361005,0.73641116241625,0.817839275370059,0.8717259949423,0.73641116241625,0.73641116241625,0.73641116241625,0.698816029906895,0.656699025257121
"1367509_st",0.748974721361005,1.13630553225257,1.21680095909505,0.977375339764337,1.12597942023468,0.900661173164477,0.935095136191084,1.24129755631044,1.00776701954591
"1367510_st",0.754078936432373,0.977375339764336,0.977375339764336,0.977375339764336,1.01683728412763,1.05226330263925,1.54474768453003,0.947677157554642,0.977375339764336
"1367511_st",1.08396054832325,1.08396054832325,1.08396054832325,1.52854073296985,1.00558698464638,0.881223427555013,1.08396054832325,1.29935683369177,0.950668057062392
"1367512_st",1.25966576269654,1.05701634675296,0.950668057062392,0.911834019477587,1.13818497987388,1.02064238366592,1.05701634675296,1.40079057920553,0.950668057062392
"1367513_st",1.15695348061009,0.862074076911942,0.97394210296764,1.1697417063807,1.23573586047744,1.15695348061009,1.27643687513552,1.15695348061009,0.961909359409393
"1367514_st",1.15291727604913,1.03143649322647,1.03143649322647,1.12100652323279,1.03143649322647,1.03143649322647,0.907231497406916,1.15091003473053,0.700787512587401
"1367515_st",0.93680250106935,1.2163844300707,0.977375339764336,1.05773636747261,0.814798379730936,0.977375339764336,1.43756863836791,0.913072924553037,0.911442779048815
"1367516_st",0.99890852705007,0.950668057062392,1.04249035427913,1.16727897962142,0.857891945238911,0.854929275500045,0.770507908646738,1.11478840091535,0.972201244348125
"1367517_st",0.989643037171402,1.07200311704127,1.27476628997396,1.1260642705034,1.07200311704127,1.07200311704127,1.07200311704127,0.981793039393619,1.07200311704127
"1367518_st",0.955260144908705,1.15695348061009,1.19247507875287,1.27642702211416,1.27126277971931,1.15695348061009,0.977375339764336,1.3004037354446,1.1898346667655
"1367519_st",0.857891945238911,1.64341757681561,0.984692063595924,0.889460891787776,1.265870704488,0.914402953664922,0.817525964334938,0.765256241364127,1.03640707500334
"1367520_st",1.10055964421233,1.53326462416831,1.05672666376788,1.10055964421233,1.10055964421233,1.10055964421233,1.10055964421233,0.879165772579874,1.10055964421233
"1367521_st",1.12936919298932,1.05050711421134,1.39326840987534,0.984163866053858,1.28131703770146,1.39923003079091,1.05050711421134,0.837606187588982,0.865563522147476
"1367522_st",0.833925084929827,0.921309121522,0.954190307677405,0.782761326226939,1.15695348061009,0.921309121522,0.86479811309599,1.03533975091816,0.778671215773198
"1367523_st",1.30880713875205,1.2006717430963,1.14352528715036,1.2006717430963,1.10137466066576,1.2006717430963,1.03847519397841,1.34325889966353,1.2006717430963
"1367524_st",0.898458569053711,1.07200311704127,0.836358757953178,1.07200311704127,1.07453369687562,0.950668057062392,1.1198266075771,1.07200311704127,1.11256974085607
"1367525_st",0.977375339764336,1.2006717430963,0.977375339764336,0.977375339764336,0.836358757953178,1.15695348061009,1.10793294138955,0.977375339764336,0.823941212502348
"1367526_st",1.23922316506451,1.03912193088587,1.78903400248767,0.913072924553037,1.28131703770146,1.0572947176834,1.07200311704127,0.785077022217549,1.07200311704127
"1367527_st",0.939763196194183,1.07200311704127,0.987052753472448,0.939394541414361,1.07200311704127,1.26170717533881,1.07200311704127,1.51941649635512,1.00314875573593
"1367528_st",0.898182385571321,0.990958497394801,0.823680068751285,1.07172693355888,0.666432974075397,1.05701634675296,1.10055964421233,1.40079057920553,0.889363265724538
"1367529_st",0.977375339764336,0.950668057062392,1.89971796270121,0.711941712853142,0.691586692542693,1.32216760459749,1.27853704693594,0.977375339764336,1.07200311704127
"1367530_st",0.857891945238911,0.64557584891024,1.0059318669354,1.2911334470738,0.977375339764336,1.15695348061009,1.0059318669354,1.2145902736085,0.774612166831649
"1367531_st",1.14459538778757,1.07200311704127,1.43404596677433,0.977375339764336,0.754445048115195,0.856040279785458,0.977375339764336,0.946249914484167,0.867774192946803
"1367532_st",1.07200311704127,0.929415960474042,1.07200311704127,1.1260642705034,1.07200311704127,0.629319734956276,1.07200311704127,1.46249571882572,1.1666308943182
"1367533_st",1.25744820352229,0.937542374116145,1.30979677513919,0.913072924553037,1.36520314733881,1.11420413625293,1.09335020954692,1.11420413625293,1.11420413625293
"1367534_st",0.907192281714397,0.996975653565989,0.950668057062392,1.14870846207455,0.950668057062392,0.850730923205262,0.977375339764336,0.907192281714397,1.07200311704127
"1367535_st",1.10866556343929,1.2006717430963,1.05998609586465,1.28840759663757,1.1815863720661,1.23922316506451,1.47054286516826,1.30292143204498,1.37979337684378
"1367536_st",0.961348588454515,1.16111409983414,1.17338522666181,1.14870846207455,1.11582727591915,1.14870846207455,1.14870846207455,1.00612130550732,1.14870846207455
"1367537_st",1.35078888322135,1.20633278408166,1.13920659044188,1.26442616437186,1.08776440223507,1.17866853480517,1.10032796117982,1.0423296011119,1.13920659044188
"1367538_st",0.977375339764336,0.74843233485971,1.73132491015602,1.17649974127839,1.17649974127839,1.17649974127839,1.41440933271074,1.32993386854038,0.950668057062392
"1367539_st",1.11055453900948,0.957693817932056,1.15277155320535,1.17958953750728,1.04529583433933,1.02828485455506,0.870309781339883,0.873657643737865,1.07200311704127
"1367540_st",0.646983921209088,0.977375339764336,0.96266694040647,1.05448576691861,0.977375339764336,1.05701634675296,0.977375339764336,1.05448576691861,0.977375339764336
"1367541_st",1.15086519581925,0.829174203925242,1.15982318456431,1.20604617513338,1.03545962747294,1.02164298290965,0.909671225013792,1.07200311704127,0.955821074618551
"1367542_st",0.760618951568655,0.771986753047177,1.09168463887355,1.26442616437186,1.11794648570591,0.895948160972825,1.21486894332155,0.913072924553037,0.900655379102208
"1367543_st",1.68268715093672,1.03687659313073,1.03143649322647,1.06431767938187,0.99784854870321,0.942670619574997,1.06431767938187,1.19703789338336,0.847844329535581
"1367544_st",0.977375339764336,0.950668057062392,0.977375339764336,1.01847531759153,0.836358757953178,0.827483752614393,0.977375339764336,1.02341860584292,1.09168463887355
"1367545_st",0.949584060560499,1.11582727591915,1.30285488004142,1.14870846207455,1.04236017238398,1.6010392462483,1.14870846207455,1.28507287690822,1.1048754816301
"1367546_st",1.29667230728125,1.14722709969169,1.17466818594283,1.14722709969169,1.07200311704127,1.07200311704127,1.17466818594283,1.17466818594283,1.17466818594283
"1367547_st",1.10866556343929,1.14308082368692,0.786758651807316,0.975387926452847,0.777347521440688,0.969770568771274,0.969770568771274,1.01360354921573,0.900087796638924
"1367548_st",1.01643616804933,0.98972888534738,1.01823682890335,1.05880345271815,1.05880345271815,1.14375381628697,1.38705756087,1.07200311704127,0.950668057062392
"1367549_a_st",0.977375339764337,0.955842152478603,1.09685873428976,1.39591041663958,1.02656962435876,1.27643687513552,1.09685873428976,1.14604316586282,0.890466614219392
"1367550_a_st",1.05333312596396,0.715428099498288,0.759638797291049,1.00004296826895,0.873953890462532,0.923226970811246,1.30225297991372,0.980723202162318,1.03334185759215
"1367551_a_st",0.856561916127027,0.913072924553037,0.833360787393908,1.16980683161985,0.7230238190593,1.05825525182841,1.06296451170298,0.913072924553037,0.836352963890908
"1415670_st",1.15695348061009,1.04965775862955,1.05870033266223,1.15695348061009,1.15695348061009,1.60226391786673,0.977375339764336,1.15695348061009,1.38472350776814
"1415671_st",0.857891945238911,1.28632007087933,1.35204167756318,1.05701634675296,1.01070875024937,1.29678852304427,1.29994523912081,1.02199014843094,1.13845151020379
"1415672_st",1.10866556343929,0.950668057062392,1.15695348061009,1.05114919033525,1.07200311704127,1.07200311704127,1.16726755404774,0.999672402198181,1.07200311704127
"1415673_st",0.869442157674825,1.19247055335509,1.06236439820238,1.38489360068568,1.19247055335509,1.72481286969555,1.35969060137833,1.32912767029598,0.847113173358155
"1415674_a_st",1.08307640168085,1.32817629543756,1.02923492057049,1.14870846207455,1.07200311704127,1.14870846207455,1.41282303067255,1.2145902736085,1.37200486540651
"1415675_st",1.03061552076099,0.73641116241625,0.73641116241625,1.32143203759663,1.03061552076099,1.03061552076099,1.01417139557055,1.35602477873642,0.944488623438199
"1415676_a_st",0.983549243217796,0.983549243217796,0.983549243217796,0.826251011962356,0.950668057062392,1.23167607744566,1.24183230755345,0.810552241083813,1.06497735617161
"1415677_st",1.93838325542498,1.39398008000191,1.17648988825703,1.23055104171916,1.10705398517819,1.05701634675296,0.845424200952132,1.17648988825703,1.37195568110402
"1415678_st",0.857891945238911,1.25075961556842,0.913197605784467,1.14870846207455,1.15695348061009,0.826304499971024,0.869239944108582,0.950668057062392,1.29602543705933
"1415679_st",0.857110117016759,1.02933862078609,1.13957188888222,0.727003961864049,0.94617193323931,1.03112229680813,0.977375339764336,0.880498350434352,0.977375339764336
"1415680_st",1.10866556343929,1.2006717430963,0.864090117714443,1.08312914688835,0.978399416823657,1.08312914688835,1.21323530204106,1.31399137144868,0.978399416823657
"1415681_st",0.823599359123909,0.93946328886521,0.797924520553466,1.03253643551006,1.15695348061009,0.796892076421964,1.06109296268112,1.17512359207728,1.03561842063121
"1415682_st",1.07200311704127,1.15343122999508,1.07200311704127,1.07200311704127,1.07200311704127,1.15695348061009,1.45333433686686,0.937960058949164,1.07200311704127
"1415683_st",1.11996249633156,0.917313080387991,1.05014186208032,0.805485729787015,1.11996249633156,0.90957165030105,1.38181032163173,1.2145902736085,1.43861259362656
"1415684_st",1.02696120165304,0.80162387469218,1.05701634675296,0.924407771126054,0.827419143421489,1.05701634675296,1.23922316506451,1.07200311704127,1.14722642440061
"1415685_st",1.08734259826469,1.08734259826469,0.929345091887792,1.02358838394313,1.28131703770146,1.50788491645854,1.08734259826469,1.08734259826469,1.2006717430963
"1415686_st",1.07200311704127,1.17211521592524,0.91400561066437,1.02003983601952,1.07200311704127,1.02035390035494,0.859944457202236,1.1666308943182,1.07200311704127
"1415687_a_st",1.26536450734277,0.893110106319731,1.03143649322647,1.03143649322647,0.90804935301771,1.07508510216243,0.950668057062392,0.779029866460931,0.815353224536341
"1415688_st",1.03650365955942,1.01091620270947,1.09168463887355,1.21690421280353,1.17311275182736,0.950668057062392,1.58878887861693,1.09168463887355,1.09168463887355
"1415689_s_st",1.13959432003614,1.00830409636118,0.988913027191302,0.913072924553037,1.10293187363812,1.00830409636118,1.00830409636118,1.12963915634006,1.17994228696264
"1415690_st",0.992362110052643,0.943829915101358,1.07832576438598,0.91936046553825,1.16084960138764,1.05701634675296,1.23922316506451,1.41577734949383,0.976824690440619
"1415691_st",1.29797006242125,1.04264418150088,0.502000818858704,1.01177115333472,1.28131703770146,1.15695348061009,1.07552536765628,1.31452740746563,1.15695348061009
"1415692_s_st",0.759638797291049,0.759638797291049,0.759638797291049,0.759638797291049,0.73641116241625,0.751897367204108,0.743100625712277,0.913072924553037,0.759638797291049
"1415693_st",1.07732133578466,0.970025613804112,0.91585527008295,1.07732133578466,1.5675695702715,1.05701634675296,0.997680328796032,1.37883868484012,1.07732133578466
"1415694_st",1.06497735617161,1.31498104220551,0.824013178823519,1.21977042285974,1.06497735617161,0.950668057062392,0.956060132293699,1.39013869007161,1.50311084799202
"1415695_st",0.977375339764336,1.38983284427273,0.808140089894506,0.977375339764336,0.90527247453143,1.01497047227369,0.977375339764336,0.977375339764336,0.93152840726837
"1415696_st",1.0345537073757,0.913072924553037,1.28532732557608,0.913072924553037,0.836358757953178,0.795530328345083,0.690142632903896,0.978954736086985,0.81481923728367
"1415697_st",0.856561916127027,0.913072924553037,0.9439459527192,1.0252824882527,0.913072924553037,0.913072924553037,0.780352710551547,0.913072924553037,0.831644811599228
"1415698_st",1.07731247362147,0.836348296273379,0.783389628418875,0.684656242780832,1.39288047143549,1.15695348061009,1.15695348061009,1.24532443713649,1.41832143927047
"1415699_a_st",0.882099670560805,1.2705707521507,0.869239944108582,0.912154815660731,0.912154815660731,1.2428037962998,0.650421977227852,0.912154815660731,1.13221290511015
"1415700_a_st",1.07200311704127,1.04620784831196,1.07200311704127,1.2721219531505,1.07200311704127,1.07200311704127,1.07200311704127,1.11462182108595,1.07200311704127
"1415701_x_st",1.33205809040968,1.4417799328851,1.24185509333816,1.29446295790032,1.54939465967587,1.25368452673281,1.72899811252941,1.21775761286704,1.54284808943659
"1415702_a_st",1.4612265991037,1.14870846207455,0.860094973452156,1.14870846207455,1.32828660292031,1.12569083498188,0.975314658218566,1.14870846207455,1.20764598287948
"1415703_st",0.997894575310771,1.25948983670057,0.818250644817837,1.12576264351969,1.14884756138314,1.08025465518064,1.10055964421233,1.10055964421233,1.11122372014238
"1415704_a_st",1.09871039974321,0.73641116241625,0.767644712438319,1.02003983601952,1.14699831691402,0.928347720697933,0.96742017606826,1.2721219531505,1.07200311704127
"1415705_st",0.978157167986489,0.869239944108582,0.950668057062392,0.618868566208295,0.842532661406638,0.65495718042692,0.869239944108582,1.3918103980204,0.983549243217796
"1415706_st",0.977375339764336,1.28973965951456,1.29132579912569,0.913072924553037,0.977375339764336,0.856040279785458,0.977375339764336,0.977375339764336,0.742539454546938
"1415707_st",1.29486586903632,1.40079057920553,1.40079057920553,1.06899108835143,1.8754823476324,1.35982335006545,1.63211027930928,1.40079057920553,1.07200311704127
"1415708_st",0.834622370039357,0.690535182021254,0.831305413104008,0.985560512831475,0.818170214537733,1.05701634675296,0.931499359369341,0.813135790695908,1.14449070531971
"1415709_s_st",1.20851156586423,1.35908100314189,0.981600602463113,1.03143649322647,1.1341334082499,0.850004792308187,0.708439943668074,0.928136713421641,1.03143649322647
"1415710_st",1.14168588917362,1.10959824955062,1.00256721396243,1.40844916126722,0.929415960474042,1.07200311704127,0.963868626159159,1.07200311704127,0.950668057062392
"1415711_st",0.829743157525083,0.802458738312754,1.43693282861146,1.12033611154283,0.931488897689542,1.03143649322647,1.15441918933868,0.779029866460931,1.63016309583995
"1415712_st",1.03143649322647,1.00472921052453,0.707049951274515,1.03143649322647,1.03143649322647,1.28092330708412,1.58458914011412,1.03143649322647,0.919625445446737
"1415713_a_st",1.01858611324427,1.32188599558905,1.11070809525838,1.98833597200913,1.30717759623118,1.32188599558905,1.27025153009332,1.24955528074596,1.40332115903987
"1415714_a_st",1.10866556343929,1.46019684688969,1.00053016778354,1.0772443343834,0.919761731619459,1.00053016778354,1.03341135393894,0.962935035274183,0.728732471848116
"1415715_st",1.2145902736085,1.2191737135026,0.842335872585457,1.52854073296985,1.17087201112229,1.07551831715926,1.35969060137833,1.2145902736085,1.30659645326551
"1415716_a_st",1.41712484554875,1.1894494653878,1.10866556343929,1.1894494653878,2.03437010959107,1.49519960851138,1.51008420215967,1.42847284441842,1.42847284441842
"1415717_st",1.10866556343929,1.35960193558453,1.31903531176973,1.09308454833028,1.2006717430963,1.83699347821913,1.02354627139099,1.35960193558453,0.870022762457232
"1415718_st",1.13400916685403,1.2006717430963,1.02451339635206,1.26442616437186,1.18807032031616,1.18807032031616,1.18807032031616,1.15047518780681,1.18807032031616
"1415719_s_st",0.889639512175119,1.25049749754397,0.889639512175119,0.890436093355838,1.15695348061009,1.03561842063121,1.04773432461128,1.21266790785538,0.900303588105164
"1415720_s_st",1.18421268074093,1.62234617256134,1.23366452074967,1.05979563564089,1.38590601644232,1.18421268074093,0.984670622509381,1.07200311704127,1.09808578341814
"1415721_a_st",0.978864698888452,1.09611026027504,1.336375293475,1.03143649322647,0.707219775423999,1.2857675199652,1.5970803069776,1.09249473741795,0.950668057062392
"1415722_a_st",1.30239996526266,1.56993052632386,1.39702774253959,1.52219594942832,0.846875778701505,1.28131703770146,1.14825354729579,1.24372190519211,1.28131703770146
"1415723_st",0.857891945238911,1.0448704445257,0.862251707196855,0.655538070873138,0.857891945238911,1.16225034984186,0.857891945238911,0.857891945238911,0.759638797291049
"1415724_a_st",1.10866556343929,1.07200311704127,0.77030304847689,1.12015193490349,0.922111529891327,0.954460520833316,1.08456667598603,1.07200311704127,1.05261204787139
"1415725_st",1.16515174240872,1.2006717430963,0.737209065773838,1.24321665234999,1.05701634675296,1.05701634675296,1.01492247411601,1.05701634675296,0.86598708698162
"1415726_st",1.02990924440432,0.99135782243611,0.964277184010615,1.02990924440432,1.07200311704127,1.02990924440432,1.23922316506451,0.858271053802855,1.02990924440432
"1415727_st",1.6975178829539,1.36301711714823,1.36055822504338,1.35223758309495,1.07200311704127,1.4732385109742,1.06757908602476,1.18160971542093,1.35469647519979
"1415728_st",0.886854513481369,0.836358757953178,1.03093413076704,0.623584989937076,0.936306353490106,0.936306353490106,0.936306353490106,1.01302052008997,1.12366622711014
"1415729_st",1.17454737497324,0.971368018969938,1.26156873961112,1.22535739996431,1.17401743491351,1.19316835045137,1.25813357106787,1.2145902736085,1.40332115903987
"1415730_st",1.10866556343929,0.939174335348937,1.10866556343929,0.964415922275248,1.1719402508984,1.40332115903987,1.10055964421233,1.07200311704127,1.07200311704127
"1415731_st",1.05701634675296,0.842759452106821,1.0590907379989,1.09705924538822,1.05701634675296,1.05701634675296,1.08372362945491,0.913072924553037,1.14902252640997
"1415732_st",1.14439262465679,1.14439262465679,1.26275619333022,1.01414624406791,1.15695348061009,1.26694694230155,1.10055964421233,0.944535015475601,1.16762025953159
"1415733_a_st",0.910435702900251,1.07200311704127,1.19333817702015,0.926820789765893,1.09944420329242,1.07200311704127,0.881954011547533,1.07200311704127,1.39616016409529
"1415734_st",1.48011927191577,0.86050186704737,0.983174125106663,1.03143649322647,1.53124816031917,1.04816451270264,1.3214343473266,1.06315128299094,1.18873472448191
"1415735_st",1.21549512941036,1.29602543705933,1.4245290689595,1.21549512941036,1.02544602391663,1.28131703770146,0.848362700683155,1.52566662402172,0.90727586096616
"1415736_st",0.846817738139122,0.787736749940956,0.952742448308329,1.17717228009385,0.813532018670265,1.09881594894432,0.977375339764336,1.13995931982116,0.876037103275048
"1415737_st",1.24185509333816,1.28789835941675,1.20870430037636,1.40405164245605,0.950668057062392,1.06813408859708,1.50929223104921,1.64053085538578,1.55292278871076
"1415738_st",0.97492548480046,1.00820885835167,1.20332610320379,1.03143649322647,1.22246575299781,0.923747467602601,1.03143649322647,0.974107601734224,1.07515475571268
"1415739_st",1.10866556343929,1.29602543705933,1.44389399773486,1.07413629481293,0.98718478061663,1.18931085804445,1.08758263587809,0.979996937384261,1.38172061484026
"1415740_st",1.00201202285922,1.05934091435146,1.46483724973645,1.05719300217334,1.42024552908044,0.980478835573484,1.00201202285922,1.00201202285922,0.662847824038212
"1415741_st",0.988473411438849,0.836358757953178,0.791438397466738,0.94941258315386,0.492875222785765,0.836358757953178,1.12130219313118,0.880338015783095,0.880338015783095
"1415742_st",1.13859578072863,1.10889759851893,1.15695348061009,1.13859578072863,1.13859578072863,1.01726072074975,1.21696934440549,1.13859578072863,1.01726072074975
"1415743_st",1.25820762340009,1.25820762340009,1.54939465967587,1.41396822433266,0.966233130348635,1.25820762340009,0.968890055494748,1.58299952895242,1.25820762340009
"1415744_st",1.09168463887355,0.939541290216964,1.35616439244738,1.05385848566717,1.15695348061009,1.15695348061009,0.836637427666228,0.950668057062392,0.777157123147426
"1415745_a_st",1.3730394534175,0.959341454065391,0.8978108592456,0.902970972624484,1.07093327980997,0.728669732329309,0.869239944108582,0.950668057062392,0.908426371181187
"1415746_st",1.2006717430963,1.2006717430963,1.147702613562,1.11015704010635,1.2006717430963,1.65332484507378,1.11328770650413,1.17603885164029,1.2006717430963
"1415747_s_st",0.869239944108582,0.63359558502049,0.63359558502049,1.02267407137057,0.831147507384026,1.1666174935705,0.869239944108582,0.963867721385516,0.869239944108582
"1415748_a_st",1.09308604460247,1.07200311704127,1.15695348061009,1.20067246506847,0.957693817932056,1.64137844188959,0.933339596189099,1.23357053118229,1.02290922822634
"1415749_a_st",1.23733418949432,1.2006717430963,0.941122301016516,0.71340412304053,1.35960193558453,1.04051044284366,1.35969060137833,1.2006717430963,1.07653442721734
"1415750_st",1.15695348061009,1.5208616812666,1.51065580324146,1.14022546113393,1.15695348061009,0.950668057062392,1.04647929023557,1.31324256232917,1.15695348061009
"1415751_st",1.07200311704127,1.0029285496705,1.81591204693012,1.07200311704127,1.07200311704127,1.15695348061009,1.18013851269702,0.94333449098624,0.921068712505108
"1415752_st",1.05593235025107,0.934451567428409,1.2145902736085,1.14870846207455,1.30763865456278,1.32946585556368,1.16077632747516,0.88789481790455,1.14870846207455
"1415753_st",0.845191172026602,0.950668057062392,1.44389399773486,0.711941712853142,1.21039993468848,0.950668057062392,0.950668057062392,0.923473839864758,0.950668057062392
"1415754_st",1.42805959969699,1.66370395878508,1.17805591366308,1.54026916339665,1.42805959969699,1.32058691593522,1.23801049420325,1.37822370893363,1.54939465967587
"1415755_a_st",1.07200311704127,1.07200311704127,1.01821395230842,1.04113008887511,1.03912193088587,1.07200311704127,1.33944025475231,1.11583609748573,1.29602543705933
"1415756_a_st",1.23922316506451,1.07200311704127,1.15695348061009,0.947586071941234,1.07200311704127,1.04529583433933,0.963867721385516,1.07200311704127,1.07200311704127
"1415757_st",1.20813683910714,1.02918287792256,1.03728879714952,1.26442616437186,1.0006263507515,1.11061099087637,0.810577245257761,0.913072924553037,0.91958173110503
"1415758_st",0.950668057062392,1.12063842877544,0.950668057062392,0.950668057062392,0.950668057062392,0.950668057062392,0.950668057062392,1.2145902736085,0.915374230076541
"1415759_a_st",1.23922316506451,1.45333433686686,1.758428599225,1.5059864371581,1.89116430384026,1.5059864371581,1.79450650243034,1.5059864371581,1.5059864371581
"1415760_s_st",1.02390651739939,1.2145902736085,1.2145902736085,1.74234303155554,1.23801768920175,1.18539315988301,1.23922316506451,1.2145902736085,1.03525451626906
"1415761_st",1.10866556343929,0.749588157839603,1.11986747213529,1.03143649322647,1.00472921052453,1.1110775002151,1.03143649322647,0.738463242646131,1.03143649322647
"1415762_x_st",0.837338912230784,0.86352509500285,0.950668057062392,1.13746159551119,1.07200311704127,1.15695348061009,0.883309800543366,0.893339165570145,0.950668057062392
"1415763_a_st",1.41302396804224,1.50503014769925,1.25502646166534,1.21743132915599,0.950668057062392,1.25502646166534,1.25502646166534,1.18829969757238,1.25502646166534
"1415764_st",0.646309652459441,0.836358757953178,1.09123826884167,1.14870846207455,1.24364130764273,0.842979031438523,0.869239944108582,0.950668057062392,0.950668057062392
"1415765_st",1.07950326025775,0.977375339764336,0.920623991397784,0.939780207254982,1.09871039974321,0.977375339764336,1.04054295895228,0.92004644827209,1.13630553225257
"1415766_st",0.857891945238911,0.913072924553037,0.813125329016109,1.11178239092473,1.24439096655164,0.913072924553037,1.17727381081219,0.913072924553037,0.836352963890908
"1415767_st",0.93866038140299,1.03143649322647,1.1260642705034,1.03143649322647,0.898607711534137,1.03143649322647,1.26275619333022,0.967134078015171,1.01994277151302
"1415768_a_st",1.0375882099834,0.967237974895072,1.02028810563386,1.20168641317543,1.07200311704127,1.40265209768034,1.13996656143382,1.07200311704127,1.07200311704127
"1415769_st",1.10866556343929,0.950668057062392,0.756308680550268,0.998816874924608,0.950668057062392,0.873953890462532,0.950668057062392,1.07200311704127,1.82442845171365
"14q0_st",0.913072924553037,0.994508088003866,0.836358757953178,1.0325464660571,0.950668057062392,0.913072924553037,0.913072924553037,0.913072924553037,0.899154394040839
"14qI-1_st",1.00382890162502,1.29602543705933,0.935299031442052,1.00010438160421,1.21108652090799,0.989088196174902,1.21108652090799,1.40079057920553,1.30254591756314
"14qI-1_x_st",1.2428037962998,1.2954509929555,0.869239944108582,1.2428037962998,1.2428037962998,1.37609628756066,1.2428037962998,1.06278405583284,1.51088141827421
"14qI-2_st",1.11788810508563,1.04923493001869,0.921692000120151,0.913072924553037,0.950668057062392,0.923960774360447,0.950668057062392,0.903150450009912,0.961332132992436
"14qI-3_x_st",0.895975844472644,0.97525396183786,0.867015998539671,0.913072924553037,0.854988739090283,0.950668057062392,0.887869925245687,0.887869925245687,0.801743027922895
"14qI-4_st",1.34168832490746,1.21538014245417,1.64953635797491,1.1837808697667,0.795175407711313,1.08210150253503,0.977375339764336,1.51084323770766,1.2006717430963
"14qI-4_x_st",0.942870334681827,1.02670434073614,1.28315579467818,1.07273719456648,1.02670434073614,1.28131703770146,0.847467271536285,0.954373625893049,0.973200724301725
"14qI-5_st",1.07449934386582,0.73641116241625,1.02828485455506,1.03143649322647,1.17929883902182,1.07200311704127,1.11055453900948,1.07200311704127,1.07200311704127
"14qI-6_st",1.07200311704127,1.07200311704127,1.07463504531493,1.01772072168705,0.996382211572871,0.931432905261996,1.07200311704127,1.07200311704127,0.955821074618551
"14qI-6_x_st",0.986571394571981,1.01373773162165,1.02241112862465,0.711941712853142,0.799480836975511,0.899428432512439,1.09838446685664,0.936898883790364,0.82270847185031
"14qI-7_st",1.24368485759842,1.24115427776407,1.09508077712808,1.53073568220594,1.24115427776407,1.40332115903987,0.839918883831135,1.24115427776407,1.15375991058411
"14qI-8_st",0.900261932692128,1.15743080515418,0.783389628418875,0.863228924184265,1.22329032837239,1.07853327203472,1.02052715543971,1.23757010634139,1.07600269220037
"14qI-8_x_st",1.2006717430963,1.39392603094794,1.2145902736085,1.27737708812958,1.2006717430963,1.2006717430963,1.15857787045935,1.07200311704127,0.912851510072121
"14qI-9_x_st",0.977375339764336,0.977375339764336,1.00408262246628,0.977375339764336,0.950668057062392,1.06475937635651,1.06202207499933,0.916478590144102,0.872645609699647
"14qII-1_st",0.965027384008208,0.965027384008208,1.07095209417741,0.965027384008208,0.836358757953178,0.965027384008208,0.869239944108582,1.04174155060807,0.997908570163613
"14qII-1_x_st",1.07300496174664,1.04720969301733,1.07300496174664,1.07300496174664,1.04720969301733,1.14244086482548,1.35969060137833,1.231940447614,1.07300496174664
"14qII-10_st",0.857110117016759,1.20139765978239,0.977375339764336,1.14147354295637,0.895105655309923,1.06232570333316,0.811247320110016,0.977375339764336,1.03417761175916
"14qII-10_x_st",0.949735370951059,0.913072924553037,0.913072924553037,0.989778269586318,0.813125329016109,0.913072924553037,0.825688887960864,0.913072924553037,1.14871728364113
"14qII-11_st",1.26593044776645,1.16250899846465,0.865181988329205,1.23922316506451,1.50225993697876,1.60746727821293,1.24484752020525,1.23922316506451,0.950668057062392
"14qII-11_x_st",0.916194769384241,1.46324548508256,1.23922316506451,1.34680958553051,1.70915170420257,1.11788810508563,1.23922316506451,1.23922316506451,1.03645999213182
"14qII-12_st",1.42627302674492,1.0655279838641,0.862126425460028,0.954424169581697,1.10539785501443,0.987830516668536,1.05692548415322,0.996479458281336,0.905112686350471
"14qII-12_x_st",1.09547294961319,1.05881050321516,0.891525024074629,0.911493528230389,0.950668057062392,0.977375339764336,0.977375339764336,0.977375339764336,0.977375339764336
"14qII-13_st",1.21680095909505,0.944494153608932,1.11808268717159,0.977375339764336,0.977375339764336,0.950668057062392,0.977375339764336,1.12037235294413,0.977375339764336
"14qII-13_x_st",0.856135446905542,0.950668057062392,0.893916708695839,1.14870846207455,0.950668057062392,0.950668057062392,0.948351092616912,1.07200311704127,1.19703573549217
"14qII-14_st",1.4140522059284,1.57093967131858,1.05275306981067,1.01198263785303,1.21747851599698,1.09902401421749,1.27024079531739,1.2076310083524,1.20385922671997
"14qII-14_x_st",0.965010167095955,1.05701634675296,1.05701634675296,1.13373051335282,0.957068751216035,1.05701634675296,0.892918143560931,1.05701634675296,1.18568497280799
"14qII-15_x_st",0.958773976289348,0.950668057062392,0.757073440445646,0.881544906076527,0.73641116241625,0.950668057062392,0.950668057062392,0.980723202162318,1.05078015594636
"14qII-16_st",1.03143649322647,1.03143649322647,1.03143649322647,1.03143649322647,1.03143649322647,1.03143649322647,1.13735291206967,0.993841360717116,1.03143649322647
"14qII-17_st",1.19865654124971,0.998555307071066,1.01204542405659,1.03143649322647,1.05251942078767,0.890866281447196,1.03143649322647,1.53408505398183,1.01204542405659
"14qII-18_st",1.10331079832472,1.52442605546266,1.14970973992533,1.75694135137318,0.936090750301479,1.03731829010536,0.977375339764336,1.54215091899111,1.06475937635651
"14qII-18_x_st",1.02817013659681,1.16455781438383,1.02817013659681,0.696370645742719,1.12810727045394,1.02817013659681,1.02817013659681,1.07200311704127,0.833126015396116
"14qII-19_st",1.13108776940875,1.35083951372863,0.869239944108582,0.638315154605791,0.840669028971565,0.78433833138051,0.869239944108582,1.21792872073796,0.909806567923382
"14qII-2_st",1.10866556343929,1.03668825786251,0.922378958753301,1.09186923717664,1.15695348061009,1.03668825786251,0.748974721361005,1.36547572002677,0.658456742207194
"14qII-20_st",0.857891945238911,0.945275981831085,0.792534599075301,0.945954110708442,0.679190838614845,0.869239944108582,0.869239944108582,1.05742235427017,1.05894400240612
"14qII-20_x_st",0.950668057062392,0.950668057062392,0.742410716030288,0.826251011962356,1.28131703770146,0.950668057062392,0.869239944108582,1.24279307282863,0.950668057062392
"14qII-21_x_st",0.977375339764336,0.949934253513191,1.2145902736085,1.00498679598269,0.89490344174368,0.950668057062392,1.09764056251191,0.898513260986356,0.928281450949407
"14qII-22_x_st",0.919936370793529,1.07200311704127,0.711666017253047,1.18669964288713,1.05701634675296,1.05701634675296,1.05701634675296,1.07200311704127,0.847702426092773
"14qII-23_x_st",1.10866556343929,1.36839744106538,0.827754078423204,1.07107043092994,0.88098705253112,1.4399836054379,0.905902390506604,1.10866556343929,1.10866556343929
"14qII-24_st",2.26814890820981,1.07200311704127,1.28131703770146,1.77556517204486,1.25587606986648,1.17373061723545,1.26843962881124,1.33259023646634,1.2006717430963
"14qII-25_x_st",0.841421759997739,0.950668057062392,0.869239944108582,0.896602739311865,1.10959824955062,1.05061565259932,0.940003981132347,0.847368277257563,0.973895691937191
"14qII-26_st",1.08836709850421,1.1974739198066,1.21549878354692,0.865123530488387,0.821730334007655,1.13649281045724,1.10492240597952,1.05635820351343,1.3942948525391
"14qII-26_x_st",0.99890852705007,0.759885148019454,1.34926622045793,1.05408068479762,0.977375339764336,0.727003961864049,0.977375339764336,0.977375339764336,0.895947226810527
"14qII-27_st",1.07200311704127,1.07200311704127,1.07200311704127,1.05511224371167,1.07200311704127,1.07200311704127,0.998601235285655,1.17676825918747,1.07200311704127
"14qII-27_x_st",0.987330503460413,0.950668057062392,0.950668057062392,0.950668057062392,0.950668057062392,1.15695348061009,0.863284020470219,0.860457979414741,0.950668057062392
"14qII-28_x_st",1.0979411141096,1.21225041321881,0.883684219463456,0.805485729787015,1.0979411141096,1.0979411141096,1.16548263955157,0.926302923508137,0.810120881085418
"14qII-29_st",1.05701634675296,1.11381861874778,0.868285461321588,1.44396875911582,1.05701634675296,1.05701634675296,1.1898451284453,0.966806269105312,1.05701634675296
"14qII-29_x_st",1.03393272005102,1.03143649322647,1.01228027736927,1.03143649322647,0.988817789181789,0.871275192973834,0.977375339764336,1.03143649322647,1.1903666857147
"14qII-3_st",0.646309652459441,0.844546558072004,1.1414733337397,0.913621125442769,0.944494153608932,1.15234746965202,0.977375339764336,1.11475233714266,1.07091935669821
"14qII-3_x_st",0.881803503053337,0.869239944108582,0.869239944108582,0.711941712853142,0.986782540316537,0.861498514021641,0.895947226810527,1.13316216065469,0.764510214043893
"14qII-30_st",0.906898336828487,0.950668057062392,1.57754712455943,0.827640592963256,1.07200311704127,0.728669732329309,1.07200311704127,1.08592164755347,1.29529952037323
"14qII-31_st",1.07200311704127,1.44389399773486,1.07200311704127,1.07200311704127,0.975985864496029,1.3663418419375,1.07200311704127,0.710473165347922,1.11256974085607
"14qII-4_st",1.40332115903987,1.40332115903987,1.66724337558598,1.36572602653052,1.40332115903987,1.54939465967587,1.18039086739073,1.40079057920553,1.40332115903987
"14qII-4_x_st",1.10866556343929,1.07200311704127,1.10866556343929,1.22813910494336,1.12920143008728,1.13644698962177,0.949489486111717,1.39727905206169,0.966027657690489
"14qII-5_x_st",0.977375339764336,1.03143649322647,1.01228027736927,1.03143649322647,1.03143649322647,1.1753799154264,1.09573890843777,1.06890694450439,1.07515475571268
"14qII-6_st",1.13080946702632,0.950668057062392,0.843998357182272,1.14193177401296,0.584916992662573,0.9439459527192,1.14668307348743,0.913072924553037,0.913072924553037
"14qII-6_x_st",0.857891945238911,1.1765420425339,0.77167100152779,1.44749377354534,0.693012846799257,1.0209319145059,0.84135377366014,0.662299306352657,0.857891945238911
"14qII-7_st",1.06255262373642,1.47635297198998,1.04101943645068,1.14870846207455,1.0185506339075,1.04101943645068,1.27524874924169,0.961221742415253,1.2006717430963
"14qII-8_st",0.96963231016079,0.836358757953178,1.05701634675296,1.2467204050505,1.05701634675296,1.05701634675296,0.876258953263838,1.2467204050505,1.05701634675296
"14qII-8_x_st",1.11011794717776,1.10120662656777,0.744272808650748,0.75203801280348,1.26932214557564,0.836358757953178,0.977375339764336,0.942276434079533,1.10120662656777
"14qII-9_x_st",1.10866556343929,0.73641116241625,1.14147354295637,0.913072924553037,0.900509365608282,0.892767935521341,0.977375339764336,0.913072924553037,0.759638797291049
"200000_s_st",1.02099565699175,0.88816687529942,1.35160614763246,1.40079057920553,0.906686357882538,0.880425445212479,1.02099565699175,1.2145902736085,1.05859078950111
"200001_st",0.760834111665698,1.13482617663293,0.836358757953178,0.963187986031472,1.05328949598828,1.23820246080208,0.950130188059077,1.09590820003296,1.63028490362636
"200002_st",1.23922316506451,1.42658303868454,1.12962201824697,1.23922316506451,1.10639438337217,1.35240959671611,1.23922316506451,1.23554672841618,1.29602543705933
"200003_s_st",1.68268715093672,2.06731868617508,1.89808343630525,2.00566985677126,1.84044664330684,2.26632754945367,1.66086850246109,1.89808343630525,2.29063835207527
"200004_st",1.20860269729642,1.13542029332436,1.19297824406702,1.12535420792262,1.15695348061009,1.15695348061009,1.10055964421233,1.1719402508984,1.06200822224413
"200005_st",2.12776973059501,1.7868333192043,1.80500271007911,1.66160422337553,1.96641146005005,1.56934312745941,1.76272250650586,1.7868333192043,1.7868333192043
"200006_st",1.30044677711031,1.02813997162419,0.774817701453588,1.24861802431871,1.5260090002865,1.15695348061009,1.11393190669362,1.19536001964743,1.39596257091646
"200007_st",1.11721210478491,1.25217892175343,1.09780860743302,1.22904732367421,1.21505504482866,1.14448989612956,1.12495353487185,1.20731361474171,1.62167421726781
"200008_s_st",1.07200311704127,1.07200311704127,0.780056311229965,1.14870846207455,1.28131703770146,1.05701634675296,0.869239944108582,1.21807661767726,1.07200311704127
"200009_st",1.03143649322647,0.993966041948545,1.1740236497937,1.03143649322647,1.03143649322647,1.03143649322647,0.924530138869707,1.03143649322647,1.12344267288348
"200010_st",1.20416221281461,1.22194141934699,1.20139765978239,1.37273078209261,1.40332115903987,1.51433370742597,1.46324548508256,1.00305218647899,1.301633450487
"200011_s_st",0.977375339764336,1.2006717430963,0.890784242609457,0.944573407342307,0.944573407342307,1.07718198296922,0.773240285032093,0.944573407342307,0.835006411852776
"200012_x_st",1.14870846207455,1.14870846207455,1.25810408225836,1.04112126730853,1.07200311704127,1.49743137865412,1.35969060137833,1.14870846207455,1.14870846207455
"200013_st",1.0662589832241,1.2006717430963,1.30880713875205,1.2006717430963,1.35481816106317,1.1677905569409,1.01096768479876,1.54936051972568,1.22152566980232
"200014_s_st",0.828556890009628,0.98869464762287,1.0886422431598,1.11208178783163,1.35190807432447,1.03131335166755,0.943929315075379,1.07200311704127,0.950668057062392
"200015_s_st",1.10425962366869,1.34842801673517,1.15832077713083,1.16375644040058,1.19703573549217,1.40332115903987,1.05018538147507,1.45392867867617,1.22374301819412
"200016_x_st",0.785077022217549,1.07200311704127,1.92508712322236,0.947586071941234,1.07200311704127,1.25158125788703,1.44803186102321,1.07200311704127,1.04529583433933
"200017_st",1.10866556343929,1.28648128009631,1.73210862120413,1.40079057920553,1.40079057920553,1.40079057920553,1.52854073296985,1.41191734605095,1.40731105970934
"200018_st",1.5310369597944,2.25098133600028,1.89808343630525,1.89808343630525,1.73890735897767,1.92366328983174,2.06530348432848,1.89808343630525,1.77674837632637
"200019_s_st",1.21466087614053,1.24185509333816,1.24185509333816,1.3338768751867,1.18716955504192,2.06854937205095,0.773587175596902,1.24185509333816,1.24185509333816
"200020_st",1.38046239915072,1.6418140840543,1.3918103980204,1.52237766160152,1.07200311704127,1.71820339145763,1.50503499091169,1.3918103980204,1.3918103980204
"200021_st",2.28548726689175,2.2238823665424,2.10815806976414,2.34762314303396,2.48324881720358,2.10254730656352,2.25243889371346,2.2734096796537,2.2734096796537
"200022_st",1.52092096306369,2.60905826346562,1.62170552323643,1.6936306792808,2.104864271009,1.54939465967587,1.34770132397448,1.14815926574293,1.53226896193336
"200023_s_st",0.977375339764336,1.70634075496825,1.40079057920553,1.6389829361621,1.89103881369236,1.38580380891722,1.23669237601349,1.40079057920553,1.38875783564728
"200024_st",1.06821065327035,0.950668057062392,1.06821065327035,1.06821065327035,1.4838747528254,0.950668057062392,1.3558981376074,1.06821065327035,1.06821065327035
"200025_s_st",1.2297828259325,1.44389399773486,1.40332115903987,1.66160422337553,1.77454297837393,1.38201174140686,1.3437818988509,1.44389399773486,1.44389399773486
"200026_st",1.40332115903987,1.57853334095512,1.52642052362735,1.28506225114444,1.70454598884282,1.40947929624448,1.52378859535369,1.7877108118998,1.25638080679638
"200027_st",1.27588202377495,1.04652532512943,1.52854073296985,1.21157960856365,1.249174741073,1.1372615047151,1.27588202377495,1.40079057920553,1.16774662811919
"200028_s_st",0.818103663502834,0.790662577251688,0.931518824411589,0.982201866694866,0.931518824411589,1.15695348061009,1.01764572173438,1.08495295167358,0.931518824411589
"200029_st",4.21070868780776,4.3830755358534,3.04539204107961,4.18018204050276,4.16445761720521,4.37076037529143,3.8725843976499,3.75223936386788,4.65886272172151
"200030_s_st",1.26422211104029,1.26422211104029,1.35160614763246,1.26422211104029,1.14221798970188,1.57226373643225,1.26422211104029,1.06468005280874,1.26422211104029
"200031_s_st",2.55692676762016,3.43902289104282,2.9302881852377,3.09494317451946,2.73554557838806,2.83673606548697,2.39363106253811,2.7319427119343,3.0977704999858
"200032_s_st",1.11485960797314,1.20948738525007,1.63406504213363,1.23365882564337,1.15695348061009,1.15695348061009,1.10289232714796,0.913072924553037,1.15695348061009
"200033_st",0.748974721361005,0.950668057062392,0.991240895757378,1.14574579233568,0.950668057062392,0.950668057062392,0.837338912230784,0.853791067732408,1.2006717430963
"200034_s_st",1.37594237238454,1.8853979555735,2.02031568128034,1.54004057557657,1.54004057557657,1.9808715171436,1.77795016700892,1.21900425329845,1.07065921304746
"200035_st",1.23922316506451,1.21768997777877,0.410603033803589,1.1740236497937,1.2145902736085,1.66243129069949,1.2145902736085,1.2145902736085,1.43861259362656
"200036_s_st",1.76963583671343,2.49174192199089,2.14796768953833,1.85333365404305,2.104864271009,2.16416053542369,2.104864271009,2.104864271009,1.99851598131843
"200037_s_st",0.950668057062392,0.836358757953178,1.07588763099237,0.558265077202881,0.950668057062392,0.950668057062392,0.950668057062392,1.07200311704127,1.0426742367194
"200038_s_st",1.37811815973252,1.40332115903987,1.68991677772904,1.40332115903987,1.28999201420827,1.480041119702,1.39265708310983,1.1782507327005,1.40332115903987
"200039_s_st",1.81529305673885,1.56068035977352,1.64953635797491,1.38817940822613,1.56068035977352,2.19061915670266,1.56068035977352,1.63739452637338,1.41551603715003
"200040_st",0.991690265418357,1.03642082900054,0.955027819020335,0.926198607499284,0.922111529891327,0.923226970811246,0.729329706637845,0.779029866460931,1.25342957188993
"200041_s_st",0.977375339764336,0.933396081934419,1.36248553336739,0.977375339764336,0.977375339764336,0.746450550261545,1.05964502421875,0.977375339764336,0.977375339764336
"200042_st",0.979800122946517,0.915648231616101,0.698535058034696,1.28613592553433,0.722622576572691,1.1219336551638,1.09928351747194,0.779029866460931,0.958266935660783
"200043_st",0.977375339764336,0.64557584891024,0.977375339764336,0.913621125442769,1.15695348061009,0.969633909677395,1.60065477872641,1.1914865115667,1.01361352733128
"200044_st",1.23922316506451,1.29866263967231,1.27927157050243,1.29866263967231,1.29866263967231,1.44726672014266,1.29866263967231,1.29866263967231,1.25281570717635
"200045_st",1.15695348061009,1.15695348061009,1.40316867954513,1.11935834810074,1.15695348061009,1.15695348061009,1.80922743810386,1.07200311704127,1.15695348061009
"200046_st",1.30886687939462,1.09700637698612,1.0489888734516,1.35656590033574,1.60371865595484,1.27191916510075,1.68094170941668,1.2145902736085,0.95585738049578
"200047_s_st",0.61692936740743,1.03805209365456,0.836358757953178,1.2060373535668,0.893687649445424,0.816053768921482,0.836358757953178,0.836358757953178,0.816967688783295
"200048_s_st",1.18408206106283,1.27585770743182,1.19948879207823,1.37810184066516,1.40332115903987,1.03240588108019,0.912562697254505,1.1140064095602,1.91905775394966
"200049_st",1.72290783706756,1.10055964421233,1.18132808037641,1.4143177515218,0.780752363233209,1.10055964421233,1.10055964421233,1.10055964421233,0.854718701311371
"200050_st",1.23933074203102,1.09372023114627,1.06426008743772,1.02666495492837,1.06426008743772,1.05701634675296,0.96963231016079,1.06426008743772,1.29613301402584
"200051_st",1.56088589299333,1.57329153075292,1.57329153075292,1.68642079856462,1.4512874094145,1.4363006391262,1.49386563693451,1.94131763503606,1.87665033350113
"200052_s_st",0.997908570163613,1.2006717430963,1.2285097986543,1.13195162825572,0.968448426455064,0.953461656166757,0.910524533571439,0.997908570163613,0.997908570163613
"200053_st",1.06966318986674,1.44389399773486,1.31727024610313,1.44389399773486,1.49560900914227,1.50225202262864,0.977375339764336,1.55170386263738,1.09017492903576
"200054_st",1.10866556343929,1.15813261763649,1.15695348061009,1.10616933661474,0.950668057062392,0.811964978269998,1.32390587908803,1.12115610690305,0.808791787152826
"200055_st",1.56987214570357,1.34859715909839,1.30802432040341,0.907338122802089,1.28131703770146,1.30802432040341,1.30556542829856,1.1096788471,1.65338170040034
"200056_s_st",0.947565322679506,1.03494935927168,0.920640060162465,1.03494935927168,1.15695348061009,0.932065728251969,0.752487587406213,1.30302698124609,1.03494935927168
"200057_s_st",1.28200095333541,1.14870846207455,1.06725209859195,1.14870846207455,1.54114964114033,1.14870846207455,0.948518778029095,1.06863631714452,1.02737340209567
"200058_s_st",0.901256312479301,0.99135782243611,1.31922681230966,1.04113008887511,1.1719402508984,1.07200311704127,1.10055964421233,1.5268021257067,1.12418660412844
"200059_s_st",1.20577595816767,0.950668057062392,0.977375339764336,0.977375339764336,0.977375339764336,0.877438205907207,0.977375339764336,0.977375339764336,0.977375339764336
"200060_s_st",1.03143649322647,0.990253142984606,1.03143649322647,1.06696730958447,1.1903666857147,1.33897605956417,0.892772972374299,0.897393435134364,1.03143649322647
"200061_s_st",4.47208004660906,4.81693333549638,5.05744746983554,5.09163752331233,4.70468511094948,4.88426325179523,4.27873929167394,4.19254541569568,4.89712519135109
"200062_s_st",1.7868333192043,1.81073019028135,1.67067447637529,1.70251944855301,1.87421735579647,2.15442448531844,1.68416825030273,1.7868333192043,1.7868333192043
"200063_s_st",0.977741451447159,1.03266004824049,1.61019328917413,1.45895480743195,1.24197396890068,0.950300365196013,1.17524720480772,1.17524720480772,1.2006717430963
"200064_st",1.16329312774127,1.14175994045554,1.23667817039487,1.66160422337553,1.66622204217737,1.56360880590246,1.2534373112911,1.25606923956475,1.31023958328592
"200065_s_st",1.31837079547105,1.31837079547105,1.52768471613124,1.06375809850573,1.40332115903987,1.31837079547105,1.22374301819412,1.24672303805545,1.25254888717996
"200066_st",2.00302621241828,1.19088788611983,1.84058169595164,1.67560511559823,1.25015772305522,1.54939465967587,1.4324875538318,1.54939465967587,1.54939465967587
"200067_x_st",1.11119614327364,1.02333725723997,0.73641116241625,1.10866556343929,1.25726964390963,1.15695348061009,0.935953220647797,1.40079057920553,1.07200311704127
"200068_s_st",1.15695348061009,0.884646675123979,1.73448672154374,1.07972441039727,1.15695348061009,1.27126277971931,1.02047771434291,0.980795133865855,1.2006717430963
"200069_st",0.950668057062392,0.845902914916194,0.764474801962384,0.950668057062392,0.817839275370059,1.03805209365456,1.05880345271815,0.752322583758986,0.950668057062392
"200070_st",1.47571109944937,1.17116314402055,0.855314363099365,1.28144017926038,1.28131703770146,1.0426742367194,1.35056333024624,1.54939465967587,1.2006717430963
"200071_st",0.896333110736925,0.961965171130626,0.961965171130626,0.759611296764852,1.15695348061009,1.23995165142266,0.910353490716818,0.906362475763705,0.759562184996786
"200072_s_st",1.17447128336675,1.57329153075292,1.53075091816433,1.03143649322647,1.57586454411656,1.38467741752834,1.50989699145831,1.09034837795217,1.38467741752834
"200073_s_st",1.28384761753581,1.52032612800782,1.20167603071283,1.28131703770146,1.28131703770146,1.2046028711016,1.88590491432402,1.11880798797778,1.17655189555526
"200074_s_st",1.41941461466188,1.35817187516084,1.37223405203446,1.2752735918219,1.2130863924597,1.82191441556737,1.35969060137833,1.40079057920553,1.70355209403306
"200075_s_st",0.819068614475519,1.23732893566355,1.32227929923237,1.2875252222705,1.17969214266514,0.836358757953178,1.02076195017691,0.965142115111512,0.888591133861072
"200076_s_st",0.915127353137273,0.950668057062392,1.00790346496075,1.40079057920553,1.39562633681067,1.21418888850845,1.23922316506451,1.23922316506451,1.46465782126301
"200077_s_st",1.40332115903987,1.2006717430963,1.13154859211044,1.2006717430963,1.00559400782301,1.0426742367194,1.22530463455231,1.15756832456696,1.30387532165721
"200078_s_st",1.34865612900142,0.836358757953178,1.25004783284551,1.26939838513619,1.16514622011743,0.95086345643577,1.16514622011743,1.16514622011743,1.21338538644748
"200079_s_st",0.815191630172835,0.685085475020125,0.700366507329516,0.917856699074398,1.07200311704127,0.917856699074398,1.00012638352881,0.917856699074398,0.999284812028208
"200080_s_st",0.834086055103822,1.05701634675296,1.14440038334514,1.38580380891722,1.12374311084593,1.05701634675296,1.00295519329083,0.976944201822934,1.04309781624076
"200081_s_st",2.31634865333505,2.81545761220512,2.11704705029553,2.37479927845217,2.46490343222066,2.12351809250375,2.33936912762438,2.40373268992722,2.44140224915328
"200082_s_st",2.45705522044303,2.65857391091466,2.74398131526675,2.45700634680883,3.03063602791898,2.64403371972982,2.18752382890216,2.14341925660595,3.27391355832402
"200083_st",1.17850655146423,0.84431976737182,1.22679446863503,0.913072924553037,1.03748996965307,0.950668057062392,1.14709111647061,1.28443126163344,1.03748996965307
"200084_st",1.10055964421233,1.38216088804917,1.19333575603582,1.05999302039753,1.07385236151039,0.77996492155542,1.10055964421233,1.10055964421233,1.10055964421233
"200085_s_st",1.19789175233078,1.19789175233078,1.44410695126582,1.19789175233078,1.19789175233078,0.950668057062392,1.33890833414194,0.995537877965009,1.2006717430963
"200086_s_st",1.34770132397448,1.43508536056665,1.54939465967587,1.66160422337553,2.38491204925015,1.67221224137382,1.30206735051536,1.54939465967587,1.35836539990452
"200087_s_st",0.977375339764336,1.06747684972115,0.88430219311949,0.775021465398563,1.15695348061009,0.977375339764336,0.717197996880007,1.24413861185793,0.91155343147324
"200088_x_st",2.64146082165843,3.77944276975725,4.459873188805,4.05669199932657,3.78666390197011,3.70171353840128,3.0426915759414,3.5005653222221,3.73150374362679
"200089_s_st",2.75915963405054,2.61532458177723,2.64403371972982,2.7992025326858,2.51967016263845,2.75834301883903,2.33967531512687,2.58670482823757,2.64403371972982
"200090_st",1.15948406044444,1.16935911836968,1.20005689913943,1.28470363437442,1.27126277971931,1.15695348061009,1.07552536765628,1.15695348061009,0.869239944108582
"200091_s_st",2.31634865333505,2.66083269890143,2.63157037590203,2.59707848457986,3.36790109497624,2.77897309278882,2.66083269890143,2.54594585666652,2.97259425559955
"200092_s_st",4.80378704636871,4.99848790703856,5.40951004430034,4.99848790703856,5.15737122244419,4.80904504225918,4.64920432328653,5.01944692965342,5.00931010190396
"200093_s_st",1.27086211255718,0.936205321418323,1.03143649322647,1.03143649322647,1.31915002972798,1.00046742826473,1.10055964421233,1.03143649322647,1.03143649322647
"200094_s_st",1.89808343630525,1.89808343630525,1.89808343630525,1.89808343630525,2.36633579145648,2.10436885985295,1.39568462669014,1.66244789878374,1.86442921672839
"200095_x_st",5.50407997216488,5.85120743026489,6.15796176311098,5.7911307967724,6.09819641816956,6.19963722292455,5.6388046744308,5.4682549177586,5.75585373630186
"200096_s_st",0.872347554609408,1.09871039974321,0.920623991397784,0.977375339764336,0.800713577627549,0.977375339764336,0.79779719891858,1.42749786190747,1.2006717430963
"200097_s_st",1.23922316506451,1.45632413838308,1.10590242327486,1.22386356443641,1.53219641564484,0.828276799435473,1.30288832938351,1.10593067380365,1.08122565868761
"200098_s_st",0.549432663129457,1.01974262443316,0.805485729787015,0.805485729787015,0.805485729787015,0.929902774887051,0.748974721361005,1.30813429054237,0.926820789765893
"200099_s_st",1.5310369597944,1.70100733150745,1.5310369597944,1.61180539595848,1.40332115903987,1.58986187013734,1.22827544496686,1.40079057920553,1.5310369597944
"aae-bantam-3p_st",1.5310369597944,0.739582783166367,0.949387537251854,1.02000197812238,0.989954161066654,1.06959516805528,0.989954161066654,0.989954161066654,0.989954161066654
"aae-bantam-5p_st",0.800713577627549,0.778652848297454,0.659182092203428,1.14870846207455,0.73641116241625,0.880354584616176,0.646309652459441,0.65633901748622,0.73641116241625
"aae-let-7_st",3.72827927825221,3.8692999978295,1.79668777776443,2.33777057649218,1.8812329605636,2.32187004233974,3.44780420422101,1.21309570393343,2.33777057649218
"aae-miR-1_st",1.40332115903987,1.2006717430963,0.906467384751558,1.26302331038157,1.56891585624472,1.2006717430963,1.08448970067358,1.30617240503731,1.08448970067358
"aae-miR-10_st",1.84990719895996,1.46251803319122,1.3183741657936,1.52375695844849,1.68268715093672,1.82044705525141,1.58805937365979,1.38897019778368,1.68268715093672
"aae-miR-100_st",11.6750240928724,11.7574116593469,11.6262702267779,11.5410765842132,11.5613291404326,11.6157537255076,11.5664996168741,11.6227722066763,11.5965295669716
"aae-miR-1000_st",1.10866556343929,0.747537192263326,1.09325521362962,1.3383143449068,0.950668057062392,0.950668057062392,0.863284020470219,0.779029866460931,1.07933668311742
"aae-miR-11-star_st",1.24858117667864,1.24858117667864,1.41793419596859,0.794843231314456,1.34311378683549,1.35082953891438,1.04688784097726,1.24858117667864,1.25111175651299
"aae-miR-11_st",1.07200311704127,1.10287614520743,1.07200311704127,1.07200311704127,1.07200311704127,1.19636667413264,1.32302815498031,0.913072924553037,0.899655276007356
"aae-miR-1174_st",1.06956944401792,1.33628923794953,1.11110654811413,1.03143649322647,1.58037857307264,1.15695348061009,1.16830147947976,1.07809140183211,1.05870033266223
"aae-miR-1175-star_st",0.893916708695839,0.893916708695839,0.893916708695839,0.830162494374271,0.756836732736405,1.07404305043133,1.18587986492724,1.31788014902676,0.870165877568013
"aae-miR-1175_st",1.15737496401802,1.25150151948356,1.23909588172397,1.1753416674024,0.739230078516783,1.36461286910759,1.23909588172397,1.54939465967587,1.23909588172397
"aae-miR-12-star_st",1.07200311704127,1.2006717430963,1.07200311704127,0.913072924553037,1.07200311704127,1.07200311704127,1.01560928064351,1.12963991003968,0.898492183126305
"aae-miR-12_st",0.908413486103876,0.950668057062392,0.908413486103876,0.860716401665968,0.775584704411543,1.03131335166755,1.18660396441333,0.592730466906494,0.908413486103876
"aae-miR-124_st",0.81882820964707,1.22094281265578,1.01348368665589,1.02075312861033,1.13102628286384,0.836358757953178,0.75399867808331,0.853837705929396,0.944047783577047
"aae-miR-125-star_st",11.3254273302554,11.2037101282135,11.3090612868665,11.2284214941844,11.1127287991692,11.0444915428211,11.3532915421997,11.2848507672029,11.2850772753511
"aae-miR-125_st",11.2363443996521,11.1742619542388,11.2421760759588,11.1857527210665,11.0412752495262,10.9712331844509,11.2857342104456,11.1620016648784,11.2107336324929
"aae-miR-13-star_st",1.44796731144228,1.06130559756488,0.951704450747351,0.966074425756738,1.31467482018142,0.836358757953178,1.10055964421234,0.837283277546828,1.06130559756488
"aae-miR-13_st",0.748974721361005,0.950668057062392,0.896497713341229,0.950668057062392,1.07200311704127,0.831334801230872,1.43094316276616,1.07639979742637,0.950668057062392
"aae-miR-133_st",1.23922316506451,1.09261470308136,1.1193219857833,1.1193219857833,1.21107910754915,1.1193219857833,0.919132301737845,1.08172685327395,1.35496634487139
"aae-miR-137_st",1.07200311704127,1.26303237681261,0.73641116241625,1.22543724430326,1.36665871264185,1.07200311704127,0.869239944108582,1.07200311704127,1.07200311704127
"aae-miR-14_st",0.644786357092484,1.29602543705933,1.37667073166449,1.00545512721062,1.04602175102542,1.25533567168561,1.04602175102542,1.04602175102542,0.731494235299294
"aae-miR-184_st",2.22464624957518,1.72873041701531,1.40332115903987,2.83176164008176,1.19703573549217,1.28131703770146,1.00885724045247,0.65633901748622,1.457692255916
"aae-miR-1889-star_st",1.2006717430963,1.2006717430963,1.01751796271427,0.934154355842045,1.15695348061009,1.26739850718926,1.23922316506451,1.72873041701531,1.2006717430963
"aae-miR-1889_st",1.15695348061009,1.72873041701531,0.818541959752328,1.18215647991744,1.03547269778743,1.15695348061009,1.04362433577848,1.15695348061009,1.15695348061009
"aae-miR-1890_st",0.857891945238911,1.07200311704127,1.05284690118407,1.07200311704127,1.10959824955062,1.07200311704127,1.51294620022926,1.07200311704127,1.07200311704127
"aae-miR-1891_st",0.977375339764336,0.863066040655122,1.67624364067686,1.1754157447765,0.713174453505179,1.18002475570791,0.669333714372378,0.699388859472304,0.869239944108582
"aae-miR-190_st",1.2560041840551,1.14870846207455,1.12955224621735,1.14870846207455,1.28760345674257,1.18630359458391,1.12955224621735,1.14870846207455,0.590844181176887
"aae-miR-193_st",1.22155571566179,1.13928603120738,1.59193913318486,1.42860359911272,1.13928603120738,1.05701634675296,1.13928603120738,1.26062109118625,1.13928603120738
"aae-miR-210_st",0.977375339764336,0.964811780819581,0.977375339764336,1.14147354295637,0.964811780819581,0.964811780819581,1.34896259212409,1.07200311704127,0.977375339764336
"aae-miR-219_st",1.15968141565453,1.14711785670977,1.05701634675296,1.14870846207455,1.05701634675296,1.01329808426676,1.05701634675296,0.858670873449558,1.1516441240299
"aae-miR-252-star_st",0.982255502330279,1.44389399773486,1.52768471613124,1.03143649322647,1.28384761753581,1.1618434961974,1.28131703770146,0.830525454198791,0.950668057062392
"aae-miR-252_st",0.965010167095955,1.05701634675296,1.05701634675296,1.38488533662651,0.646309652459441,1.05701634675296,1.12822224803711,1.45076714816046,1.05701634675296
"aae-miR-263a-star_st",1.0059318669354,0.986250345103121,1.10055964421233,1.29860004922449,1.10055964421233,1.10055964421233,1.10055964421233,1.2200331857164,0.933339596189099
"aae-miR-263a_st",1.27253208359881,1.60776051789438,1.25634171062599,1.26442616437186,1.28131703770146,1.05701634675296,1.26442616437186,1.13575753831683,1.5671876791994
"aae-miR-263b-star_st",1.21644904011757,1.69198251672322,1.0196161208719,0.802125929127016,1.11378397121601,1.08634288496486,0.869239944108582,0.627213141012387,1.10105128432273
"aae-miR-263b_st",1.09871039974321,1.11675391482434,1.07463504531493,1.07200311704127,1.07200311704127,1.07200311704127,0.869239944108582,0.777674077465098,1.07200311704127
"aae-miR-275-star_st",1.05630536964154,1.36066377424449,1.15695348061009,1.4201032488523,1.36066377424449,1.08972798056972,1.49259238768105,1.48199883422337,1.54939465967587
"aae-miR-275_st",1.11261498278459,0.709750575673257,0.766235409116716,1.11261498278459,1.15470885542154,1.15021011529394,0.748974721361005,1.11261498278459,1.17636919710615
"aae-miR-276-star_st",0.977375339764336,1.03143649322647,0.950668057062392,1.03143649322647,1.03143649322647,0.92595960819068,1.13957188888222,1.23419966615916,0.950668057062392
"aae-miR-276_st",1.14867326944501,1.02731733551008,1.18308817650288,1.14867326944501,1.54939465967587,1.12123218319386,1.14867326944501,1.34879210555423,0.898669583411099
"aae-miR-2765_st",1.18242089306968,0.618868566208295,1.82048753878116,0.954254669760495,1.38901068131342,1.07898118768426,1.66160422337553,1.3439883072107,1.60726084348555
"aae-miR-277-star_st",0.766904785137365,0.73641116241625,0.950668057062392,1.35720227619534,0.950668057062392,1.23848829008657,0.950668057062392,0.913072924553037,0.950668057062392
"aae-miR-277_st",1.07538213698379,0.836358757953178,1.39464943075187,1.27342254199595,1.3673289427951,1.26315853962817,1.07538213698379,0.66144596983855,0.646007860515138
"aae-miR-278-star_st",1.20433551265136,0.950668057062392,1.281986099061,1.495152029487,0.948907179231097,0.850730923205262,0.771089916216636,0.875047151593992,0.873948096400263
"aae-miR-278_st",0.873021204351199,0.836358757953178,0.917004052558338,0.805485729787015,1.40332115903987,0.861938611479671,0.741730980676244,0.717995189279745,0.836358757953178
"aae-miR-279_st",0.7230238190593,1.11583609748573,0.913072924553037,0.913072924553037,0.986529566408405,1.20078646105455,0.66228785917664,0.833000779623008,1.04174155060807
"aae-miR-281-star_st",0.950668057062392,0.913197605784467,0.962016055932063,1.00472921052453,1.04344416888587,0.950668057062392,0.77503755664527,0.893339165570145,1.05396783686722
"aae-miR-281_st",1.14460209315122,1.2006717430963,1.01331186947626,1.2006717430963,1.2006717430963,1.38940262852768,1.2335529292517,1.2006717430963,1.2006717430963
"aae-miR-282-star_st",1.31333306495767,1.07854135238564,1.7004170494809,1.03143649322647,1.1591866469908,1.03482308989943,1.1591866469908,1.27046744898752,1.1591866469908
"aae-miR-282_st",1.29602543705933,1.33974369954553,1.29602543705933,0.913072924553037,1.54239311548911,1.29602543705933,1.10055964421233,2.01222574666728,1.29602543705933
"aae-miR-283_st",0.913072924553037,0.957693817932056,0.913072924553037,0.913072924553037,1.07200311704127,0.993695025071442,0.810407855651473,0.820437220678253,0.804937528897283
"aae-miR-285_st",1.0800057520705,0.698732715143525,1.2919117130757,1.09240868189248,1.72494827385168,1.29080081874401,1.11915673970426,1.72873041701531,0.717257659449418
"aae-miR-286a_st",1.1815863720661,1.15695348061009,1.15695348061009,1.03143649322647,1.24871060237594,1.59778553820865,1.15695348061009,1.15695348061009,1.11577013036823
"aae-miR-286b_st",1.08734259826469,1.51741017146484,0.957795896821763,1.13445765895855,1.1774441082215,1.17472663485687,1.43892752111602,1.00041460086644,1.2006717430963
"aae-miR-2940-star_st",0.857891945238911,0.836358757953178,1.28131703770146,0.711941712853142,0.836358757953178,0.728669732329309,1.36029152183842,1.07200311704127,0.836358757953178
"aae-miR-2940_st",0.971773846129052,1.07200311704127,0.924908570385918,1.02828485455506,1.02828485455506,1.02828485455506,0.953617708338501,1.54624302100446,0.984451874110607
"aae-miR-2941_st",0.835622704200693,1.07200311704127,0.920573067769515,1.17676825918747,1.14071783243007,0.725495332496223,1.09747052950086,1.14071783243007,1.10006291415419
"aae-miR-2942_st",0.836358757953178,1.00632912966622,0.836358757953178,0.828113739417636,0.836358757953178,1.05701634675296,1.38316188756107,0.751408394384355,0.836358757953178
"aae-miR-2943_st",0.914285781636669,1.47560357790508,1.13024619790815,1.15695348061009,1.15695348061009,1.15695348061009,0.852595076007142,1.2145902736085,1.40332115903987
"aae-miR-2944a-star_st",1.07200311704127,1.15343122999508,0.930986535230111,0.83327677283202,1.07200311704127,0.957693817932056,1.27687060173809,1.40079057920553,1.07200311704127
"aae-miR-2944a_st",0.857891945238912,1.07200311704127,0.916648056661404,1.52030453600089,1.14871728364113,1.14871728364113,1.11100743317353,1.14871728364113,1.19243554612734
"aae-miR-2944b-star_st",1.01497047227369,1.0320961700162,0.950668057062392,0.950668057062392,1.15343122999508,0.950668057062392,0.647906542234852,0.865717693493569,0.950668057062392
"aae-miR-2944b_st",0.794907456129827,0.784077144016024,1.69960589497591,1.11286460618028,1.15236139276378,0.917786870906987,0.950668057062392,0.900832166299034,0.950668057062392
"aae-miR-2945-star_st",1.28973965951456,1.07200311704127,1.07200311704127,1.17947580080303,1.17929883902182,1.07200311704127,0.977375339764336,1.07200311704127,1.07200311704127
"aae-miR-2945_st",1.10866556343929,1.2006717430963,0.983741005061198,1.3405801128852,1.09847020572891,1.19293031300936,1.0776162790229,1.2006717430963,1.2006717430963
"aae-miR-2946_st",0.800562285174563,0.987922158794599,1.049074151911,0.962129699315582,1.15036755140083,0.90648699534377,0.646309652459441,0.90648699534377,0.90648699534377
"aae-miR-2a-star_st",1.10866556343929,0.901330338073761,1.11861647648708,0.994403484718607,0.831894434994922,1.03143649322647,1.03143649322647,1.23148314513724,1.1260642705034
"aae-miR-2a_st",1.06232570333316,1.15433188299017,1.02566325693514,1.39783239233696,1.15695348061009,1.54939465967587,1.23922316506451,1.15695348061009,1.0035193533481
"aae-miR-2b_st",1.60960658258757,0.703215535245904,1.11323521812388,0.938322430009256,1.15695348061009,1.15695348061009,1.35969060137833,0.985315290008632,1.21452627875484
"aae-miR-2c_st",1.27386804462196,0.799200306503252,1.03484466559134,1.03484466559134,1.03484466559134,0.950668057062392,1.06155194829329,1.37043662021637,0.875060383502186
"aae-miR-305-star_st",0.825696646649211,1.14872504232948,0.813133087704456,0.882207655075221,0.719348356958639,0.945855172874119,0.869239944108582,0.626154588417663,0.739569749326418
"aae-miR-305_st",0.981081999314809,1.27353738363739,1.31113251614675,1.26442616437186,1.27353738363739,1.54253607336508,1.0865588843506,1.54939465967587,1.40636616532972
"aae-miR-306-star_st",1.15086519581925,1.07200311704127,1.35160614763246,1.23117919436884,0.774641834000749,1.07200311704127,1.10055964421233,1.07200311704127,1.04529583433933
"aae-miR-306_st",0.670986417046697,0.836358757953178,0.893916708695839,1.091957113708,0.893916708695839,1.00822600780505,0.713159315206713,1.42546734379278,0.893916708695839
"aae-miR-307_st",1.12365960165411,1.43020029352089,1.99200184660595,1.2581388317645,1.40630342244383,1.10335461262241,1.00208576510694,1.32135305887501,1.40332115903987
"aae-miR-308-star_st",1.4737685838284,0.723547513195237,1.20222739254381,1.23651680532433,1.15057817585748,1.00068658870754,1.17728545855943,1.07200311704127,1.16658865502816
"aae-miR-308_st",0.886120459424261,1.03239707160747,0.886120459424261,0.607814002929101,1.36549364623041,0.618868566208295,0.987646273824402,1.04187042646101,1.03484466559134
"aae-miR-309a_st",0.748974721361005,0.836358757953178,0.836358757953178,0.706252602800468,0.836358757953178,0.836358757953178,0.836358757953178,0.65633901748622,0.976928969732451
"aae-miR-309b-star_st",0.911605716642186,0.884898433940242,1.28131703770146,1.03143649322647,1.08295345458125,0.683080323021828,1.00623349391912,1.16639479417176,1.00623349391912
"aae-miR-309b_st",1.3997726822832,1.44729028933568,1.54565596091339,1.03143649322647,1.04561041904561,1.18714918735735,1.2531416955767,1.18995738215249,0.926035165606384
"aae-miR-31_st",10.4911180921055,10.1856188663742,10.2220474381329,10.1430188084125,9.92321519372541,9.96900709368873,10.679584341001,10.3010789064593,10.2502354970865
"aae-miR-315-star_st",0.857891945238911,0.652952531347752,0.893916708695839,0.843187921047718,0.757944349701983,0.857891945238911,0.770507908646738,0.820296812729557,1.20324932523585
"aae-miR-315_st",0.857891945238911,1.08364734724892,1.24185509333816,0.914402953664922,0.969338048139706,1.87551659573649,1.07200311704127,1.07200311704127,0.70960617051362
"aae-miR-316_st",1.17024164936028,1.18928130076954,1.71815434811291,1.14870846207455,1.22935375667971,1.06794624079066,1.06132442548238,0.959977576643175,0.696055360097068
"aae-miR-317_st",0.549432663129457,0.759638797291049,0.759638797291049,0.893681855383155,0.939216938136805,0.759638797291049,0.759638797291049,0.875820839713768,0.759638797291049
"aae-miR-33_st",1.44741581692782,0.677339899671151,1.0476797656947,1.14870846207455,1.68268715093672,1.28345982393465,1.2006717430963,1.2417717209235,1.22152566980232
"aae-miR-34-star_st",6.24495381015429,5.44383810367381,5.3657293154521,6.02834627916208,6.02834627916208,6.2078758644468,5.94911966719816,6.75880279161551,5.36020782990463
"aae-miR-34_st",1.53408307046638,1.40079057920553,1.70521643343098,1.26189558453751,1.40079057920553,1.28131703770146,1.55068216635547,1.14598353312115,1.71870433729939
"aae-miR-375_st",0.739133788955873,0.681666969902674,0.54012820159093,0.618868566208295,1.00554156973349,0.739133788955873,0.869239944108582,0.776604240233798,0.576937239837985
"aae-miR-7_st",1.78703525752018,2.01033166085215,1.78703525752018,2.35816587330366,0.923524785084873,1.66503113618177,1.17774341858775,2.35905457743171,3.09458877824046
"aae-miR-71-star_st",0.913072924553037,0.790400666493745,0.749973286495913,0.805485729787015,0.989030710752656,0.913072924553037,1.0157379934546,0.913072924553037,1.02604502558184
"aae-miR-71_st",1.15805010342237,1.08203227838106,1.12138765702434,1.4501751191886,0.89179045369287,0.877049748242755,1.23922316506451,1.12138765702434,1.00005259704547
"aae-miR-79-star_st",1.22016737865785,1.2006717430963,1.3602186620116,1.03143649322647,0.885362992590478,0.688103108514509,0.598436897766757,1.03143649322647,0.771704615600383
"aae-miR-79_st",0.950668057062392,0.950668057062392,1.63172177744321,0.950668057062392,0.717206963185779,0.769171150503971,0.977375339764336,1.04529583433933,0.950668057062392
"aae-miR-8-star_st",1.34735856072026,1.05880345271815,0.891525024074629,0.980641696393991,1.40752636929771,0.642827353335096,0.977375339764336,0.930134826663116,1.02120832020879
"aae-miR-8_st",1.32417352863333,1.35971665354278,1.15695348061009,1.27642702211416,1.15695348061009,1.15695348061009,1.15695348061009,1.13569433352472,1.04735233379256
"aae-miR-87_st",1.01794196357914,1.29529952037323,1.31837079547105,1.07200311704127,1.31588367309833,0.834564457512842,1.07200311704127,1.07200311704127,1.07200311704127
"aae-miR-9-star_st",0.931986099003458,0.857891945238911,0.857891945238911,0.711941712853142,0.81527324119423,0.950668057062392,0.763264167961978,0.877283014408794,0.857124040128518
"aae-miR-9_st",0.895947226810527,0.869239944108582,1.01025652591974,0.849158499934748,0.646309652459441,0.983549243217796,0.787811831154773,1.23859403008764,0.869239944108582
"aae-miR-927_st",0.977375339764336,0.950668057062392,2.26761974022117,1.32020213992692,0.837198431628385,1.08372362945491,1.10055964421233,0.779029866460931,0.870079617783789
"aae-miR-929_st",0.869649242675496,1.17495563199707,0.851345528241485,1.07200311704127,1.07200311704127,1.05701634675296,1.10055964421233,1.41577734949383,0.939832300725435
"aae-miR-92a-star_st",4.72711405497373,3.49531451242802,2.3105059751373,3.34884061737079,3.66562798457266,4.03936108562326,3.66565004921026,4.02562500554433,4.34252657851134
"aae-miR-92a_st",11.6485980800653,11.3794890199818,11.1736214648055,11.2558981569784,11.2538100185863,11.2112075536421,11.5306190812845,11.2729762418784,11.3979019863575
"aae-miR-92b-star_st",1.30320906015591,1.03680522293678,1.11543265751153,1.10055964421233,1.31819583044422,1.30320906015591,1.10055964421233,1.07200311704127,1.10055964421233
"aae-miR-92b_st",13.0879261953675,13.0796594667785,13.0155781606597,12.9580276038333,13.0074307227522,13.0063347848722,13.070807594712,12.9521671029761,12.9296987383706
"aae-miR-932-star_st",1.33077789824901,1.2006717430963,1.2006717430963,1.22125132104462,1.64094939286037,1.31778320136285,1.23814219437423,1.23814219437423,1.73082876513234
"aae-miR-932_st",1.18668926042453,1.29826410180319,1.05701634675296,1.52854073296985,1.28131703770146,1.10875634055762,1.16846010963682,1.53440788938756,1.29826410180319
"aae-miR-957_st",1.2099226101444,1.2099226101444,1.15695348061009,1.39249005541563,1.2099226101444,1.28501737165387,1.47735974785544,0.861891939438626,0.887702688334824
"aae-miR-965_st",0.887273829807528,1.07200311704127,0.732260904392101,1.00835747041055,0.981901607084461,1.03923049857671,0.951846461984535,1.00604886986618,0.981901607084461
"aae-miR-970_st",0.96238856947603,1.29671497540527,0.783389628418875,1.13778478291704,1.05701634675296,1.57314549080369,1.05701634675296,1.05701634675296,0.86598708698162
"aae-miR-980-star_st",0.733693689051614,0.832176830548434,1.03962923273381,0.710841770569555,0.832176830548434,0.950668057062392,0.836358757953178,1.08019585654861,0.946486129657648
"aae-miR-980_st",0.986414848450158,1.24614672607624,0.986414848450158,0.911358473773343,1.28236517321385,0.705503363434071,0.959220631252524,1.14997177241426,1.2006717430963
"aae-miR-981_st",1.10866556343929,0.977375339764336,0.920623991397784,1.2911334470738,0.950668057062392,0.977375339764336,0.977375339764336,0.913072924553037,0.950668057062392
"aae-miR-988-star_st",0.977375339764336,1.11777787898071,0.786346079992994,1.212598609693,0.950668057062392,1.05701634675296,0.977375339764336,0.814866290040652,0.977375339764336
"aae-miR-988_st",1.53698961440741,1.29602543705933,1.29602543705933,1.25292201852999,1.40332115903987,1.29602543705933,1.10055964421233,1.31101220734763,1.36976956638418
"aae-miR-989_st",0.856040279785458,0.950668057062392,0.715023697974299,0.791737864574159,0.950668057062392,0.950668057062392,0.860566547105583,1.12732981919918,1.3353349808432
"aae-miR-993_st",0.857891945238911,1.07200311704127,1.10866556343929,1.14870846207455,1.1487230777034,1.54939465967587,0.977375339764336,1.30764747612936,1.07200311704127
"aae-miR-996_st",0.945275981831085,1.37821379547963,0.759638797291049,0.834632561827853,0.892752594350935,0.706252602800468,0.836358757953178,0.779029866460931,0.759638797291049
"aae-miR-998_st",0.783387955705976,0.780317349499032,0.630952068943759,1.10477996342185,0.88026494503596,1.05333312596396,0.748974721361005,0.913072924553037,1.067624818656
"aae-miR-999_st",1.11196635616904,0.954460520833316,1.65208405497934,1.14870846207455,1.07200311704127,0.987826508512317,1.13771809566226,1.07200311704127,0.987052753472448
"aae-miR-9a_st",0.70836285561769,1.07200311704127,1.20329334071623,1.1260642705034,0.767644712438319,1.07200311704127,1.07200311704127,1.07200311704127,1.07200311704127
"aae-miR-9b_st",0.977375339764337,1.07200311704127,1.51824613429996,0.800762958451873,0.940712893366315,0.724048791852013,0.487566895357324,1.10228030750733,0.97359407952172
"aae-miR-9c_st",1.22025738918387,0.950668057062392,0.963231616007147,0.963231616007147,1.10212661067516,0.930350429851742,0.860566547105583,1.18359494278585,0.698340585689822
"aae-miR-iab-4-3p_st",0.857891945238911,0.925018138878693,1.15695348061009,0.711941712853142,0.857891945238911,0.857891945238911,0.857891945238911,0.670913445952119,0.784328606860874
"aae-miR-iab-4-5p_st",1.27465253298484,1.09871039974321,1.15695348061009,1.29675080475537,1.22422738712684,1.18366076331204,0.740571318053552,0.808563287571787,1.07200311704127
"ACA1_s_st",0.89055887349585,1.2006717430963,1.32919634493853,1.45441591886851,1.08060797898959,1.16234666993299,0.869239944108582,1.36976296875333,1.20719222360012
"ACA1_x_st",1.14935995302578,1.06101177062897,1.00102819119401,1.25343481795955,0.801486132962466,0.950668057062392,0.89836312229245,1.00102819119401,0.981637122024132
"ACA10_s_st",3.59222522986253,3.73514712007064,5.09405183378283,3.91451487691138,4.0333474639216,3.7399495497779,3.62698503442863,3.91451487691138,3.91451487691138
"ACA11_st",0.770122415731753,1.55300351431447,2.02380168009662,1.50880618338609,1.47668920295339,1.08876745364084,1.10055964421234,1.19243665074292,1.31076577837393
"ACA12_st",3.22231293684822,3.43642410865058,4.20026051227818,3.61973698975032,3.5213744722194,3.7830941325369,4.21301300363685,3.20774779774754,3.68349120407188
"ACA12_x_st",0.930927286368247,1.57329153075292,1.37509812443874,1.25073456734737,1.22342520049915,1.25073456734737,1.16703136410139,0.825450401332457,1.75784420221765
"ACA13_st",3.90511750655618,4.18018204050276,4.33106332583171,4.18895192846004,4.10615167341152,3.90511750655618,3.74101930336414,3.90511750655618,3.80035236440998
"ACA14a_st",1.15695348061009,1.12407229445469,1.1955049025783,1.00834940013975,1.15695348061009,1.2383815935639,1.1955049025783,0.735311603974723,1.15695348061009
"ACA14a_x_st",1.44425751806431,1.07200311704127,1.22950866332086,1.07200311704127,1.08889399037087,1.31096502680346,1.00637105664757,0.99193097211124,0.874200240331735
"ACA14b_st",0.950668057062392,0.912116635094186,1.18169192126721,0.913072924553037,1.03561842063121,0.950668057062392,1.01755213154604,0.913072924553037,0.950668057062392
"ACA14b_x_st",0.90243961640092,1.30426863659068,1.10866556343929,1.26442616437186,1.09001174194454,1.05701634675296,1.10866556343929,1.62669088588209,1.31142873637198
"ACA15_s_st",2.61061161113753,2.04809789113021,4.7103440439735,2.06977113545996,2.41501897225128,2.41038327656535,2.39416504554526,2.41501897225128,2.41501897225128
"ACA15_x_st",2.04312460762125,2.14645707994319,3.70671129510479,2.00609159911338,2.16338983036882,2.16338983036882,2.36685527291726,2.07317975272117,1.89964756279703
"ACA16_st",4.40284549900521,4.59782097273217,4.45628220442042,5.07436932439421,4.98480870303289,4.70762213885318,4.2582672063442,4.20003845522967,4.9147175134201
"ACA16_x_st",2.17202036576156,2.94170687985205,2.8756455958191,3.052038681665,2.93553284576502,3.02410226128785,2.33217706351074,2.17202036576156,2.82128136025123
"ACA17_st",2.21308812251007,2.21308812251007,2.0799083160607,2.21308812251007,2.21308812251007,2.21308812251007,2.24164464968114,2.08219798183324,2.21785135179889
"ACA17_x_st",1.5399340904306,1.40332115903987,1.40332115903987,1.45928258824395,1.73390584169797,1.32105147458546,1.40332115903987,1.85344368118301,1.34774044846674
"ACA18_x_st",6.11490280849317,6.26542104854459,8.52927799248875,6.45848517953485,6.91413240056655,6.44639587901572,5.92661458083073,6.1404763222441,6.28628409908651
"ACA19_st",0.869239944108582,0.925750952534593,1.18173102349569,0.925750952534593,0.749089190397805,0.749089190397805,0.869239944108582,0.925750952534593,0.979081607552115
"ACA20_st",1.23922316506451,1.72873041701531,4.53488826798348,1.42927227055824,1.40332115903987,1.485666106956,2.43122642331348,1.14234617573452,0.906955556646772
"ACA20_x_st",2.01968679581246,2.44574271531768,5.77795441373477,2.28857170946197,2.90784287377369,2.31634865333505,2.71392773179477,1.8591361783792,1.7656816914131
"ACA21_st",2.07082783198546,2.08350496714797,3.2843629483464,2.07082783198546,2.31815514114597,1.95228736641202,1.95142314515983,2.26176474076706,1.89347714996364
"ACA22_s_st",0.977375339764336,0.877427744227408,0.977375339764336,0.913072924553037,1.18002475570791,1.36477566876996,0.729768283527939,1.07200311704127,1.21301969885243
"ACA23_st",1.59527196582593,1.89808343630525,3.42549433106427,1.85751681249045,1.9356785688146,2.15633615761439,2.06530348432848,1.89808343630525,1.70004303129309
"ACA24_s_st",5.33332167303629,5.09889031086042,8.85049521353006,5.26232397782921,5.79096626097473,5.10055196806459,5.50225024393054,4.8288389675937,5.38506342844602
"ACA24_x_st",6.29872511207371,6.83675538880307,6.42146502752342,6.97017524401686,6.94611226821567,7.01034882000636,6.05152820568716,6.2769648668562,6.70682180300609
"ACA25_st",1.14726809238232,1.46675346147701,1.65845495631314,1.30518443162707,1.40332115903987,0.943654479933725,0.748974721361005,1.56288274485746,1.43585426794615
"ACA25_x_st",2.40102982329571,2.6027231589971,2.69735093627403,2.85877622565466,2.71001888097765,2.6027231589971,2.52207165681044,2.6027231589971,3.12529361290891
"ACA26_st",1.31054504721639,1.20752866997972,2.68822698012098,1.53043856722115,1.40332115903987,1.40332115903987,1.34854525179087,1.36704609661166,1.21229189926853
"ACA27_x_st",1.16242582250834,1.3177950353565,1.94208632793544,1.4271701553209,1.40955215712234,1.3177950353565,1.34420528577484,1.2145902736085,1.25617668703936
"ACA28_st",1.40163881401963,1.10262472583157,1.51020471222225,1.46040711206557,1.26423555724909,0.911841816788634,1.11092109364124,1.07200311704127,1.24364130764273
"ACA29_st",1.06494730095308,1.15695348061009,0.939216938136805,0.913072924553037,1.28131703770146,1.15695348061009,1.48310372112156,1.6850121545291,1.15695348061009
"ACA2a_st",0.75399867808331,0.944047783577047,1.10297797606528,0.944047783577047,0.944047783577047,0.836358757953178,1.034562486567,0.944047783577047,0.950668057062392
"ACA2b_s_st",0.725991561395032,0.801749784779224,0.903980594981984,0.672147535823742,0.753328293251586,0.551591912160988,1.11620105926532,0.832407093658017,0.909954000585487
"ACA2b_st",1.17481722311971,1.07200311704127,1.10055964421233,1.14870846207455,1.15695348061009,1.15695348061009,1.10055964421233,1.07200311704127,0.992424248556581
"ACA2b_x_st",1.03686929069873,1.42927227055824,1.44710059278152,1.43660303141228,1.02430573175398,1.40332115903987,1.23922316506451,1.07200311704127,1.05459824246031
"ACA3-2_st",2.9513059302868,3.22828320790677,4.30993703710539,3.52288397155216,3.21952470566251,2.91855895857694,2.82001570661184,2.75571329140054,3.46077543164441
"ACA3-2_x_st",5.85085843072384,6.26142476272678,8.31181832486391,6.50174843277839,6.87584062224197,6.10952132512566,5.87086288672645,5.97382594418352,6.26142476272678
"ACA3_st",3.76388055116074,3.67694857706047,6.74210990560652,3.7870976921176,4.54676805877923,3.81273929085359,3.76381182599053,3.81273929085359,3.6034253701934
"ACA30_st",1.07917460075472,1.1719507125782,0.698612453412357,1.27603092852605,0.836358757953178,1.33604870655357,1.31487362076243,0.794027098429037,1.25120845644343
"ACA30_x_st",0.818199262436762,0.836358757953178,0.977375339764336,0.977375339764336,0.977375339764336,0.979905919598685,0.977375339764336,0.977375339764336,0.977375339764336
"ACA31_st",0.942143278308853,1.20288316877364,1.07015145158782,1.1509198877519,1.17744717356836,1.05701634675296,1.013349179593,0.949046764381696,1.07015145158782
"ACA32_st",0.854837224554088,1.16647308536009,1.88741269150173,1.26442616437186,1.75977077202395,1.40026093377228,1.11404998760854,1.14606259569842,1.26442616437186
"ACA32_x_st",0.826500350771011,1.14952874645128,1.79551443972727,1.10896212263648,1.19403932111236,1.15695348061009,1.18240993260668,0.862602651627556,0.654152509737098
"ACA33_st",1.40332115903987,1.85770183540975,2.84520403875683,1.49794893631681,1.30287120104352,1.5235287898433,1.44388778285467,1.49794893631681,1.5930262267432
"ACA33_x_st",1.5310369597944,2.3431479383992,3.29058138348081,2.11143878072472,2.2627680888748,1.85886739580518,1.55745627770241,1.9808715171436,1.9808715171436
"ACA34_s_st",0.99890852705007,0.977375339764336,0.937332441129077,1.28972504388571,1.29797006242125,0.836358757953178,0.977375339764336,1.18013851269702,0.977375339764336
"ACA34_st",2.46203959817722,2.1897327926911,2.73383729411264,2.51445864605867,2.68762487415816,2.95488945820418,2.24557161841625,2.46203959817722,2.80937070769801
"ACA34_x_st",0.940498285508446,1.04172091316107,1.49827044076116,1.55001548095687,1.25597780780721,1.28131703770146,1.23922316506451,1.2145902736085,1.23922316506451
"ACA35_st",0.902380139891591,1.07200311704127,0.66595410282675,0.768693061219694,0.950668057062392,0.989764176483764,0.868307977192524,1.45754192757208,1.72081446384692
"ACA36_x_st",1.00840076019142,1.43968083340266,1.29602543705933,1.29602543705933,1.07536784825954,1.54939465967587,1.17224483758953,1.1520820148594,1.34432713943964
"ACA36B_st",1.25855715058924,1.10055964421233,1.16486205942363,1.17726498924562,0.950668057062392,1.01828995975792,1.10055964421233,1.0879582214322,1.02383086198363
"ACA36B_x_st",1.24161315724764,0.965027384008208,0.972064572537987,1.02878180528376,0.836358757953178,0.950040613719901,1.23626545879714,1.16514622011743,0.895344611875858
"ACA37_st",1.2364691566725,1.22358656202732,0.977375339764336,1.28111824156932,1.09491793597229,1.09491793597229,1.15922035118359,1.16275467289588,1.02135459759425
"ACA37_x_st",1.26807036520403,1.69376382978586,1.4407218394662,1.42724644253161,1.42724644253161,1.27914351939865,1.42724644253161,1.40079057920553,1.56591099500952
"ACA38_st",0.977375339764336,1.16175420944527,1.67769717404807,1.22550863072083,1.00211577947933,1.14879446412097,1.20030563141348,1.14470293604656,1.2006717430963
"ACA39_st",1.2106353924039,1.11582727591915,1.00769188026339,1.14870846207455,1.14870846207455,1.14870846207455,0.989532384746977,0.854379422498379,1.48014026106227
"ACA39_x_st",1.29602543705933,1.29602543705933,1.33720878730119,1.17660323862457,1.28131703770146,1.29602543705933,1.52854073296985,1.40079057920553,1.29602543705933
"ACA4_st",2.38755485183806,3.06275247664659,3.08588616114604,2.80237217346656,2.41501897225128,2.41501897225128,2.41259877818187,1.96910991960456,2.54389969319592
"ACA40_x_st",1.8770154041311,3.94759203869651,7.094002458154,2.86437777658878,3.39835250118766,3.20563695702552,2.24557161841625,1.96690558418247,3.30013408068403
"ACA41_st",1.2197814280132,1.62433244098751,2.29525191381093,1.40079057920553,1.32868771397262,1.41914827908699,1.46454479352709,1.21541943619999,1.40079057920553
"ACA41_x_st",1.10177250129597,1.07200311704127,4.76858774612667,1.15695348061009,1.15695348061009,0.836358757953178,1.66160422337553,1.15695348061009,1.15695348061009
"ACA42_st",1.77091809125467,1.2006717430963,1.93448088210006,1.46507992470411,1.48457542582349,1.70529551315777,1.92353005495601,1.56135209095784,1.23256462879359
"ACA43_st",3.67292679852859,4.04191687283323,3.79699852489836,3.81273929085359,4.2728298328128,3.88295871196952,3.43531086496399,3.85213230460406,3.35557431523526
"ACA44_s_st",8.27527165676277,8.57255603297889,9.38267671263345,8.72892771828799,8.94245972812129,8.6466822926025,8.36410023262772,8.41842244383925,8.45869479678804
"ACA44_st",1.68268715093672,2.17865122162235,2.75419996835687,2.35456293196536,2.33749982643437,2.15418177205924,1.99167272233556,1.68608489473102,2.24743285454441
"ACA45_st",1.23922316506451,1.27828854058897,1.28264830254691,1.3323496940511,1.11106849256573,1.15695348061009,1.36849861823662,1.27828854058897,1.31885516440377
"ACA45_x_st",1.40316141455404,1.69739555029459,1.35944315206783,1.42859313743292,1.68268715093672,1.61638604190575,1.59530311434455,1.27729614961382,1.80694926979025
"ACA46_st",1.03413589891214,1.16935911836968,1.19361592700811,1.11638685679529,1.15695348061009,1.15695348061009,1.36182096530691,1.15695348061009,0.693716976989362
"ACA47_st",1.24788799279308,1.38725426522021,1.26442616437186,1.26442616437186,1.23532443384833,1.54939465967587,1.10032817039649,1.73081049552512,1.42013545137561
"ACA47_x_st",1.10866556343929,1.19010072689012,0.836358757953178,1.40079057920553,1.10866556343929,0.987330503460413,1.202995417699,0.787629241161175,1.1236523337276
"ACA48_st",5.61846385796826,6.0300030572581,5.81586258982991,5.98795350238257,6.03633244955556,5.92133516881072,5.43522407365164,5.46197556586782,5.89348860333716
"ACA48_x_st",4.76196252586875,5.0951899667755,5.15806797997849,5.17990898128465,5.05237917044056,5.0697636026467,4.55525219236741,4.30289759553618,4.87712966701054
"ACA49_st",1.23818898393434,1.57117741910694,2.03613944089258,1.66160422337553,1.23855509561716,1.4614853872663,1.35969060137833,0.821798967693194,1.29602543705933
"ACA5_st",1.59684330385136,1.07200311704127,1.40332115903987,1.38246723233386,2.1017877835528,1.40332115903987,1.55321274618982,1.23168296843841,1.72172930000538
"ACA5_x_st",1.86235500179301,1.07200311704127,1.96584290393059,1.71567086316125,1.40332115903987,1.54596773440003,1.65817729809969,1.38703754191179,1.9866968306366
"ACA50_st",2.68307714001095,3.53514679897661,4.02371484259901,3.4660485870537,3.39789803226382,3.31112447895855,2.93300334866031,2.93320086480939,3.15186604290933
"ACA51_x_st",3.05607699575396,2.42338719893679,4.33512338961543,2.61532458177723,3.10980963912709,2.44276991026895,2.30504809466379,2.32946749158083,2.59274002785568
"ACA52_st",2.08343078909948,2.39085502186825,3.76843238375186,2.49201805980125,2.64403371972982,3.1034762673335,2.05864772008579,2.09411657634848,2.53017327287422
"ACA53_st",1.33689709503502,1.15011686526264,1.57823053503208,1.26442616437186,1.86315276698533,1.26442616437186,1.06273282867047,0.913072924553037,1.26442616437186
"ACA54_st",2.439166235033,2.44573161734772,3.58284143178569,2.80962188557309,2.76219463071326,2.82599560503024,2.57934525440643,2.15140257777155,2.57934525440643
"ACA55_st",1.35379248777805,1.44389399773486,2.14482751013677,1.31364761714598,2.32787601019173,1.44389399773486,1.29733988779519,1.15223956002536,1.44865722702368
"ACA56_st",1.10866556343929,1.07200311704127,1.466042498919,1.09779838577058,1.09779838577058,1.10604340430612,0.93370039179521,1.09779838577058,0.81832986780461
"ACA57_st",4.37995144377223,4.38892424642212,6.34942746271041,4.21659430098565,5.13582541644776,4.4445544918697,3.5685200743307,4.05408525126196,3.92110662529629
"ACA57_x_st",2.16589445766706,2.34770736619183,3.84510780478514,2.41931286401174,2.95839140008729,2.3151151335527,2.43265772976066,2.49029452275906,2.27922360249867
"ACA58_st",1.68268715093672,1.42664553722363,2.49046412195206,1.72084989556838,1.22098409236119,1.64413572896852,1.90825029756651,0.887419763965884,1.64413572896852
"ACA58_x_st",1.15695348061009,1.15695348061009,0.989675051966576,1.12608045244393,1.33653162145585,1.15695348061009,0.9699749813233,1.54939465967587,1.15695348061009
"ACA59_s_st",0.977375339764336,0.977375339764336,0.836358757953178,1.14870846207455,0.977375339764336,0.977375339764336,0.977375339764336,1.47143738964126,0.74257970426161
"ACA59B_s_st",1.16486205942363,1.10055964421233,1.23945463888035,1.10055964421233,1.15695348061009,1.10055964421233,1.10055964421233,1.10055964421233,0.988350080512676
"ACA5b_st",1.11895794231693,1.2481345008355,1.32065127801832,1.47639477297475,1.28131703770146,1.28131703770146,1.04375737221751,1.23922316506451,0.90277712083856
"ACA5b_x_st",1.14366560087022,1.03426998068642,1.11051480790841,1.07385236151039,1.28658129531796,1.01621556851198,1.12258267330902,0.725972168781166,1.32846505847571
"ACA5c_st",1.10866556343929,1.29602543705933,1.41302396804224,1.00276434416933,1.29871466893303,1.46465911429282,1.29871466893303,1.29871466893303,1.53435902802112
"ACA6_st",2.09508075430886,2.59038590762053,2.66710007422039,2.90273561174191,2.66710007422039,2.48269688199667,2.6460171466592,2.60977118272815,2.90453873374882
"ACA60_st",1.34430110096081,1.53166097458084,2.08630310719632,1.14870846207455,1.94748865810582,1.36588173542966,1.39258901813161,1.45022581113001,1.39258901813161
"ACA61_st",2.0580078571274,2.01033166085215,4.5630324309593,1.93107391698692,2.74415171918359,1.76945274912528,2.01033166085215,2.01033166085215,1.92378512463747
"ACA62_st",2.74089995070339,2.04017212583743,2.41676566688372,2.41676566688372,2.41676566688372,2.57714964524617,2.58825858786301,2.41676566688372,2.17923604354708
"ACA63_st",1.10706190395345,1.59314765134545,1.07958531108869,1.14870846207455,1.14870846207455,1.56925078026839,1.14870846207455,1.06863631714452,1.31017452777626
"ACA64_x_st",1.47866375347598,1.57329153075292,1.40168104217372,1.41914511278605,1.79369362449077,1.76421974668587,1.55659529499663,1.88425819301114,1.8722538386767
"ACA65_st",1.03143649322647,0.998555307071066,1.30358439355213,1.03143649322647,1.11638685679529,0.902214280316867,1.03143649322647,1.54939465967587,0.96175372109412
"ACA66_st",1.89143048242179,1.60382756712397,1.62463614460427,1.55186428610222,1.41684906783718,1.28131703770146,1.48367091206723,1.77152930314059,1.7868333192043
"ACA66_x_st",1.86172758038181,1.9599372120752,1.67299669495043,1.86541974228102,1.72893693336372,1.83537192522529,1.50166357264022,1.40079057920553,1.5304095383832
"ACA67_x_st",1.55149877259222,1.44420305061167,1.22018073059362,1.77207204048523,2.68394877067016,2.12351809250375,1.55149877259222,1.30263024435622,1.23774066528276
"ACA67B_st",1.2705395867679,1.13310853623061,1.24787731062041,1.22702338391439,1.15031803888111,1.22702338391439,1.05817325232287,0.913072924553037,1.36254576642491
"ACA67B_x_st",1.51339447812301,1.59473373144322,1.45124130710738,2.25114167713405,2.104864271009,1.80101915499092,2.17260640735068,1.80101915499092,1.72037386038576
"ACA68_st",1.80697695509149,1.65283393598185,1.09321966133877,1.64151213329694,1.51376197953261,1.51376197953261,1.47435782133996,1.51376197953261,1.29602543705933
"ACA68_x_st",1.58836859579543,0.935714487993026,1.2531729801861,1.20604009807558,1.28131703770146,1.28131703770146,0.961509756722335,1.60672629567689,1.50461344103342
"ACA7_s_st",6.34886806704333,6.77515147313153,6.9220778893526,7.11674130960006,6.78779991285293,6.95723057534938,6.08230825936524,6.20018167653319,6.95384498442274
"ACA7B_s_st",6.37679809812656,7.00077809574304,7.13153885553397,7.11134348762228,7.05579969378089,6.96633464115814,6.3235756970181,6.73621210267357,6.99579590947296
"ACA8_x_st",1.79039312939543,2.06850591404433,2.74303699176039,2.3057195978741,1.9931730921994,2.12351809250375,1.89305819829699,1.45843246066246,2.01033166085215
"ACA9_st",1.0320460914629,0.840559734204841,2.60042424575961,1.26442616437186,1.42641736547129,1.47061141746532,1.18949530867111,1.35969060137833,1.35969060137833
"ACA9_x_st",1.46455525901639,1.93107391698692,2.536066837912,1.64715825763531,2.21043990888376,1.40332115903987,1.94513321359381,2.25351319971408,2.13217813973521
"AFFX-BioB-3_at",10.8060566743189,11.4614041948215,11.1894866364343,11.4340326063597,11.3118601263583,11.5446530298106,10.8362650303154,11.38101794708,10.9176341657716
"AFFX-BioB-5_at",9.93835301533422,10.4033714873466,10.1977841005836,10.3234310079165,10.2165575323044,10.4361893355344,9.96282467952672,10.4703883252853,9.90728224935424
"AFFX-BioB-M_at",10.5716208837747,11.2712503341839,11.0954063634499,11.2848404487094,11.111107429512,11.2491900261671,10.5266757071224,11.1658362933028,10.7525654075887
"AFFX-BioC-3_at",10.4530386172409,11.074235315621,10.8181345282727,11.0503166941169,10.8655610384014,11.0607062090954,10.441809898371,10.9390015105819,10.589571371693
"AFFX-BioC-5_at",11.5668659181213,12.1612870079026,11.8860605582124,12.1674695120049,12.0125829852397,12.1625884389922,11.5817131825118,12.0657572931798,11.6694221511309
"AFFX-BioDn-3_at",13.7465117857691,14.1811936164357,14.0314444818416,14.1129612320776,14.0345855558123,14.0511248889523,13.7615471324288,14.0840721583401,13.974597897219
"AFFX-BioDn-5_at",12.3103306827199,13.0695569921191,12.8931224448818,13.0892227577207,12.9185398730535,13.0885127317126,12.369053667933,12.8962114116839,12.8033722334618
"AFFX-BkGr-GC03_st",0.950668057062392,0.850720461525464,0.958913075597933,0.950668057062392,0.950668057062392,0.950668057062392,0.983549243217796,0.893339165570145,0.988263189571746
"AFFX-BkGr-GC04_st",1.01105710933679,1.01105710933679,1.03855394413531,0.998489163404216,1.01105710933679,1.06734629822978,1.01105710933679,1.01105710933679,1.01105710933679
"AFFX-BkGr-GC05_st",0.977375339764336,0.977375339764336,0.964021698413364,0.936808715949537,0.977375339764336,0.977375339764336,0.977375339764336,0.977375339764336,0.977375339764336
"AFFX-BkGr-GC06_st",1.05227500711556,1.07200311704127,1.05227500711556,1.05227500711556,1.0815507295235,1.05227500711556,1.05227500711556,1.02476881186699,1.05227500711556
"AFFX-BkGr-GC07_st",0.986160570709627,0.991834570144462,0.991834570144462,0.991834570144462,0.991834570144462,0.946525393599059,0.991834570144462,0.991834570144462,0.991834570144462
"AFFX-BkGr-GC08_st",1.07200311704127,1.07200311704127,1.11025034219447,1.07200311704127,1.07200311704127,1.07200311704127,1.07200311704127,1.09249132936325,1.07200311704127
"AFFX-BkGr-GC09_st",1.07200311704127,1.07200311704127,1.07200311704127,1.07200311704127,1.07200311704127,1.07200311704127,1.06535126117792,1.07200311704127,1.07200311704127
"AFFX-BkGr-GC10_st",1.07200311704127,1.07200311704127,1.07200311704127,1.07200311704127,1.07200311704127,1.07200311704127,1.09656140215576,1.07200311704127,1.07200311704127
"AFFX-BkGr-GC11_st",0.977375339764336,0.977375339764336,0.969853315994252,0.977375339764336,0.977375339764336,0.977375339764336,0.977375339764336,0.977375339764336,0.977375339764336
"AFFX-BkGr-GC12_st",1.0121105189144,1.0121105189144,1.0121105189144,1.0121105189144,1.0825803867571,0.981895914579256,0.974921625835711,1.08060438897541,1.0121105189144
"AFFX-BkGr-GC13_st",1.06400506009374,1.07200311704127,1.07200311704127,1.07200311704127,1.07200311704127,1.07200311704127,1.07200311704127,1.07200311704127,1.07200311704127
"AFFX-BkGr-GC14_st",1.12858562391722,1.12858562391722,1.12858562391722,1.12858562391722,1.0699795017281,1.12858562391722,1.08941013875704,1.12858562391722,1.12858562391722
"AFFX-BkGr-GC15_st",1.08720600286136,1.08720600286136,1.08720600286136,1.08720600286136,1.08720600286136,1.06823056851551,1.10683153243653,1.08720600286136,1.08587644817552
"AFFX-BkGr-GC16_st",1.2076310083524,1.2076310083524,1.2076310083524,1.2076310083524,1.2076310083524,1.2076310083524,1.1278931370829,1.2076310083524,1.2076310083524
"AFFX-BkGr-GC17_st",1.25182466471818,1.25182466471818,1.2047572398848,1.25121441854947,1.26449281971538,1.27432525946205,1.25182466471818,1.26636796659559,1.25182466471818
"AFFX-BkGr-GC18_st",1.40332115903987,1.37739062481947,1.40332115903987,1.31234014996238,1.40332115903987,1.40332115903987,1.40332115903987,1.40332115903987,1.40332115903987
"AFFX-BkGr-GC19_st",1.90717470013219,1.90717470013219,1.73931816807547,1.85272860349009,1.94047603697893,1.90717470013219,1.95616801659018,2.05948220255263,1.90717470013219
"AFFX-BkGr-GC20_st",2.23697506467686,2.19089018191625,2.05756495995987,2.22815590780477,2.22339332903168,2.22339332903168,2.15834016325531,2.43226448327207,2.22339332903168
"AFFX-BkGr-GC21_st",2.61532458177723,2.42645072601057,2.42041969361954,2.61532458177723,2.62423618778832,2.70249518016473,2.60014727886147,2.87688105770507,2.61532458177723
"AFFX-BkGr-GC22_st",3.39058130737979,3.10988418507133,2.88756349674923,3.26744701999375,3.35064365261379,3.3705309310412,3.17571375375625,3.59581066998077,3.24920713047426
"AFFX-BkGr-GC23_st",2.91119450637272,2.65104269850062,2.42472119454227,2.74226083642739,3.03179659879686,2.80574872316187,2.64287314885193,2.90511716641449,2.75049790746513
"AFFX-BkGr-GC24_st",4.02733953179296,3.97093237312226,3.77118132162917,4.02006391820592,4.19016076306605,4.12849915551485,3.89304010789341,4.22521909237246,4.02006391820592
"AFFX-BkGr-GC25_st",4.41386859411384,4.69709668321415,4.59484126042229,4.70468511094948,4.99090283989417,5.00047520612014,4.28466976581093,4.70459630756844,4.35272912161824
"AFFX-BkGr17-GC10_st",0.971097506494146,1.10532642324312,1.02625238643515,1.02625238643515,1.06953920916613,1.02625238643515,1.02625238643515,1.02625238643515,0.941300185204602
"AFFX-BkGr17-GC11_st",0.987104737784235,0.854321918776653,0.964021698413364,0.964021698413364,0.964021698413364,0.964021698413364,0.958689660448342,0.964021698413364,0.964021698413364
"AFFX-BkGr17-GC12_st",1.07200311704127,1.07200311704127,0.993393481229123,1.04604784913414,1.07200311704127,1.07200311704127,1.20757185472147,1.07200311704127,1.07200311704127
"AFFX-BkGr17-GC13_st",1.31787884262089,1.12915571955429,1.15501550754823,1.26762477337808,1.38493810784166,1.36705781627392,1.26762477337808,1.41917363040374,1.26762477337808
"AFFX-BkGr17-GC14_st",1.85972689588175,1.59078478635955,1.42657402447578,1.69711102238934,1.79995378172965,1.69711102238934,1.62616242503297,1.88365956485263,1.71830128672383
"AFFX-BkGr17-GC15_st",2.07878063683691,1.96562130928894,1.60230887019865,1.96562130928894,1.92905228446916,1.96562130928894,1.96562130928894,2.32395277052955,1.99483464021098
"AFFX-BkGr17-GC16_st",2.61059168248799,2.37055400959944,2.27531359848903,2.60634770487966,2.73658939168466,2.64964827792069,2.61059168248799,2.79600671083691,2.61654006529347
"AFFX-BkGr17-GC17_st",4.03419550526183,4.07609980908058,3.64148229433066,4.29164806802433,4.2794565794646,4.45011683877664,3.35202732051765,4.29471050257601,4.0826202895844
"AFFX-BkGr17-GC3_st",0.980747456066974,0.995455855424841,0.923386671428181,0.980747456066974,0.991546484705946,0.980747456066974,0.906209001033242,0.980747456066974,1.00914859206438
"AFFX-BkGr17-GC4_st",0.977375339764336,0.977375339764336,0.977375339764336,0.977375339764336,0.977375339764336,0.977375339764336,0.977375339764336,0.977375339764336,0.977375339764336
"AFFX-BkGr17-GC5_st",0.956653094484129,0.956653094484129,0.974213147472273,0.991474322424873,0.956653094484129,0.956653094484129,0.980367858475205,0.941629185956265,0.956653094484129
"AFFX-BkGr17-GC6_st",0.950668057062392,0.950668057062392,0.963547164416966,0.950668057062392,0.950668057062392,0.950668057062392,0.950668057062392,0.893339165570145,0.950668057062392
"AFFX-BkGr17-GC7_st",0.987555145021829,0.987555145021829,1.0137547981951,0.987555145021829,0.995800163557371,0.987555145021829,0.962347767214373,0.997925328677936,0.982707377729359
"AFFX-BkGr17-GC8_st",0.863565944673747,0.863565944673747,0.848859988502431,0.863565944673747,0.912365840803309,0.863565944673747,0.863565944673747,0.843503088501895,0.874913943543418
"AFFX-BkGr17-GC9_st",1.05064453486437,1.05064453486437,1.05982338480511,1.05064453486437,0.921516296919814,1.05682829876603,1.05064453486437,1.05064453486437,1.05064453486437
"AFFX-BkGr19-GC10_st",1.11926473454157,1.09203283795473,1.05701634675296,1.02284460703092,1.05701634675296,1.05701634675296,1.05701634675296,1.05701634675296,0.976997674534953
"AFFX-BkGr19-GC11_st",1.07390105191703,1.07200311704127,0.985703618655385,1.07200311704127,1.07200311704127,1.07200311704127,1.07200311704127,1.07200311704127,1.07200311704127
"AFFX-BkGr19-GC12_st",1.12289298374366,1.1043913591142,1.12994410648855,1.10674309327936,1.17074875076475,1.10674309327936,1.08941521613092,1.12933588167099,1.0253196642869
"AFFX-BkGr19-GC13_st",1.1788126118532,1.1788126118532,1.1788126118532,1.1788126118532,1.1788126118532,1.1788126118532,1.1788126118532,1.1788126118532,1.21160130871785
"AFFX-BkGr19-GC14_st",1.29602543705933,1.29602543705933,1.13489879153534,1.29602543705933,1.22342907996956,1.29602543705933,1.29602543705933,1.41220747948205,1.29602543705933
"AFFX-BkGr19-GC15_st",1.60094406410748,1.57001135060115,1.25029343263022,1.53182091312162,1.69768795175798,1.60244733521578,1.60094406410748,2.04099640813604,1.64699075990933
"AFFX-BkGr19-GC16_st",2.12522009881958,2.09538378865837,2.00508423703165,2.11398793269844,2.16820915494508,2.11045322595035,2.06634363087587,2.12022724799463,2.11045322595035
"AFFX-BkGr19-GC17_st",2.21649157727076,2.19351304249652,2.09899817778801,2.19960070394115,2.42135906196758,2.21649157727076,2.13162719975996,2.39683116644595,2.21649157727076
"AFFX-BkGr19-GC18_st",2.88075969729742,2.6375661009045,2.42320194012239,2.69429373039833,2.8941883586363,2.75182427695894,2.59161731321669,3.00427051249718,2.83508812789977
"AFFX-BkGr19-GC19_st",3.74626126469723,3.83826744435424,3.53503194745662,3.86611295076088,4.06345281093443,4.62259203485715,3.35202732051765,4.17556213199777,3.91717304572272
"AFFX-BkGr19-GC3_st",0.982601664021062,0.982601664021062,0.982601664021062,0.982601664021062,1.01881760189916,0.982601664021062,0.982601664021062,0.911671936865506,0.982601664021062
"AFFX-BkGr19-GC4_st",0.953015661013507,0.964021698413364,1.03642994047671,0.964021698413364,0.964021698413364,0.964021698413364,0.964021698413364,0.964021698413364,0.964021698413364
"AFFX-BkGr19-GC5_st",0.931870490807714,0.931870490807714,0.931870490807714,0.931870490807714,0.885716753420525,0.931870490807714,0.931870490807714,0.931870490807714,0.976241530794824
"AFFX-BkGr19-GC6_st",0.950668057062392,0.950668057062392,0.950668057062392,0.900307922930769,0.950668057062392,0.900307922930769,0.983549243217796,0.950668057062392,0.950668057062392
"AFFX-BkGr19-GC7_st",0.977642792366465,1.0441686534452,0.977642792366465,1.03143649322647,0.977642792366465,0.977642792366465,0.977642792366465,1.09851247272664,0.918703892591716
"AFFX-BkGr19-GC8_st",1.0571212495799,1.02833586927928,1.1093236617256,1.06838044694059,1.15236639795713,1.05520501170262,1.06838044694059,1.06838044694059,1.06838044694059
"AFFX-BkGr19-GC9_st",0.979466462624115,0.944745987429261,0.979466462624115,0.979466462624115,0.979466462624115,0.979466462624115,0.979466462624115,0.979466462624115,0.979466462624115
"AFFX-BkGr21-GC10_st",1.07200311704127,1.07200311704127,1.07200311704127,1.07200311704127,1.07200311704127,1.00005829384177,1.07200311704127,1.07200311704127,1.05485597021941
"AFFX-BkGr21-GC11_st",0.977375339764336,0.950668057062392,0.977375339764336,0.99387058010517,1.01497047227369,0.977375339764336,0.977375339764336,0.977375339764336,0.977375339764336
"AFFX-BkGr21-GC12_st",1.06450973189712,1.06450973189712,1.06450973189712,1.06450973189712,1.03850505210139,1.06450973189712,1.06450973189712,1.06450973189712,1.09387303945723
"AFFX-BkGr21-GC13_st",1.18590730716889,1.18590730716889,1.08030550261157,1.18590730716889,1.18590730716889,1.18590730716889,1.18590730716889,1.18590730716889,1.18717259708607
"AFFX-BkGr21-GC14_st",1.19216625320417,1.17472283888582,1.00783918009829,1.1788126118532,1.1788126118532,1.1788126118532,1.1788126118532,1.1788126118532,1.1788126118532
"AFFX-BkGr21-GC15_st",1.2145902736085,1.2145902736085,1.2145902736085,1.22563832429257,1.2145902736085,1.24735730187001,1.2145902736085,1.2145902736085,1.15828859310722
"AFFX-BkGr21-GC16_st",1.63652272561663,1.55581545281214,1.44173654238303,1.54538848945913,1.55581545281214,1.55581545281214,1.43201192469394,1.72230962387903,1.67039411944282
"AFFX-BkGr21-GC17_st",1.99482470607021,1.96968791177022,1.8188634535289,1.99482470607021,2.05012449741396,1.99482470607021,1.86396721169889,2.1902296429524,1.99482470607021
"AFFX-BkGr21-GC18_st",1.92304718291712,1.83112067789875,1.73128338692485,1.85947530801593,1.86565907191759,1.86565907191759,1.86565907191759,1.9301406617695,1.86565907191759
"AFFX-BkGr21-GC19_st",2.57491876943163,2.33346027739881,2.09517287535342,2.46921405208873,2.71309460814578,2.48783808754508,2.33792382841377,2.80043213139919,2.51922591693252
"AFFX-BkGr21-GC20_st",2.77929168398623,2.64444908005314,2.61369523969962,2.70380054727123,2.9776471420077,2.77929168398623,2.68691696960997,3.04457888297784,2.77929168398623
"AFFX-BkGr21-GC21_st",3.84510780478514,3.8184005220832,3.84510780478514,3.78080538957384,4.40572839687189,4.03641275562934,3.23966093344712,3.84510780478514,3.97353817827936
"AFFX-BkGr21-GC3_st",0.967282714812233,0.989256439552861,0.995538219025238,1.04152911817857,0.995538219025238,0.995538219025238,0.995538219025238,0.995538219025238,1.10372481335541
"AFFX-BkGr21-GC4_st",1.06077820231887,1.07221059198118,1.0620941664557,1.03473800730814,0.965567699186937,1.06077820231887,1.06077820231887,1.06077820231887,1.04138713314898
"AFFX-BkGr21-GC5_st",0.950668057062392,0.950668057062392,0.981229151942299,0.950668057062392,0.950668057062392,0.950668057062392,0.894186341643444,0.950668057062392,0.950668057062392
"AFFX-BkGr21-GC6_st",0.977375339764336,0.985116769851277,0.977375339764336,1.0174182383996,0.950668057062392,0.950668057062392,0.977375339764336,0.977375339764336,0.977375339764336
"AFFX-BkGr21-GC7_st",1.08747032202698,1.06076303932504,1.16681074703788,1.02768980065439,1.06076303932504,1.06076303932504,1.01527035995025,0.9756219280362,1.06076303932504
"AFFX-BkGr21-GC8_st",0.977375339764336,0.977375339764336,0.977375339764336,0.977375339764336,0.977375339764336,0.977375339764336,0.977375339764336,0.977375339764336,0.952497110445407
"AFFX-BkGr21-GC9_st",0.950668057062392,0.950668057062392,1.00212904596022,0.950668057062392,0.950668057062392,0.950668057062392,0.950668057062392,0.950668057062392,0.950668057062392
"AFFX-BkGr23-GC10_st",1.07200311704127,1.07200311704127,1.05089395833128,1.07200311704127,1.07200311704127,1.12987009481105,1.07200311704127,1.07200311704127,1.07200311704127
"AFFX-BkGr23-GC11_st",0.966684943028545,0.979855889046788,0.979855889046788,1.03143649322647,0.940403822907175,0.979855889046788,0.966258780447971,0.993774419558986,0.940403822907175
"AFFX-BkGr23-GC12_st",1.05511094876978,1.05511094876978,1.05511094876978,1.00566463122716,1.05511094876978,1.05511094876978,1.05511094876978,1.06781781559044,1.0885207798283
"AFFX-BkGr23-GC13_st",1.07200311704127,1.07682656919402,1.07200311704127,1.13443019848902,0.92741601174218,1.07200311704127,1.07200311704127,1.07200311704127,1.07200311704127
"AFFX-BkGr23-GC14_st",1.07200311704127,1.07200311704127,1.01436716419675,1.07200311704127,1.07200311704127,1.07200311704127,1.07200311704127,1.07200311704127,1.07200311704127
"AFFX-BkGr23-GC15_st",1.24224177032411,1.2006717430963,1.1336393946489,1.2006717430963,1.2006717430963,1.2006717430963,1.2006717430963,1.2006717430963,1.28114353458171
"AFFX-BkGr23-GC16_st",1.24757514358017,1.20754287509166,1.22948948367693,1.24757514358017,1.26134341849127,1.2595171185898,1.24757514358017,1.27435633095466,1.24757514358017
"AFFX-BkGr23-GC17_st",1.67955439455161,1.49351701693238,1.45231661802676,1.4569129907603,1.53305571320512,1.53305571320512,1.53305571320512,1.70389586087913,1.54153662325198
"AFFX-BkGr23-GC18_st",2.00130090991522,1.8456137810568,1.8029089934742,1.90608513852307,1.90608513852307,1.90608513852307,1.85308261460029,2.20255706644564,1.91908974634952
"AFFX-BkGr23-GC19_st",2.47418852818802,2.4465973966933,2.33055186483231,2.47418852818802,2.75988861539864,2.47418852818802,2.37949359001791,2.68815455323433,2.47418852818802
"AFFX-BkGr23-GC20_st",2.34724996807726,2.18036349928637,1.92315831479334,2.2310315978435,2.33093234696777,2.2310315978435,2.2310315978435,2.38031899747753,2.2310315978435
"AFFX-BkGr23-GC21_st",2.7261228112135,2.65424490670974,2.46622655025113,2.69973059668277,2.83362798308413,2.73551039057426,2.54503671073983,2.73153595823561,2.69973059668277
"AFFX-BkGr23-GC22_st",2.91511800816119,2.91511800816119,2.54379838240038,2.88678252902758,3.15080406972994,3.02151211258282,2.85391225795393,3.12102709510477,2.83739088539201
"AFFX-BkGr23-GC23_st",4.9462591250469,4.78171249492855,4.84296398467397,4.89008825656113,5.51180807889672,5.46462941037019,4.63149620596546,5.46669027726248,4.92050525942927
"AFFX-BkGr23-GC3_st",0.974992805872154,0.913917760805434,0.998469043157212,0.956042871402573,0.968711026399777,1.06088786155474,0.964800196239204,0.968711026399777,0.927960752251633
"AFFX-BkGr23-GC4_st",1.05233702491781,0.950668057062392,0.950668057062392,0.93576437941373,0.950668057062392,0.950668057062392,0.950668057062392,0.950668057062392,0.950668057062392
"AFFX-BkGr23-GC5_st",0.977375339764336,0.977375339764336,0.977375339764336,0.977375339764336,1.0717622922589,0.961540795154676,0.995850008356342,0.977375339764336,0.925113260665074
"AFFX-BkGr23-GC6_st",0.982707377729359,0.982707377729359,0.982707377729359,0.982707377729359,0.982707377729359,1.05836796866816,0.974709320781825,0.982707377729359,0.982707377729359
"AFFX-BkGr23-GC7_st",1.03143649322647,1.03143649322647,1.03143649322647,1.03143649322647,1.03143649322647,1.03143649322647,1.03143649322647,1.03143649322647,1.03143649322647
"AFFX-BkGr23-GC8_st",0.89538197611832,1.00799694855464,0.901055975553155,0.950055593321423,0.950668057062392,0.966041671310307,0.950668057062392,0.950668057062392,0.951897503114813
"AFFX-BkGr23-GC9_st",1.01598126862727,1.06450973189712,1.06450973189712,1.06450973189712,1.06450973189712,1.06450973189712,1.06450973189712,1.06450973189712,1.06450973189712
"AFFX-CreX-3_at",14.8575466213455,15.2346524717627,15.0509691530104,15.1712286400491,14.9365005714948,15.0185192620006,14.9140210451951,14.9817692386763,15.0174288692714
"AFFX-CreX-5_at",14.6759209362412,14.9848755812583,14.8261846829698,14.9171090761029,14.7824079930839,14.8326743191475,14.6135133386851,14.7718788122904,14.8334720832111
"AFFX-DapX-3_st",1.0371814825718,1.17382743328655,1.01583410178942,1.27289420921047,1.19562626257946,1.19223520345915,1.11282695746215,0.986699051767141,0.921797697690805
"AFFX-DapX-5_st",0.855443408093364,1.00819955109316,0.977375339764337,1.00819955109316,0.846326370429,1.00819955109316,1.12810112265495,1.20556215786466,0.971935480882505
"AFFX-DapX-M_st",0.993642153580341,1.22516468883907,1.09183001622159,0.932047757615956,0.950668057062392,1.05481399123948,1.09163157822436,1.47897113347529,0.995768711563566
"AFFX-LysX-3_st",1.1833880250095,1.21430385546816,1.03373484875898,1.26212780883934,1.07192336844716,1.49662035668516,1.17003438365853,1.01346330171703,1.16632793425483
"AFFX-LysX-5_st",1.23387712727716,1.07200311704127,1.07200311704127,0.860741852204249,0.958846530350549,1.24556495543267,1.18910445218332,1.07200311704127,0.977641199574092
"AFFX-LysX-M_st",1.01067582366012,1.20005262118543,1.10527745800092,0.948544395726135,1.03653164586817,1.10922887016029,0.978443851182522,0.931373291067212,1.0078263534057
"AFFX-PheX-3_st",1.18456343337964,1.09468451570405,1.11073872925918,1.09378922945057,0.791472940341136,1.16376889077741,1.01911512285258,1.28086365047421,1.06917094800675
"AFFX-PheX-5_st",1.03212984263537,1.00407543212027,1.1500599199451,0.894610906721514,1.0439953146655,0.983501615264013,1.15015645750897,1.07655784173607,1.03212984263537
"AFFX-PheX-M_st",0.899551229624068,0.999726974370255,1.14913171009026,0.780257324709947,1.07352040887252,1.20209771397274,1.01637087677801,1.0047978023471,1.01637087677801
"AFFX-r2-Bs-dap-3_st",1.03143649322647,0.73641116241625,1.7178619754102,0.64848398072018,0.819854200447,1.05701634675296,0.835970700379478,1.63349449247239,1.03143649322647
"AFFX-r2-Bs-dap-5_st",1.52197690870617,0.955014507619473,1.18266357024009,1.21098862359531,0.968406675593947,0.836358757953178,0.941835642988968,0.888334530663917,1.07200311704127
"AFFX-r2-Bs-dap-M_st",0.814114647764267,0.946834861765757,1.10483236814266,0.946834861765757,0.946834861765757,1.09325521362962,0.916779716665831,1.2145902736085,0.759638797291049
"AFFX-r2-Bs-lys-3_st",1.02511199326215,1.23922316506451,1.44389399773486,1.26442616437186,1.23922316506451,1.4485370857247,1.23922316506451,1.05920342459755,1.11788810508563
"AFFX-r2-Bs-lys-5_st",0.857891945238911,1.20015898340014,0.964514624312048,0.964514624312048,1.07882392342126,0.836358757953178,0.993071151483113,0.728879086790534,0.964514624312048
"AFFX-r2-Bs-lys-M_st",1.0094364819389,1.14091977348195,0.899286359931616,1.1170229024049,1.13787682911092,1.13787682911092,1.35969060137833,1.05547974801748,0.950668057062392
"AFFX-r2-Bs-phe-3_st",1.2052721416778,0.916986179006656,0.98518050787182,1.08576483668283,1.12335996919218,1.31706579671743,0.945542706177721,1.26672745693485,1.06660862082563
"AFFX-r2-Bs-phe-5_st",1.04104572562094,1.2551568974233,1.26404211361724,1.40079057920553,1.4964868453397,1.2145902736085,1.13316216065469,1.2145902736085,1.07200311704127
"AFFX-r2-Bs-phe-M_st",1.05701634675296,0.836358757953178,1.03030906405102,1.5071388688961,1.02035390035494,1.05701634675296,1.00021407475814,1.16178148889916,1.08989753290837
"AFFX-r2-Bs-thr-3_s_st",1.3189296361564,1.42485434632561,1.46345287732454,2.07461122561106,1.6276175192583,1.3919731601702,1.42485434632561,1.46868732677006,1.01277725273273
"AFFX-r2-Bs-thr-5_s_st",0.994356264330078,1.18171613795011,0.632978835262952,1.41777150377127,1.08611338609593,0.836358757953178,1.11754056877808,0.994356264330078,0.759638797291049
"AFFX-r2-Bs-thr-M_s_st",1.40006101729041,1.29602543705933,1.64496036576546,1.65046682994603,1.53099328844196,1.31617819698033,1.34288547968228,0.933225684474043,1.27234521653588
"AFFX-r2-Ec-bioB-3_st",2.58037233851036,2.53111157099599,2.20873343740992,3.01017263217264,2.12834604992655,2.36216756467191,1.95012428864777,2.36216756467191,2.36216756467191
"AFFX-r2-Ec-bioB-5_st",1.09745561148136,0.965536050305887,1.2145902736085,1.2145902736085,1.34719884923541,1.28131703770146,1.80922743810386,1.2145902736085,0.950668057062392
"AFFX-r2-Ec-bioB-M_st",1.70658402201377,1.57329153075292,1.44360823461876,2.06977113545996,1.30652825865932,1.57329153075292,1.48319002079611,1.54939465967587,1.61088666326227
"AFFX-r2-Ec-bioC-3_st",1.42515778078253,1.28131703770146,1.10866556343929,1.22593753228737,1.16700773859225,1.35803699836359,1.40906719146579,1.28131703770146,1.2006717430963
"AFFX-r2-Ec-bioC-5_st",3.27805995378868,3.67775735675888,2.7137672419082,3.58396120079363,3.58396120079363,3.97125839431781,3.16054596135244,3.38561572749023,3.58396120079363
"AFFX-r2-Ec-bioD-3_st",3.16952892603703,3.48933620701616,3.21955218279328,3.48933620701616,3.57076431996997,3.59384380988826,3.08626012626475,3.88011301144968,3.48933620701616
"AFFX-r2-Ec-bioD-5_st",3.87726417764003,4.31455995382261,3.40497862412712,3.97933096993644,3.95614401733264,4.07607083113,3.60452792640577,4.04879519300865,3.87726417764003
"AFFX-r2-Ec-c1-bioB-3_at",9.97354520749183,10.5466461402687,10.2104450487963,10.4790424784527,10.4804204246734,10.5211508122882,9.89456117235998,10.4970123203264,10.0774782129293
"AFFX-r2-Ec-c1-bioB-3_st",1.69079307016368,1.65413062376566,1.51524829518459,1.68268715093672,1.68268715093672,1.68268715093672,1.0173678647942,2.45196003724057,1.76367505252505
"AFFX-r2-Ec-c1-bioB-5_at",9.96820508282993,10.4667899607307,10.2089148481463,10.4806700830878,10.4103841260116,10.5163280423738,9.96392261631759,10.4398604435941,9.98005317024158
"AFFX-r2-Ec-c1-bioB-5_st",1.24368565236957,1.34754312404874,1.2145902736085,1.76575566681401,1.30921805088543,1.21624456611843,1.08542022335304,1.63800551304969,1.35406360455256
"AFFX-r2-Ec-c1-bioB-M_at",10.5775880116371,11.2385772731572,10.9187130527632,11.1432010227066,11.160756063099,11.2713604671319,10.7248833896348,11.1453903938572,10.6798337953414
"AFFX-r2-Ec-c1-bioB-M_st",1.68526333375843,2.23231404945676,1.72122699516152,2.09775090642237,2.12518828809826,2.03556074993016,1.23922316506451,1.55816920729557,1.88695666945982
"AFFX-r2-Ec-c1-bioC-3_at",12.0197799396674,12.4751763838651,12.2187366564616,12.3857586156639,12.2730323967543,12.4252043582171,11.973998344888,12.4338725138885,12.0155959802064
"AFFX-r2-Ec-c1-bioC-3_st",1.6103462787272,1.65638954480579,1.46536028503445,1.67197498882226,1.82048753878116,1.65638954480579,1.65638954480579,1.51244612260586,1.65638954480579
"AFFX-r2-Ec-c1-bioC-5_at",12.2794303132323,12.8321425581314,12.4948705727518,12.7117866746691,12.6435032825155,12.7226991410685,12.2338405536014,12.6875083923211,12.3331278809943
"AFFX-r2-Ec-c1-bioC-5_st",3.39356552754763,3.66140959792623,3.22190773021723,3.73986589666662,3.73986589666662,4.03776933517158,3.26992371580519,3.88593939730262,3.45864642499354
"AFFX-r2-Ec-c1-bioD-3_at",13.3924179882472,14.0551234382543,13.8551620409932,14.0453931220258,13.8021733459561,13.8551620409932,13.4946397702336,13.8134925765659,13.924436464746
"AFFX-r2-Ec-c1-bioD-3_st",4.53424573602562,4.79217930344172,4.50900356262151,5.04416081294322,4.87712966701054,4.93169500043358,4.27917549118763,5.38346374193565,4.38640126764982
"AFFX-r2-Ec-c1-bioD-5_at",13.0846410165538,13.6750707846446,13.5180745002641,13.6660566558208,13.495332183133,13.5098908435786,13.0636980256085,13.4504327208732,13.4593881629603
"AFFX-r2-Ec-c1-bioD-5_st",3.45456711233931,3.58813830777823,3.36104078003429,3.4626583588017,3.81365542258324,3.52269111932392,3.119720370474,3.79975023600397,3.27101371382142
"AFFX-r2-Ec-c2-bioB-3_at",9.61319460632493,10.2835456921653,10.0011912982923,10.1851487722603,10.1307302290213,10.2461899518327,9.6169540184191,10.1703487882747,9.80770003352111
"AFFX-r2-Ec-c2-bioB-3_st",2.71870086594638,2.89033905654784,2.25228563318158,2.74502356854378,2.61855916764733,2.71870086594638,2.92450792925643,2.71870086594638,2.62873956505726
"AFFX-r2-Ec-c2-bioB-5_at",9.69777700746144,10.1830980951166,9.9622438369804,10.2306359049587,10.1956297543881,10.3351954566904,9.72283721759442,10.2600977539865,9.76966847648109
"AFFX-r2-Ec-c2-bioB-5_st",2.38810900065559,2.48799160384661,1.3863946179646,1.79027357140273,2.19937811522421,1.64256250832088,2.95973837582612,3.08914969058134,2.02127009412742
"AFFX-r2-Ec-c2-bioB-M_at",10.3738473447064,11.0859703686689,10.7500024683788,11.0046527581797,11.0669808231503,11.1615623311304,10.4608118176814,10.9991023504614,10.5998841479596
"AFFX-r2-Ec-c2-bioB-M_st",1.25598253842407,1.31799980562723,1.35160614763246,1.29602543705933,1.11936367492254,1.29602543705933,1.10643034643235,1.29602543705933,1.29602543705933
"AFFX-r2-Ec-c2-bioC-3_at",11.9238298459186,12.5292523820387,12.240233326406,12.4435493598386,12.3096793743033,12.4155292570864,12.0252669236474,12.4477350079456,12.0799522861049
"AFFX-r2-Ec-c2-bioC-3_st",1.23922316506451,2.02673192237673,1.23922316506451,1.4864468603329,1.12491386595529,1.08443009837638,1.23922316506451,1.50314538161061,1.2006717430963
"AFFX-r2-Ec-c2-bioC-5_at",12.2879505406561,12.7653270608763,12.4750417837153,12.7081991813284,12.569376293065,12.722142544947,12.2426921199967,12.7620158885766,12.2830726741173
"AFFX-r2-Ec-c2-bioC-5_st",2.83101762346286,3.21142892742572,2.2264795566498,2.9513059302868,3.19042557381747,3.13495932139998,2.7228822278071,3.41942846608537,2.73350208288081
"AFFX-r2-Ec-c2-bioD-3_at",13.5945652979632,14.0213022494754,13.8286154191095,13.9475644500288,13.8018965363232,13.8286154191095,13.5135082841663,13.8730100947897,13.8785041667179
"AFFX-r2-Ec-c2-bioD-3_st",4.34782048085361,4.63888624499914,4.01523487987619,4.41487359365445,4.34782048085361,4.52137752682637,4.07161036096763,4.24130273816492,4.22164232285062
"AFFX-r2-Ec-c2-bioD-5_at",13.0435283861553,13.6953905788485,13.5370946197086,13.770730613759,13.5071838625789,13.5792095266334,13.0543749542252,13.519748788594,13.5216182430168
"AFFX-r2-Ec-c2-bioD-5_st",3.85033350499321,4.42960541292329,4.11953472926393,4.1395134190169,4.24418164409174,4.95670852208694,3.74538081191596,4.17083132083913,4.43165448690792
"AFFX-r2-Ec-c3-bioB-3_at",9.76031255662415,10.3362632682192,10.1334664662674,10.3530596025475,10.3290017769734,10.4753170937801,9.8396288418326,10.4570061634202,9.97466808340847
"AFFX-r2-Ec-c3-bioB-3_st",2.28062419455989,2.89286241007079,2.31277183088199,2.46921405208873,2.74449620482749,2.5675635842607,2.26469163726782,2.7319427119343,2.5675635842607
"AFFX-r2-Ec-c3-bioB-5_at",9.79229469081271,10.3462871047139,10.06227971086,10.2692072426423,10.2541703542111,10.4451370880903,9.76126112123519,10.4185207026522,9.89582872928757
"AFFX-r2-Ec-c3-bioB-5_st",1.04194797194134,1.07200311704127,1.07200311704127,1.43732195069695,1.12497224657557,1.02164298290965,1.26598882838673,0.981793039393619,1.11572137952748
"AFFX-r2-Ec-c3-bioB-M_at",10.553480565835,11.1225277378051,10.8484169391077,11.027468491521,11.034254150098,11.2131253658219,10.5846970921909,11.1280250658166,10.6501584897296
"AFFX-r2-Ec-c3-bioB-M_st",1.56943533820343,1.88695666945982,1.66406311548037,1.9289037179152,1.74901347904919,1.66406311548037,1.47628671283599,2.32031611046845,1.50427883339121
"AFFX-r2-Ec-c3-bioC-3_at",12.0025583435417,12.4655493316651,12.2244125672455,12.4368539409685,12.3163622148119,12.4945620090875,12.0377480745423,12.5079614203493,12.1035538367912
"AFFX-r2-Ec-c3-bioC-3_st",1.37878579583988,1.50261645716707,1.37878579583988,1.38881516086666,1.38881516086666,1.67344139144046,1.10055964421233,1.93412457799445,1.05749711886805
"AFFX-r2-Ec-c3-bioC-5_at",12.2635766335875,12.7158602390119,12.4722921104678,12.7081013179602,12.5595873289051,12.7614570528268,12.3017773146341,12.7548326429482,12.3246505168918
"AFFX-r2-Ec-c3-bioC-5_st",2.98262392804743,3.53184678631894,3.48933620701616,3.48933620701616,3.65427052010127,3.58066365680404,3.22748838171599,3.89729700690831,3.20563695702552
"AFFX-r2-Ec-c3-bioD-3_at",13.7142869562782,14.1757688497632,14.0016665001308,14.081713539936,13.9074525853429,14.0098996139209,13.7465368759923,14.0790405973642,14.0394848523526
"AFFX-r2-Ec-c3-bioD-3_st",3.8492674468638,4.35530320024463,3.83670388791905,4.13384291343203,3.95689955717554,4.26290379005158,3.74579802502196,4.17229584254407,3.95047323670152
"AFFX-r2-Ec-c3-bioD-5_at",13.1291062590504,13.7393402961421,13.6232383423137,13.7994268364818,13.5491473146291,13.6203459730645,13.2232321805996,13.6580967336822,13.5434412203999
"AFFX-r2-Ec-c3-bioD-5_st",2.74295619398413,3.06658908184456,2.75141805373009,2.90453873374882,2.90453873374882,3.18642017985635,2.72955239932645,3.05613895753378,2.90453873374882
"AFFX-r2-P1-c1-cre-3_at",15.0424521802712,15.3541323872466,15.1028648194473,15.3072981893015,15.0331415446375,15.0531151759417,15.0215998371854,15.1028648194473,15.1721429912568
"AFFX-r2-P1-c1-cre-3_st",4.1647022880595,4.76165922411667,4.29045605676814,4.55084326209566,4.40764287225267,4.81123484499569,3.80088855216473,4.40764287225267,4.59894782309688
"AFFX-r2-P1-c1-cre-5_at",14.9946456725798,15.2278182640174,15.0507283410162,15.1496767054674,15.0301913380961,15.0116892495377,14.9654883476672,15.0049030184137,15.0883323400088
"AFFX-r2-P1-c1-cre-5_st",4.95596525460773,5.77271960429676,4.73051765144731,5.50048084426131,5.53916022921807,5.6963544532267,5.07070599803788,5.86989536370089,5.67211903486277
"AFFX-r2-P1-c2-cre-3_at",15.007718952223,15.3675006173752,15.0938816553141,15.3152524841177,15.0348656150938,15.0938816553141,14.9394969475897,15.0633924092135,15.1557937425148
"AFFX-r2-P1-c2-cre-3_st",3.90684857778724,4.5597631430758,3.93868991499102,4.18899748703009,4.30844866380989,4.56637951610045,3.68141380340658,4.5773966914732,4.12602279545863
"AFFX-r2-P1-c2-cre-5_at",15.0106661625459,15.2808460665281,15.0672339479891,15.0934044990683,15.0106661625459,15.0182398402589,14.9912629168426,15.0088156089386,15.0491178925584
"AFFX-r2-P1-c2-cre-5_st",5.14041678254232,5.70035886182303,4.91683053740134,5.42606853840353,5.64843107805868,5.57477480063593,4.78893805992127,5.54423835381786,5.52099110498229
"AFFX-r2-P1-c3-cre-3_at",15.036206826755,15.3446289117956,15.1393178709872,15.3131697541527,15.0591366790936,15.0536159716897,15.021350815925,15.146022701622,15.1378366147793
"AFFX-r2-P1-c3-cre-3_st",4.23413519977141,4.71584702284558,4.36464046319698,4.52480176344961,4.7075619795313,4.81251529995112,4.10379710319238,4.52480176344961,4.56055043030187
"AFFX-r2-P1-c3-cre-5_at",14.9726479302587,15.162541816898,15.0463423213754,15.0796849315562,15.0043450498905,15.0338901084568,14.9582627047204,15.0410010412428,15.0858193635973
"AFFX-r2-P1-c3-cre-5_st",5.28531442901988,5.7235209302676,5.20002189644018,5.67771740887939,5.85426128742873,5.92660369653126,4.88484804744044,5.7752286216914,5.7920267079886
"AFFX-r2-P1-cre-3_st",3.41055552964552,3.856219127157,3.36659154582457,3.98903647212366,3.88357585498848,3.87304531192739,3.02380798197198,3.888832320641,3.64355335939245
"AFFX-r2-P1-cre-5_st",5.16321858020917,5.58793379026066,4.96174390544272,5.84498083099408,5.46298863076962,5.68813201449416,5.0313658380354,5.65050763320676,5.48624697588944
"AFFX-ThrX-3_st",1.25255106186828,1.14009581871402,1.23252059984183,0.958433563621569,1.11022578990982,1.28029132338387,1.23922316506451,1.19180654336492,1.23102849127058
"AFFX-ThrX-5_st",1.40752720041049,1.1920709875372,0.978209128646363,1.21209243685483,1.03228682700691,1.1920709875372,1.10933079139576,0.745581524414106,1.29181939568872
"AFFX-ThrX-M_st",0.888044934592488,1.17051875374272,1.17275452366151,1.03345913048512,1.3053763583527,1.20814108654211,1.08345703020931,1.17051875374272,1.28527160975925
"AFFX-TrpnX-3_st",1.21634229969306,1.39478487126546,1.25755840135734,1.03856551573429,1.1492134071749,1.16735970808906,0.98386066463191,1.23474262185538,1.18742873321691
"AFFX-TrpnX-5_st",0.861089426929723,1.08291538212051,1.13252904860713,1.05381886506215,1.05131152380546,1.05381886506215,1.30335471551571,1.07605466296997,0.869239944108582
"AFFX-TrpnX-M_st",1.11781233547661,1.11479944046876,1.05614174709856,1.02008153145678,0.944174374407703,0.974969791714024,0.94463141476891,1.26697127457298,1.43290950695339
"aga-bantam_st",1.23922316506451,1.28611428884363,1.07200311704127,0.924686142056494,1.07200311704127,1.05046992975554,0.881954011547533,1.07200311704127,1.07200311704127
"aga-let-7_st",4.80265540715085,3.4218130759145,3.16803520379641,3.4626583588017,2.81617344415614,2.74370524386165,3.96582433281995,2.54283896638884,3.32168972565898
"aga-miR-1_st",0.79280770180546,0.767012433076151,0.950668057062392,0.961221742415253,0.969466760950795,0.618868566208295,0.913072924553037,0.913072924553037,0.820001919003094
"aga-miR-10_st",1.53615281368795,1.54939465967587,1.41032270322663,1.71464626956542,1.54939465967587,1.534686260318,1.34829043692758,1.57203606483703,1.77193164065218
"aga-miR-100_st",11.6142632387293,11.6824547515594,11.6049599348141,11.5017872194538,11.5601315447959,11.5991343352128,11.5068587487249,11.66388181275,11.4785409609095
"aga-miR-1000_st",1.36572602653052,1.0301340719055,0.813203333870397,1.62653967070052,1.40332115903987,1.21311406282917,1.36572602653052,1.36572602653052,1.02533766018479
"aga-miR-11_st",0.950668057062392,1.04344416888587,1.07200311704127,0.996514989558358,1.34798274038144,0.809897825979638,0.848002988160828,0.902663407713519,0.778320216028478
"aga-miR-1174_st",0.779029866460931,0.802926737537983,0.679641724633783,1.14761853564919,1.20472333104276,0.694853257931978,0.682152877130947,0.779029866460931,0.632956365824939
"aga-miR-1175_st",0.950668057062392,1.08974001351163,0.950668057062392,0.894656055674229,0.865717693493569,1.15695348061009,0.646227977941763,0.751125998830844,1.06497735617161
"aga-miR-12_st",1.10866556343929,1.14626069594865,1.49573275345277,1.00107836867327,1.17539232753225,1.33410021963779,0.944567360247259,1.10866556343929,0.858440462924467
"aga-miR-124_st",1.10866556343929,1.10866556343929,0.922048399860572,1.42242367074876,1.15695348061009,1.15075943607625,1.05215455501328,1.10866556343929,0.950668057062392
"aga-miR-125_st",11.2724571790247,11.1243787872048,11.2655249178075,11.2039640026895,11.0583392301174,11.045088794088,11.2524308272652,11.2404696226255,11.2162512430831
"aga-miR-133_st",1.46302675520889,1.0814124010763,1.18366076331204,1.05694295151319,1.15695348061009,1.18366076331204,0.879719065374913,1.32973426394803,1.1983691626699
"aga-miR-137_st",1.24439096655164,0.73641116241625,0.982508827631876,0.882199896386875,0.9439459527192,0.754593969320645,1.08029297257627,0.926991455065236,0.877779097567187
"aga-miR-13b_st",0.748974721361005,1.05808458652907,1.22365330818359,1.01004494122238,0.797959843601761,1.25961854951166,1.10055964421233,1.07200311704127,0.950668057062392
"aga-miR-14_st",1.02091863722371,1.11292481688072,0.990575004087461,1.21892321288577,1.10830107429928,1.16904701335859,1.10055964421233,1.10055964421233,0.869239944108582
"aga-miR-184_st",0.857891945238911,0.82918727423973,1.16050531623833,1.24148457389803,0.950668057062392,0.950668057062392,1.24607459313144,1.00584903637652,0.755623935861693
"aga-miR-1889_st",0.951624346521243,0.741127586145031,0.953901354161132,0.597389905355655,1.22543724430326,0.836358757953178,0.79280770180546,0.913072924553037,0.913072924553037
"aga-miR-1890_st",0.977375339764336,1.07200311704127,0.977375339764336,0.946502311598174,0.841149797980732,0.977375339764336,0.609508971256138,1.07200311704127,1.09079050067309
"aga-miR-1891_st",0.895015259894469,1.10604396581937,0.977375339764336,0.960647320288169,0.977375339764336,0.96238856947603,1.12726692691428,0.805737149162876,0.977375339764336
"aga-miR-190_st",0.820296812729557,0.913072924553037,0.945954110708442,0.711941712853142,0.913072924553037,0.913072924553037,0.7230238190593,1.08973468668982,0.936300559427837
"aga-miR-2_st",1.28131703770146,1.08023931401023,1.08023931401023,1.14870846207455,1.15695348061009,1.28131703770146,0.978555522873921,1.15695348061009,0.844589160859871
"aga-miR-210_st",4.05764409749828,3.6275039271617,4.1371870146962,4.29227314891416,3.15186604290933,3.76248586125641,5.85691223795488,4.51191174465017,4.4574220870458
"aga-miR-219_st",1.22007851503899,0.985066992303918,0.944494153608932,0.803723922526178,0.944494153608932,1.01946921240129,0.977375339764336,1.09056765424492,0.770983219693967
"aga-miR-263_st",1.23922316506451,1.49938595360661,1.14097001711664,1.14097001711664,1.11774238224184,1.1100009521549,0.918039725467502,1.16036108628653,1.14097001711664
"aga-miR-263b_st",1.09112251487206,1.24208042611236,1.39592367246198,0.913072924553037,0.9501059330609,0.906126675230983,1.02847949673777,0.770086192593943,0.873385972398771
"aga-miR-275_st",1.50990095737223,0.950668057062392,1.07611596152939,0.805485729787015,0.876688228142981,1.09019968402266,0.950668057062392,0.791737864574159,0.869239944108582
"aga-miR-276-3p_st",1.40555752274875,1.13021745720516,1.13021745720516,1.03143649322647,1.13021745720516,1.01267486099721,1.18873472448191,0.975833797859549,1.13021745720516
"aga-miR-276-5p_st",1.10866556343929,0.950668057062392,1.0083048500608,1.06903162573582,0.660289977190201,0.750158789883251,0.771089916216636,0.924212193736308,0.950668057062392
"aga-miR-277_st",1.51208358441437,1.55812685049296,1.49100065685318,1.28596831892402,1.61499341071857,1.49100065685318,1.49100065685318,1.40079057920553,1.49100065685318
"aga-miR-278_st",1.36055822504338,1.43070437418569,1.10866556343929,0.923399036570929,1.07200311704127,1.20529560830213,0.990575004087461,0.937960058949164,1.07200311704127
"aga-miR-279_st",0.731007661334555,1.78803781462153,1.03494935927168,1.68850411570704,1.15695348061009,1.12407229445469,1.30684506776004,1.06674340296244,0.96592422083875
"aga-miR-281_st",1.10866556343929,1.17365021346068,0.941387134795775,1.61331630620472,1.10866556343929,1.08195828073735,1.09800148750925,1.34588049728345,0.662847824038212
"aga-miR-282_st",1.07285074139574,0.886233577817024,1.16747851867268,1.07285074139574,0.913674664068169,0.945134940641215,1.07285074139574,1.40079057920553,1.07285074139574
"aga-miR-283_st",0.977375339764336,1.07200311704127,1.40332115903987,0.936808715949537,0.705068534278222,0.944494153608932,0.987799720684736,0.977375339764336,0.727150239249512
"aga-miR-286_st",1.83497865773153,1.1403004558903,1.95347805591204,1.5221256391844,1.28131703770146,1.28131703770146,0.937982684178934,1.5221256391844,1.07200311704127
"aga-miR-305_st",1.5310369597944,0.963750088439504,1.31891804707063,1.60354668019666,1.32525539557696,1.21094609646774,1.02960047916528,1.21094609646774,0.738648858638481
"aga-miR-306_st",0.936014089177123,1.08713237615356,1.09610200449454,0.978559408286582,1.00600049453773,1.10866556343929,1.48999678326489,1.40079057920553,1.22893078618687
"aga-miR-307_st",1.06177494402359,0.821631739140983,1.07200311704127,1.11583609748573,1.15640272130053,1.28131703770146,1.07200311704127,0.891983376574312,1.07200311704127
"aga-miR-308_st",0.968952717951239,0.968952717951239,0.968952717951239,0.742874605428313,0.968952717951239,0.968952717951239,1.37797526226717,1.07200311704127,0.759638797291049
"aga-miR-309_st",1.2006717430963,1.04316619681671,0.997908570163613,1.2198279589535,1.6780632857309,1.25742309146285,1.2006717430963,1.2006717430963,1.2006717430963
"aga-miR-315_st",0.885391971246493,0.917786870906987,1.00822600780505,0.833125460854437,1.11505744466714,0.950668057062392,0.963231616007147,1.29601838656231,0.728395730789748
"aga-miR-317_st",1.09573890843777,0.700118451227866,0.605490673950932,1.03143649322647,1.31080248512332,0.836358757953178,1.21892321288577,1.03143649322647,1.32440974380681
"aga-miR-34_st",1.17839766580813,1.06747684972115,1.18881190970002,1.06747684972115,1.06747684972115,1.06747684972115,0.977375339764336,0.675073869861634,0.993913511343108
"aga-miR-375_st",0.869239944108582,0.963867721385516,1.26115009032061,0.618868566208295,0.743792039641581,1.04881808495434,0.869239944108582,1.12151712696365,0.831775813851958
"aga-miR-7_st",1.89268641000848,1.72873041701531,1.59613833865987,1.60656893446045,1.85272317088071,1.02917593757317,1.55250778099832,1.9957201840605,2.6664781934559
"aga-miR-79_st",0.797834626752931,1.16605356073155,1.02082615521953,1.52854073296985,1.29877564590121,0.951473640542355,0.438143784674644,1.41789948032895,1.09249022235351
"aga-miR-8_st",1.26075635235024,1.13927556952758,0.519480424381147,1.23922316506451,1.39810648047014,1.28131703770146,1.50342405132366,1.05920342459755,1.23922316506451
"aga-miR-87_st",1.19691671973787,1.38097580062815,1.15695348061009,1.26442616437186,1.15695348061009,1.07200311704127,1.43964376422028,1.15695348061009,1.07200311704127
"aga-miR-927_st",1.00358762754299,0.913072924553037,0.945954110708442,0.710719050187263,0.715032519540878,0.791737864574159,1.17727381081219,1.07200311704127,1.04251854104136
"aga-miR-929_st",0.524724214257746,1.2006717430963,1.03143649322647,1.03143649322647,1.29951411520088,0.923747467602601,1.03143649322647,1.03143649322647,1.15277155320535
"aga-miR-92a_st",12.131293652086,12.0468145543107,11.9885993586448,11.926412146992,11.8568631532107,11.8873451765006,12.1479384218505,11.9531793981959,12.0153581804368
"aga-miR-92b_st",13.0843526261725,13.0935014804545,13.0268390358595,12.9074680777762,12.9795343870143,12.9641962760678,12.9901616761137,12.8028600116005,12.9161750395888
"aga-miR-957_st",1.2145902736085,1.64729525356448,1.15695348061009,1.05729204235306,1.2145902736085,1.2145902736085,1.2145902736085,1.2145902736085,1.2145902736085
"aga-miR-965_st",0.977375339764336,0.847269184611627,0.955842152478603,0.913072924553037,0.977375339764336,1.15002681402651,0.977375339764336,0.777833281532789,1.09764056251191
"aga-miR-970_st",1.10866556343929,0.868872252242204,1.00290381291859,0.94241902178716,1.04969999758906,1.13465036115789,1.08636244398709,0.906342703520129,1.2006717430963
"aga-miR-981_st",0.836358757953178,0.836358757953178,0.836358757953178,0.713686499893885,0.836358757953178,0.915999764941804,0.836358757953178,0.779029866460931,0.836358757953178
"aga-miR-988_st",1.02109360225054,1.2006717430963,1.67778330461984,1.2006717430963,1.2006717430963,0.956834644500868,0.977375339764336,1.25830853609471,1.0580338373475
"aga-miR-989_st",1.07121554848362,1.24737389522786,1.54939465967587,1.07121554848362,0.912039471156043,1.07121554848362,1.19896570224794,1.07121554848362,0.842356699023694
"aga-miR-993_st",0.754458971226954,0.814505336083837,1.18015243580878,0.711941712853142,0.978459100107397,0.727017884975809,0.857124040128518,0.900957020572973,0.857124040128518
"aga-miR-996_st",1.17850655146423,0.677428565464945,0.913072924553037,0.913072924553037,1.03440798453192,1.01942121424361,0.847440864159337,0.857470229186116,0.722043664781694
"aga-miR-9a_st",1.04400005217123,1.2006717430963,1.03143649322647,0.913072924553037,0.836358757953178,0.981076359094848,1.16154264837918,1.15277155320535,1.03143649322647
"aga-miR-9b_st",1.15291727604913,1.01887293428172,0.950668057062392,1.03143649322647,1.03143649322647,1.17661882050185,0.787987169818308,1.35446488890674,0.859088652192556
"aga-miR-9c_st",0.748974721361005,0.886054697320439,0.886054697320439,1.0157379934546,0.840011431241854,1.17387493034462,0.971905013010146,0.886054697320439,0.760835123390462
"aga-miR-iab-4_st",1.09168463887355,0.950668057062392,0.949118899793557,1.20740196412921,0.93412988548362,0.990130001425687,0.846745848891447,0.950668057062392,0.93412988548362
"age-miR-100_st",11.6564406775576,11.7430171101821,11.6709558270774,11.5768051817843,11.6460218730872,11.6902371026913,11.6138219347892,11.7004774803858,11.6605737895064
"age-miR-101_st",1.95422909030605,3.18516618439529,2.35832171425735,3.37031214213614,1.88121015273381,1.45903303266154,2.57105491881839,2.11579650444707,2.81638469230311
"age-miR-103_st",13.3269646010936,13.2578394219819,13.2873421482002,13.3111966541062,13.4381916044215,13.4527367930995,13.3713896204771,13.3940859696288,13.2539447711325
"age-miR-106a_st",12.6477921688525,12.6346202218431,12.6302182277973,12.6861742003088,12.7432787984822,12.7284161855608,12.7130360018369,12.6908329278441,12.6705921666593
"age-miR-106b_st",11.7289747583489,11.7075954031651,11.7175487389145,11.7081119924363,11.7312226887856,11.6378763062689,11.8280298482083,11.6834576382335,11.6162146126611
"age-miR-10a_st",1.84863159629651,2.13126360103237,1.82048753878116,1.80332376322259,1.93107391698692,1.08774995735699,2.5681910256688,1.93107391698692,2.01033166085215
"age-miR-124a_st",0.977375339764336,0.996059325694493,0.977375339764336,1.38390955889728,0.877427744227408,1.17649974127839,0.895947226810527,1.0540895063642,0.967185820618198
"age-miR-125b_st",11.1571207547213,11.0681666228476,11.1987362494813,11.1695125277932,11.0313894710295,11.0345525479298,11.1481010511586,11.1043334989453,11.1243164900752
"age-miR-127_st",2.27028698670477,1.53826789283044,1.27576794134178,1.74181770700645,1.54939465967587,1.63218274051422,1.45683977987663,1.54939465967587,1.54939465967587
"age-miR-128_st",5.98344777707563,6.10618412275674,5.98344777707563,6.02640866624988,5.68316383128337,4.88257406161831,6.20141106718769,5.2560907954794,6.20604676287361
"age-miR-133a_st",0.906041530085528,0.906041530085528,0.646309652459441,1.1855100480515,0.691784635439386,0.898300099998587,0.906041530085528,0.948660234130209,1.15604521611944
"age-miR-135_st",0.836358757953178,0.836358757953178,0.836358757953178,0.810778904426685,0.793740053908496,1.05061565259932,0.96918753964551,0.836358757953178,0.676574475864019
"age-miR-15a_st",8.41978100355562,8.28536135513952,8.45045161351615,8.44865745593695,8.29286026237344,8.12406710339482,8.86305444961491,8.44865745593695,8.78341089439968
"age-miR-15b_st",11.1238204348444,11.0765492359403,10.7525267594318,10.9917169749683,10.2292767061449,10.3142829582245,11.0451480322578,10.7362294049153,11.0583238322522
"age-miR-16_st",12.8912367436481,12.8869006051832,12.9799632318137,12.9509645980775,12.8505434564681,12.9028653170503,12.9028653170503,12.803885987946,13.0263724472049
"age-miR-17-3p_st",6.8348983273789,6.6495340707506,6.82064837581218,6.9293810197736,6.66021445330926,7.10087167043512,6.8348983273789,6.84003051891212,6.83910472758683
"age-miR-17-5p_st",12.927627855954,12.9380491749638,12.9023400750166,12.9465952864271,13.1094213111845,13.1025668134775,12.8768480997649,13.0069616388323,12.9065238064869
"age-miR-18_st",10.241070411988,10.0468580902387,10.0447047533009,10.207169875957,10.2697468711269,10.2086989547263,10.3810486348368,10.3779852128719,10.2576542182081
"age-miR-194_st",7.66435833984397,7.60512563831326,7.36424226949981,7.69845715142958,7.36601248957682,7.51740069908158,7.54031552635565,7.69041154168685,7.78325381854611
"age-miR-196_st",0.857891945238911,1.17025626498913,0.857891945238911,0.857891945238911,0.950668057062392,0.874619964715079,0.655128772306224,0.684894943104928,0.812045012742945
"age-miR-197_st",6.44318019604647,6.08537199732852,5.78861081687357,6.44779802437608,5.91970033710976,5.96560280062666,6.24461066126199,6.33099647291652,6.24461066126199
"age-miR-198_st",1.03440798453192,0.957693817932056,0.904301829379206,1.03440798453192,1.07200311704127,0.850004792308187,1.32372555243726,1.03440798453192,1.83014937177556
"age-miR-19a_st",6.98775008391243,6.76942393991214,6.53299091281821,6.93640806895827,6.38013562993504,6.63265060534643,6.89674174985516,6.60600810336903,7.01672070171511
"age-miR-19b_st",11.0618059526393,11.2333749951662,11.0817740667588,11.0610282929707,10.7609743120923,10.6635116788175,11.1111338330968,10.7731504056724,11.2499566548836
"age-miR-20_st",10.2736871606885,9.91475946968031,9.82057359902995,10.158222686259,10.0813250154705,9.97768293189165,10.3565215927063,10.1387426877294,10.5439201958074
"age-miR-205_st",13.1152021361014,13.1032045458322,13.2133413059953,13.1259806259919,13.1504969748257,13.1789145524066,13.1436751227934,13.0419804029263,13.2586610676987
"age-miR-21_st",8.85878006529363,9.01481170798556,8.49560697818044,8.26764428919568,8.39608272744367,8.28753855455298,8.88509746341277,8.31813063923883,8.54932597984701
"age-miR-214_st",1.10866556343929,1.02904162073926,1.35969060137833,0.8859963562871,1.54939465967587,1.80500103863496,0.99999975930004,1.47916414288239,1.35969060137833
"age-miR-218_st",0.790396840477544,0.977375339764336,0.895947226810527,1.18299805141805,0.73641116241625,1.15695348061009,0.977375339764336,1.2145902736085,0.869239944108582
"age-miR-22_st",11.5824147395545,11.4645737971786,11.7461610800195,11.7521462424925,11.8000884468638,11.8545191442559,11.7407144147913,11.6357027270148,11.7439895543395
"age-miR-222_st",13.3815812033945,13.4830191241304,13.4149381652323,13.5266308587405,13.4891613783692,13.5162202540024,13.3812038858901,13.4188749692064,13.2989235265304
"age-miR-23a_st",13.5792928277777,13.5798218798251,13.5442992258057,13.5562664535698,13.4326276284927,13.3887113890867,13.6324958057554,13.521118664131,13.77297567491
"age-miR-27a_st",10.9438927840538,10.3259718745567,10.499075355234,10.7049660755283,11.273507800348,11.2982172085903,11.1075302020674,10.9844690221227,11.2005785433521
"age-miR-28_st",7.68371925522501,7.16482788591115,7.4863405664286,7.35293927394814,7.76112954979409,7.60026747738749,7.70508099606319,7.5165564964415,7.60026747738749
"age-miR-29a_st",11.4899329306423,11.3572460884934,11.4384182692305,11.4022677085797,11.3143594667482,11.4680557574745,11.7137531037984,11.4142779149032,11.7420721259188
"age-miR-29b_st",1.22648784340517,1.44389399773486,1.26455824039542,1.20025582518412,1.23600171322436,1.30884792327504,1.56514617106828,1.38403178189949,1.16441654209637
"age-miR-30b_st",5.63118400243336,5.36803046371572,5.29471192437856,5.70429224944841,4.9407213505022,4.93840585138832,5.65020958987524,5.0316371627344,5.91688457172221
"age-miR-34a_st",2.64779278423913,2.20363361206798,1.64953635797491,1.89808343630525,1.89808343630525,1.89808343630525,1.32670012069666,1.89808343630525,3.46569717037569
"age-miR-506_st",0.920623991397784,0.893916708695839,0.893916708695839,0.913072924553037,0.950668057062392,0.893916708695839,0.824480805617,0.856321576186484,0.81719674803371
"age-miR-507_st",0.50070712646022,0.950668057062392,0.950668057062392,0.823860297357512,1.32680191105608,0.930363068030696,1.07385236151039,0.779029866460931,0.950668057062392
"age-miR-508_st",0.971905013010146,0.811681993365921,0.900209009070323,0.759438777987569,0.945197730308201,0.869239944108582,0.869239944108582,0.888396159965781,0.799557171976232
"age-miR-509a_st",0.857891945238911,0.857891945238911,1.1082633231392,1.02199014843094,0.845328386294156,0.857891945238911,0.778250938250285,0.682979157124283,0.868556021168956
"age-miR-509b_st",0.738160136438409,0.913072924553037,0.913072924553037,0.913072924553037,0.770485767985809,0.913072924553037,0.843637021474199,0.913072924553037,0.956703482214585
"age-miR-510_st",1.02043462312135,2.11827636956357,0.758906043711856,1.26442616437186,1.32651470464746,1.15695348061009,1.10055964421233,1.01034956656468,1.10866556343929
"age-miR-513a_st",0.913072924553037,0.913072924553037,0.836358757953178,0.913072924553037,0.646309652459441,0.913072924553037,0.913072924553037,1.29130444020836,1.256406309265
"age-miR-513b_st",0.993945752592884,0.73641116241625,0.97241256530715,0.754922373562268,0.654071035489804,1.45484550778423,1.11342914711831,1.3008429836686,0.864277169651396
"age-miR-513c_st",0.869239944108582,0.950668057062392,0.674880567596458,0.83836691594242,1.09354063505708,0.869239944108582,1.01025652591974,1.2145902736085,0.869239944108582
"age-miR-513d_st",0.744352578296169,0.836358757953178,0.600714398865085,0.799325749445315,1.04567267861337,0.836358757953178,1.12404624229023,0.743723054078393,0.950668057062392
"age-miR-513e_st",0.969593606990057,1.05700588507316,1.50196416482145,1.11638685679529,1.15695348061009,1.15695348061009,1.30762879797385,1.41032270322663,0.96592422083875
"age-miR-514_st",0.950668057062392,0.950668057062392,0.950668057062392,1.0071790654884,1.15695348061009,0.950668057062392,1.18198775716614,0.860457979414741,0.759638797291049
"age-miR-9_st",0.807363041069945,0.965027384008208,1.03143649322647,0.754956825618048,0.836358757953178,1.01548224977654,0.711123845173594,0.792427276895973,0.742708898717151
"age-miR-92_st",13.2907909259245,13.3080771488261,13.2204279086677,13.274789422301,13.3137973133335,13.2536740013535,13.2766447865614,13.2536740013535,13.1288622375575
"age-miR-93_st",12.1748365597952,12.105339611105,12.1410934543425,12.1556997533564,12.380097364819,12.4132356214598,12.1955972123066,12.200438463326,11.9998523858287
"age-miR-98_st",3.27428176959241,3.30420382998182,3.09993431145873,3.09993431145873,3.02175230389303,3.09993431145873,3.14971828958573,2.70514663597028,3.39180106595455
"ahy-miR156a_st",0.926842875801193,0.965654827350699,1.2145902736085,1.38435282116264,1.07200311704127,1.07200311704127,1.44359036940103,0.847980797023213,1.07200311704127
"ahy-miR156b-3p_st",0.977375339764336,1.11816000937523,0.977375339764336,0.643120788925573,1.03412668813089,1.03412668813089,0.869239944108582,1.13366442148341,0.843097428359547
"ahy-miR156b-5p_st",0.836358757953178,0.643935710622592,0.937698556295361,0.836358757953178,0.73641116241625,0.836358757953178,0.856270443341552,0.930986535230111,1.40332115903987
"ahy-miR156c_st",1.06358067942382,1.48459799052552,0.905583173046923,1.10362357805908,1.14419020187388,1.15695348061009,1.10055964421233,1.41095347396748,1.40332115903987
"ahy-miR159_st",0.855492493651781,0.742045857847572,0.783389628418875,0.812340098513023,0.577728183556432,1.40332115903987,0.79147408216474,0.783389628418875,0.637316127782882
"ahy-miR160-3p_st",1.23922316506451,1.84639004564502,1.03143649322647,0.849461497383773,0.844457993939677,0.910101433247592,1.03143649322647,1.75116852279988,0.923301097570716
"ahy-miR160-5p_st",1.5310369597944,1.67776397984781,0.785392320785682,1.38363552337944,1.1059870434426,1.39082346272304,0.977375339764336,1.19743521778241,1.54939465967587
"ahy-miR167-3p_st",1.09412283729468,1.06671501624186,1.09412283729468,1.2246901008758,1.09412283729468,0.986433811670809,1.23922316506451,0.919210049180049,1.0133544011306
"ahy-miR167-5p_st",0.863284020470219,0.950668057062392,1.08956305173041,0.810877805018322,1.03074020199242,0.935681286774085,1.10055964421233,0.950668057062392,1.06497735617161
"ahy-miR3508_st",0.803035874823138,1.03143649322647,1.03143649322647,1.35930548310002,1.03143649322647,0.950668057062392,1.46122148979759,0.872506300738237,1.1267901871895
"ahy-miR3509-3p_st",0.972201244348125,0.9751375066255,1.14485271861029,0.950668057062392,0.9751375066255,0.950668057062392,0.760618951568655,0.893339165570145,0.950668057062392
"ahy-miR3509-5p_st",1.06247909415309,0.964225946205231,0.964225946205231,1.23602364214065,1.39911152073799,0.739279106593524,1.30514679312652,1.18171613795011,1.29602543705933
"ahy-miR3510_st",0.750372935246766,0.734964592553867,0.978773553650098,1.06375205471812,0.778943850383784,1.13764863647867,0.646223636382293,0.841791942252809,0.759638797291049
"ahy-miR3511-3p_st",0.801873045050925,0.891974555007734,0.941791075663454,1.18699988581795,1.01330961498661,0.884233124920793,0.720641432697519,0.65633901748622,0.955728769329301
"ahy-miR3511-5p_st",0.995336418607684,1.19010072689012,1.10866556343929,1.02053941791503,1.00536578363446,1.05102877044089,0.995336418607684,0.84643559114623,0.925653646475334
"ahy-miR3512_st",0.977375339764336,1.09070448459594,0.969626890378528,1.23565840409999,1.04466121851736,1.00652787606699,1.44921125815199,1.10790825033566,0.76359816479281
"ahy-miR3513-3p_st",0.913072924553037,0.886365641851092,0.913072924553037,0.913072924553037,0.747128479193248,0.992713931541664,1.17492074985321,0.714727451249632,1.00770070182997
"ahy-miR3513-5p_st",1.1495458493626,0.946354587708777,1.5326716101738,1.14870846207455,0.979728607511661,1.01948624916495,1.45955658875331,1.14870846207455,1.53166097458084
"ahy-miR3514-3p_st",1.0375882099834,1.12880538903609,0.885024617754477,1.08823876522129,1.07200311704127,0.870283912304363,1.07200311704127,0.981793039393619,1.15343122999508
"ahy-miR3514-5p_st",0.673016935161386,1.17906867546572,0.977375339764336,1.26442616437186,0.977375339764336,0.977375339764336,1.0557489034412,0.913072924553037,0.755103013491693
"ahy-miR3515_st",1.27777458703271,0.908574184425437,1.30951227499551,1.20162803255515,1.31986845966967,1.58794608164407,1.23922316506451,0.837987771131571,1.23922316506451
"ahy-miR3516_st",0.950668057062392,0.950668057062392,1.20054860153738,0.87343898684957,0.788159007338707,1.07508510216243,1.05114919033525,1.07200311704127,1.07200311704127
"ahy-miR3517_st",0.991293870276535,1.07357369179734,0.883158474620781,1.2914062710662,1.32227929923237,1.2145902736085,1.35969060137833,1.2145902736085,1.2145902736085
"ahy-miR3518_st",0.977375339764336,1.07732133578466,1.96983400160283,1.0464483076185,1.07732133578466,1.05701634675296,0.809402562813389,1.42177067149052,1.16932751544167
"ahy-miR3519_st",1.11116179026384,1.29602543705933,0.950668057062392,1.14870846207455,1.10866556343929,1.03184956598159,0.977375339764336,1.15318462596046,0.993913511343108
"ahy-miR3520-3p_st",1.31886417205313,1.07200311704127,0.808969481945368,1.34406717136048,0.915999764941804,0.879746516864163,1.05701634675296,1.05701634675296,0.785218650817542
"ahy-miR3520-5p_st",0.79779719891858,0.977375339764336,0.977375339764336,1.05408068479762,0.856040279785458,1.28131703770146,0.977375339764336,1.21301969885243,0.900655379102208
"ahy-miR3521_st",1.2145902736085,1.46459395964241,1.2145902736085,1.26865142707063,1.16106500660462,1.08448411845579,1.13316216065469,1.54939465967587,1.2652111748722
"ahy-miR394_st",1.71189036947262,1.2006717430963,1.03898527058205,1.63771187319553,0.92467597147284,2.00369835550735,1.81010373889061,1.63771187319553,1.92268036849954
"ahy-miR398_st",1.54939465967587,1.31438313694079,1.40332115903987,1.26442616437186,1.8662030613391,1.54939465967587,1.83545583284327,1.54939465967587,1.64752986176329
"ahy-miR408-3p_st",1.27029500335391,1.40332115903987,1.40332115903987,1.93107391698692,1.40332115903987,1.58788963985602,0.880750705128061,1.22610103462798,1.40332115903987
"ahy-miR408-5p_st",1.09465076246304,1.54969850924454,0.991985693561474,1.26442616437186,1.3797281375315,1.04296091614382,1.45198346045975,1.00536578363446,1.00852386514025
"ame-bantam_st",1.11603886061651,0.950668057062392,1.22715529966389,0.662300915252319,0.807579578507053,0.986816647706905,1.23922316506451,1.12701360136485,1.4588186584739
"ame-let-7_st",11.9503853286638,11.9742324984042,11.8850224267666,11.9428388181355,11.5752356899707,11.3454944405476,11.9671609492796,11.6340558104669,12.1133296059248
"ame-miR-1_st",0.686876276274241,0.950668057062392,1.26665578406364,1.07200311704127,1.03991355474642,1.06426168695433,1.02817013659681,1.1068655566257,1.2309333095295
"ame-miR-10_st",1.44695171670142,1.37043997288447,1.20058403827164,1.29225715468621,1.72631770859827,1.59391910478074,1.40332115903987,1.31311108139222,1.40332115903987
"ame-miR-100_st",11.685398775711,11.7856279004402,11.6473996656289,11.6352358943026,11.6455213891627,11.6635986798366,11.6505247024495,11.681631079986,11.5939178012084
"ame-miR-1000_st",1.01682213772714,0.980159691329123,1.01682213772714,0.892405092627108,1.01682213772714,1.01682213772714,1.0293856966719,1.07200311704127,0.960174999043016
"ame-miR-1006_st",0.656780617107422,0.885802811444243,0.8498488749387,0.869239944108582,0.836358757953178,0.836358757953178,0.700389812517058,1.2145902736085,0.869239944108582
"ame-miR-12_st",1.19400723837968,1.44389399773486,1.33852050429553,1.07200311704127,1.07200311704127,1.32353373400722,0.990575004087461,0.703759003892847,0.561200727618804
"ame-miR-124_st",1.24306187176511,1.08506436538821,1.11177164809015,0.937747390403429,1.08506436538821,0.836358757953178,1.4506431517044,1.08506436538821,1.08506436538821
"ame-miR-125_st",9.81060169992182,9.79208015047413,9.66946171947353,9.69715663477081,9.33440582459568,9.29460896031033,9.78257329390177,9.63430599552884,9.79113277557806
"ame-miR-133_st",1.40332115903987,1.2006717430963,1.22523475069444,1.15294978113959,1.40332115903987,1.93740237397117,1.30869338176294,1.99385579777636,1.40332115903987
"ame-miR-137_st",0.856040279785458,0.950668057062392,1.0691674552429,0.950668057062392,0.950668057062392,1.05701634675296,1.01442227138396,1.16379523251984,0.721809207602468
"ame-miR-13a_st",1.4599814300525,1.29602543705933,1.00741194843693,1.35546491166714,1.29602543705933,1.38097580062815,1.25219245661487,1.29602543705933,1.29602543705933
"ame-miR-13b_st",1.35136910893812,1.00824869576571,1.07200311704127,1.07200311704127,1.12497224657557,1.05701634675296,0.925423289662581,1.07200311704127,0.951461312660608
"ame-miR-14_st",0.950668057062392,0.950668057062392,0.783389628418875,1.11476626025442,0.938104498117637,1.15998197772258,0.751125998830844,1.07200311704127,0.950668057062392
"ame-miR-184_st",0.844041941352391,1.75362327104788,1.25233485733623,2.42552347236563,1.25233485733623,0.836358757953178,0.96722624580039,1.1708996938854,1.25233485733623
"ame-miR-190_st",1.10866556343929,0.950668057062392,0.950668057062392,0.833125460854437,0.929134869776658,1.09461147926232,0.841750833184485,0.950668057062392,0.962016055932063
"ame-miR-2_st",1.24936408166954,1.15341636122236,1.10866556343929,1.0415774098315,1.40163881401963,0.744352578296169,1.10866556343929,1.22269619283546,1.10866556343929
"ame-miR-210_st",7.26488076433851,7.63051326304133,7.73157640951639,7.84382802102389,8.32059811769413,8.33645097834774,8.35419477885226,7.80694641885585,7.38411176736734
"ame-miR-219_st",0.958309391282923,0.841290949344422,1.40332115903987,0.833080295454154,1.07200311704127,0.719286012252307,0.777551997793798,1.40572277059677,0.958309391282923
"ame-miR-252_st",0.857891945238911,0.831184662536967,1.28383776451445,0.990462129954434,1.34192988077751,1.16593357063087,1.54466700154575,1.0595852809403,1.0595852809403
"ame-miR-263_st",1.20529560830213,1.38436743679149,1.32414421716956,1.40079057920553,1.07200311704127,1.49026833407107,0.860420824261799,1.07200311704127,1.07200311704127
"ame-miR-263b_st",1.07200311704127,1.07200311704127,0.7302429952597,1.07200311704127,1.07200311704127,1.23610111101664,1.07200311704127,0.99314103826329,1.16477922886475
"ame-miR-275_st",1.13928603120738,1.1960883032022,0.890891774172186,1.04877132821742,1.02418426543304,1.05701634675296,0.87003784746617,1.21538817696609,0.990303070213748
"ame-miR-276_st",1.40332115903987,0.950668057062392,0.809129288750647,0.950668057062392,0.950668057062392,0.950668057062392,0.646309652459441,1.24487241540713,1.29602543705933
"ame-miR-277_st",1.06010635143031,1.07200311704127,1.42072603362084,1.14870846207455,0.821999431007361,1.15264841164643,1.28973965951456,1.07200311704127,1.07200311704127
"ame-miR-278_st",0.885333031490057,0.752415060203122,1.1374949758301,0.805485729787015,0.716353176927167,0.837586956207215,0.857891945238911,0.979960808766991,0.857891945238911
"ame-miR-279_st",1.62043698117572,1.56411244514037,1.2951610461553,1.79027357140273,1.6269605370094,1.6269605370094,1.54553242405559,1.6269605370094,1.89347714996364
"ame-miR-281_st",0.913072924553037,0.680275690338158,0.856321576186484,0.913072924553037,0.994501037506847,0.885631838301892,1.14439262465679,0.822862846905386,0.904298010356215
"ame-miR-282_st",0.977375339764336,1.06695241309662,1.17245307503763,0.698865906191286,1.15695348061009,1.17245307503763,0.748974721361005,1.54939465967587,0.803864405849371
"ame-miR-283_st",0.7230238190593,0.913072924553037,1.02120832020879,0.913072924553037,0.994501037506847,0.89808615426473,0.567451783929185,0.700171997930675,0.913072924553037
"ame-miR-29b_st",1.07200311704127,1.07200311704127,1.01903398750697,1.27004352205343,1.07200311704127,1.07200311704127,1.09871039974321,1.07200311704127,0.995283156379141
"ame-miR-305_st",0.879299323604827,1.06934842909856,0.833704070010471,1.26442616437186,0.948013369119685,1.06934842909856,1.23922316506451,1.06934842909856,1.06934842909856
"ame-miR-315_st",1.09378455289399,1.30789572469635,1.01928223607395,0.742767734377779,1.05984885988875,1.05701634675296,1.20086544169991,0.679848385748745,0.750031443798684
"ame-miR-316_st",0.904073731800941,0.99417524175775,1.09412283729468,0.827605450040423,1.16084960138764,0.876632645549795,1.23922316506451,1.09412283729468,1.14829318101584
"ame-miR-317_st",0.857891945238911,0.950668057062392,0.978157167986489,0.913072924553037,1.15695348061009,1.07508510216243,0.669148969571734,0.950668057062392,0.980383173958467
"ame-miR-31a_st",8.848475107482,7.80723091662593,7.84996399529538,7.62321433133728,7.43376723576534,7.08266373878621,8.98034392991504,8.47990197071236,7.67715899165749
"ame-miR-33_st",0.977375339764336,0.950668057062392,1.32489886493052,0.950668057062392,0.950668057062392,0.766264864838663,1.10055964421233,0.693934149995574,0.636140541336268
"ame-miR-34_st",1.15427280149568,0.73641116241625,1.07200311704127,1.05283441934822,0.811261160600776,0.972065983184141,1.21716743966476,1.5208381325048,1.09340104316302
"ame-miR-375_st",0.772362954778598,0.834924408965355,0.934872004502283,0.934872004502283,1.26619004650089,1.04122029419285,0.869239944108582,0.934872004502283,0.854103568338205
"ame-miR-7_st",2.62003666976809,1.01717985539958,1.00408034477841,1.3122051862098,1.3377745780565,1.28131703770146,1.10055964421233,1.7952422153525,3.30064347316483
"ame-miR-71_st",1.02635571800583,1.09051211972321,1.21388145289705,1.40079057920553,0.749426769454883,1.11373975459801,1.14662094075341,1.1276582851102,1.11373975459801
"ame-miR-79_st",1.16485168682372,0.950668057062392,0.977375339764336,0.859832743556382,0.977375339764336,0.775656135027429,0.977375339764336,1.02120832020879,1.11020412145667
"ame-miR-8_st",1.2703470138217,1.29602543705933,0.981791905819581,1.05173644540521,1.11341018315072,1.19567986760513,1.26224109459474,1.29030764488207,1.16897258490319
"ame-miR-87_st",0.986932656202071,0.960225373500127,1.22830299547453,1.15530310877342,0.960225373500127,0.852536347876258,1.24878048150224,0.90289648200788,0.662847824038212
"ame-miR-927_st",1.34430992252738,1.07200311704127,1.07200311704127,1.07200311704127,1.07200311704127,1.17929883902182,0.881954011547533,0.913072924553037,1.07200311704127
"ame-miR-928_st",1.10866556343929,0.762363738609398,1.36328378911255,0.950668057062392,0.909289568934043,0.950668057062392,0.767738348233829,0.950668057062392,0.963269479842528
"ame-miR-929_st",1.03143649322647,1.35446488890674,1.03143649322647,0.930040834685653,0.810648668323181,1.05701634675296,0.979824812812662,1.03143649322647,1.03143649322647
"ame-miR-92a_st",11.8039709479547,11.6036520883934,11.4607995060065,11.4059966093458,11.3988318184716,11.3705158446574,11.7650525724174,11.5005125671699,11.5589181892725
"ame-miR-92b_st",2.96703233892095,4.93766888079824,3.18897578452099,3.63836998594883,2.92465825609643,3.63836998594883,4.27823066686172,3.23416735833245,4.41374122440292
"ame-miR-932_st",0.894157048636381,0.969585628823125,1.12052003335929,0.910101433247592,0.9345708828107,1.42805959969699,0.869239944108582,1.16477922886475,0.777157123147426
"ame-miR-981_st",0.578455881526942,1.20892961571046,1.52433390121502,1.07200311704127,0.946783543111293,1.15343122999508,1.24748103767867,0.959793553341611,1.07200311704127
"ame-miR-985_st",1.10866556343929,1.34485575024875,1.22352069026987,1.38066996183266,1.07200311704127,0.962756819976618,1.14209257731606,1.05188249966841,1.10881215528833
"ame-miR-993_st",1.23922316506451,1.03657374912093,1.03682017893067,1.53424849587473,1.23922316506451,1.50730078703891,1.52713303799353,1.3852966657005,1.13192744308396
"ame-miR-996_st",0.75165474511276,0.618511522405487,1.12588555298089,0.817286805506461,0.931232885958516,0.931232885958516,1.01806299312864,0.846282522389694,1.07200311704127
"ame-miR-9a_st",0.75399867808331,0.75399867808331,0.84677478990679,0.75399867808331,0.632517895260648,0.836358757953178,0.766562237028065,0.75399867808331,0.594214395994151
"ame-miR-9b_st",0.960136286262779,1.14711478554957,0.987330503460413,0.857224348307704,0.950668057062392,1.07228086702924,1.01588703063148,1.27945551922665,0.784681087516839
"ame-miR-iab-4_st",0.878196934270607,0.777123509074833,0.857891945238911,0.857891945238911,1.27843426343275,0.818410624439843,0.748974721361005,1.20122532995087,0.651499825168542
"api-bantam_st",0.786569853870359,1.09853661773793,0.950668057062392,1.05543319920859,0.794178213134974,0.950668057062392,0.69730122380499,0.950668057062392,0.950668057062392
"api-miR-10_st",1.66160422337553,1.72873041701531,2.06977113545996,1.62457121486766,2.08755004265106,1.47939740506398,1.66160422337553,1.40079057920553,1.7868333192043
"api-miR-137_st",1.281986099061,0.950668057062392,1.06026920387993,1.03143649322647,0.829332997083513,0.842979031438523,0.979224584233456,0.913072924553037,0.842532661406638
"api-miR-184_st",0.990083337877564,1.89966466757305,1.79774701687719,1.16547955131858,1.0847111151545,1.11285517266985,0.997327078562325,0.913072924553037,0.772346795404277
"api-miR-190_st",1.04680011773392,1.01901363111433,1.33173499466736,1.11424480292247,0.972055521504342,1.07200311704127,1.07200311704127,1.07200311704127,1.07200311704127
"api-miR-1923_st",0.857891945238911,1.00871796790236,1.10866556343929,1.79027357140273,1.15695348061009,1.21693408774344,0.869239944108582,0.913072924553037,1.2006717430963
"api-miR-276_st",1.06417736878661,1.17166187996796,1.36323890415779,1.14006260728049,1.15695348061009,1.04264418150088,1.52693670156602,1.11935834810074,1.01484303335051
"api-miR-281_st",0.856040279785458,0.950668057062392,0.950668057062392,0.913072924553037,0.950668057062392,1.05701634675296,0.856040279785458,0.950668057062392,0.950668057062392
"api-miR-993_st",0.951596889425872,0.9439459527192,0.782966769400328,0.913072924553037,0.793599383048972,0.679290083939758,0.939780207254982,0.913072924553037,0.867225992057071
"api-miR-iab-4_st",0.977375339764336,1.65279042935719,1.11861647648708,1.05789235655255,0.997281416508198,0.981076359094848,0.801839289894996,0.811868654921775,1.20307468382793
"aqc-miR156a_st",1.25470606217921,1.21090010846367,1.15462079767447,0.797379810560058,1.11970730886476,1.07385236151039,1.10055964421233,0.972809490448009,1.11554641450064
"aqc-miR156b_st",0.779029866460931,1.10939182821735,1.04554725371519,0.758175939754915,0.980723202162318,0.639957910011697,0.748974721361005,0.779029866460931,0.759638797291049
"aqc-miR159_st",0.925465057755042,0.783029616711543,1.037848040323,1.14870846207455,1.36892904362726,0.870016554875735,0.950668057062392,1.07200311704127,0.936813056624712
"aqc-miR160a_st",1.84863159629651,2.19124226881011,2.19937903991304,1.96084115999617,1.84863159629651,1.9947050969325,1.10698324421742,0.955575954106865,2.74430183432053
"aqc-miR160b_st",1.11638064191511,1.41329740590741,0.712965335418065,1.14870846207455,2.24883063999305,1.39574663381195,1.52854073296985,0.99802328812186,1.0035193533481
"aqc-miR166a_st",1.16133674937001,0.830162494374271,0.893916708695839,0.962991276066604,0.937458216354819,0.787522933343971,0.962991276066604,1.16575444899929,1.19820017279531
"aqc-miR166b_st",2.50641189848576,1.79804269339152,1.72720406155463,1.86769898376901,3.68234924449806,2.32348218965719,2.65087127815985,2.03557231672817,2.7267909119009
"aqc-miR166c_st",0.857891945238911,0.88430219311949,0.977375339764336,1.63245876531979,0.798366120174667,0.764992100371783,1.13467357101978,1.19277162513286,0.900655379102208
"aqc-miR166d_st",0.661672806960782,0.774006294925604,1.1490135303658,0.790506756809756,1.40332115903987,0.850526358763345,1.10055964421233,0.950668057062392,0.950668057062392
"aqc-miR166e_st",1.68268715093672,1.07200311704127,2.12939214006665,1.02794695144213,1.46574584608913,1.05701634675296,1.73696182321991,1.97177571798689,1.43708920498963
"aqc-miR167_st",1.68455285645033,1.40079057920553,1.40332115903987,1.20060089516007,1.54939465967587,1.40332115903987,0.748974721361005,1.40079057920553,1.10817751542403
"aqc-miR168_st",0.849731164570343,0.876925381767978,1.07200311704127,0.913072924553037,1.07957479771155,0.769236356144109,1.04927322280189,0.859760529597123,0.876925381767978
"aqc-miR169a_st",0.683904784968795,0.950668057062392,1.01739482115535,1.03143649322647,0.950668057062392,1.05701634675296,0.869239944108582,0.950668057062392,0.808080900495163
"aqc-miR169b_st",1.20608032959441,0.988343787121122,0.902493471431414,1.03143649322647,0.988343787121122,1.00244106696834,1.00090734606588,0.779029866460931,0.988343787121122
"aqc-miR169c_st",0.940003981132347,0.73641116241625,0.950668057062392,0.805485729787015,1.26303237681261,1.05701634675296,0.940003981132347,0.779029866460931,1.28626001168741
"aqc-miR171a_st",1.23922316506451,1.17645683990522,1.18750815365709,1.23922316506451,1.72947139955134,1.264803018591,1.23922316506451,0.782685549135925,1.23922316506451
"aqc-miR171b_st",0.890388401600144,1.07200311704127,1.0344630409246,1.27004352205343,1.07200311704127,1.40308412034553,0.977375339764336,0.944252963276944,1.53626369772132
"aqc-miR171c_st",0.929087422593536,0.950668057062392,0.957984270594454,0.977375339764336,1.34561945291276,0.813419346771165,1.10055964421233,1.56790997850082,1.29602543705933
"aqc-miR171d_st",1.09168463887355,0.857594910417545,0.443955778093667,0.950668057062392,1.52004338191071,0.950668057062392,1.40720567299097,0.893339165570145,1.41189393039542
"aqc-miR171e_st",1.25067822116891,1.18203340860202,1.09544012247288,1.09544012247288,0.73641116241625,0.900362387199584,1.09544012247288,1.46479420845193,1.33108448156097
"aqc-miR171f_st",1.07200311704127,0.691111896512164,0.618868566208295,1.26442616437186,1.07200311704127,1.16477922886475,0.969338048139706,1.21807661767726,1.07200311704127
"aqc-miR172a_st",1.10866556343929,0.950668057062392,0.950668057062392,1.06903162573582,0.988263189571746,0.900307922930769,0.817947843060901,0.78592132411406,0.950668057062392
"aqc-miR172b_st",0.966027340894666,1.16473521338437,0.817214039511701,0.977375339764336,0.892424976195514,1.28541696515629,0.977375339764336,0.887165262116685,0.977375339764336
"aqc-miR319_st",1.03181334744561,1.05701634675296,1.17104697614913,1.20314646975583,0.866967241259226,1.05701634675296,1.05701634675296,0.913072924553037,1.00510606474367
"aqc-miR395a_st",0.887644068216748,0.869239944108582,1.10175524001911,1.04590170624537,0.92563378050634,0.633333779227195,0.869239944108582,0.779029866460931,0.799557171976232
"aqc-miR395b_st",1.03645999213182,0.997908570163613,0.728469713025829,0.752133275618767,0.776602725181875,0.724677249254905,0.748974721361005,1.36631837493851,0.869239944108582
"aqc-miR396a_st",0.715384219830206,1.07200311704127,0.674880567596458,0.87456029715778,0.628823967650227,0.805485729787015,1.06968661604617,0.748156838294769,0.645701447697856
"aqc-miR396b_st",0.950668057062392,0.73641116241625,1.03805209365456,0.880753862399124,1.07200311704127,1.10481447502926,0.950668057062392,1.44017530901319,0.950668057062392
"aqc-miR398a_st",0.748974721361005,0.836358757953178,0.977375339764336,0.836358757953178,0.836358757953178,0.836358757953178,0.677182680625603,1.10287614520743,0.693720852204375
"aqc-miR398b_st",1.68268715093672,1.25436932886565,1.54939465967587,1.91874874565492,1.79927520415086,1.62784003172709,1.54939465967587,1.18115054652744,1.54939465967587
"aqc-miR399_st",0.87765942725992,0.736642845448761,0.836590440985689,0.913072924553037,0.739177039366737,1.05701634675296,0.748974721361005,0.749206404393516,0.546443231460828
"aqc-miR408_st",1.22657887022321,0.865717693493569,1.85085387631141,0.923399036570929,1.17492965353688,1.17492965353688,1.2685821006049,0.808388802001323,1.07200311704127
"aqc-miR477a_st",0.646309652459441,0.950668057062392,0.950668057062392,1.02738222366225,0.950668057062392,0.950668057062392,0.646309652459441,0.913072924553037,1.2006717430963
"aqc-miR477b_st",0.788070840782377,0.836358757953178,0.836358757953178,0.808917671702032,0.836358757953178,1.22879993701895,0.918628442407591,0.764028043110089,0.873953890462532
"aqc-miR477c_st",1.14870846207455,1.34981268482284,1.14870846207455,1.14870846207455,1.14870846207455,1.19080233471151,1.14870846207455,0.968688721607593,1.07198850141242
"aqc-miR477d_st",0.67980553689348,1.02258533475087,0.893916708695839,0.805485729787015,1.15364858632193,1.03786013089576,1.10055964421234,1.09631969482968,0.691153535763151
"aqc-miR477e_st",1.25334353544439,0.799605590080199,1.05928022941527,1.14870846207455,0.779639942390689,1.15695348061009,0.682762953060705,0.932307213166271,0.869133247585913
"aqc-miR477f_st",0.913072924553037,0.780244142860705,1.09383031804216,0.84931871023147,1.20078646105455,0.994501037506847,0.962540094367208,0.779029866460931,0.770872743210423
"aqc-miR477g_st",0.925636483497792,0.795530328345083,0.913072924553037,0.795530328345083,1.07200311704127,1.05701634675296,0.977375339764336,1.07200311704127,0.913072924553037
"aqc-miR482a_st",1.53661365030073,1.05447510090139,1.13524353706547,1.40332115903987,1.40332115903987,1.68268715093672,2.12927149028354,1.40079057920553,1.29602543705933
"aqc-miR482b_st",0.904037688507542,1.29602543705933,1.30994396757153,1.30994396757153,2.05544155328661,1.36830199246531,1.30994396757153,1.75877898303506,1.30994396757153
"aqc-miR482c_st",1.5310369597944,1.52854073296985,1.52854073296985,1.81559155757737,2.27449101639442,1.41423143386064,1.44711262001604,1.46423831775855,1.7868333192043
"aqc-miR529_st",1.7266274749581,1.00901023221535,1.28131703770146,1.24372190519211,1.28131703770146,1.28131703770146,0.641143863707148,2.05847135336331,1.28131703770146
"aqc-miR530_st",0.900661173164477,0.618868566208295,1.27272812150433,0.836358757953178,0.569595485859581,1.02640786344691,0.977375339764336,0.687212045652383,0.889402766838707
"aqc-miR535_st",0.748974721361005,1.29602543705933,0.822687177893486,1.00842661851606,0.931712451916205,0.887091558537186,1.00842661851606,1.00842661851606,1.23042494324915
"aqu-miR-2014-star_st",10.7615400533901,10.1599495959636,10.3049313388891,10.2475354487016,10.530290280039,10.3511283912621,10.3847651548377,11.1081515724355,10.362587873449
"aqu-miR-2014_st",1.40787282165426,1.03561842063121,1.03143649322647,1.03561842063121,1.03561842063121,1.00891113792927,0.977375339764337,1.03561842063121,0.950668057062392
"aqu-miR-2015-star_st",1.78998287291727,1.40332115903987,2.18217191831002,1.26442616437186,1.82048753878116,1.3225527228758,1.47244431002574,0.779029866460931,1.40332115903987
"aqu-miR-2015_st",1.27978978887931,0.876925381767978,0.796391407014627,1.45229030271534,1.3251141607872,1.28131703770146,0.95017072637427,1.07200311704127,0.909806567923382
"aqu-miR-2016-star_st",0.73641116241625,0.801078463951188,0.692431904586333,1.12336357477911,0.73641116241625,0.614407041077836,0.779954459875621,0.673890354476094,0.73641116241625
"aqu-miR-2016_st",3.63836998594883,2.6964898256195,2.22358145635333,2.87930429161964,2.63565854994621,3.5432804593201,2.75965744480745,2.75513209145027,3.17000870601511
"aqu-miR-2017-star_st",1.04461070899337,1.05701634675296,0.492891791618845,1.40079057920553,1.05701634675296,1.16336463644353,1.10055964421233,1.25713518286219,0.950668057062392
"aqu-miR-2017_st",1.68634718492969,0.950668057062392,1.39386419884355,1.03877005930262,1.22731334217656,1.07933668311742,1.10789321028849,0.791737864574159,1.07933668311742
"aqu-miR-2018-star_st",1.23922316506451,1.23922316506451,1.29328431852664,1.23922316506451,1.11400359113453,0.962512196328653,1.23922316506451,1.33385094234144,1.21251588236256
"aqu-miR-2018_st",1.70939443363867,1.00102522854444,1.20125193693861,1.30097806820908,1.62179425513245,1.4023737267499,1.32273271976127,1.01427343765182,1.29602543705933
"aqu-miR-2019-star_st",0.987330503460413,1.07200311704127,1.40332115903987,1.23013657502836,0.950668057062392,0.809897825979638,1.23835554139945,0.950668057062392,0.950668057062392
"aqu-miR-2019_st",1.24788227277749,1.57329153075292,0.925935831285464,0.989207806546733,0.775383426568912,1.03143649322647,0.826698756823048,1.38012526985585,1.21121982637946
"aqu-miR-2020-star_st",1.5310369597944,1.40866246543829,1.72082450079636,1.75217649895785,1.72925718809521,2.01934649933375,1.85238268574767,1.1168486707084,1.49511407729745
"aqu-miR-2020_st",1.03143649322647,1.51507200364642,1.0148983216477,1.31848731783399,1.03143649322647,0.752070501329622,1.52854073296985,0.65633901748622,1.03143649322647
"aqu-miR-2021-star_st",1.23160442282103,1.17197156956382,1.17197156956382,0.905454182309562,1.38128549022401,2.12351809250375,0.984993070277024,1.2145902736085,1.17197156956382
"aqu-miR-2021_st",0.850188266312048,0.820055575731787,1.29147701579823,0.812152319881623,0.837624707367293,0.518388775457952,1.10055964421233,1.03459145853578,0.964497565421262
"ath-miR156a_st",1.37185194130073,1.91372926050666,1.52854073296985,1.86187344228443,1.7070803755963,1.84863159629651,1.7070803755963,1.72793430230231,1.84972695095645
"ath-miR156b_st",2.01033166085215,2.52918625027637,1.57913101566252,2.12254122455181,2.34513604691952,1.78833333611906,1.34517405037311,2.56224710944527,2.01033166085215
"ath-miR156c_st",1.68268715093672,2.01033166085215,1.15836431088033,1.68268715093672,1.97213772992348,1.96205314283357,1.36259628761006,1.49395626550535,1.90812180713523
"ath-miR156d_st",1.23922316506451,2.80609073669059,1.52854073296985,2.08393692394579,1.28131703770146,1.54939465967587,1.29132579912569,1.52854073296985,1.60997589642068
"ath-miR156e_st",1.20481738512234,2.01033166085215,1.24131823071375,2.04320611142072,2.44005209557356,2.24119488359962,1.89454205801233,2.14826343448327,2.0639813934347
"ath-miR156f_st",1.79396772313093,1.83622229408945,1.42365163163711,1.92982584087139,1.66258109132747,1.68598874227596,1.84191684866691,2.5960084113675,2.12351809250375
"ath-miR156g_st",1.51079384280164,1.53469071387869,1.08400834985089,1.8207919185447,1.1654364628047,1.40332115903987,1.57445900712064,1.2145902736085,1.51079384280164
"ath-miR156h_st",1.17929883902182,0.950668057062392,1.0572947176834,1.30904705775088,0.995288950441411,1.9808715171436,0.876537324194278,1.07200311704127,1.07200311704127
"ath-miR157a_st",0.900510649283593,1.26266537688088,0.709347094328581,0.715275652139364,0.779029866460931,1.00135722740808,0.614931872485563,0.91640686383926,0.759638797291049
"ath-miR157b_st",1.10866556343929,1.10866556343929,1.10866556343929,0.883328236478435,1.40332115903987,1.31035889914068,0.921687064152499,1.40079057920553,1.10866556343929
"ath-miR157c_st",1.25125272000652,1.58648115430209,1.12991766002764,1.09325521362962,1.09578579346397,1.07826844334131,0.869239944108582,1.07200311704127,0.950668057062392
"ath-miR157d_st",0.92386013091547,1.17923079427505,1.39111820382247,0.915286895908028,1.13318752819647,0.728669732329309,0.979041110229596,0.979041110229596,0.728816009714771
"ath-miR158a_st",0.646309652459441,0.73641116241625,0.869239944108582,1.37389068687402,1.15695348061009,0.869239944108582,0.67377415126159,1.07200311704127,0.869239944108582
"ath-miR158b_st",1.2006717430963,0.836358757953178,1.48360955935196,1.39309479042689,1.31375030058777,1.07933668311742,1.13101523809804,1.16400929669828,1.2006717430963
"ath-miR159a_st",0.910435702900251,1.07200311704127,0.91306763117391,1.52854073296985,0.957693817932056,1.07200311704127,1.23922316506451,1.07200311704127,0.967237974895072
"ath-miR159b_st",1.20357798473888,0.73641116241625,1.28131703770146,0.954133089260689,0.877427744227408,0.769738718603539,0.910308930382813,0.877427744227408,0.703916810312443
"ath-miR159c_st",1.08921164534266,1.1838394226196,1.49952483825307,1.14439262465679,0.931706099063075,0.81690483985655,1.10055964421233,1.3813366611089,1.06453488075541
"ath-miR160a_st",1.23000062341817,1.07200311704127,1.07200311704127,1.03440798453192,1.07200311704127,1.07200311704127,0.990575004087461,1.2145902736085,1.07200311704127
"ath-miR160b_st",1.23922316506451,1.2006717430963,1.46087910978254,1.40332115903987,1.88071270167447,1.70069870850179,1.32166166157034,1.40079057920553,1.40332115903987
"ath-miR160c_st",1.06556214490996,1.40079057920553,1.48543731444052,1.0407291750174,1.93776809861426,1.34315378620712,0.977375339764336,1.40079057920553,1.54939465967587
"ath-miR161.1_st",0.977375339764336,1.3606142193276,0.893916708695839,0.988723338634007,0.988723338634007,1.19137275457758,1.02160452478941,1.2243676977221,0.988723338634007
"ath-miR161.2_st",1.43565495620826,1.07497460834672,0.840224387459082,0.913072924553037,0.850974479466273,0.93865277807953,0.953639548367837,1.10707367562983,0.953639548367837
"ath-miR162a_st",0.959620134473314,1.07200311704127,1.07200311704127,1.14870846207455,1.07200311704127,1.07200311704127,1.19367890646119,1.08612299593933,1.12371812844868
"ath-miR162b_st",1.25383046994008,1.24972959243357,1.03547269778743,1.14870846207455,1.41522584932881,1.14221277515998,1.15695348061009,1.40079057920553,0.875688415698272
"ath-miR163_st",0.977375339764336,0.643120788925573,1.80217054546215,1.03255631907846,0.988723338634007,0.955842152478603,0.988723338634007,1.08335111591094,1.24305436537273
"ath-miR164a_st",1.79684516857777,1.08253894478495,1.10398435107579,1.01794505678818,1.15695348061009,1.15695348061009,1.31505424069547,1.30674752400848,1.72391588169679
"ath-miR164b_st",1.68268715093672,1.28415362332142,1.26003377578038,1.12742520015347,1.26003377578038,1.26003377578038,2.08126404464244,1.48427245943064,1.61796490742578
"ath-miR164c_st",1.72584785003253,1.48705469683067,0.950668057062392,1.48452411699632,1.55699771844101,1.33800362387172,1.3814231176794,3.0470841802663,1.48705469683067
"ath-miR165a_st",1.85006547699419,1.07200311704127,1.85006547699419,1.59545278002886,2.7574800912223,3.20721941103016,1.54730396216665,1.85006547699419,2.61532458177723
"ath-miR165b_st",2.28346769838093,2.17445189848682,1.49565977801574,1.66160422337553,2.81549117766508,1.75811384834399,1.113415170369,1.8157506413424,2.06713552877071
"ath-miR166a_st",1.0719712709194,1.5977367873679,1.74032394393513,1.40079057920553,1.68268715093672,2.29054364923631,1.6117727185093,1.74032394393513,2.76947099974411
"ath-miR166b_st",1.79648700423947,1.23772887118844,1.39499966659967,2.57860967227253,1.68268715093672,2.82809648613018,1.351255351949,1.65879027985967,2.16057522059589
"ath-miR166c_st",1.82048753878116,1.5772652841426,1.15695348061009,1.79027357140273,1.79102739507261,3.01027666299148,3.16218319844666,1.37133043549698,2.02664745519977
"ath-miR166d_st",1.49439186555642,0.9275738811624,1.29504804251549,1.89467636710648,2.76884330084877,2.21394366087455,2.26926954082791,2.11391642281278,2.01033166085215
"ath-miR166e_st",1.57500885819458,1.71713517795553,2.06977113545996,2.01141311056617,2.98204455140503,2.53748819249849,2.27423500571822,1.72108235883057,2.06516484911835
"ath-miR166f_st",2.07802575004244,1.16028066595001,1.63473518303852,1.63220460320417,1.82272913744317,2.07802575004244,1.94473325878159,2.07802575004244,2.32824541894601
"ath-miR166g_st",2.49268902232893,2.0593676210592,1.8690782597863,1.26442616437186,2.17646225975293,1.9837467155908,1.35969060137833,1.9837467155908,2.12982021622679
"ath-miR167a_st",1.1997532708056,1.1997532708056,1.35160614763246,1.52854073296985,0.928108347341142,1.65962135336101,1.11832515785179,1.07200311704127,1.1997532708056
"ath-miR167b_st",1.06327686199992,0.801880483172253,0.759638797291049,1.24574474563443,0.792914681875728,1.15695348061009,0.931986638324963,0.894391505815608,0.931986638324963
"ath-miR167c_st",1.27106525704695,1.17581637576045,1.06060546345422,1.23551825156885,1.28131703770146,1.26295933782,1.26295933782,1.46314902186545,1.11091648581778
"ath-miR167d_st",0.957891643510734,1.05251942078767,1.1292393814498,1.03143649322647,1.05251942078767,1.05251942078767,1.31995655849871,0.940309857088008,1.05251942078767
"ath-miR168a_st",2.14482751013677,1.56491490281586,1.77422882347605,1.69847667943883,1.40761592380706,2.02145251874444,2.49716972489318,2.05137457913386,2.69067135163473
"ath-miR168b_st",3.15811934997304,2.41501897225128,1.44389399773486,2.3478927786115,1.82357624566944,2.09476705729902,2.38755455461919,3.52914301148511,3.63488602054018
"ath-miR169a_st",0.998458267325533,0.977375339764336,0.719092275428685,0.831425107378567,0.857220376107875,1.09168463887355,0.977375339764336,0.92004644827209,0.977375339764336
"ath-miR169b_st",1.20329334071623,1.07200311704127,1.07200311704127,1.27004352205343,1.07200311704127,1.54009999436949,0.963867721385516,1.07200311704127,0.61705164072382
"ath-miR169c_st",1.25448087146798,1.10125292579181,1.11517145630401,0.913072924553037,0.836358757953178,0.957597529448475,0.972584299736782,0.972584299736782,1.2006717430963
"ath-miR169d_st",0.977375339764336,1.18013851269702,0.977375339764336,0.820077108508896,0.977375339764336,1.15695348061009,0.977375339764336,0.887165262116685,0.896606903600258
"ath-miR169e_st",1.0600636772462,0.950668057062392,0.820062894871835,0.950668057062392,1.44091629154923,0.908733134414643,1.52854073296985,0.950668057062392,0.950668057062392
"ath-miR169f_st",0.857891945238911,0.950668057062392,0.950668057062392,0.911953098701045,1.11051722889274,1.03747008608467,0.907754055960057,1.2330192675093,1.08118834857088
"ath-miR169g-star_st",1.02648808546179,0.887277655823729,1.02648808546179,1.08209078082871,1.19913955972396,1.21653719095553,1.23938901208416,0.913072924553037,0.956805313329443
"ath-miR169g_st",1.20727394582516,0.918718837823046,0.804409538713832,1.23247694513251,0.836358757953178,1.02506712751362,0.983021253034345,0.861389946330799,0.918718837823046
"ath-miR169h_st",0.551644803717536,0.836358757953178,0.766922854874339,0.798763625443823,0.836358757953178,0.836358757953178,1.00357880597641,0.766922854874339,1.05835708268626
"ath-miR169i_st",0.846440826313325,1.18792254557183,0.94269658596395,0.858337026072728,1.15695348061009,0.96592422083875,0.96592422083875,0.901621805627451,0.96592422083875
"ath-miR169j_st",0.977375339764336,1.18164485828743,0.867774192946803,1.22576210581453,0.964811780819581,0.836805127985063,0.977375339764336,1.3004037354446,0.803864405849371
"ath-miR169k_st",0.913072924553037,0.950668057062392,0.772056342741879,1.15691002314847,0.913072924553037,0.86909366672312,1.31593733166437,0.913072924553037,0.950668057062392
"ath-miR169l_st",1.21066663789344,1.07200311704127,0.847980797023213,1.03143649322647,1.2309333095295,0.832994026734906,1.22189470419121,1.07200311704127,0.840683416937517
"ath-miR169m_st",0.920889160794911,1.07200311704127,0.869239944108582,0.925750952534593,0.657755561782533,0.869239944108582,0.869239944108582,0.779029866460931,0.78311304678579
"ath-miR169n_st",0.748974721361005,1.00045696114521,0.921317943088579,0.913072924553037,0.73641116241625,0.772502712773764,1.00358762754299,0.913072924553037,1.03333814730061
"ath-miR170_st",0.853450730664292,1.2006717430963,0.88202164580131,0.81771923059001,1.31148033112206,0.950668057062392,1.00520595024931,1.10216641046187,1.61046223724473
"ath-miR171a_st",1.07200311704127,1.07200311704127,1.49187828657183,0.913072924553037,1.24465459130344,1.07200311704127,1.30981552168136,0.90036492643981,0.939832300725435
"ath-miR171b_st",1.07200311704127,1.07200311704127,1.1914865115667,1.05114919033525,1.21807661767726,1.37594481497839,1.07200311704127,1.07200311704127,1.07200311704127
"ath-miR171c_st",1.10866556343929,1.07200311704127,1.15695348061009,1.00834940013975,1.42804635971538,1.05701634675296,1.39032626317004,1.15695348061009,1.15948406044444
"ath-miR172a_st",0.820296812729557,0.913072924553037,1.32564085157121,0.913072924553037,0.771534156241293,1.28495759036644,0.940514010804183,0.913072924553037,0.734070025984668
"ath-miR172b-star_st",1.14144813742996,1.40442179424565,0.955816746952195,0.782159535651768,1.03253091355205,1.01222592452036,1.03253091355205,1.29645313009816,0.869239944108582
"ath-miR172b_st",0.884599227940856,0.977375339764336,0.869239944108582,0.913072924553037,0.977375339764336,1.1898346667655,0.977375339764336,0.977375339764336,1.0774874386483
"ath-miR172c_st",1.40332115903987,1.26734754775721,0.674880567596458,1.14870846207455,1.153038248648,1.04926445498622,0.977375339764336,1.15695348061009,1.15695348061009
"ath-miR172d_st",1.48128535109591,1.57329153075292,1.15695348061009,1.15695348061009,1.15695348061009,0.917944390303729,1.22061864492909,1.15164965411755,0.893031264063986
"ath-miR172e_st",1.00302999534137,1.07200311704127,0.90036492643981,0.725452138325181,0.694703481577367,0.90036492643981,0.90036492643981,0.90036492643981,1.07200311704127
"ath-miR173_st",1.18137609672598,1.2006717430963,0.823325672072833,1.16307661058695,1.08636244398709,0.868872252242204,0.912851510072121,0.848549094860822,0.804716114416367
"ath-miR1886.1_st",1.26759575592752,1.2006717430963,0.836358757953178,1.07200311704127,1.07200311704127,0.777798758696528,1.22189470419121,1.00377718037445,1.07200311704127
"ath-miR1886.2_st",1.0345537073757,0.880191738397633,0.646309652459441,0.783508640340542,1.15695348061009,0.913072924553037,0.943359357585579,0.913072924553037,0.936300559427837
"ath-miR1886.3_st",1.40332115903987,0.923226970811246,1.063997201894,1.03143649322647,0.869899620898313,1.15695348061009,0.902780807053718,0.885631838301892,0.759638797291049
"ath-miR1887_st",0.857891945238911,0.857891945238911,1.03143649322647,0.805485729787015,0.511460269293715,0.728669732329309,0.884599227940856,1.2145902736085,0.831184662536967
"ath-miR1888_st",0.646309652459441,0.767284190582412,0.809164540755544,1.26442616437186,0.595394580605091,1.31219006586762,1.05012871810363,1.01569451529262,0.836358757953178
"ath-miR2111a-star_st",0.685430355412235,0.989788760015186,0.767790435282103,0.941334983269661,0.646309652459441,0.844510395944231,0.658873211404196,0.871939734146575,1.57396160552356
"ath-miR2111a_st",0.859390894169206,1.38435282116264,1.1069979504056,1.18875136070981,1.15695348061009,1.28131703770146,1.06132442548238,0.86178236725083,1.14870846207455
"ath-miR2111b-star_st",0.850567461362764,0.824268817082228,0.898529445669664,1.03143649322647,0.983287675364254,0.932927541232632,0.994635674233925,1.3737802771487,0.983287675364254
"ath-miR2111b_st",1.09659985226713,1.28357835155392,0.952929370914851,1.15096977592701,1.28610893138827,1.28357835155392,1.24247837372672,1.28357835155392,1.30680598642872
"ath-miR2112-3p_st",0.748974721361005,0.950668057062392,0.935828157734483,0.975871056369742,0.950668057062392,1.06497735617161,0.816694979042168,0.779029866460931,1.02783433739149
"ath-miR2112-5p_st",1.19887564108694,1.47677518389027,0.869239944108582,0.869239944108582,0.869239944108582,0.869239944108582,0.869239944108582,0.869239944108582,0.695729010193617
"ath-miR2933a_st",1.07732293530126,1.0006087687014,0.836358757953178,1.07732293530126,1.25690107614702,1.07732293530126,1.07732293530126,1.37884028435673,1.10892220798874
"ath-miR2933b_st",0.977375339764336,0.988263189571746,1.10866556343929,0.711941712853142,0.836358757953178,0.988263189571746,1.14728204785377,0.816624998970286,0.797233929800403
"ath-miR2934_st",1.1900936763931,0.836358757953178,0.950668057062392,0.793369825806951,0.836358757953178,1.36274515065527,0.950668057062392,1.07200311704127,0.950668057062392
"ath-miR2935_st",0.831247291764468,0.948293817166365,1.10854487143838,0.822067095037176,0.967249422312553,1.15695348061009,0.967249422312553,0.822149094542724,1.31260680230949
"ath-miR2936_st",0.977375339764336,0.950668057062392,1.04529583433933,0.805485729787015,1.07200311704127,0.950668057062392,0.762891654418011,1.34310923612817,0.842532661406638
"ath-miR2937_st",0.939320058192721,1.18967714736876,0.979238972199409,0.827995799003099,1.24949155280408,0.950668057062392,1.03293774151681,0.853791067732408,0.950668057062392
"ath-miR2938_st",0.857891945238911,1.00154734158225,0.8041965711833,0.82629267255144,1.40332115903987,0.857891945238911,1.14644705324103,0.820296812729557,0.857891945238911
"ath-miR2939_st",0.977375339764336,0.900669994731056,1.17245307503763,0.977375339764336,0.977375339764336,1.01946921240129,0.977375339764336,0.939780207254982,1.02109360225054
"ath-miR319a_st",0.950668057062392,0.769318894764833,1.09123826884167,0.840866890941378,0.950668057062392,0.950668057062392,1.10630051785257,1.2145902736085,0.884846148771295
"ath-miR319b_st",1.14450553945684,1.15585353832651,1.15585353832651,1.03143649322647,1.3914978974146,1.0982167453281,1.18873472448191,1.19968651877096,0.949461418256136
"ath-miR319c_st",0.972201244348125,0.950668057062392,1.03143649322647,0.733177865317509,0.950668057062392,0.950668057062392,0.950668057062392,1.02738222366225,0.950668057062392
"ath-miR390a_st",1.21771496414548,1.35898250654586,1.11164731681787,1.14870846207455,1.54939465967587,1.19640554651246,0.893644031684919,1.34247904714845,1.19640554651246
"ath-miR390b_st",1.2976097164594,0.898337084174264,1.14870846207455,1.42817698004052,1.14870846207455,1.36936605087434,0.977375339764336,1.40079057920553,1.14870846207455
"ath-miR391_st",0.896606903600258,1.13764655634918,0.674880567596458,0.996514989558358,0.950668057062392,0.845191172026602,1.16840459953568,0.978716363860952,0.934883383416497
"ath-miR393a_st",0.895487077748266,0.695275585001609,1.0655548992973,0.950668057062392,1.3225527228758,0.950668057062392,0.748974721361005,0.950668057062392,1.31498104220551
"ath-miR393b_st",1.45402294343623,1.29602543705933,1.76754982327622,0.964225946205231,1.29602543705933,1.29602543705933,1.32273271976127,1.16273294579847,1.72171890164116
"ath-miR394a_st",1.40332115903987,1.07295594234177,1.27780417165625,2.21308812251007,1.40332115903987,1.57028293939168,1.11150736430998,1.42167885892134,1.31837079547105
"ath-miR394b_st",1.36947920760929,1.33420274252158,2.00198829562095,1.24190726379989,1.6547974651785,2.1955829122377,1.66160422337553,1.56984710160968,2.28028291962737
"ath-miR395a_st",0.8867188920848,0.8867188920848,0.869239944108582,0.943831441714941,1.17364498690852,0.836358757953178,0.863066040655122,0.8867188920848,0.97949500390828
"ath-miR395b_st",1.54962366053105,1.91664497661052,1.1344272112293,1.26442616437186,1.74667460489747,1.14825354729579,1.52854073296985,2.02406617197064,1.15686727754645
"ath-miR395c_st",2.57714964524617,2.01033166085215,1.89808343630525,1.14870846207455,1.39258901813161,1.15976302535374,2.44577003885105,2.87593298425441,1.55329555522437
"ath-miR395d_st",0.902408848622993,0.913072924553037,1.09265106539879,0.913072924553037,1.07200311704127,0.836358757953178,0.977375339764336,1.02076195017691,0.913072924553037
"ath-miR395e_st",0.66465086082034,1.10139612148485,1.06082949767005,1.03143649322647,0.919290729358305,0.836358757953178,0.966716830003954,1.06380098897549,0.833396088214311
"ath-miR395f_st",2.5400359615923,1.64456559744852,0.940514010804183,0.913072924553037,1.36620747538601,1.75396121763232,1.13841025151389,2.36738411106591,1.24487241540713
"ath-miR396a_st",0.964074558707706,0.836358757953178,0.836358757953178,0.810778904426685,0.836358757953178,0.836358757953178,1.12404624229023,0.913072924553037,0.851345528241485
"ath-miR396b_st",0.82866635186973,0.902006795443323,0.775021465398563,1.13452209135385,1.13765115453142,1.23664511111882,0.799558076749875,0.817640169443244,0.514138836143606
"ath-miR397a_st",0.977375339764336,1.33329504942976,0.950668057062392,1.0232222722603,1.07200311704127,0.915749588498539,1.22459903503273,0.973386381496945,0.580060656445293
"ath-miR397b_st",0.903043559526258,0.957008518701802,0.898431685047398,0.805485729787015,1.07455111490976,0.772884314635921,1.23410924683115,0.913072924553037,0.924420923422708
"ath-miR398a_st",1.10866556343929,0.843080862296369,0.950668057062392,0.805485729787015,0.836358757953178,1.15695348061009,0.977375339764336,1.45476688239893,0.977375339764336
"ath-miR398b_st",0.973947575716341,1.08974001351163,0.808080900495163,0.633168112380535,1.13939894249377,1.09461147926232,1.07015145158782,1.29935683369177,0.950668057062392
"ath-miR398c_st",1.23922316506451,1.2006717430963,1.35160614763246,1.11216536307339,1.52867374405126,1.11788810508563,1.51741364337396,1.2145902736085,1.23922316506451
"ath-miR399a_st",1.5467408115913,1.53395011349231,1.46580053790682,1.40079057920553,1.64334573367611,1.78260893957005,1.3302781553963,1.20252800163197,1.46580053790682
"ath-miR399b_st",1.14459538778757,0.950668057062392,0.877427744227408,1.05814377592841,1.05929776005657,0.977375339764336,0.784904545709285,1.07200311704127,0.900655379102208
"ath-miR399c_st",1.04566834788329,1.05701634675296,0.878929938407532,1.14870846207455,1.05701634675296,1.05701634675296,1.05701634675296,1.05701634675296,1.05701634675296
"ath-miR399d_st",1.2238993779711,1.2006717430963,1.09107059627877,1.2238993779711,1.40465677146023,1.1910181918157,1.2238993779711,1.26994264404968,1.49537730024819
"ath-miR399e_st",0.884599227940856,1.07200311704127,0.977375339764336,0.805485729787015,1.40332115903987,0.977375339764336,0.977375339764336,0.974844759929988,0.856040279785458
"ath-miR399f_st",0.896795140778692,0.646423762878405,0.896795140778692,1.05899168989658,0.73641116241625,1.30887223437157,0.896795140778692,1.46881446069022,0.896795140778692
"ath-miR400_st",1.2006717430963,1.2006717430963,0.977375339764336,1.38170571017684,1.05913297478456,1.40332115903987,1.47302508569214,1.2145902736085,1.17254813569331
"ath-miR401_st",1.1900936763931,0.709703879714305,0.950668057062392,0.818209010579697,1.15343122999508,0.923960774360447,0.950668057062392,0.770648316595434,0.950668057062392
"ath-miR402_st",1.23922316506451,1.25411096942214,1.04523745371904,1.57538119593729,1.26369261462761,1.23922316506451,1.23922316506451,1.02632223844214,1.13108776940875
"ath-miR403_st",1.23922316506451,1.47866375347598,0.977375339764336,1.03143649322647,0.827067610095786,0.927015205632714,0.977375339764336,1.11996249633156,0.856040279785458
"ath-miR404_st",7.61895041742579,7.83950422705409,7.66286543461925,7.87835700420222,7.66437186959653,7.61914335614878,7.22906915863391,7.85896078296533,8.02049071490086
"ath-miR405a_st",1.27391253980582,0.73641116241625,0.893916708695839,0.939763641191805,0.893916708695839,0.893916708695839,0.780587563864231,0.779029866460931,0.759638797291049
"ath-miR405b_st",0.977375339764336,0.836605108681583,1.01946921240129,0.956521413058321,0.977375339764336,1.01946921240129,0.787671281466796,0.775021465398563,1.03417761175916
"ath-miR405d_st",1.18247181669795,1.01525176867472,0.821631739140983,0.75549953465599,1.28131703770146,0.931432905261996,0.851406129393057,1.07200311704127,1.07200311704127
"ath-miR406_st",1.28030375404075,0.950668057062392,0.73641116241625,0.950668057062392,0.950668057062392,1.05701634675296,0.869239944108582,1.07200311704127,0.950668057062392
"ath-miR407_st",0.780539733467172,1.40320423236114,1.18177512740011,1.48785096759613,1.56539456659884,1.01632658137925,0.753488447761256,0.912949782994119,0.950668057062392
"ath-miR408_st",1.36693896581903,1.5310369597944,1.27256267630835,1.54056211734058,2.33609210117755,1.63653762173541,1.10509114051886,1.72873041701531,1.7917789162349
"ath-miR413_st",0.977375339764336,1.29602543705933,1.07434005393887,1.35147163500724,1.12371812844868,1.1516441240299,1.07200311704127,0.981793039393619,1.07200311704127
"ath-miR414_st",0.977375339764336,0.919017314870555,1.16346506187328,0.919017314870555,0.88826865812274,0.778247083787801,1.12137118923633,0.815717535065726,1.04035237484943
"ath-miR415_st",1.07148916348501,1.4048286222104,1.16611694076194,1.10964308655009,0.895105655309923,1.03293774151681,0.977375339764337,0.861299550915345,0.963353767829257
"ath-miR416_st",0.977375339764336,0.977375339764336,0.7873262342706,1.26442616437186,0.863066040655122,1.09168463887355,0.765793046984866,1.24129755631044,0.803864405849371
"ath-miR417_st",0.896681030359728,0.869239944108582,0.869239944108582,0.860994925573041,0.99360350119995,0.869239944108582,0.618454878732186,0.913072924553037,0.883948343466449
"ath-miR418_st",0.813277136572304,1.26934983281579,0.907692567631987,1.0848480235261,0.977375339764336,1.1017388968557,0.977375339764336,1.02738830837466,0.869239944108582
"ath-miR419_st",1.05210180257614,1.22207217428919,0.706428810395677,0.786668175664948,1.03953824363139,1.05210180257614,1.13437148703056,1.32319520899947,0.974506432370083
"ath-miR420_st",1.34557145475508,1.07172474611083,1.1940963227124,1.26442616437186,1.05701634675296,0.91644613497369,0.936751124005386,1.17648988825703,1.05701634675296
"ath-miR426_st",0.977375339764336,1.10604396581937,0.977375339764336,0.960647320288169,0.856040279785458,0.977375339764336,0.895015259894469,0.977375339764336,0.977375339764336
"ath-miR447a_st",0.748974721361005,0.816052169404876,1.18830657042792,1.1110775002151,0.90894057853107,0.828615728349631,0.814312801254136,0.684672306149705,0.776168938558639
"ath-miR447b_st",0.939780207254982,0.73641116241625,0.913072924553037,1.36319544669617,0.511837530620102,0.913072924553037,1.70624373259071,0.913072924553037,0.913072924553037
"ath-miR447c_st",1.17556944816299,0.750755191284325,0.915276253494905,1.00834940013975,1.00834940013975,1.15695348061009,1.16564763139519,1.02054730362536,0.931629439477622
"ath-miR472_st",1.20996232825473,1.87169725874935,1.30180530820268,1.80756873331529,2.16827489841975,1.9808715171436,2.52094347117704,1.89808343630525,2.20111399002784
"ath-miR771_st",1.05305682303119,0.774212319851661,0.684618085485735,0.933038615459993,0.836358757953178,1.41305867692915,1.07732293530126,0.922810442442314,0.878977461997859
"ath-miR773_st",1.00383120309042,0.77804464353587,1.09667276606279,0.805485729787015,0.762867025742333,0.805485729787015,0.946055941566289,1.57585052300195,0.590954833601313
"ath-miR774_st",1.10866556343929,0.979443350529689,0.979443350529689,0.84933719537698,0.897083270659821,0.979443350529689,0.935610370085234,1.07407112780662,0.871307954873935
"ath-miR775_st",1.03143649322647,1.01887293428172,1.12730545668396,0.901330338073761,0.998555307071066,1.05701634675296,1.03143649322647,0.974107601734224,0.921835346408937
"ath-miR776_st",1.34157217346691,0.852078645119563,0.734561671654636,0.944389593566184,0.751966546235598,0.763092576082674,0.977375339764336,0.655089556905614,0.880635172290628
"ath-miR777_st",0.831207611565191,0.921309121522,1.42675305244392,1.02878180528376,0.836358757953178,0.921309121522,0.908461623186084,1.07200311704127,1.22826890416521
"ath-miR778_st",0.552026242091126,0.84679056529744,1.40332115903987,0.885362992590478,0.800482968793843,0.618868566208295,0.84679056529744,1.09701566581226,0.84679056529744
"ath-miR779.1_st",0.967927651341183,1.30315608563675,1.52854073296985,0.97858792450392,1.23795035548576,1.07385236151039,1.10055964421233,1.07385236151039,1.05993383099819
"ath-miR779.2_st",0.885024617754477,1.08636482061356,0.972055521504342,1.14107768441204,1.07200311704127,0.870283912304363,1.10055964421233,1.07200311704127,1.28626001168741
"ath-miR780.1_st",1.05701634675296,1.02035390035494,1.64953635797491,1.05701634675296,0.557150543545778,1.02957526050182,1.22890595673028,0.913072924553037,1.12077056107453
"ath-miR780.2_st",0.882926221794963,1.08974001351163,0.894274220664634,1.58398814785503,0.950668057062392,0.975702333618443,0.894274220664634,0.65633901748622,1.01942059610465
"ath-miR781_st",1.05796377904294,1.06497735617161,1.44389399773486,0.733177865317509,0.950668057062392,1.05701634675296,0.950668057062392,0.960697422089171,0.872388294955573
"ath-miR782_st",0.853111071096725,1.29602543705933,0.950668057062392,1.66160422337553,1.07200311704127,0.931432905261996,1.10055964421233,1.07200311704127,1.07200311704127
"ath-miR783_st",0.829743157525083,1.03143649322647,0.558098234060629,0.967682278904903,1.3179807515212,1.54939465967587,1.35969060137833,0.85979830262501,1.10866683086101
"ath-miR822_st",1.23922316506451,0.950668057062392,0.942926626975451,0.942926626975451,0.81020641297396,0.99044423402793,0.969633909677395,0.942926626975451,0.80241386165416
"ath-miR823_st",0.869239944108582,0.826621240063901,0.977375339764336,0.816833728656686,0.962016055932063,0.854499238658468,0.880587942978253,0.869239944108582,0.869239944108582
"ath-miR824_st",0.749842345026062,1.31584866587057,0.870767244563371,0.951535680727449,0.837226381618235,0.951535680727449,1.23922316506451,0.779897490125989,0.98313495341492
"ath-miR825_st",0.866981521576794,0.836358757953178,1.0114068500866,1.04052606956435,0.959757633400274,0.959757633400274,0.880116626411647,0.974744403688581,0.759638797291049
"ath-miR826_st",1.07200311704127,0.846665790080414,1.15695348061009,1.52854073296985,0.628047871432218,1.10530426392376,1.51862079386656,1.07200311704127,1.2006717430963
"ath-miR827_st",1.09871039974321,1.07200311704127,0.783389628418875,0.784379350840642,1.07200311704127,1.28131703770146,0.977375339764336,1.07200311704127,1.33274507348176
"ath-miR828_st",0.857891945238911,0.830450858987766,1.57311621064446,0.857891945238911,0.857891945238911,0.857891945238911,0.677134551749786,0.65633901748622,0.996786939906929
"ath-miR829.1_st",0.967049227746445,1.06167700502338,1.27099092568357,1.45686322528665,0.985406927627909,1.54939465967587,0.859983669321992,0.913072924553037,1.06167700502338
"ath-miR829.2_st",1.17849712957563,1.05701634675296,1.27905940686486,1.24321665234999,1.26330177030066,0.855297142016056,1.00050533832695,0.913072924553037,0.86598708698162
"ath-miR830-star_st",0.864082837442906,0.93717373982388,1.15695348061009,0.981152997653797,0.912078430283031,0.981152997653797,1.18389011842203,0.762260951709252,1.03489995469759
"ath-miR830_st",1.05701634675296,1.25870968245435,1.17649974127839,0.89808615426473,1.25870968245435,1.05701634675296,0.869239944108582,0.764043096172624,0.970889449430171
"ath-miR831_st",0.742672488354156,0.663634232764083,0.984302006347924,0.913072924553037,0.742672488354156,1.15695348061009,0.91400561066437,0.91400561066437,0.965968891686119
"ath-miR832-3p_st",1.2145902736085,1.1913626387337,1.41572148530839,0.913072924553037,1.52695459335872,1.29601838656231,1.2145902736085,1.02585938817712,1.2145902736085
"ath-miR832-5p_st",1.40332115903987,0.751836727632768,1.50605597959732,1.03467783267839,1.18551000778116,1.0645580911858,1.55709726014092,1.10055964421233,0.942562137835435
"ath-miR833-3p_st",0.857891945238911,0.834664310364112,0.963816655408118,0.790803791631122,0.915220836731158,0.945275981831085,0.725171731237421,0.857891945238911,1.16065346006645
"ath-miR833-5p_st",1.16512553837822,0.587391608721715,0.940902529637301,0.869239944108582,0.762333589751819,0.869239944108582,0.869239944108582,0.869239944108582,1.154750147242
"ath-miR834_st",1.51132784503753,1.09523075191607,0.759638797291049,1.40898885922553,0.981637122024132,0.973895691937191,0.85580513258536,0.915894994576629,1.40332115903987
"ath-miR835-3p_st",1.07272903372736,1.29602543705933,0.839626502613775,1.07272903372736,0.831764856379277,1.19709259081873,1.1663453623229,0.934633911288522,1.02889605328291
"ath-miR835-5p_st",0.950668057062392,0.924872788333083,1.03143649322647,1.12421260504995,0.950668057062392,0.950668057062392,0.869727783377914,0.893339165570145,1.01751796271427
"ath-miR836_st",0.933188831561637,0.91424362467115,1.13202276993231,0.913072924553037,0.999193988239973,0.999193988239973,0.869239944108582,1.2145902736085,1.05345405430921
"ath-miR837-3p_st",4.1164054355828,6.70110117884189,5.67938414786791,6.23157037426866,5.29840986720527,5.26011312341427,4.46887882588076,3.66856441849182,4.94284426703857
"ath-miR837-5p_st",0.836358757953178,0.836358757953178,1.03805209365456,0.711941712853142,0.823795199008423,0.943654479933725,0.836358757953178,0.930986535230111,0.728223362297424
"ath-miR838_st",0.703638543951687,0.917793921404006,0.950668057062392,0.970401816045284,0.836358757953178,1.00799694855464,0.900661173164477,0.836358757953178,0.720176715530459
"ath-miR839_st",1.39521523981292,1.44818436934722,1.40332115903987,1.18244147179682,1.07201119874252,1.71280987631503,1.48106555550262,1.36665871264185,1.24532365266297
"ath-miR840_st",1.46695233898546,1.28163924783313,1.86101393671529,1.54939465967587,1.82048753878116,1.2056204272233,1.7166147076991,1.54939465967587,1.6780632857309
"ath-miR841_st",0.993730388512307,0.836358757953178,0.954326230319653,1.11326171618701,0.857449240989669,1.26861688471955,0.954326230319653,0.873829209231102,0.662979336676244
"ath-miR842_st",1.38023974687566,1.23922316506451,0.818680846870663,1.14870846207455,1.24175374489885,1.6258848789419,1.2161417529003,1.72873041701531,0.999797545733797
"ath-miR843_st",1.02941619210686,0.950668057062392,0.815178790646449,0.76398256519566,0.782297604491044,0.942926626975451,1.02941619210686,1.07200311704127,0.972769053422726
"ath-miR844-star_st",1.24185509333816,1.24185509333816,1.03143649322647,1.52854073296985,1.40332115903987,1.10083851152701,1.24185509333816,1.78024792826509,1.02411855086488
"ath-miR844_st",1.13494926661987,1.2145902736085,1.2145902736085,1.33120840376556,1.2145902736085,1.2145902736085,1.33980984753848,1.07200311704127,1.13787031294637
"ath-miR845a_st",1.26666306981619,1.07200311704127,0.89440866879315,1.36107219020483,1.10866556343929,1.18931085804445,1.31723920976038,1.10866556343929,0.906262577305451
"ath-miR845b_st",1.09324007298902,1.25517799488751,1.07200311704127,0.990575004087461,0.857746222395128,0.878957309307362,0.990575004087461,0.897939300212676,0.990575004087461
"ath-miR846_st",1.10866556343929,1.11256974085607,1.07200311704127,1.04113008887511,0.950668057062392,1.27828854058897,1.07200311704127,1.03440798453192,0.722043664781694
"ath-miR847_st",0.977375339764336,0.865717693493569,1.10866556343929,0.950668057062392,0.843195373300628,0.950668057062392,1.15340517783063,0.668419924726869,0.904821124566425
"ath-miR848_st",1.29602543705933,1.29602543705933,0.982074977697975,1.34187236955529,1.41736049703821,1.15525520597657,1.35620787003908,1.31541650622921,1.55431802329377
"ath-miR849_st",0.890773131394316,0.687890781811024,0.893916708695839,1.06431767938187,0.736161747491411,0.763763059072792,0.869239944108582,0.869239944108582,0.609508066482496
"ath-miR850_st",0.90742367421041,0.868872252242204,0.776866072585195,1.26442616437186,1.28131703770146,0.618868566208295,1.10055964421233,0.913072924553037,1.2006717430963
"ath-miR851-3p_st",0.731007661334555,1.53399550769167,0.73641116241625,1.52854073296985,0.836358757953178,1.15695348061009,1.10055964421233,1.50564225723947,0.954304064666519
"ath-miR851-5p_st",0.857891945238911,1.07200311704127,0.878565191829486,0.618868566208295,0.957693817932056,0.950668057062392,0.977375339764336,0.777798758696528,1.07200311704127
"ath-miR852_st",1.10866556343929,1.62157944792372,1.11433477656541,0.996792180357457,1.15695348061009,1.03561842063121,1.4784832583615,1.15695348061009,1.07959767846113
"ath-miR853_st",0.978109143313537,1.06821065327035,0.950668057062392,0.978109143313537,0.950668057062392,1.0089821714797,0.978109143313537,1.07200311704127,1.19753164709631
"ath-miR854a_st",8.89097036054938,9.24588941245912,8.23953540129714,8.84841700605462,8.84841700605462,9.24485682951912,8.7620790325099,8.96273393284226,8.67797932709327
"ath-miR854b_st",9.13317473681879,9.27241747775898,8.55422582779482,8.86999791764184,8.98100401545858,9.17448999178337,8.91850099069438,9.11045337227196,8.78765274088675
"ath-miR854c_st",8.94994174825948,9.23931456170444,8.37595028148125,8.83249771636092,8.88838109060207,9.1650267957123,8.85661146557436,8.9737803281071,8.71453947399926
"ath-miR854d_st",9.07339235473762,9.26238923382653,8.42036331899337,8.86893974523959,8.92896467925545,9.19738375115396,8.87628706099294,9.17850696184332,8.86563875408659
"ath-miR854e_st",8.96369454430475,9.14666793690404,8.23839621500403,8.86725445248379,8.96369454430475,9.14472680331126,8.77313591038284,8.99318571081563,8.94956310516786
"ath-miR855_st",1.11721883450943,1.42863401268624,1.28131703770146,0.913072924553037,1.10465527556467,1.48044143921551,1.4485370857247,1.57344205346769,0.995929032730257
"ath-miR856_st",0.950668057062392,1.27369645274266,1.19703573549217,0.820561901909682,0.950668057062392,0.950668057062392,0.751125998830844,1.41628360930989,0.950668057062392
"ath-miR857_st",1.01702632017407,0.977375339764336,0.934756635719655,1.00383120309042,1.09168463887355,0.963263465638713,0.87587942904654,0.783243725171755,1.12469231474911
"ath-miR858_st",1.25300072101994,0.995946821739245,1.09153465531823,0.618868566208295,1.09153465531823,1.03082409569699,1.23691099908733,0.804608560494508,0.831802777692142
"ath-miR859_st",1.18271381436263,0.681624698625146,1.00328300220069,1.05814074082416,0.950668057062392,0.791425864746159,1.11788810508563,0.913072924553037,0.950668057062392
"ath-miR860_st",1.0884262594553,1.13152967798464,1.10866556343929,1.17799628946162,0.945779684095151,1.0884262594553,1.11698278662637,1.19435096962451,0.759638797291049
"ath-miR861-3p_st",1.46324548508256,0.911841816788634,0.836358757953178,0.87424668427928,1.28131703770146,1.28131703770146,1.05114919033525,1.07200311704127,1.29602543705933
"ath-miR861-5p_st",0.748974721361005,0.748974721361005,0.687444126541213,0.721533635109859,0.748974721361005,1.15371231992266,0.872159025809003,0.641852018803378,0.950668057062392
"ath-miR862-3p_st",0.913072924553037,0.913072924553037,0.967134078015171,0.674346580343787,1.05914642518903,1.24372190519211,0.913072924553037,0.913072924553037,0.736926503379458
"ath-miR862-5p_st",0.951737894293692,0.966446293651559,0.951737894293692,0.8290656362344,1.15343122999508,0.931432905261996,0.748974721361005,0.951737894293692,0.748974721361005
"ath-miR863-3p_st",0.981348437230311,0.992576113724664,0.809494855737368,1.5221384392996,0.793725405572672,0.950668057062392,0.769279710392701,0.970973046094088,0.970973046094088
"ath-miR863-5p_st",0.886054697320439,0.886054697320439,0.886054697320439,0.940115850782572,0.886054697320439,0.76471963734156,0.748974721361005,1.54278199729448,0.862303866192613
"ath-miR864-3p_st",0.96982427291959,0.984811043207897,0.950668057062392,0.96982427291959,0.728860095571503,0.96982427291959,0.96982427291959,1.2337464894657,0.734988387702192
"ath-miR864-5p_st",1.12866146222377,1.44389399773486,0.764673221132874,1.03143649322647,0.836358757953178,0.841393181795003,1.02599639332221,1.36022395539073,1.03143649322647
"ath-miR865-3p_st",1.08396054832325,0.950668057062392,1.40332115903987,0.994501037506847,0.950668057062392,0.917786870906987,1.21050083549038,0.80206397659205,0.654122562286068
"ath-miR865-5p_st",1.40332115903987,1.2006717430963,1.43303426058627,0.706787501005336,0.950668057062392,1.0320961700162,1.01497047227369,0.950668057062392,0.759638797291049
"ath-miR866-3p_st",1.10866556343929,0.867701386091205,0.707917104002046,0.950668057062392,0.755590321789099,0.950668057062392,0.900582572246609,1.04436314822799,0.91400561066437
"ath-miR866-5p_st",0.80778784281616,0.997836948309897,0.836358757953178,1.16464157301972,1.21576660206525,0.895171879408333,0.80778784281616,0.804961801760682,0.895171879408333
"ath-miR867_st",0.857891945238911,1.07933668311742,0.950668057062392,0.950668057062392,0.950668057062392,0.950668057062392,0.950668057062392,1.07200311704127,0.607144096283443
"ath-miR868_st",0.708659638112183,0.585987380052891,0.726757611135644,1.49565954681445,0.836358757953178,1.14389832429088,0.836358757953178,1.07200311704127,0.58189726959915
"ath-miR869.1_st",1.05701634675296,1.44389399773486,0.836358757953178,1.11219732606709,1.07200311704127,0.878600443834382,0.936751124005386,1.05701634675296,1.05701634675296
"ath-miR869.2_st",0.981901607084461,1.27627263556437,0.784758906559951,1.07200311704127,0.646309652459441,1.2159465392412,1.07200311704127,0.959793553341611,1.19723221287004
"ath-miR870_st",0.991935003331017,0.9439459527192,1.36572602653052,0.913072924553037,0.813125329016109,0.913072924553037,0.831644811599228,0.855744033060791,0.913072924553037
"bdi-miR1122_st",0.977375339764336,0.950668057062392,0.977375339764336,0.977375339764336,1.12255766703971,1.15695348061009,0.977375339764336,0.950919476438253,0.977375339764336
"bdi-miR1127_st",1.66406311548037,1.09710071439367,1.20170720450052,1.23032568020288,1.96275643146505,1.64275369784735,1.66406311548037,1.66406311548037,1.66406311548037
"bdi-miR1135_st",2.17116679400077,2.02496498249842,1.74554527005929,2.06977113545996,1.73450383871382,1.89669490861465,1.93724095948205,2.14103281739623,1.9808715171436
"bdi-miR1139_st",0.965096762684507,1.2006717430963,1.07200311704127,1.03453266576335,1.54939465967587,0.886946188182702,0.870309781339883,1.07200311704127,1.07200311704127
"bdi-miR156_st",0.66228785917664,1.27148886104301,0.73641116241625,1.07526947367093,1.00770070182997,0.950668057062392,0.913072924553037,0.875477792043683,0.78785335062306
"bdi-miR160_st",1.50966944873045,0.483491797955385,0.851819459539736,0.805485729787015,1.05701634675296,1.8974021433372,1.23922316506451,1.2145902736085,0.950668057062392
"bdi-miR166_st",1.23922316506451,1.29602543705933,1.53167854938709,2.59977165371394,2.66632875874303,1.66497104064794,1.79151132781508,1.38307446891675,1.29602543705933
"bdi-miR167_st",0.950668057062392,0.73641116241625,0.950668057062392,0.950668057062392,1.15695348061009,1.25460975499952,0.950668057062392,0.916420469916257,0.774220288573643
"bdi-miR169a_st",0.941445515416056,1.02938441299659,1.07200311704127,1.32440974380681,1.19333817702015,1.26073400247265,0.990575004087461,1.07200311704127,0.911261385588418
"bdi-miR169b_st",1.40332115903987,2.01033166085215,1.28131703770146,1.44541524089349,1.28131703770146,1.28131703770146,1.11721883450943,1.22398814620921,1.29602543705933
"bdi-miR171a_st",1.18146203499772,1.07416631301717,1.22203487369271,1.04969686345407,0.942224179692301,1.18146203499772,1.08672987196193,1.07416631301717,0.759638797291049
"bdi-miR171c_st",1.18764710091084,1.06616631808818,0.976064808131369,1.18502602704073,0.950668057062392,0.950668057062392,0.948769999265686,0.992602979710141,1.12127160576517
"bdi-miR171d_st",1.09573890843777,1.212360956225,0.895288484183094,0.644917106282808,1.15695348061009,0.976716597136904,1.14364605692613,1.03143649322647,1.03143649322647
"bdi-miR172d_st",1.07200311704127,0.964707395060723,1.56522905771374,1.22776371797383,1.07200311704127,1.07200311704127,1.10055964421233,1.07200311704127,0.963867721385516
"bdi-miR397_st",0.805726069727558,0.783448009039156,0.519480424381147,1.08818784159302,0.994298614723939,0.950668057062392,0.950668057062392,0.913072924553037,0.950668057062392
"bdi-miR399_st",0.719597671206552,0.692156584955407,1.07614907067672,0.805485729787015,0.70425818998313,1.0239560758095,0.789093835593706,0.832926816038161,0.870521948547515
"bdi-miR408_st",1.84863159629651,1.2006717430963,1.08636244398709,1.40332115903987,1.67441403814516,1.40332115903987,1.57778759114899,1.36572602653052,1.11550092601569
"bdi-miR437_st",0.80204322280995,0.929177741274622,0.86634563802125,0.80204322280995,0.73641116241625,0.780510035524217,0.839076231317813,0.746440527443029,0.812707298739995
"bdi-miR444_st",1.15139002722698,0.949263949799156,1.07200311704127,0.913072924553037,1.29798686637872,0.912366648196361,0.842930745117523,0.992314111894961,1.37701196004881
"bfl-let-7-1-as_st",1.17833999965801,1.2243832657366,1.2243832657366,1.26442616437186,1.88791732390766,1.2243832657366,0.881048912214071,1.54939465967587,1.14167755325999
"bfl-let-7_st",13.4262954754888,13.38039235663,13.4495658271624,13.3620886720338,12.9662336391203,12.8836181017022,13.4343106596897,13.2133815306956,13.471003793578
"bfl-miR-1_st",0.870132703492915,0.745418623571512,1.04367725148047,0.962908815316395,1.26685051325352,1.04254982230502,0.962908815316395,0.913072924553037,0.886188854654266
"bfl-miR-100_st",11.1304009231313,11.3173880221014,11.2076874509576,11.2618616892936,11.2056658244758,11.2076874509576,11.0390764943952,11.1866252702111,11.2865370358104
"bfl-miR-10a-star_st",1.89460457913909,2.02388336095115,1.75170860515141,1.97424558612772,2.08855488523693,1.97424558612772,2.72645667747861,2.59710562099951,1.89347714996364
"bfl-miR-10a_st",2.01033166085215,1.93107391698692,1.55703274025161,1.8232640520844,2.02560652714377,1.93107391698692,2.28543930557176,1.75943572638546,2.0153236288467
"bfl-miR-10b_st",0.977375339764336,1.14870846207455,1.09573933254025,1.14870846207455,1.14870846207455,1.84863159629651,1.31592851009779,1.26374984542639,1.14870846207455
"bfl-miR-10c_st",0.818439509270798,1.17656882798994,1.12279791387375,1.40987707670498,1.36386872307176,1.17656882798994,1.02817013659681,1.07200311704127,1.12279791387375
"bfl-miR-124_st",1.08607868004612,0.978782958065573,0.836358757953178,1.19717337409447,0.781720275443169,1.08607868004612,1.5426162959747,1.12894743742765,1.08607868004612
"bfl-miR-125_st",11.142740096281,11.1249961765915,11.1432010227066,11.1619750597885,11.029953106379,10.992525631636,11.1781698087513,11.1343854762982,11.2208283631697
"bfl-miR-125b-as_st",1.10866556343929,1.09610200449454,1.31035889914068,1.09610200449454,0.614098174397523,1.13819587713149,1.05226902405008,1.01602985956451,0.933905455376649
"bfl-miR-129-star_st",1.07200311704127,1.72873041701531,1.04329397908869,1.03143649322647,1.07200311704127,1.07200311704127,1.08638598232658,1.07200311704127,0.99135782243611
"bfl-miR-129_st",0.831327151360948,0.995404126446083,0.794664704962926,0.954837502631283,0.759759767357991,1.20471804710627,0.954635153475212,0.928381639305199,1.12598274696153
"bfl-miR-133_st",0.887638242213176,1.07768734770691,1.16263771127574,1.01056115406713,1.03164408162833,1.22376084834291,1.23922316506451,1.313331706795,0.904176413791947
"bfl-miR-135a_st",0.857891945238911,1.24866487917806,1.35160614763246,0.674346580343787,0.806724634862466,1.00584903637652,0.937705816009045,0.913072924553037,0.806724634862466
"bfl-miR-135b_st",1.09367879315098,1.2006717430963,1.28131703770146,1.33648486471893,1.05701634675296,1.05701634675296,1.05701634675296,0.876996606286006,0.850730923205262
"bfl-miR-137_st",0.79280770180546,1.11583609748573,0.782467762362481,0.913072924553037,1.05825525182841,0.836358757953178,0.869239944108582,0.935901889624469,0.913072924553037
"bfl-miR-182_st",0.863284020470219,0.950668057062392,1.15695348061009,1.26442616437186,1.06497735617161,0.649001256788556,0.869239944108582,0.913072924553037,0.950668057062392
"bfl-miR-183_st",6.85303813986247,6.7611693847451,6.73008022518688,6.91838570632925,6.1331693878295,6.31977032661947,6.81380387840758,6.05612360586541,6.9889569851136
"bfl-miR-184_st",0.83381036697158,1.2006717430963,0.997908570163613,1.04174155060807,0.569965893528733,0.747537192263326,1.02461585286556,0.997908570163613,0.997908570163613
"bfl-miR-19-star_st",1.23922316506451,1.37829512151374,1.15695348061009,0.995342609007451,1.36358672215587,1.12491386595529,1.89149712255827,1.17492074985321,1.36392295626166
"bfl-miR-190_st",0.88355591059236,0.969878805336493,1.17622038317928,1.11440166277613,1.03363322661205,1.15695348061009,0.869239944108582,1.03363322661205,0.539802801497055
"bfl-miR-193_st",0.857891945238911,0.836358757953178,1.16478017853176,0.96918753964551,1.14183901390768,1.05061565259932,0.96918753964551,0.952519722515845,0.96918753964551
"bfl-miR-200a_st",6.28994488371929,5.91699413425269,5.13110938672238,5.2696084085433,5.71402946514198,5.45545251545952,5.71402946514198,5.62912748101192,5.85640268796924
"bfl-miR-200b_st",1.30796746507685,1.16320129181838,1.2006717430963,1.57576921883655,1.07200311704127,1.07902468328942,1.2006717430963,1.22006281226618,1.2006717430963
"bfl-miR-200c_st",1.07200311704127,0.962201950920257,0.892766047841418,1.65438392593693,1.41533650175323,1.07200311704127,0.811825774156941,1.13667041857621,1.07200311704127
"bfl-miR-2013_st",0.744510398402749,1.26708085231456,0.759638797291049,1.03143649322647,1.03143649322647,1.11638685679529,1.06998791519468,0.763450558466995,0.985589560730504
"bfl-miR-2056_st",0.646309652459441,0.926460267909986,0.89640512281006,0.714659186217777,0.73641116241625,1.11706271160985,0.839076231317813,0.839076231317813,0.839076231317813
"bfl-miR-2057_st",1.26552077119544,1.70302495490085,1.75720911093268,1.40079057920553,1.40332115903987,1.27002866777902,1.35969060137833,1.59543792575445,1.9679991099596
"bfl-miR-2058_st",1.00047910180614,1.2145902736085,1.11885146136717,1.52854073296985,1.2145902736085,1.19960350332019,1.44710556951902,1.30921805088543,1.2145902736085
"bfl-miR-2059_st",0.710719050187263,1.33876638913487,0.913072924553037,0.989778269586318,1.09383031804216,0.71135371981613,1.14147354295637,0.913072924553037,0.851923931595403
"bfl-miR-2060_st",0.977375339764336,0.992083739122203,1.28131703770146,0.8529582946643,0.977375339764336,1.21039250866169,0.977375339764336,1.42478871907818,0.869239944108582
"bfl-miR-2061_st",1.36358672215587,1.07503161415376,0.99360350119995,0.99360350119995,1.28131703770146,0.853033289420677,0.99360350119995,0.673796220220825,0.99360350119995
"bfl-miR-2062_st",0.950668057062392,0.817839275370059,1.2145902736085,0.950668057062392,0.809651475251233,0.950668057062392,0.950668057062392,0.873962712029111,0.950668057062392
"bfl-miR-2063_st",1.14923218725409,1.07200311704127,1.11256974085607,1.15277155320535,0.589999286944257,1.07200311704127,0.789541345175805,1.33592533358738,1.07200311704127
"bfl-miR-2064_st",1.10866556343929,0.836358757953178,1.10866556343929,1.26442616437186,0.950668057062392,0.728669732329309,0.856040279785458,1.07200311704127,0.732931514589104
"bfl-miR-2065_st",1.54412150462406,1.54412150462406,1.44796637285806,1.93107391698692,1.23865245219787,1.00300809310977,1.66934107855404,1.54412150462406,1.54412150462406
"bfl-miR-2066_st",1.28131703770146,1.39562633681067,1.58525873563858,1.21701462249016,1.28131703770146,1.46089517854722,1.40906719146579,1.07200311704127,1.37594481497839
"bfl-miR-2067_st",1.5310369597944,1.19454861311945,0.919514821081664,1.15695348061009,0.773441320445672,1.15695348061009,0.955260144908705,1.36115771532023,1.15695348061009
"bfl-miR-2068_st",0.977375339764336,0.977375339764336,0.977375339764336,1.14870846207455,1.21330233058974,1.07199429547469,0.977375339764336,0.910648575671375,0.900655379102208
"bfl-miR-2069_st",0.932994697660438,1.42801623487498,1.07007467361987,0.805485729787015,0.931002717170637,0.977001526975026,1.33550830053107,2.18476848150625,1.04632384249205
"bfl-miR-2070_st",0.977375339764336,1.07200311704127,0.987052753472448,1.26442616437186,1.25158125788703,1.39765475852302,1.01560928064351,0.913072924553037,1.01637270435787
"bfl-miR-2071_st",2.71426656221325,2.01033166085215,1.56719939759862,2.21840898509419,2.39971803638312,2.37469406942642,2.24557161841625,2.76371840222199,3.15538848633101
"bfl-miR-2072_st",1.28232620485501,1.3612241167133,0.950668057062392,1.9023978247119,1.48474927199368,1.24691481760409,1.15953078101192,1.38349936988734,1.37745355001314
"bfl-miR-2073_st",1.5310369597944,1.86102800546204,1.58524051599611,1.5236737654279,2.10875960100189,2.21907044733268,1.58999829262296,2.33164904675097,2.30209589069008
"bfl-miR-2075_st",0.859011771090904,0.822975240612429,1.24185509333816,0.954172902380236,1.08678147800715,0.913072924553037,0.913072924553037,0.848770509341738,0.836352963890908
"bfl-miR-2076_st",0.977375339764336,0.923226970811246,1.44091629154923,0.820561901909682,0.836358757953178,1.05701634675296,0.950668057062392,1.07200311704127,0.950668057062392
"bfl-miR-210_st",7.61481685685355,7.91619804223429,7.9052030385023,8.12775196217065,8.7828341432341,8.80425847748613,8.30187456020083,7.77217103575731,7.35994415117056
"bfl-miR-216_st",1.37409919035049,0.88430219311949,1.14133133275751,0.936808715949537,0.933657077278129,0.741730980676244,0.977375339764336,0.977375339764336,0.977375339764336
"bfl-miR-217_st",0.688662138975433,0.975588233799154,1.27017803467865,0.975588233799154,1.22546877827414,0.975588233799154,1.1577950521107,0.698691504002212,0.869239944108582
"bfl-miR-219_st",1.23197942437975,1.06475937635651,0.977375339764336,0.759885148019454,1.06475937635651,1.14618965762103,0.869239944108582,0.884739635889552,0.752021134906275
"bfl-miR-22_st",1.63445875660184,1.44147593920736,1.22721904456122,2.11118776092137,1.05505311902139,1.34532080744136,2.25499297420291,1.56281099918624,1.7868333192043
"bfl-miR-242_st",0.977375339764336,0.992362110052643,0.977375339764336,0.773274968751234,1.06414889306961,0.977375339764336,0.895947226810527,0.910648575671375,0.865621498089086
"bfl-miR-252a_st",1.45684081961622,1.2006717430963,0.998816874924608,1.14870846207455,1.35040179777594,1.01860230692184,1.14870846207455,1.31280666526658,1.06258156475176
"bfl-miR-252b_st",1.22551965527714,1.44389399773486,0.97963341705481,0.955163967491702,1.37159315591313,1.245754690008,0.922758140449603,1.11246219874714,1.1500573312565
"bfl-miR-278_st",0.963729305409327,1.29400144177435,1.57360447236555,1.0274840545201,1.05835708268626,0.950668057062392,1.09123826884167,0.95804815144126,1.18702570874129
"bfl-miR-281_st",0.977375339764336,0.840765297829387,0.977375339764336,1.02148132953039,0.819377833387436,0.940712893366315,0.807992679364824,0.940712893366315,1.06204795334519
"bfl-miR-29a_st",1.5310369597944,1.84418748859945,1.1876263567245,1.8135034944496,1.41129092566928,1.16702882965661,1.52854073296985,1.36753375799375,1.50157681608585
"bfl-miR-29b_st",1.67694389714181,1.142596139169,1.89808343630525,1.18496342383782,1.27847947013828,1.54655709211268,1.35394734758341,1.35685303381514,1.67550313111014
"bfl-miR-31_st",11.0275339339326,10.5121326979396,10.6939002774948,10.5406075560524,10.3139788113877,10.3733230529638,11.1318098399207,10.8123998918033,10.6273747156343
"bfl-miR-33_st",0.664613366893452,1.01291035698691,1.09367879315098,0.855085497011758,1.05701634675296,1.05701634675296,1.10055964421233,0.89808615426473,1.31384791089649
"bfl-miR-34_st",1.83683356890359,2.05891141210659,1.47992397800403,1.28652336944741,1.68268715093672,1.39695629370299,1.68268715093672,1.88287683498218,1.90670947095478
"bfl-miR-34b_st",1.06809893962449,1.17661882050185,1.14574579233568,1.03143649322647,1.03143649322647,0.836358757953178,1.03143649322647,0.851416752759512,1.03143649322647
"bfl-miR-375_st",0.697184707640982,0.618868566208295,0.828474931315937,1.19994962893891,1.24350950665321,0.887599924817541,1.5008969857776,1.07200311704127,0.920481110972946
"bfl-miR-7_st",2.60564615223845,1.72486001124018,1.27473748909704,1.58849559640651,1.60538646973611,1.67321079455385,1.83706957493984,2.02189957118323,2.439166235033
"bfl-miR-705_st",6.47295614482909,6.42333397503719,5.19864070857706,6.16641469553097,6.42333397503719,6.61961397212086,6.87786217469411,6.81936907350922,5.57204449785442
"bfl-miR-71_st",1.42699956770889,1.48270981133479,0.960139357422979,0.993262132431396,1.01097308067438,1.05701634675296,1.05701634675296,1.4928616840581,1.5625326282558
"bfl-miR-9-3p_st",0.977375339764336,1.36930570555603,1.06494730095308,1.60939223268446,1.12839695343903,1.15695348061009,1.3972505092949,1.07200311704127,1.07630818600493
"bfl-miR-9-5p_st",0.748974721361005,0.85368313126433,0.772255018310521,1.14870846207455,0.99624943084594,1.042375335945,0.908865394253767,0.926356980408939,0.723953994275098
"bfl-miR-92a_st",11.8559404886487,11.8553593022897,11.7728876964135,11.6972950120967,11.7252263763696,11.8044191927308,11.8458000140769,11.7411507961649,11.9167209466076
"bfl-miR-92b_st",8.73267922461172,8.92824833125692,8.75834024250613,8.78713188114051,8.59579562374314,8.36466568430543,8.83435315076195,8.54073135322489,8.81527540975345
"bfl-miR-92c_st",8.67587173867551,8.66094216277002,8.51886376140353,8.4303928866816,8.39299912816458,8.5722319662492,8.61765316502745,8.40633577523156,8.1047031378833
"bfl-miR-96_st",1.22737902579825,1.22737902579825,0.977375339764336,1.68831150607747,1.48074824841478,1.22737902579825,1.3395885894979,0.856456955835842,1.22737902579825
"bhv1-miR-B1_st",0.977375339764336,0.795435090335569,1.24917303569976,1.03143649322647,1.15695348061009,1.01644972293816,1.48797410915505,1.03143649322647,1.01204542405659
"bhv1-miR-B10_st",6.52673026482515,6.08202503172467,5.93672301507484,6.37865973843248,6.90144248963897,6.52673026482515,6.13123840484147,6.96761597845579,6.64980687184822
"bhv1-miR-B2_st",1.54203155552195,1.2006717430963,0.828942438788446,1.13645943755526,0.961662652789936,0.847353353680722,0.874278616197763,1.52609447404228,0.880234539836127
"bhv1-miR-B3_st",4.60264785741535,3.7168624185757,2.71685660690515,3.38564556153259,3.35216770078501,5.05493535394093,4.56822945714792,4.76485228311315,2.12351809250375
"bhv1-miR-B4_st",1.2006717430963,1.2006717430963,1.52854073296985,1.17323065684515,1.2006717430963,1.2006717430963,1.2006717430963,1.17347752589867,1.21201974196597
"bhv1-miR-B5_st",3.64592809278626,3.08588435105128,1.84517179036134,2.80709376242587,3.08588435105128,3.08588435105128,2.79470903709358,2.80474760749381,3.15186604290933
"bhv1-miR-B6-star_st",2.14482751013677,1.16429859576296,2.26109485630235,1.74197226300322,1.38178878750784,1.56703035245967,1.96397037457941,1.76635659500888,1.49989055038798
"bhv1-miR-B6_st",3.05648201606007,2.201431776309,2.74200899912806,3.03478547602935,2.53577115711782,2.12351809250375,3.58653973154228,1.97239477274437,3.18283994069508
"bhv1-miR-B7_st",1.25464143345793,1.57329153075292,1.28341997975867,2.06977113545996,1.70058635949995,1.72873041701531,1.50543401368334,1.72873041701531,2.31926505575179
"bhv1-miR-B8-3p_st",1.07200311704127,1.17211521592524,1.07200311704127,1.50007052345995,1.49794893631681,1.04529583433933,1.07200311704127,1.07200311704127,1.07200311704127
"bhv1-miR-B8-5p_st",1.18283662732486,4.91588553474427,2.28983500606314,3.90511750655618,2.39809756867514,2.05983202009131,3.14845015789747,2.65890259928477,3.39243383489415
"bhv1-miR-B9_st",1.27588561146253,1.05701634675296,0.735101711248074,1.43745302560355,1.10866556343929,1.05701634675296,0.906972227737905,1.2145902736085,1.10866556343929
"bkv-miR-B1-3p_st",0.608714519950086,0.950668057062392,1.15695348061009,0.66270154665275,0.989792885215166,0.68812608494133,1.24132703270489,1.25842325405295,0.913072924553037
"bkv-miR-B1-5p_st",1.58895884344672,1.07200311704127,1.21897562249079,0.973193412359592,1.09871039974321,0.968604244590506,1.09871039974321,1.33592533358738,1.14242866222942
"bma-bantam_st",1.10866556343929,0.950668057062392,1.21718544431665,1.07200311704127,1.00936009890698,0.857720353359608,1.16726755404774,1.07200311704127,1.07200311704127
"bma-let-7_st",13.3944607336632,13.3865393740177,13.4364929807422,13.3952132218783,12.9828436672143,12.8549668551629,13.4324333391736,13.2832564436741,13.4433181015386
"bma-lin-4_st",1.23922316506451,1.23922316506451,1.21547233393668,1.1066145894376,1.15695348061009,1.40332115903987,1.4864468603329,1.23168296843841,1.34394857083055
"bma-miR-100a_st",0.748974721361005,0.950668057062392,0.981415285558223,0.950668057062392,0.950668057062392,1.15695348061009,0.646309652459441,1.43971000344762,0.950668057062392
"bma-miR-100b_st",11.7006831024449,11.7331416456997,11.6292265350921,11.5603327185327,11.6007888322827,11.5818866065991,11.6079687625471,11.6370771320976,11.5986100489825
"bma-miR-100c_st",1.93107391698692,1.62605497371958,1.76847285917259,1.93107391698692,1.82840884808535,2.04426034863852,2.05133913973449,1.72873041701531,1.94173799291696
"bma-miR-100d_st",0.950668057062392,0.950668057062392,0.549432663129457,0.950668057062392,0.950668057062392,1.09461147926232,1.11788810508563,0.950668057062392,0.91400561066437
"bma-miR-124_st",1.37051338873946,1.1317202355376,1.23922316506451,1.08861681700826,1.50730078703891,1.75366846546869,1.19539018462005,1.07200311704127,1.23922316506451
"bma-miR-133_st",1.10055964421233,0.765485555845071,1.33044751046749,1.10060652129494,1.25948983670057,1.02384547761248,1.10055964421233,1.2145902736085,1.01182710067581
"bma-miR-137_st",1.23922316506451,0.809197336063713,1.20860547846926,0.473638533211795,0.766093917534378,0.766093917534378,0.646309652459441,0.70799101534539,0.766093917534378
"bma-miR-153_st",1.10866556343929,1.33706618184262,0.950668057062392,1.76048142128381,1.43169395911956,1.51664432268838,1.33706618184262,1.27276376663132,1.43717828072659
"bma-miR-228_st",1.29561700146226,1.30225297991372,1.15695348061009,1.22070790188565,1.4235880398926,0.85480465781173,1.10055964421233,0.931518824411589,1.15695348061009
"bma-miR-236_st",1.06512480107659,1.42682616262404,1.10531371672328,1.3837227440947,1.02516156194881,1.16431206873351,1.52854073296985,1.41904226927877,1.40332115903987
"bma-miR-279_st",0.884599227940856,1.22737902579825,0.977375339764336,1.14870846207455,1.59719113544919,0.833719943420999,0.977375339764336,0.977375339764336,0.977375339764336
"bma-miR-281_st",0.913072924553037,0.880191738397633,0.836352963890908,1.0799954004914,0.913072924553037,1.10084932719742,0.913072924553037,0.876410478155016,0.759638797291049
"bma-miR-2a_st",1.03149181084695,1.07200311704127,1.14870846207455,1.14870846207455,1.14870846207455,1.04123577831279,1.41282303067255,1.2145902736085,1.54939465967587
"bma-miR-2b_st",0.991930793083293,0.991930793083293,0.672123512104168,1.14758081619179,1.07563399632927,1.52890831249203,0.991930793083293,0.779029866460931,1.29628919768624
"bma-miR-2c_st",0.824846998622773,1.11908288186495,1.24185509333816,1.30011684894549,1.46359164584931,1.22365067263593,0.748974721361005,0.93043825333187,1.14546905942085
"bma-miR-34_st",0.844655125762846,1.17941424416103,0.977375339764336,1.19851487892778,0.950668057062392,0.977375339764336,0.748974721361005,1.64949618664055,0.983549243217796
"bma-miR-36a_st",0.977128989035931,0.836358757953178,1.03143649322647,1.11852417954423,0.999050638040162,0.949687902784786,0.977128989035931,0.996520058205814,0.622581582981651
"bma-miR-36b_st",0.995434673285194,0.873953890462532,0.900661173164477,1.12200117937261,0.950668057062392,0.950668057062392,1.23922316506451,0.913072924553037,0.873953890462532
"bma-miR-50_st",0.950668057062392,1.28589649135796,0.618868566208295,0.950668057062392,0.998955974233192,1.05701634675296,1.07093327980997,0.950668057062392,0.845902914916194
"bma-miR-57_st",1.44389399773486,1.44389399773486,1.57613391858195,1.50543715212228,1.39785073165628,1.39785073165628,1.29351782097154,1.84312368562714,1.54303228463164
"bma-miR-7_st",0.857891945238911,0.640401753494029,0.963816655408118,0.949584060560499,1.18092034091918,0.857891945238911,0.667122288695034,0.812676227770754,0.771765047916119
"bma-miR-71_st",1.1818947165212,0.863648063936591,1.96767802404577,0.925191218324014,0.703838450424082,1.11684173447865,1.0164304293732,0.983549243217796,0.810038309302831
"bma-miR-72_st",11.4468494895705,10.9620618057665,11.1247624565305,11.0636618675686,11.0116389599774,10.914000988291,11.5020206712625,11.2423961884704,11.0981635815095
"bma-miR-79_st",1.23922316506451,0.836358757953178,1.54939465967587,1.26442616437186,0.700805939889115,0.822290776222605,1.23922316506451,1.2006717430963,1.2006717430963
"bma-miR-87a_st",1.04342834536969,1.07200311704127,1.00487692340149,1.00487692340149,0.640563938258366,0.964314091417401,1.01744048234624,0.806531450098083,1.00487692340149
"bma-miR-87b_st",1.27116984951765,1.2281097039348,1.01697034558547,1.17614642291305,1.10707185554228,1.05701634675296,1.19758655853224,1.04034509144932,0.939851807519046
"bma-miR-9_st",0.775755268947763,0.950668057062392,0.950668057062392,1.14574579233568,0.950668057062392,0.950668057062392,0.978109143313537,0.950668057062392,0.873948096400263
"bma-miR-92_st",7.80763583447337,7.7264340108008,7.51454533762045,7.51454533762045,7.38123457099443,7.32378424987869,7.67526020710054,7.45232201172813,7.79541573624456
"bmo-bantam-star_st",0.959819063896917,1.14679756318371,0.973286629268745,0.913072924553037,1.07323422480567,1.07323422480567,1.21425080661683,1.07323422480567,1.10611541096108
"bmo-bantam_st",2.19493640858342,1.43604482579854,1.42133642644067,0.965173378495206,1.40332115903987,1.40332115903987,0.933332607925722,1.2969728693493,1.2969728693493
"bmo-let-7-star_st",0.977375339764336,1.19299285715711,0.988723338634007,0.808541049557424,0.968688140813793,0.988723338634007,0.988723338634007,1.11005839861289,0.950668057062392
"bmo-let-7_st",11.9955346389471,12.0417379979956,11.8875461135374,11.948425202873,11.6111376532083,11.3469199925178,12.1093342774307,11.6997857723128,12.0920525545217
"bmo-miR-1-as-star_st",0.889465997197082,0.798763625443823,1.03440798453192,0.913072924553037,0.913072924553037,0.950668057062392,0.913072924553037,0.779029866460931,0.770435018804235
"bmo-miR-1-as_st",0.748974721361005,1.34557091910411,1.07200311704127,2.27253430839264,1.07200311704127,1.05701634675296,0.843602498637938,1.41735344654119,1.07200311704127
"bmo-miR-1-star_st",0.528767056251487,0.618868566208295,0.950668057062392,0.741559415183006,0.950668057062392,0.863980230029754,0.760618951568655,0.779029866460931,0.782126038997806
"bmo-miR-1_st",0.788331836126086,0.880338015783095,0.880338015783095,0.880338015783095,0.880338015783095,0.836358757953178,0.790236505826286,1.21592997040812,0.880338015783095
"bmo-miR-10-star_st",0.820296812729557,0.9439459527192,0.855436131554631,0.913072924553037,0.913072924553037,0.698790160871375,1.08496253453036,0.913072924553037,1.05825525182841
"bmo-miR-10_st",1.02963583237245,1.24288843940206,0.893916708695839,1.07365318953223,1.00149177485709,1.32353373400722,0.735009776699235,1.41023507141393,1.13575733136284
"bmo-miR-100_st",11.667427180758,11.7441940901731,11.6532085553748,11.6222104985262,11.6390938082347,11.6319818277788,11.5898441156897,11.6072770590244,11.574015378987
"bmo-miR-1000_st",1.1415467495947,0.983549243217796,0.983549243217796,0.83836691594242,1.01442227138396,0.846611934477961,0.869239944108582,1.17941143871994,0.577893050465173
"bmo-miR-11-star_st",0.857891945238911,1.05672832089637,0.672914551643135,0.913072924553037,0.891539737267304,0.691933385389594,0.990084567436595,0.913072924553037,1.00584903637652
"bmo-miR-11_st",0.935121015451733,0.825010759083507,1.23014634626195,0.857891945238911,0.975434541446866,0.836358757953178,0.857891945238911,0.65633901748622,0.857891945238911
"bmo-miR-1175-3p_st",0.971201436310877,1.05880345271815,1.03143649322647,1.24684503337573,1.07200311704127,0.944494153608932,0.977375339764336,0.977375339764336,0.977375339764336
"bmo-miR-1175-5p_st",1.1465894559806,1.2145902736085,0.938802784142565,0.984649716638532,1.2145902736085,1.2145902736085,1.24129755631044,1.2145902736085,1.40332115903987
"bmo-miR-12_st",0.977375339764336,1.07200311704127,1.29123288984961,1.15695348061009,1.26424920259064,1.41032270322663,1.15695348061009,1.1082844954943,1.0035193533481
"bmo-miR-124_st",1.05880345271815,0.912316544152797,0.893916708695839,1.01974262443316,0.950668057062392,0.942926626975451,0.72226743865906,1.07200311704127,0.877104718684354
"bmo-miR-133_st",1.29394437223681,0.851345528241485,1.07200311704127,0.935638702207601,1.07200311704127,1.1719402508984,0.748974721361005,1.27476628997396,0.774625567579356
"bmo-miR-137_st",0.806715212973859,0.804717824676622,1.08512879998752,0.980259760961417,0.950668057062392,1.15695348061009,1.10055964421233,0.926198607499284,0.730576423256411
"bmo-miR-13a-star_st",8.6915768054241,8.65583302151305,8.47048043635389,8.95489923249119,8.89966884189239,8.92529909134455,8.3892576591217,9.26647027623677,9.06857566662443
"bmo-miR-13a_st",1.23922316506451,1.2145902736085,1.49419330419969,1.18299100092103,1.09325521362962,1.09022671651713,1.27839523711164,1.33406381511256,1.07200311704127
"bmo-miR-13b-star_st",1.40332115903987,1.39440983842988,1.10585473042776,1.56239234635634,1.13101435355376,1.49829590949354,1.07138144274961,1.273074778451,1.05040012068876
"bmo-miR-13b_st",0.991595226664104,1.76002789952811,0.836358757953178,1.12563828475621,1.07200311704127,1.16323341726556,0.991595226664104,1.48110247861491,0.576626880327091
"bmo-miR-14-star_st",0.992961973940729,1.15706017713276,1.15706017713276,1.20520899499498,1.31599036962099,1.19465530964212,1.15706017713276,0.741396077577712,0.869239944108582
"bmo-miR-14_st",0.950668057062392,0.881593489691626,1.66974805880087,0.948137477228043,0.828663935723978,0.950668057062392,1.20895112139804,1.21718544431665,0.950668057062392
"bmo-miR-184-star_st",1.49162979183004,1.14386947110148,1.49162979183004,1.3439883072107,1.06256140292772,1.23922316506451,1.23922316506451,1.23922316506451,1.23922316506451
"bmo-miR-184_st",0.983132671494584,1.88695666945982,0.898570959922552,1.95502449871327,1.19636667413264,1.28131703770146,0.976944523599419,1.03743648164441,1.28131703770146
"bmo-miR-190-star_st",1.10866556343929,1.89347714996364,1.27292806751905,2.78939967129945,1.93260293011036,2.1076038592169,1.29756095897506,1.86958027888659,1.89347714996364
"bmo-miR-190_st",1.01331186947626,1.10531804913327,1.2006717430963,1.26442616437186,1.23826687560565,1.30796746507685,1.22922827026737,1.2006717430963,0.969352042992548
"bmo-miR-1923_st",0.857891945238911,0.73641116241625,0.912783241567954,1.34970317711768,0.879902055412549,1.10055964421233,1.10055964421233,1.24314680077956,1.29026370250987
"bmo-miR-1926_st",0.781682898382255,3.23589777253765,1.81728778775166,1.47353365030466,1.21711050381317,0.649360413483844,1.01434733088048,1.28111060297408,1.66406311548037
"bmo-miR-210_st",7.77344775771801,7.90740168873649,7.88496615437672,8.12288881332621,8.42534155544584,8.43829712370413,8.45094968310861,7.71513954919067,7.47240154073902
"bmo-miR-252-star_st",0.775755268947763,0.950668057062392,1.36323598408057,0.700787512587401,0.848002988160828,0.950668057062392,1.35969060137833,0.954909342517591,0.950668057062392
"bmo-miR-252_st",0.950668057062392,1.00799694855464,0.950668057062392,0.790506756809756,0.923960774360447,0.950668057062392,0.869239944108582,0.950668057062392,0.965194814567847
"bmo-miR-263a-star_st",0.883503448211921,1.018584569242,0.894167524141965,1.19439845913516,1.29148220746101,0.744275936992022,0.894167524141965,0.941704359577464,0.662847824038212
"bmo-miR-263a_st",1.07200311704127,1.14486966145949,1.07200311704127,1.32679487041998,0.692313052198969,1.07200311704127,1.07200311704127,1.07200311704127,0.759638797291049
"bmo-miR-263b-star_st",1.42478871907818,1.72873041701531,1.28377213726702,2.46921405208873,1.99680803898971,2.16958170331211,1.72873041701531,1.50470809699725,1.72873041701531
"bmo-miR-263b_st",1.07200311704127,0.96652623200548,1.52854073296985,1.38576122435073,0.950668057062392,1.32012995126914,0.925947781729562,1.21420329838388,1.18541827795003
"bmo-miR-2723_st",0.6421470712562,0.895864339074653,0.759638797291049,0.828776185466864,0.79319927017309,1.20390596446661,1.06308438709789,0.895864339074653,0.906528415004698
"bmo-miR-2724_st",1.26777969223557,1.10055964421233,0.893916708695839,1.26442616437186,1.10055964421233,1.18551000778116,1.10055964421233,0.941629451724102,1.10055964421233
"bmo-miR-2729_st",1.34367708617437,0.975836781746959,1.10866556343929,0.78072572562951,1.06262229736071,1.4399836054379,1.10866556343929,1.10866556343929,1.10866556343929
"bmo-miR-2731_st",1.43748477185746,1.27948726548056,1.00369977601462,1.67467348574383,1.27948726548056,1.16786957070046,1.27948726548056,1.40082232545943,1.29602543705933
"bmo-miR-2733a-star_st",0.934606111838771,0.813125329016109,0.913072924553037,0.913072924553037,0.913072924553037,0.99802328812186,0.83343191756441,0.786022313620382,0.913072924553037
"bmo-miR-2733a_st",1.07309514541019,1.07309514541019,0.833669526079476,0.955552549202231,0.982993635453377,1.06535371532324,0.869239944108582,1.27321398151941,1.31535740135715
"bmo-miR-2733b_st",1.10866556343929,1.35892921186499,0.998235318954675,1.27274188222646,1.0991973342389,1.07766414695317,0.987010281400235,1.06795055508471,1.0991973342389
"bmo-miR-2733c_st",1.31505768350966,1.07200311704127,1.07200311704127,1.44132152585604,1.07429278281381,0.756354974512025,0.955366841431375,1.5221256391844,0.869239944108582
"bmo-miR-2733d_st",0.977375339764336,0.950668057062392,1.24185509333816,0.711941712853142,0.950668057062392,1.05333312596396,0.748974721361005,0.950668057062392,0.873948096400263
"bmo-miR-2733e_st",1.00231727374872,0.950668057062392,1.24185509333816,0.913072924553037,0.715023697974299,0.950668057062392,1.47399990048754,0.913072924553037,0.950668057062392
"bmo-miR-2733f_st",1.14481804006263,1.18516600698914,1.06758896984981,0.918648619734883,0.836358757953178,0.963167682256055,1.01352781638768,0.480108254717008,1.10373789403533
"bmo-miR-2733g_st",0.646309652459441,1.03143649322647,1.07200311704127,0.965554681692522,1.03143649322647,1.19400723837968,0.917405863830306,1.16888010637125,1.08671151639914
"bmo-miR-2733h_st",1.09871039974321,1.07200311704127,1.1080278804982,0.743749008889413,0.989733432586857,0.821631739140983,1.07200311704127,1.27476628997396,1.07200311704127
"bmo-miR-2733i-star_st",0.60240179266376,0.836358757953178,0.836358757953178,0.992119358885742,0.836358757953178,1.15695348061009,0.836358757953178,0.661445969838549,0.977128989035931
"bmo-miR-2733i_st",1.14537127855139,1.00799694855464,0.955027819020335,0.825151069678769,0.821031307195781,0.790506756809756,0.950668057062392,0.913072924553037,1.08974001351163
"bmo-miR-2733j_st",0.873021204351199,0.802433603601993,0.814262656585038,0.836358757953178,0.836358757953178,0.600714398865085,0.992504598876624,0.913072924553037,1.2006717430963
"bmo-miR-2734_st",1.06428406530928,0.645628328578736,0.748552473665338,1.1049151213393,0.881272687666828,1.06904909031121,0.881272687666828,0.881272687666828,0.869239944108582
"bmo-miR-2736_st",0.857891945238911,0.977375339764336,0.873226040899864,1.07899770263443,0.998229266470352,0.977375339764336,0.862561964969819,0.977375339764336,1.2006717430963
"bmo-miR-2737_st",0.9109985333071,0.950668057062392,0.850720461525464,1.01442247833795,0.950668057062392,0.950668057062392,0.977375339764336,0.886365641851092,1.18631241615048
"bmo-miR-2738_st",0.977375339764336,0.923226970811246,0.477329797896551,0.913072924553037,0.950668057062392,1.03805209365456,0.950668057062392,1.10959824955062,0.967206228641163
"bmo-miR-2739_st",1.17149383492169,1.2309333095295,1.2309333095295,1.43105214563873,1.99628904061951,1.2309333095295,1.17413103753468,1.07200311704127,1.72174119167447
"bmo-miR-274-star_st",0.910491655629124,0.873829209231102,1.22529696005418,0.833262585416302,0.873829209231102,0.836358757953178,0.873829209231102,0.873829209231102,0.93758342355267
"bmo-miR-274_st",1.20767778820056,0.791592141730375,0.791592141730375,0.674346580343787,1.00584903637652,0.913072924553037,0.733835855353185,0.913072924553037,0.847251016261941
"bmo-miR-2742_st",0.913072924553037,1.14871728364113,1.01302052008997,0.913072924553037,0.913072924553037,0.905331494466096,0.775992948593603,0.913072924553037,0.889322093425211
"bmo-miR-2744_st",1.17090786336381,1.05701634675296,1.30271273270012,1.04171551212924,0.986206109389221,1.05701634675296,0.903974734853445,1.27301455049043,1.18061050679725
"bmo-miR-2745_st",1.40332115903987,1.55178330927596,0.918616457945555,1.19355525646906,1.18538552410142,1.06102196701005,0.748974721361005,0.899351642779101,1.12337396279716
"bmo-miR-2748_st",0.861497731175178,0.942925844128988,0.861497731175178,0.805485729787015,0.740016948352516,0.644007539430296,0.861497731175178,0.938211897775038,1.07560890297754
"bmo-miR-275-star_st",0.748974721361005,0.730010468262606,1.02119750453838,0.836358757953178,1.08023931401023,0.836358757953178,0.748974721361005,0.809902894627094,0.851345528241485
"bmo-miR-275_st",0.887273829807528,0.771089916216636,1.17202800678671,0.913072924553037,0.977375339764336,0.977375339764336,0.893762174275928,1.0968488812684,1.11644729621357
"bmo-miR-2751_st",1.07200311704127,1.12880538903609,1.07200311704127,0.83327677283202,1.1666308943182,0.989733432586857,1.07200311704127,1.03440798453192,1.7586908927573
"bmo-miR-2752_st",1.66516898434004,0.998258987716419,1.66516898434004,1.23922316506451,1.17014859769374,1.1624071676068,1.23922316506451,1.21276730173842,1.70545387249654
"bmo-miR-2753_st",1.43002844174182,0.977375339764336,1.24129755631044,1.14124185992386,0.763118445118194,0.977375339764336,0.977375339764336,0.948818812593272,0.977375339764336
"bmo-miR-2754_st",0.929590934307769,0.839076231317813,1.10319079991581,0.839076231317813,0.735182964162212,0.81754304403208,0.748974721361005,0.65633901748622,0.958113255811353
"bmo-miR-2755-star_st",1.07662786187605,1.3077059979823,1.56107522059884,0.966280167167288,1.16863404153306,1.05701634675296,1.16863404153306,1.30135425553455,0.950897499059774
"bmo-miR-2755_st",1.12343150039622,1.23851325331138,1.10795565168617,1.42210205774432,1.11717819333251,1.05701634675296,1.52783082121673,1.40079057920553,1.23851325331138
"bmo-miR-2756-star_st",1.06054136118249,1.23357053118229,1.40079057920553,1.40079057920553,1.56488857318089,1.5279683083003,1.40079057920553,1.18788965258316,1.40332115903987
"bmo-miR-2756_st",1.26760104930665,1.2006717430963,1.56488857318089,1.40079057920553,1.68268715093672,1.64736809708062,1.40079057920553,1.40079057920553,1.36541847604463
"bmo-miR-2757-star_st",0.748974721361005,0.836358757953178,1.18170908745309,0.81188930839007,0.836358757953178,1.05701634675296,0.748974721361005,0.779029866460931,0.836358757953178
"bmo-miR-2757_st",0.882747562487403,1.09491793597229,0.779586827720932,1.16979838709492,0.977375339764336,0.727003961864049,0.977375339764336,0.977375339764336,0.977375339764336
"bmo-miR-2758-star_st",1.23922316506451,1.07200311704127,1.19400723837968,1.07200311704127,1.19333817702015,0.801209344933597,0.990575004087461,0.891983376574312,1.19333817702015
"bmo-miR-2758_st",1.45420107905837,0.810372494598958,1.10866556343929,0.886815609736466,1.05133667194705,1.15695348061009,1.09494548729842,1.05133667194705,1.03194560277716
"bmo-miR-2759_st",0.892424976195514,1.07447279509079,1.01560928064351,0.913072924553037,1.07200311704127,1.09525028763214,1.01560928064351,1.01560928064351,0.906008133825979
"bmo-miR-276-star_st",1.15695348061009,1.15695348061009,1.39989406480326,1.07972441039727,1.15695348061009,1.14224508125223,1.10015120861527,1.07551831715926,1.34431335423013
"bmo-miR-276_st",0.763490912959322,0.832926816038161,1.16472630689226,0.805485729787015,0.832926816038161,0.748750207509207,0.742825306081352,0.832926816038161,0.85615445091296
"bmo-miR-2760-star_st",1.11875572875069,1.5578732623595,0.951535680727449,1.52854073296985,1.33917076060143,1.23922316506451,1.23922316506451,0.810813818585705,1.08020430678248
"bmo-miR-2760_st",0.851629752236306,0.943635931893315,0.913828576595992,0.913828576595992,0.73641116241625,0.916359156430341,0.869239944108582,0.913828576595992,1.07112680785143
"bmo-miR-2761-star_st",0.657019857895479,0.953639548367837,1.39899346583223,0.913072924553037,0.733835855353185,0.832304488388959,0.691741982716231,0.953639548367837,0.960770008990945
"bmo-miR-2761_st",0.977375339764336,1.14116353258801,1.16787081528996,1.75158617155661,1.0268542334788,1.0597354196342,0.83643901630224,1.05720483979986,1.11653769162903
"bmo-miR-2762_st",0.869239944108582,0.956623980700755,0.687456764720167,0.848934955076886,0.772220788477027,0.848934955076886,0.869239944108582,0.79160606358464,0.718910385041324
"bmo-miR-2763-star_st",1.02120832020879,1.30880713875205,1.31052588811414,1.02120832020879,1.02120832020879,1.02120832020879,0.977375339764336,1.02120832020879,0.651225099252868
"bmo-miR-2763_st",0.869239944108582,0.869239944108582,0.869239944108582,0.816833728656686,0.962016055932063,0.869239944108582,0.787811831154773,0.869239944108582,0.762891654418011
"bmo-miR-2764_st",0.970700549936899,0.934038103538877,0.928401290394909,1.15472019396003,1.10435311604143,1.05808458652907,1.01425160608462,1.07662526010611,1.09096577268448
"bmo-miR-2765_st",0.857891945238911,1.14870846207455,1.39593215734294,1.26818200357862,1.27071258341296,1.14870846207455,1.05408068479762,1.14870846207455,1.23014362552538
"bmo-miR-2766-star_st",1.23922316506451,1.23669258523016,0.907905123065902,1.23669258523016,1.20500699488152,1.39083900319703,1.46920788114068,1.02498725441457,1.14133889126713
"bmo-miR-2766_st",0.786570063087023,1.07200311704127,0.931276987892509,0.950668057062392,0.950668057062392,0.833125460854437,0.950668057062392,0.950668057062392,0.950668057062392
"bmo-miR-2767_st",1.1903666857147,1.1903666857147,1.1903666857147,1.03143649322647,1.14338821971208,1.06836256437629,1.37257350402625,1.1903666857147,1.4511086421552
"bmo-miR-2768-star_st",1.04566834788329,1.0468874010516,1.2048849074285,1.00929226854224,1.52510617358417,1.12373606034891,0.977375339764336,0.740649404615955,1.13844445970677
"bmo-miR-2768_st",0.857891945238911,0.950668057062392,0.790506756809756,0.950668057062392,0.950668057062392,0.950668057062392,0.950668057062392,1.2145902736085,1.16087419122398
"bmo-miR-2769_st",1.40364282071981,1.46649091258884,1.15695348061009,1.29695360679844,1.07599831080439,1.37418267701127,1.6252077149503,1.46649091258884,1.2006717430963
"bmo-miR-277-star_st",0.977375339764336,0.800713577627549,1.46995821712916,0.977375339764336,0.977375339764336,0.950668057062392,0.869239944108582,0.892424976195514,1.36088749992876
"bmo-miR-277_st",0.605743028644641,1.13912551885034,1.36624087929384,1.0147084737503,1.03143649322647,1.03143649322647,1.2755221179203,1.03143649322647,0.950668057062392
"bmo-miR-2770-star_st",0.738397665600235,1.13080064545975,0.977375339764336,1.62817784298072,1.36644500454784,1.02014019226093,1.36644500454784,1.43232681608179,1.88179965795366
"bmo-miR-2770_st",1.23922316506451,1.2006717430963,1.03143649322647,1.03143649322647,1.03143649322647,1.05701634675296,0.977375339764336,1.03143649322647,0.954716532564341
"bmo-miR-2771-star_st",0.869239944108582,1.09253634744055,0.709078643855946,0.923301097570716,0.73641116241625,0.869239944108582,1.12315565437559,0.869239944108582,0.8498488749387
"bmo-miR-2771_st",1.07453369687562,1.07200311704127,1.07200311704127,1.07200311704127,1.11563367470282,1.07200311704127,0.984619080449097,1.07200311704127,1.11572137952748
"bmo-miR-2772a_st",0.977375339764336,1.60134907236304,0.878007127163294,1.26417723645209,1.08587059042282,0.915999764941804,1.09784277607816,1.02854169893058,1.1516441240299
"bmo-miR-2772b_st",0.915220836731158,0.844100188040119,1.17969214266514,0.819630738477011,0.549432663129457,0.836358757953178,0.75399867808331,1.2145902736085,0.764467751465365
"bmo-miR-2774a_st",1.11677148266625,1.60995397715094,1.27124252347269,1.14870846207455,1.10866556343929,1.63439923376592,1.10866556343929,0.913072924553037,0.987330503460413
"bmo-miR-2774b_st",0.901435242698283,1.06767845805693,1.22518400433652,0.735951432006944,1.38827318071385,1.10055964421233,1.10055964421233,1.49978933210462,1.18198775716614
"bmo-miR-2774c_st",1.10055964421233,1.0790264569266,1.10055964421233,1.26442616437186,1.4312086248514,1.01565803148426,1.10055964421233,1.10055964421233,1.22315930986128
"bmo-miR-2775a_st",0.977375339764336,0.977375339764336,1.33706618184262,1.2598371116298,0.874710270862773,0.869686314140467,0.977375339764336,1.00743048486426,0.977375339764336
"bmo-miR-2775b_st",0.977375339764336,0.977375339764336,0.855894556941675,0.710857952510081,0.977375339764336,1.05701634675296,1.0059318669354,0.939780207254982,0.977375339764336
"bmo-miR-2776_st",5.58305519130483,7.72695006529832,7.07851168954642,7.44432399559185,7.60043870350923,7.80844959510023,6.86160195365376,7.68449869889101,6.72918525824727
"bmo-miR-2777-star_st",2.28324695083104,1.75204840802943,1.88213137658766,1.65686734343763,1.6019268074271,1.54939465967587,1.91490754769122,1.7932317582713,1.90052748025185
"bmo-miR-2777_st",1.10866556343929,1.07200311704127,0.925929616405277,0.913072924553037,1.07200311704127,0.995288950441411,1.23922316506451,1.07200311704127,1.2309333095295
"bmo-miR-2778a-2-star_st",0.869239944108582,0.959341454065391,0.869239944108582,0.816833728656686,0.657657651329112,0.841798857857437,0.895324135891991,0.869239944108582,0.792519983446453
"bmo-miR-2778a-4-star_st",1.10866556343929,1.09114723758291,1.07200311704127,1.04491134911772,1.40332115903987,1.10866556343929,1.2799426904674,1.10866556343929,0.917636303667949
"bmo-miR-2778a-star_st",0.788122630741561,1.15343122999508,1.1900936763931,1.41160053734162,1.03131335166755,0.728669732329309,0.908387853489139,0.785592050907212,0.950668057062392
"bmo-miR-2778a_st",5.74286861850119,7.80551405764167,7.08144492575363,7.64099139676117,7.63701749227469,7.72936965166065,6.5966533088772,7.3326350622108,6.29978108629465
"bmo-miR-2778b-star_st",0.760618951568655,0.950668057062392,0.858661877405383,0.950668057062392,0.950668057062392,1.05701634675296,0.983549243217796,1.37408329650358,0.950668057062392
"bmo-miR-2778b_st",5.8325634860799,7.76355526171564,7.08170265397354,7.31230742060427,7.63193116895187,8.17793397962536,6.87438102487114,7.31230742060427,7.04915257559662
"bmo-miR-2778c-star_st",1.57871038393853,4.97193564691736,2.00450312959099,5.11704670508512,2.88192744686465,4.05344297244072,1.94361371946174,1.45165299967544,2.81745064335128
"bmo-miR-2778c_st",0.646309652459441,0.780244142860705,1.02738222366225,0.913072924553037,0.994501037506847,0.836358757953178,0.941629451724102,0.886617061226953,0.950668057062392
"bmo-miR-2778d-star_st",2.44975800315524,6.06480052972994,5.38218882641944,5.95530568512963,5.56285541302332,5.11357200717219,2.53173448320705,5.11357200717219,4.5120703821174
"bmo-miR-2778d_st",0.977375339764336,1.17828684724357,0.779688718496301,1.14069171473422,1.19148651156669,1.17649974127839,1.09685873428976,1.26095693748179,1.28173374436729
"bmo-miR-2779_st",8.49382398693102,8.00160629645938,9.28014619908919,8.27097912578355,9.27933265407986,8.67242565725855,8.65066254341717,8.01271303759242,8.75022255055685
"bmo-miR-278-star_st",0.646309652459441,1.57329153075292,0.93412988548362,1.0663857593597,1.35982335006545,0.836358757953178,0.902519239200176,1.07200311704127,0.950668057062392
"bmo-miR-278_st",0.80778784281616,0.713686499893885,0.836358757953178,1.21803801526423,0.739481768623194,0.836358757953178,0.705068534278222,1.40463937910224,0.836358757953178
"bmo-miR-2780a-star_st",1.15944060298282,1.34680047660285,1.4540961985834,1.15944060298282,1.40332115903987,0.97503741075909,1.37042274228659,1.06759824613712,0.956677430050131
"bmo-miR-2780a_st",1.14571217826309,0.836358757953178,0.787599394631037,1.03143649322647,0.839040750800632,0.906688799232475,0.977375339764336,0.823617446129737,0.962016055932063
"bmo-miR-2780b_st",0.791362866874311,1.18772081933858,1.32909725844607,1.26442616437186,0.884138978697791,0.728669732329309,0.796754942105618,1.02879062685034,0.898847378055658
"bmo-miR-2780c_st",0.977375339764336,1.2006717430963,1.07200311704127,0.711941712853142,0.768164314173476,0.728669732329309,0.869239944108582,1.2145902736085,0.694600975795439
"bmo-miR-2780d_st",1.19361592700811,0.998844260587338,1.11638685679529,1.02587215380534,1.15695348061009,1.1978149697491,1.11638685679529,1.13345934857136,1.15695348061009
"bmo-miR-2781_st",0.770507908646738,0.857891945238911,1.5540689039793,0.748090779117898,0.757944349701983,0.857891945238911,0.748974721361005,0.857891945238911,1.18920998723752
"bmo-miR-2782_st",1.01682213772714,1.60282419022309,1.03635793671564,1.26405568601689,1.44024723018969,1.05403584779816,1.13630553225257,1.07200311704127,1.0850049127599
"bmo-miR-2783_st",7.33963986606676,6.81936907350922,6.49972055524145,6.83910472758683,7.20991820752778,7.05399132043916,7.04217972262618,7.66237239039663,6.88706715743797
"bmo-miR-2784_st",8.43707671061162,7.90148548820429,7.63458138057592,8.07409202290742,8.74130147794612,8.41439775470842,8.38724323838583,8.82816256072604,8.5717228349459
"bmo-miR-2785_st",1.2006717430963,1.2006717430963,1.32267586443471,1.03143649322647,1.2006717430963,0.978673418363217,1.38287856140784,1.32014528460037,1.29602543705933
"bmo-miR-2786_st",1.15609746377148,1.32503530018767,1.33537819116359,1.44351358681935,1.28131703770146,1.1403004558903,1.28131703770146,1.15107065711258,1.28131703770146
"bmo-miR-2787-star_st",0.972201244348125,1.07933668311742,0.836358757953178,0.684150669808137,0.950668057062392,0.836358757953178,1.09168463887355,0.950668057062392,0.950668057062392
"bmo-miR-2787_st",0.626146829729316,0.855514973810376,0.913072924553037,0.913072924553037,0.913072924553037,1.06977186845652,0.748974721361005,0.913072924553037,0.913072924553037
"bmo-miR-2788_st",1.03698234849223,0.911915625734255,0.835195665072126,0.881042597568092,1.07907622112918,0.694425433989373,0.835195665072126,0.835195665072126,0.662847824038212
"bmo-miR-2789_st",1.56896812789758,2.44607502026595,1.33670321831392,2.5251119702342,1.07200311704127,1.89775104866962,2.22514013717228,2.71807684284182,3.20261334588734
"bmo-miR-2790-star_st",0.977375339764336,1.13907540431997,1.21972069892513,1.13957188888222,0.811430894404547,0.774762419176849,0.515019428784486,1.02682717977307,0.977375339764336
"bmo-miR-2790_st",0.580984427454261,0.950675107559411,0.789527806949453,1.12388306142087,1.45643780357308,0.616261853183763,0.921280796451101,0.869239944108582,0.869239944108582
"bmo-miR-2791_st",0.949735370951059,1.11326260859849,0.734986516207606,0.913072924553037,0.847440864159337,1.00557358297462,0.869239944108582,0.913072924553037,0.913072924553037
"bmo-miR-2792-3p_st",1.33917076060143,0.836358757953178,1.56837785182751,1.48546337859756,0.970431705417588,1.01302052008997,0.667670190590049,1.01302052008997,1.1566759164333
"bmo-miR-2792-5p_st",0.920612911962465,0.950668057062392,0.73641116241625,0.791737864574159,0.950668057062392,1.01915542620864,0.817947843060901,0.950668057062392,1.46766362766079
"bmo-miR-2794_st",0.857891945238911,1.00307427251429,0.857891945238911,0.810194860801004,0.888764973405074,0.857891945238911,0.857891945238911,1.18667940740317,0.684381011323946
"bmo-miR-2795_st",2.80292366036977,3.59536889023256,2.38055226401466,3.44368736651306,3.15186604290933,2.82128136025123,2.37730969808409,2.5861223471769,2.45998349861385
"bmo-miR-2796-3p_st",2.07144028394197,1.94806529254965,0.950668057062392,2.29916421943112,1.82038110687942,1.11812496984279,1.69149009223242,1.5324712339504,1.62524734577388
"bmo-miR-2796-5p_st",0.869239944108582,0.900112972274745,0.920889160794911,0.869239944108582,0.836358757953178,0.74001773119898,0.869239944108582,1.21301417656114,0.869239944108582
"bmo-miR-2797a_st",1.10866556343929,0.869239944108582,0.869239944108582,0.923301097570716,0.822261478105957,0.842532661406638,0.869239944108582,0.864880182150639,0.845489112980756
"bmo-miR-2797b_st",1.22297486254851,0.857594910417545,0.977375339764336,0.950668057062392,0.950668057062392,0.857594910417545,0.977375339764336,0.89506536169547,1.07200311704127
"bmo-miR-2797c_st",1.45251930357052,1.13853322692743,1.05114919033525,1.05114919033525,0.784385918241658,1.02018012537351,0.994346918340433,1.07200311704127,0.954358217082418
"bmo-miR-2797d_st",1.35353246417372,1.28823006684635,0.950668057062392,1.50929306510628,0.6710650264712,0.682590435087985,0.975300948518399,0.926928343869574,0.950668057062392
"bmo-miR-2798_st",0.836358757953178,0.998935717986578,0.836358757953178,0.78866167351527,0.836358757953178,0.836358757953178,0.72302961312157,0.779029866460931,0.884055842391085
"bmo-miR-2799_st",0.951388085799915,1.08550983064645,0.905931689800692,1.71138696837154,1.08550983064645,1.08550983064645,0.977375339764337,1.08550983064645,1.10204800222522
"bmo-miR-279a_st",0.818270419641302,1.15236139276378,0.893916708695839,1.26461851642374,0.950668057062392,1.01739482115535,0.950668057062392,0.913072924553037,1.62444158988276
"bmo-miR-279b-star_st",1.18943399960337,1.07959992671753,1.03143649322647,0.816607020094272,1.16472898448733,1.13778478291704,0.748974721361005,0.913072924553037,0.991711282281049
"bmo-miR-279b_st",1.10866556343929,1.10866556343929,1.06604685939461,0.853273091378509,1.40332115903987,1.40604311290121,1.35969060137833,1.03507704589145,0.905902390506604
"bmo-miR-279c-star_st",0.781855907516409,0.78428958053976,0.669697885877034,1.18158964822996,0.965844866193402,1.17728156950054,0.822841002507966,0.78428958053976,0.869239944108582
"bmo-miR-279c_st",1.31986845966967,1.24276561573325,0.850129405020216,1.57063460560681,1.28131703770146,1.28131703770146,1.22110966549708,1.53397963147202,1.28131703770146
"bmo-miR-279d-star_st",1.27588561146253,1.11755765438065,0.93057915509386,0.963483236163915,1.10866556343929,1.10866556343929,1.02745614442384,1.2145902736085,0.950668057062392
"bmo-miR-279d_st",0.977375339764336,0.838732699790027,0.933360477066961,0.838732699790027,0.646309652459441,0.855623573119631,0.651754200503234,0.801137567280673,1.36113985462247
"bmo-miR-279e_st",0.705027336650702,0.593019154521454,0.855018927880332,1.21809022219586,0.81835648148231,0.905740518074483,0.977375339764336,0.855826932760235,0.697021421503432
"bmo-miR-2800_st",1.24440162570879,0.993145069483067,0.875151026802607,1.12407219710125,0.838488580404586,1.55061450371303,1.13626623005304,0.913072924553037,0.852274501165833
"bmo-miR-2801_st",0.848551754788091,0.836358757953178,1.24744971553764,0.74480115478228,0.81188930839007,0.933893429728483,0.679169094388579,0.739558593546981,0.597358412204367
"bmo-miR-2803_st",1.19479246076208,1.1523838259255,1.10866556343929,1.03143649322647,0.988412978870668,1.0883605744076,1.19093524789371,1.35250266203472,0.902380139891591
"bmo-miR-2804-star_st",1.10866556343929,0.715023697974299,1.55272605630831,1.64285003207906,0.950668057062392,0.836358757953178,0.950668057062392,0.893339165570145,1.2111730710814
"bmo-miR-2804_st",1.19803292856412,1.1516441240299,0.739567030437019,1.51355396268154,1.1516441240299,1.05701634675296,0.733987951072698,1.01942121424361,0.86598708698162
"bmo-miR-2805_st",0.901872891170795,1.07200311704127,0.904614228172224,0.854512925296388,0.780181145058309,0.629566085684681,0.785077022217549,0.790210510085088,0.854512925296388
"bmo-miR-2806_st",1.42280101365001,0.91457264972592,1.3007968923116,0.888228965293423,1.10571915703831,1.32637674583809,0.869239944108582,0.925699416571348,1.53166497631384
"bmo-miR-2807a_st",0.977375339764336,1.2163844300707,0.977375339764336,0.8529582946643,0.977375339764336,0.977375339764336,0.7873262342706,1.0540895063642,0.992362110052643
"bmo-miR-2807b_st",0.869239944108582,0.728223362297424,0.869239944108582,1.09809879356851,0.836358757953178,0.948880951097209,0.981762137252614,0.842045726910948,0.869239944108582
"bmo-miR-2807c-star_st",1.27241737068008,0.983985404236879,0.940267141750671,1.21843783950532,0.964683103305111,1.06463069884204,1.28756099049118,0.913072924553037,1.44737677662095
"bmo-miR-2807c_st",1.10866556343929,1.13953859160545,1.37518295069355,1.10866556343929,0.852698512858881,1.11691058197483,0.852612496781733,1.2145902736085,0.966027657690489
"bmo-miR-2807d_st",0.869902656002573,1.06388033396525,1.19752631930508,1.15695348061009,1.15695348061009,1.26330177030066,1.44464096494715,1.41053409683431,1.15695348061009
"bmo-miR-2808a-star_st",0.971750984623589,0.780934568434208,0.876165740242355,0.950668057062392,0.817839275370059,1.36274515065527,0.903606826493501,0.913072924553037,1.04344416888587
"bmo-miR-2808a_st",0.736929028674006,0.987052753472448,1.40028202106858,1.14870846207455,1.07200311704127,1.07200311704127,1.23922316506451,1.07200311704127,1.11572137952748
"bmo-miR-2808b_st",0.856040279785458,1.18631241615048,0.864817741372684,0.994501037506847,0.950668057062392,0.842979031438523,0.950668057062392,0.791737864574159,1.07933668311742
"bmo-miR-2808c_st",0.857891945238911,1.08974001351163,1.00231727374872,0.950668057062392,1.15695348061009,0.950668057062392,0.950668057062392,0.726645737044335,0.759638797291049
"bmo-miR-2808d_st",1.29602543705933,1.51013660886169,1.24185509333816,1.33985841750378,1.08581930289774,0.960548300867879,1.28536136112928,1.21716335828135,1.29602543705933
"bmo-miR-2808e_st",1.20401925740232,1.44389399773486,1.12056062633382,1.35938993958576,1.0585867775309,1.59526237367997,0.964593638071609,1.21518840361075,1.29602543705933
"bmo-miR-2809_st",0.748974721361005,1.07200311704127,0.712974156984643,2.05012080040035,0.97922700521779,0.97922700521779,1.09640044199864,0.89822498587972,1.22162953782741
"bmo-miR-281-star_st",1.34430992252738,1.07200311704127,1.01028257808419,1.11775526184596,1.07200311704127,1.07200311704127,1.21301969885243,0.913072924553037,1.28279311606819
"bmo-miR-281_st",0.741233291274064,0.728669732329309,0.753139181892417,0.728669732329309,0.663037671935608,0.728669732329309,0.869239944108582,0.673067036962387,0.728669732329309
"bmo-miR-2810_st",1.08195828073735,0.950668057062392,1.0800404086659,1.14870846207455,1.06497735617161,0.836358757953178,0.748974721361005,1.2145902736085,0.950668057062392
"bmo-miR-2812_st",0.759638797291049,0.638158014468387,0.847022833883222,0.711941712853142,0.747075238346294,0.898533791959067,0.879904020038627,0.789693942390975,0.759638797291049
"bmo-miR-2813_st",1.17334135353056,1.49148825993194,1.97350366777236,1.12762553451335,1.15695348061009,1.16559933540416,0.869239944108582,0.94715553432186,0.96093205943017
"bmo-miR-2814_st",1.15695348061009,1.39596257091646,1.18366076331204,1.14870846207455,1.26464250623396,1.15695348061009,1.09464730861242,0.878967000318061,1.503258292897
"bmo-miR-2816_st",1.32615575518417,0.836358757953178,0.783389628418875,0.836358757953178,0.950668057062392,0.945754378136982,0.845765694613841,0.779029866460931,0.759638797291049
"bmo-miR-2817_st",1.0820454962283,1.34077748236079,1.10866556343929,1.20173871008414,0.968886601667201,1.13610664969044,1.31831346800198,1.29368057654597,1.13610664969044
"bmo-miR-2818_st",1.35649513391259,1.14870846207455,0.910516105117972,1.14870846207455,1.14870846207455,1.22935375667971,1.11796123357872,1.14870846207455,1.16524663365332
"bmo-miR-2819_st",1.00050533832695,1.1303826331653,1.28131703770146,0.777935400553953,1.04445278780821,1.05701634675296,0.84168961487552,1.17152250301655,1.20219867402834
"bmo-miR-282-star_st",1.29602543705933,1.05506125971124,0.855296340822752,1.26442616437186,1.29602543705933,1.57700413798842,1.40823500075899,1.54939465967587,1.07828889458604
"bmo-miR-282_st",1.2006717430963,0.868872252242204,1.01082762102531,0.992885071258264,1.11840205864189,1.28131703770146,1.45895480743195,1.19511622524175,1.2006717430963
"bmo-miR-2820_st",0.829335418067847,1.12933200853352,1.07200311704127,1.40079057920553,1.02938441299659,0.821631739140983,1.10055964421233,1.07200311704127,1.07200311704127
"bmo-miR-2821_st",1.13540712076402,1.23003489804095,1.10464907757752,0.827354789808143,1.07200311704127,0.886701513328991,0.802151790500793,0.894442943415932,0.894442943415932
"bmo-miR-2822_st",0.977375339764336,1.05409530042647,0.955842152478603,0.92496912431244,0.864046194932728,0.950668057062392,0.977375339764336,1.33407366813392,0.977375339764336
"bmo-miR-2824_st",1.26326275034384,1.46495608604522,1.03503483110811,1.40079057920553,1.28413365570107,1.29331789544376,1.43402524285102,1.29331789544376,1.28413365570107
"bmo-miR-2825_st",0.889516342899048,1.03941088440214,1.19752631930508,1.28217305454007,1.15695348061009,1.15695348061009,1.10055964421233,1.2800089446835,1.15695348061009
"bmo-miR-2826_st",1.05701634675296,1.39979614461035,0.935681286774085,1.03143649322647,1.04337031239795,0.935681286774085,1.23922316506451,1.16178148889916,1.05701634675296
"bmo-miR-2827_st",0.95783954077584,0.836358757953178,1.07732293530126,1.01435054920185,0.821997054380892,0.936306353490106,0.854878240536296,1.05764141346898,0.854878240536296
"bmo-miR-2828_st",0.901724925683366,1.62847251006704,0.893916708695839,0.913072924553037,0.891539737267304,0.71135371981613,1.02219236199719,0.913072924553037,1.2006717430963
"bmo-miR-283-star_st",1.10866556343929,0.888007974639506,0.873021204351199,0.858785018964301,1.58605710607389,1.25384789071467,0.949489486111717,1.36203478605583,1.25232095978263
"bmo-miR-283_st",1.03143649322647,1.07515475571268,1.4056673010946,1.03143649322647,0.923963809464706,0.998555307071066,1.03143649322647,1.26865142707063,0.869239944108582
"bmo-miR-2830_st",0.977375339764336,1.07200311704127,0.977375339764336,1.05814377592841,0.863066040655122,0.977375339764336,0.977375339764336,1.13494926661987,0.977375339764336
"bmo-miR-2831_st",0.977375339764336,0.977375339764336,0.638963818906572,0.805485729787015,0.950668057062392,0.73835196073372,1.35969060137833,1.52027397373095,1.19163223441048
"bmo-miR-2832_st",0.988176661644379,0.764967689587314,0.849774578835938,1.26275619333022,1.10055964421233,1.10055964421233,1.10055964421233,1.47768391359518,1.32458196423039
"bmo-miR-2833_st",1.04497394435928,0.903957362548117,1.06497735617161,1.01442247833795,0.90804935301771,0.686467170803234,1.07588763099237,1.06469868645856,0.950668057062392
"bmo-miR-2833b_st",0.840170021933717,0.800893590460102,0.646309652459441,0.896681030359728,0.896681030359728,1.2159483241278,0.896681030359728,1.16319841761398,0.929562216515132
"bmo-miR-2834_st",0.760618951568655,1.20676639281638,0.950668057062392,0.919795028896229,0.950668057062392,1.05701634675296,1.15513192732066,1.22225812096044,0.732931514589104
"bmo-miR-2835_st",1.07200311704127,1.24197348875431,1.47749945242626,0.913072924553037,1.11409698967822,1.07200311704127,1.07200311704127,0.891983376574312,0.702019896085346
"bmo-miR-2836_st",1.10866556343929,1.28554929459867,1.22564043710329,0.832414743765699,1.50667527618636,1.20144167526277,1.48559234862516,0.913072924553037,1.07777187642776
"bmo-miR-2837_st",0.946181547407606,1.1331600466944,1.07200311704127,1.18013851269702,1.27024002265383,1.45376523103111,1.49730852849048,0.752195836062144,1.11045574056467
"bmo-miR-2838_st",1.49099691071747,1.28131703770146,1.32505246535768,0.870701083514889,0.97695863309851,1.28131703770146,1.04259069349221,0.962518548562181,0.903395294720473
"bmo-miR-2839-star_st",1.10866556343929,1.10866556343929,1.4006123692506,1.04278375190534,1.10866556343929,1.12951949014531,1.35969060137833,1.30885524748475,0.844980875195809
"bmo-miR-2839_st",1.37853565636125,0.957151766666805,1.18980477092988,0.870309990556548,1.23605404899513,1.08998054835914,1.08998054835914,0.5997323138723,1.17588624041768
"bmo-miR-2840_st",4.66664761317256,5.26232397782921,4.35217459624055,4.9880870270556,3.24348538841538,3.65861679929743,4.61099723783765,4.61897916138107,4.9147175134201
"bmo-miR-2841_st",0.950668057062392,1.00747032905721,0.977375339764336,1.11223547120341,0.929134869776658,0.899018840376063,0.869239944108582,0.913072924553037,0.950668057062392
"bmo-miR-2842_st",2.07293228724501,1.29630380798977,0.97695863309851,1.12380285644237,0.795015394278119,1.28131703770146,1.58485891599188,1.29630380798977,1.33389894049912
"bmo-miR-2843-1-star_st",0.778016582800223,1.05061565259932,0.950668057062392,0.950668057062392,0.950668057062392,0.950668057062392,0.769910663573266,0.950668057062392,1.03210322051322
"bmo-miR-2843-2-star_st",0.910435702900251,1.07200311704127,1.35160614763246,1.07200311704127,0.885024617754477,0.779547732718687,0.77177218204808,1.11256974085607,1.42611861972695
"bmo-miR-2843_st",1.14870846207455,1.43844053934531,1.35499388562225,1.14870846207455,1.36281963387691,1.14870846207455,0.860994925573041,1.18402332125331,1.11015704010635
"bmo-miR-2845_st",0.748974721361005,1.06277532104901,0.883944147415545,1.05527726972576,1.18788584535267,0.939023826854742,0.978571924692479,0.978571924692479,0.981600421804969
"bmo-miR-2846_st",1.09464730861242,0.898337084174264,1.58018531954228,1.14870846207455,0.950668057062392,1.46131188521304,1.12785453536854,1.49405879157447,1.14870846207455
"bmo-miR-2847_st",0.805485729787015,0.929902774887051,0.615436624293278,0.805485729787015,0.805485729787015,0.950668057062392,0.748974721361005,0.982147491923803,0.63197479587205
"bmo-miR-2848_st",1.10866556343929,0.941445515416056,1.19221913361644,0.91400442916491,0.772465660853166,0.933704085329115,0.977375339764336,1.07416572941755,0.843192367468193
"bmo-miR-2849_st",1.0156637384385,1.20571284393223,1.21467560708323,1.40079057920553,0.849156918302221,0.813309864072722,1.04423465357551,0.724427372596388,0.944252963276944
"bmo-miR-285_st",0.950668057062392,1.00006492151648,0.923473839864758,0.826251011962356,0.969025756943856,0.953198636896741,0.8243775644302,1.09325521362962,0.950668057062392
"bmo-miR-2851_st",0.72773776541325,0.829332997083513,0.950668057062392,0.998816874924608,0.950668057062392,1.07618504444601,0.950668057062392,1.13382183744442,0.950668057062392
"bmo-miR-2852_st",1.4684707558372,0.928157987846308,0.813848688737094,0.805485729787015,0.928157987846308,0.806822927867429,1.33718053216224,0.928157987846308,1.04862542416013
"bmo-miR-2854_st",1.38097580062815,1.29602543705933,1.40380174915492,1.48844848438991,0.980246171656249,1.68456979090635,1.38097580062815,1.29069682157365,1.18593167942745
"bmo-miR-2855_st",0.857891945238911,1.31498104220551,0.950668057062392,0.860153354072437,0.950668057062392,1.27126277971931,0.950668057062392,1.07200311704127,0.950668057062392
"bmo-miR-2856-star_st",0.857891945238911,0.873953890462532,0.94799345519572,1.03143649322647,0.950668057062392,1.05701634675296,0.906835076617937,0.950668057062392,1.33362056956868
"bmo-miR-2856_st",0.879361839312929,1.2145902736085,0.579350330648979,1.1740236497937,1.42390419426869,1.10330947161177,0.971260476861011,1.2145902736085,1.07200311704127
"bmo-miR-2857_st",0.874491708744627,1.42705923763085,1.14136803659362,1.15695348061009,1.60960658258757,1.15695348061009,1.04641266466354,0.99802328812186,1.15695348061009
"bmo-miR-2859_st",1.28131703770146,1.17496874801089,1.04630012195586,1.40653661163144,1.28131703770146,1.28131703770146,1.32486033516083,1.28131703770146,1.04630012195586
"bmo-miR-2860_st",0.825694682023133,0.836358757953178,0.884646675123979,0.885452646768107,0.836358757953178,0.913078718615307,0.746257247996369,0.85574982712306,0.836358757953178
"bmo-miR-2998_st",0.958869246803601,1.2006717430963,1.36918243971401,0.868354543813646,0.938320101306263,1.15462847701772,1.07933668311742,1.2006717430963,0.861600140644134
"bmo-miR-2999_st",1.36118498349751,1.71973662143659,1.07200311704127,0.926820789765893,0.979694881463697,1.07200311704127,0.963867721385516,1.07200311704127,1.07200311704127
"bmo-miR-2a-1-star_st",0.666848351436175,0.977986681334408,0.830162494374271,0.587995538042133,0.772325236471965,0.805485729787015,0.869239944108582,0.913072924553037,0.805485729787015
"bmo-miR-2a-2-star_st",0.869239944108582,0.739133788955873,1.11246219874714,1.14870846207455,0.954464692370243,1.04925968457554,0.869239944108582,0.869239944108582,0.759638797291049
"bmo-miR-2a_st",0.977375339764336,1.07200311704127,0.978929970396424,1.07200311704127,1.17906867546572,1.41707775094109,0.977375339764336,0.90036492643981,1.2006717430963
"bmo-miR-2b-star_st",1.14870846207455,1.24406215603758,0.981430033431034,1.14870846207455,0.876401656588437,1.25505675176512,1.17726498924562,1.14870846207455,1.14870846207455
"bmo-miR-2b_st",1.1997189177958,1.03912193088587,0.96108230095428,1.07200311704127,1.07200311704127,1.07200311704127,0.892766047841418,1.2309333095295,1.10488430319667
"bmo-miR-3000_st",0.824373165890222,0.796932079639077,1.14105478949739,1.06025458825108,0.950668057062392,1.04881808495434,0.760618951568655,0.983549243217796,1.02114437572715
"bmo-miR-3001_st",0.99890852705007,0.981901607084461,0.836605108681583,0.916229849248817,0.646309652459441,0.946406274802596,1.08697648658187,1.34672942574339,0.977375339764336
"bmo-miR-305-star_st",0.857891945238911,1.07200311704127,1.15695348061009,0.820421493960987,0.857891945238911,0.618868566208295,0.857891945238911,0.857891945238911,1.02953013584037
"bmo-miR-305_st",0.857891945238911,1.06256277790927,0.827939706490602,0.832096676509603,0.836358757953178,0.676542782941353,0.857891945238911,0.779029866460931,0.857891945238911
"bmo-miR-306-as_st",7.05554725165771,6.93441198854377,6.83521895924156,7.00650085056641,7.21963024311588,6.93441198854377,6.47083745895183,6.95964678946435,6.93441198854377
"bmo-miR-306-star_st",2.95145059647372,2.7319427119343,2.15570920923007,2.6027231589971,3.11731218062641,1.58655975302889,3.16895317191594,2.49051359529744,2.99151024777226
"bmo-miR-306_st",1.05218785229005,0.878290084323488,0.911171270478892,0.839723354913159,0.911171270478892,1.07844969912241,0.748974721361005,0.911171270478892,0.91769175098271
"bmo-miR-307-star_st",1.4765430921819,0.809633095558276,1.10866556343929,1.52854073296985,1.1452250501833,0.947175823604558,0.942461877250608,1.02388999020442,1.18282018269265
"bmo-miR-307_st",1.20529560830213,1.18631241615048,1.07200311704127,0.900113507063949,1.07200311704127,1.05701634675296,1.33183589546926,0.787289162805628,1.07200311704127
"bmo-miR-308-star_st",0.90261413849286,0.838164910126272,0.827483752614393,0.968246198886561,1.0580206343695,1.15695348061009,0.977375339764336,0.805737149162876,1.07200311704127
"bmo-miR-308_st",1.86344454442585,1.06706014305532,1.30094687356305,1.09383031804216,1.28131703770146,1.16700773859225,1.23922316506451,1.40079057920553,1.21951876060924
"bmo-miR-31-star_st",1.00690539698701,0.98615403792343,0.707295450204029,1.12717061973459,1.28605393514022,1.28131703770146,1.12717061973459,2.19750910829336,1.17080117739614
"bmo-miR-31_st",4.03510004697499,3.13301229303341,3.15186604290933,3.65427052010127,3.37469340519834,2.68951977860168,4.15314217166179,4.04652213040448,3.35468802998447
"bmo-miR-316-star_st",0.966027340894666,0.661008397627328,0.664327272330285,1.2568438577303,1.59031863347361,0.966027340894666,0.977375339764336,1.01207060697325,0.83273484963381
"bmo-miR-316_st",1.2145902736085,1.25218540611785,1.1616211440742,1.29130444020836,1.00300798082903,1.2145902736085,1.4020769932678,1.2145902736085,1.2145902736085
"bmo-miR-317-star_st",1.2006717430963,1.52370013877657,0.965027384008208,1.16363873458844,1.09054437139183,2.09044331845343,0.997908570163613,1.18943400331775,1.2006717430963
"bmo-miR-317_st",1.68268715093672,0.904783069018034,0.805239844947674,1.1997532708056,1.11409698967822,0.995288950441411,1.11055453900948,1.11462182108595,1.02817013659681
"bmo-miR-3203-star_st",0.977375339764336,0.695588526870424,0.618868566208295,0.966866711717002,0.72302961312157,0.836358757953178,0.977375339764336,0.986951829667677,0.726757611135644
"bmo-miR-3203_st",3.05607699575396,2.22143983543811,1.75977853007348,2.41553677043567,2.64403371972982,2.33740005383375,2.02310939943385,2.24791706789075,2.80249637952974
"bmo-miR-3204a-star_st",1.01630011745609,1.20365999107613,1.02696419338614,1.01630011745609,0.950668057062392,0.886193962303383,1.01630011745609,0.960697422089171,1.15563281944117
"bmo-miR-3204a_st",1.13112308115949,1.16871821366885,1.43264043021495,1.55350413947051,1.13112308115949,0.836358757953178,1.25159051747331,1.13112308115949,1.18792535315431
"bmo-miR-3204b_st",0.825688887960864,0.798247801709719,1.20772852015362,0.788655879453001,1.02738222366225,0.970401816045284,0.825688887960864,0.913072924553037,1.00507910421005
"bmo-miR-3205_st",1.08629256364224,0.873730116585167,0.9113340706611,1.06880785185846,0.988039415694381,1.13198283789431,0.977375339764336,0.85937078963935,0.988039415694381
"bmo-miR-3206_st",0.965804432832769,1.2006717430963,1.03143649322647,1.03143649322647,1.03143649322647,0.813946301481588,1.12195119621643,0.779029866460931,1.12344267288348
"bmo-miR-3207_st",0.561045880632913,1.07200311704127,0.905529926199295,1.00140030865635,0.847980797023213,1.11341702748787,0.949319033512501,0.924686142056494,0.880853161612039
"bmo-miR-3208_st",0.79779719891858,1.23710721739042,0.977375339764336,1.5494569215118,0.977375339764336,0.900661173164477,0.869240848882225,1.06173926685931,0.977375339764336
"bmo-miR-3209_st",0.830402834314814,0.950668057062392,0.950668057062392,0.996514989558358,1.28547244312976,0.950668057062392,0.975300948518399,0.950668057062392,0.950668057062392
"bmo-miR-3210_st",1.23922316506451,1.39087335620683,1.67023934810367,1.40079057920553,1.11150736430998,1.28131703770146,1.45453852052583,1.40079057920553,0.747190994458001
"bmo-miR-3211_st",1.07200311704127,1.44389399773486,1.33592533358738,1.07200311704127,0.77697778623105,1.07200311704127,0.909806567923382,1.09951062622092,1.07200311704127
"bmo-miR-3212_st",0.921646159560479,0.800165376737817,1.24347075197671,0.869239944108582,0.646309652459441,1.01442227138396,0.869239944108582,1.46183565069781,0.823393011612616
"bmo-miR-3213-star_st",0.945546589080086,0.840781446933888,1.91819635303481,0.945546589080086,0.646309652459441,1.24948828701721,0.956894587949757,0.866684510302106,1.03832270090357
"bmo-miR-3213_st",1.4847563224907,1.46933569197497,1.07358251914073,1.15860608197923,1.54939465967587,1.14697436410038,2.00089284074179,1.13709524457109,1.29602543705933
"bmo-miR-3214_st",0.849072825392129,1.09285704374729,1.07200311704127,1.07200311704127,1.15343122999508,1.02828485455506,1.22189470419121,1.09285704374729,1.07200311704127
"bmo-miR-3215_st",1.81830071372276,1.39185715222568,1.03121275490457,1.71796004229633,2.27904309091058,1.79721778616156,1.79472155933701,1.72873041701531,1.91040421781317
"bmo-miR-3216_st",0.999761945877321,1.07200311704127,1.06542010915858,0.999761945877321,0.999761945877321,0.892072920253452,0.93412988548362,1.32517120385275,0.950668057062392
"bmo-miR-3217_st",0.778701994562648,0.925352869343244,1.2145902736085,1.14870846207455,1.04668792932212,0.953614782677276,1.12506149299899,1.18927508588935,0.986495968832681
"bmo-miR-3218_st",0.836358757953178,0.803477571797773,0.836358757953178,0.676197457700542,0.836358757953178,0.950668057062392,0.955842152478603,0.836358757953178,0.836358757953178
"bmo-miR-3219_st",1.3769307947277,0.913072924553037,0.813684782725889,0.913072924553037,0.550876567441507,1.13056311629792,0.869239944108582,1.14871728364113,0.913072924553037
"bmo-miR-3220_st",1.23922316506451,1.16020795402763,1.24085324863279,0.578404777139629,0.607887399521765,1.04529583433933,1.08507674709763,1.17412648453983,0.869239944108582
"bmo-miR-3221_st",0.977375339764336,0.977375339764336,0.805027498730423,0.949934253513191,1.18002475570791,0.95707035073264,0.977375339764336,0.991293870276535,1.07272903372736
"bmo-miR-3222_st",0.827483752614393,0.800776469912448,1.07093327980997,0.826251011962356,1.2087336676544,0.950668057062392,0.950668057062392,0.980723202162318,0.950668057062392
"bmo-miR-3223-star_st",1.05701634675296,1.05701634675296,1.08372362945491,1.32377961884656,0.748557064643509,1.05701634675296,0.948099122875056,0.77476821441744,1.05701634675296
"bmo-miR-3223_st",1.10866556343929,0.944969412224367,1.07200311704127,1.04065002722344,1.28131703770146,1.15695348061009,0.749503619377375,1.07200311704127,0.944969412224367
"bmo-miR-3224_st",0.979905919598685,1.03470423125658,1.70812128257221,0.969130321228795,0.892424976195514,0.977375339764336,0.977375339764336,1.04325715129828,0.872610197618138
"bmo-miR-3225_st",0.96668255510289,0.977375339764336,0.509100082643057,1.26442616437186,0.877427744227408,1.01497047227369,0.977375339764336,1.0939934699214,0.689555106740157
"bmo-miR-3226_st",1.21251588236256,1.44389399773486,0.950668057062392,0.805485729787015,0.923960774360447,0.950668057062392,0.950668057062392,0.870595912132362,0.923960774360447
"bmo-miR-3227_st",1.01025652591974,0.869239944108582,0.869239944108582,0.950008380272661,0.945959904770711,0.607465242044649,0.748974721361005,0.945954110708442,0.869239944108582
"bmo-miR-3228_st",1.19883234511956,1.17139125886842,1.07200311704127,1.36269886527909,1.10195535578958,1.08452304601035,1.30032503747082,1.72261743816487,1.49579083031781
"bmo-miR-3229_st",0.745168737580964,1.06026920387993,1.12909906952389,0.945945289141863,0.842045726910948,0.836358757953178,0.858575868178538,0.913072924553037,0.869239944108582
"bmo-miR-3230_st",0.977375339764336,0.950668057062392,1.01047252222148,1.01644972293816,1.07200311704127,1.05701634675296,1.08372362945491,1.14147354295637,1.38833438875157
"bmo-miR-3231_st",1.09433210135794,1.29602543705933,0.985881753699007,1.40417717587848,1.08176854241319,1.15695348061009,1.23922316506451,1.27642702211416,0.759638797291049
"bmo-miR-3232_st",0.511837530620102,1.25843030454997,0.937749689140294,0.805485729787015,0.950668057062392,1.01942121424361,0.937121696635018,1.4585491406592,0.817397358744721
"bmo-miR-3233_st",0.957069081468959,1.04907526112597,0.977375339764336,0.532272319132711,0.877427744227408,0.584972359904826,0.555134412414565,0.662040766771328,0.71764346213825
"bmo-miR-3234_st",0.950668057062392,0.950668057062392,0.920715818314082,1.03143649322647,0.829332997083513,0.935927351612277,0.950668057062392,0.950668057062392,0.950668057062392
"bmo-miR-3235_st",1.17850655146423,1.05965516128514,1.67778330461984,0.913072924553037,1.06795152909481,1.44631687516254,1.2006717430963,1.31470237249246,1.07037115580848
"bmo-miR-3236_st",0.977375339764336,1.16840459953568,1.13455937135762,0.836605108681583,0.954147704889537,0.836805127985063,0.977375339764336,1.04450153340412,1.29602543705933
"bmo-miR-3237_st",0.83285766868286,1.41885972117881,1.07552536765628,0.88936867710887,0.890007341514621,1.15695348061009,0.83285766868286,1.58733859542894,1.13721607328581
"bmo-miR-3238_st",1.21405444037994,0.81119003326861,0.905410430409293,0.847495435863824,0.950668057062392,1.37815243435531,1.08349683875472,1.08349683875472,1.08349683875472
"bmo-miR-3239_st",0.836358757953178,0.930986535230111,1.23772887118844,0.799325749445315,0.836358757953178,0.61205806700468,0.748974721361005,0.836358757953178,0.641314636752479
"bmo-miR-3241_st",1.0987833157314,1.44507338183967,1.1816042638588,0.903190676845146,1.06212086933338,0.928770530371639,0.880109055464272,1.06212086933338,0.869239944108582
"bmo-miR-3242_st",0.75154365554834,0.950668057062392,0.893916708695839,0.699137440096444,0.836358757953178,0.893110106319731,1.41160053734162,1.29444228951495,0.759638797291049
"bmo-miR-3243_st",1.51145655469563,1.82906759362799,1.35160614763246,1.16459481483062,1.40332115903987,1.40332115903987,1.37623903908847,1.66724337558598,1.54409139012263
"bmo-miR-3244_st",0.820296812729557,1.03440798453192,1.44541524089349,0.913072924553037,0.798763625443823,0.913072924553037,0.913072924553037,0.956905904997492,0.913072924553037
"bmo-miR-3245_st",1.2223322917349,1.2006717430963,1.26442616437186,1.26442616437186,1.59574420637046,1.1234095825607,1.52627398967203,1.2145902736085,1.26442616437186
"bmo-miR-3246_st",0.748974721361005,0.748974721361005,0.687444126541213,0.723394867834512,0.658873211404196,1.05291641929813,0.748974721361005,1.07200311704127,0.748974721361005
"bmo-miR-3247_st",1.23922316506451,3.39158382521835,1.14231629571947,1.80082753639804,1.55439338931235,1.40079057920553,1.19559260740296,1.17676825918747,1.40079057920553
"bmo-miR-3248_st",0.910525434112456,1.29601838656231,1.16734976050728,0.645091807201261,1.04523188217975,0.950668057062392,0.96458658757459,0.96458658757459,0.950668057062392
"bmo-miR-3249_st",1.5310369597944,1.24542254087937,1.2006717430963,1.2006717430963,1.22152566980232,1.22625159662279,1.2006717430963,0.913072924553037,1.2006717430963
"bmo-miR-3250_st",0.992362110052643,1.07200311704127,1.27476628997396,0.954460520833316,1.07200311704127,1.28131703770146,0.869239944108582,1.08698988732958,1.07200311704127
"bmo-miR-3251_st",1.07200311704127,0.964707395060723,1.14229222697227,1.07200311704127,1.07200311704127,0.836358757953178,0.93928290303978,1.07200311704127,1.07200311704127
"bmo-miR-3252_st",1.52168472771331,2.42997215001204,0.838975204754476,1.03143649322647,0.78179579053411,1.11638685679529,1.0148983216477,0.975833797859549,1.01706161309991
"bmo-miR-3253_st",0.977375339764336,0.950668057062392,0.884968086358975,0.805485729787015,0.788091097028991,0.950668057062392,0.788091097028991,1.07200311704127,0.711371136366862
"bmo-miR-3254_st",1.73167208003877,1.21658644134435,1.12429859124195,1.08147684315801,0.781410411511855,0.443955778093667,0.750067783373828,0.685765368162529,0.881358007048783
"bmo-miR-3255_st",1.49058633648919,1.46807962898396,1.07567664912445,1.21795001603434,1.61446855745896,1.53661365030073,1.38246723233386,1.54939465967587,1.40332115903987
"bmo-miR-3256_st",0.771809252867902,0.736411162416249,1.00890111340898,1.26442616437186,0.958787752154695,0.958787752154695,0.877359639200885,1.30256198460726,0.514138836143606
"bmo-miR-3257-star_st",1.2006717430963,1.2006717430963,1.07866762175789,1.16979871493014,1.15695348061009,1.54939465967587,1.15704118543475,1.34674524373229,1.21565851338461
"bmo-miR-3257_st",1.29604827593461,0.950668057062392,0.836358757953178,1.03740400863417,0.84339517395713,0.993286761107073,0.993286761107073,0.993286761107073,1.1166617524994
"bmo-miR-3258_st",1.34242674362541,0.950668057062392,1.17941964650795,1.02721155836291,0.943775287419858,0.943775287419858,1.66160422337553,1.17520669560218,1.16128816508998
"bmo-miR-3259_st",0.857891945238911,0.950668057062392,0.897698927528089,0.950668057062392,0.881593489691626,0.950668057062392,1.34784611606606,0.950668057062392,0.808030151313589
"bmo-miR-3260_st",1.02031763868861,0.715546041052514,0.932361092401744,0.929802935698656,0.929802935698656,0.752553180524857,0.921697016471699,1.07200311704127,0.929802935698656
"bmo-miR-3261_st",1.40332115903987,1.83186741091412,1.60906876430548,1.31624022756994,1.84471312339357,2.28076029043924,1.68151163734933,1.68578293090534,1.99580229174922
"bmo-miR-3262_st",0.946249914484167,0.779029866460931,0.657694806482053,0.779029866460931,0.8867188920848,0.779029866460931,0.665700721629323,0.779029866460931,0.779029866460931
"bmo-miR-3263_st",1.14872169818041,1.06157873612087,1.14622547135586,0.913072924553037,0.877427744227408,0.836358757953178,0.977375339764336,0.913072924553037,0.803864405849371
"bmo-miR-3264_st",1.16951703955485,1.14438992166534,1.15695348061009,1.31852089475111,1.15695348061009,1.01436632404286,1.23922316506451,1.07200311704127,1.2006717430963
"bmo-miR-3265_st",1.07200311704127,1.11572137952748,0.722903544037429,1.07200311704127,1.07200311704127,1.07200311704127,0.963867721385516,1.11256974085607,1.07200311704127
"bmo-miR-3266_st",0.977375339764336,1.07015145158782,1.61627186943326,1.83880870033113,1.00107688421705,0.962462425963948,0.906053457612448,1.21622495222381,0.96285572960727
"bmo-miR-3267a_st",1.23922316506451,1.84623366687678,1.5209591669224,0.829579720735671,0.738425383663649,1.17925632523068,1.32027290704184,1.89808343630525,0.830806291560488
"bmo-miR-3267b_st",1.12385264107391,1.2006717430963,0.976928969732451,0.869239944108582,0.859210579081803,0.761550918484713,0.869239944108582,0.869239944108582,0.717197092106365
"bmo-miR-3267c_st",0.833796372118738,0.923897882075547,1.08849177881172,1.26442616437186,1.25944295961797,0.950668057062392,1.10055964421233,1.25399377147432,1.10055964421233
"bmo-miR-3268-star_st",0.72302961312157,0.836358757953178,0.836358757953178,0.836358757953178,0.836358757953178,1.11825532968438,0.863799844204323,0.809902894627094,0.648582355308797
"bmo-miR-3268_st",1.08697648658187,1.1487230777034,0.759342741191991,0.922726475833643,0.846012309233783,1.12553804561647,0.945959904770711,0.945959904770711,0.869239944108582
"bmo-miR-3269_st",2.5128591405656,5.52938745344052,4.10789752709546,5.66343627991472,3.86602482941622,4.18018204050276,2.21061252854295,3.51486072394242,4.11705066716758
"bmo-miR-3270_st",1.12562953517257,0.800411980772433,0.996004619658687,0.958409487149333,0.958409487149333,0.950668057062392,0.77143098786254,0.920814354639978,0.958409487149333
"bmo-miR-3271_st",0.967853818176797,1.85714212186727,0.841024590098503,0.845181560117505,0.93928290303978,0.845849696838384,1.66707996570044,1.07200311704127,1.08118296300841
"bmo-miR-3272_st",1.27799983953759,1.05450149788974,1.01703104661182,0.897203266634301,1.68268715093672,1.00569303405148,1.19227718105962,0.996398595700754,1.05450149788974
"bmo-miR-3273_st",1.10176592935018,1.1509251092895,0.977375339764336,1.3193554157547,1.83577118937377,0.85306032191515,1.2145902736085,1.2145902736085,1.2145902736085
"bmo-miR-3274_st",1.33198942386663,0.958409487149332,0.826304499971024,1.07014159856646,1.10101462673262,0.950668057062392,1.19937366449742,1.00102819119401,1.13389581288802
"bmo-miR-3275_st",0.985315290008632,1.07809140183211,0.666665192713641,1.11306544377296,1.15695348061009,0.985315290008632,0.985315290008632,0.985315290008632,0.853144473692797
"bmo-miR-3276_st",0.748974721361005,0.748974721361005,0.848922316897933,0.63143212515305,0.649027125824077,0.741233291274064,0.643424335028021,0.813277136572304,0.963231616007147
"bmo-miR-3277_st",1.12013754693753,1.09269646068639,1.44389399773486,1.14870846207455,1.02326055760755,1.02348888814457,1.35689734694554,1.47564839099555,1.14870846207455
"bmo-miR-3278_st",1.15253713150271,0.76771917153491,0.780282730479665,0.806738593805749,0.737664026434983,0.658947670500787,0.780282730479665,0.780282730479665,0.780282730479665
"bmo-miR-3279_st",0.977375339764336,1.03143649322647,1.07200311704127,1.22947689823863,1.24075041388666,1.25033082494464,1.18132808037641,0.974107601734224,0.869239944108582
"bmo-miR-3280_st",1.29602543705933,1.42469406311436,1.07200311704127,1.37273078209261,1.28131703770146,1.40332115903987,1.307373435929,0.987566154949873,1.29602543705933
"bmo-miR-3281_st",1.97043859361551,2.01269316457403,2.29094963253437,2.16813205083642,2.81330098920731,2.15342365147855,2.38755455461919,2.16813205083642,2.51278365044796
"bmo-miR-3282_st",0.848002988160828,1.07933668311742,0.759638797291049,0.883579903454602,0.837252896153636,0.950668057062392,1.13287487537393,0.965654827350699,0.950668057062392
"bmo-miR-3283_st",0.801938056833038,1.07200311704127,0.836352963890908,0.836352963890908,0.926454473847717,0.72473526911081,0.801938056833038,0.836352963890908,0.995283156379141
"bmo-miR-3284_st",1.14658725197306,0.950668057062392,0.674880567596458,0.913072924553037,0.869239944108582,1.20055798610719,0.750563874829352,0.65633901748622,1.2006717430963
"bmo-miR-3285_st",1.03143649322647,1.0258191355449,0.939430313569461,1.22385954055706,1.03143649322647,1.03143649322647,1.03143649322647,0.913072924553037,1.03143649322647
"bmo-miR-3286-star_st",1.1490135303658,0.950668057062392,1.07671126933295,0.950668057062392,0.950668057062392,1.04458290474617,0.920612911962465,0.663741962238671,0.873948096400263
"bmo-miR-3286_st",0.748974721361005,1.11990330693222,0.950668057062392,0.950668057062392,1.04529583433933,1.09461147926232,0.950668057062392,0.816624998970286,0.869239944108582
"bmo-miR-3287_st",1.12251794595855,2.04842298738686,1.25383800748699,2.1473860364142,1.40332115903987,1.46292002335142,1.54239311548911,1.08219981688553,1.66762221131788
"bmo-miR-3288_st",1.2176367988235,1.47886101143808,1.2176367988235,1.02572646060511,1.14326905681306,1.24321665234999,0.816401404890562,1.40079057920553,1.02660753905215
"bmo-miR-3289_st",1.11996249633156,1.2145902736085,1.2145902736085,0.930744425480951,1.07200311704127,1.46928725142016,1.36448186075844,1.32051498377771,1.2145902736085
"bmo-miR-3290_st",1.01520084504645,0.86385659322127,1.30451841295179,0.932931160592035,0.597163560576883,0.932931160592035,0.876420152166025,0.932931160592035,1.07200311704127
"bmo-miR-3291_st",1.13637505036663,1.62873336737404,1.28131703770146,1.42569261827197,1.25684248668045,1.00626889521392,1.25684248668045,1.2032820123301,1.09782362839842
"bmo-miR-3292_st",1.35758673373794,1.15142929313394,0.878002365964482,1.03143649322647,0.733264025720672,1.64315505856371,1.23607602836893,1.03143649322647,1.1903666857147
"bmo-miR-3293_st",0.700954669197781,1.06470573695557,0.674880567596458,0.733605091190033,0.950668057062392,0.880191738397633,0.869239944108582,1.19790934383348,0.950668057062392
"bmo-miR-3294_st",1.03602554596852,1.17099916807397,1.1562907687161,1.31848731783399,1.57455175528097,1.34406717136048,0.869239944108582,0.94338984209374,1.1562907687161
"bmo-miR-3295_st",0.836358757953178,1.07200311704127,0.836358757953178,0.799325749445315,0.826329392926399,0.592020849171589,0.977375339764336,0.836358757953178,0.756646620794049
"bmo-miR-3296-star_st",1.5310369597944,1.07200311704127,0.848706713709306,1.07200311704127,1.10959824955062,0.964314091417401,1.10488430319667,1.08592164755347,0.880973857269927
"bmo-miR-3296_st",0.977375339764336,0.949934253513191,0.977375339764336,1.17245307503763,0.848706713709306,1.3265994930045,0.846085116089381,0.977375339764336,0.977375339764336
"bmo-miR-3297-star_st",1.10866556343929,1.40343491602899,0.783389628418875,1.3405801128852,0.941445515416056,1.2006717430963,1.23003929693865,1.2006717430963,1.2006717430963
"bmo-miR-3297_st",0.748974721361005,0.957177994197951,0.921518552008217,0.921518552008217,1.0953089060303,0.721533635109859,0.475435969894233,0.839076231317813,0.962085175823017
"bmo-miR-3298_st",0.907904913849237,1.07200311704127,1.07200311704127,1.38133631558363,0.950668057062392,0.999657058272577,1.25948983670057,1.45023463269659,1.07200311704127
"bmo-miR-3299_st",1.02559302887249,1.50568091808671,0.73641116241625,1.15695348061009,1.15695348061009,1.28131703770146,1.15695348061009,1.20552830887562,0.967856999028626
"bmo-miR-33-star_st",1.08010903626823,1.07200311704127,1.2132985661671,1.19722269097125,0.864366495880473,0.964314091417401,1.07200311704127,0.906985199925154,1.07200311704127
"bmo-miR-33_st",1.23922316506451,1.20460308031827,0.917676985494544,0.992801998626056,1.11721904372609,1.11721904372609,1.07512517108914,1.05049227963313,1.2006717430963
"bmo-miR-3301_st",0.795385402542445,0.919769971054381,1.10020213224354,1.091957113708,0.844149065585981,1.15695348061009,1.22066956855736,1.36671951949779,1.49264331130931
"bmo-miR-3302_st",1.06857855500737,1.07200311704127,1.02828485455506,1.0082489027197,0.61597029427854,1.36676292121424,1.23922316506451,1.11462182108595,1.07200311704127
"bmo-miR-3303_st",1.05840068211127,2.07722800118163,1.67353070819334,1.26442616437186,1.68268715093672,1.25936021426345,1.2868013005146,1.43279637892619,1.40960849164723
"bmo-miR-3304a_st",1.01682213772714,1.21791215186963,0.8101552917411,1.07200311704127,1.07200311704127,1.02828485455506,1.07200311704127,1.06575530583299,1.18631241615048
"bmo-miR-3305_st",0.793595614740023,0.618868566208295,0.96918753964551,1.14870846207455,0.836358757953178,0.714354636614764,0.646309652459441,0.957693817932056,0.854716457834642
"bmo-miR-3306_st",0.743102552839993,0.913072924553037,0.76103007255082,0.968253903867163,1.68268715093672,0.913072924553037,0.701490631773567,1.06851181081543,0.814819776605175
"bmo-miR-3307_st",1.2145902736085,1.25516311230349,1.2145902736085,1.37678682272639,1.41628360930989,0.909571330341161,1.2145902736085,1.1696564283259,1.10498912679097
"bmo-miR-3308-star_st",1.40332115903987,1.32708434889158,1.23938682857546,1.28336608640537,1.28336608640537,1.28336608640537,1.32039909491324,1.35045424001316,1.25638080679638
"bmo-miR-3308_st",1.07200311704127,0.857746222395128,1.07200311704127,1.15277155320535,1.07200311704127,1.07200311704127,0.958673972209662,1.71315489895575,1.07200311704127
"bmo-miR-3309_st",1.08581930289774,1.08581930289774,1.20782342423615,1.08581930289774,0.949593761114131,1.08581930289774,1.16808898735215,0.84193874684068,1.29602543705933
"bmo-miR-3310_st",1.41715473882878,1.75622667656897,1.54939465967587,1.58699142669914,1.54939465967587,1.42805959969699,1.74252190396336,1.54939465967587,1.54939465967587
"bmo-miR-3311_st",1.42795405049588,1.23922316506451,0.918549600151846,1.23922316506451,1.23922316506451,1.11788810508563,1.23922316506451,1.23922316506451,1.45939228281001
"bmo-miR-3312_st",1.07200311704127,0.963073694821984,1.17792782721048,1.45895552940413,1.36665871264185,1.07200311704127,0.757073440445646,0.883272231609894,0.950668057062392
"bmo-miR-3314_st",2.00204924862222,2.09624462628487,1.9808715171436,1.9808715171436,1.90788190596112,1.69393100001883,2.92453207402793,1.9808715171436,1.9808715171436
"bmo-miR-3315_st",1.40332115903987,1.2006717430963,0.979224584233456,1.10055964421233,0.73641116241625,1.43187768621094,1.10055964421233,0.974864822275513,1.16389553970916
"bmo-miR-3316_st",0.909803001281912,1.1840221812679,1.28131703770146,0.852222690413805,0.883095718579968,1.19838108465669,1.2859601256913,0.959809885179827,1.27767027015629
"bmo-miR-3317_st",1.20908171462612,1.02035082919474,1.04761564892441,0.829752883453873,1.02035082919474,1.02035082919474,1.2542585844409,0.913072924553037,0.950668057062392
"bmo-miR-3318_st",0.857891945238911,0.726777171163866,1.2969728693493,0.925088203535899,0.84431976737182,1.03630522715872,0.994211354521763,0.994501037506847,0.674863103021074
"bmo-miR-3319_st",2.00753054890739,1.4979191561974,1.64953635797491,1.93107391698692,1.61287391157689,1.69019500526005,1.64953635797491,1.79212351454214,1.64953635797491
"bmo-miR-3321_st",1.06100162495375,1.10866556343929,0.967126795127547,0.900878891601256,0.903004118576849,1.54939465967587,1.10866556343929,1.40079057920553,0.821576005623039
"bmo-miR-3322_st",0.821742878974155,0.950411505029185,1.03105679963435,0.711941712853142,0.739382799104287,0.836358757953178,0.977375339764336,0.716265993938365,0.786449051988304
"bmo-miR-3323_st",1.0210076582549,1.2006717430963,1.44326110897754,1.17676825918747,1.07200311704127,1.3100673632801,0.990575004087461,0.962018476916396,0.784182884017091
"bmo-miR-3324_st",1.38278955137757,1.02080979607007,1.7221952426687,1.192819947099,1.40332115903987,1.2897143114925,1.66160422337553,1.09286432828771,1.6746108749813
"bmo-miR-3325_st",1.16306131927346,0.934530583932168,0.950668057062392,0.80455454571742,0.922097141925374,1.02844543161595,0.922097141925374,0.837146778356552,0.719333968992686
"bmo-miR-3326_st",0.881232153983553,1.04602175102542,1.00668005845055,1.04589922887054,0.950668057062392,0.950668057062392,1.25334231168776,0.87098644075591,0.950668057062392
"bmo-miR-3327-star_st",1.31267097503471,1.07200311704127,1.68614867691332,0.778734062685206,1.03143027834628,1.18631241615048,1.05082314973454,1.26645171733769,1.10488430319667
"bmo-miR-3327_st",0.941835642988968,0.941835642988968,1.0601992116624,0.941835642988968,0.805610101205363,0.836358757953178,1.10085450127099,0.941835642988968,1.03718933695199
"bmo-miR-3328_st",1.23922316506451,1.20763598661877,1.84069828367942,0.944149250639186,1.23922316506451,1.05876127105335,1.23922316506451,1.07200311704127,1.28674077211699
"bmo-miR-3329_st",1.2242363947762,1.05701634675296,0.94741519993543,1.21921289587085,1.05701634675296,1.05701634675296,1.05701634675296,1.05701634675296,1.05701634675296
"bmo-miR-3330_st",1.15695348061009,1.15695348061009,1.20869233687664,1.15695348061009,1.14655015021589,1.15695348061009,1.22125589582139,1.07200311704127,1.06159978664707
"bmo-miR-3332_st",6.09793477730932,5.88301150385642,5.70727857619698,5.82564217816132,5.82564217816132,6.07242219114461,6.16865372255432,5.93782939240319,5.2475151763112
"bmo-miR-3333_st",1.36070394788717,1.29421293033188,1.18247181669795,0.763391857150061,1.23922316506451,1.29602543705933,1.23922316506451,1.02990924440432,1.29602543705933
"bmo-miR-3334_st",1.36222118121268,2.57422460395004,1.35969060137833,1.97709155216498,1.35969060137833,1.24021705987426,1.33883667467231,1.2145902736085,1.3359397702505
"bmo-miR-3335_st",2.31863831910759,2.24786128418879,2.24786128418879,2.21764731681037,2.41501897225128,1.55168432544841,1.78706434678596,3.05602050659445,2.62404695018382
"bmo-miR-3336_st",0.869239944108582,1.18789004140357,0.950008380272661,0.805485729787015,0.842532661406638,0.869239944108582,0.787811831154773,1.32753466199798,0.869239944108582
"bmo-miR-3337_st",1.25212034367158,1.11951175373728,1.09412283729468,0.912147841451981,1.03656488655202,1.09412283729468,1.23922316506451,1.04389084826888,0.959844925889888
"bmo-miR-3338-star_st",0.775021465398563,0.950668057062392,0.991293870276535,1.10259491369431,0.977375339764336,0.977375339764336,0.977375339764336,1.40079057920553,0.689555106740157
"bmo-miR-3338_st",0.829743157525083,1.20979901422838,0.854774731089682,1.03143649322647,0.905440609625433,1.03143649322647,1.35969060137833,1.04642326351478,0.878002365964482
"bmo-miR-3339_st",0.855946119362064,0.89935089812432,0.970594975683904,0.89935089812432,0.830276330753555,0.964184082660253,0.748974721361005,1.0200443225541,1.1666265592862
"bmo-miR-3340_st",1.21359839809782,1.08230817442287,0.599777821558544,0.913072924553037,1.20592350773235,1.16509625526122,0.918209971230835,1.61036684834187,1.08230817442287
"bmo-miR-3342_st",2.0143573194695,1.07200311704127,1.04869355070769,0.944746908606653,1.4205782165211,1.84863159629651,1.78758888770563,1.3107480338988,1.23772884021426
"bmo-miR-3343_st",1.00426128177384,1.01560928064351,1.25503489997422,1.05565217927877,1.07200311704127,1.09703739359732,1.01560928064351,0.728010462100249,0.674688433722226
"bmo-miR-3344_st",1.64093656127911,1.69317759441366,2.06977113545996,1.78566181585325,2.77692497372174,3.21410299902487,1.87617651884321,4.03863445168499,2.03121971349175
"bmo-miR-3345_st",0.972201244348125,1.0320961700162,0.950668057062392,1.02010396014123,0.760618951568655,0.950668057062392,0.894274220664634,0.779029866460931,1.08974001351163
"bmo-miR-3347a_st",1.32218272907115,0.913072924553037,0.89623690979561,0.95511879903231,1.01942121424361,1.07581505064137,1.03578648473651,0.913072924553037,1.11404899152054
"bmo-miR-3347b_st",0.93866038140299,1.2006717430963,1.03143649322647,0.968708198458718,1.03143649322647,1.03143649322647,1.10055964421233,1.15277155320535,1.03143649322647
"bmo-miR-3348_st",1.10866556343929,1.14551570623773,1.26438787376518,1.2145902736085,1.2145902736085,1.35977260088388,1.32679983730816,1.2145902736085,1.2145902736085
"bmo-miR-3350_st",0.893865785067571,0.950668057062392,1.0320961700162,1.14870846207455,0.935959657704525,1.03131335166755,0.630860776083266,0.955274343404002,0.950668057062392
"bmo-miR-3351_st",0.8621965365702,1.05224564206394,1.10866556343929,0.933249247721264,1.02376395071122,1.02376395071122,1.10055964421233,1.02376395071122,0.736050414209709
"bmo-miR-3352_st",0.748974721361005,0.836358757953178,0.70429088174609,1.00769188026339,0.930986535230111,1.04264418150088,0.836358757953178,0.779029866460931,0.790511825457212
"bmo-miR-3353_st",0.939060578359823,0.73641116241625,0.895430020698276,0.895430020698276,0.857110380908295,1.14531056517327,1.1905039351236,0.913072924553037,0.780390420246167
"bmo-miR-3354_st",0.787178510381203,0.865377000057644,1.07963389470379,1.14870846207455,1.81165298857812,1.07963389470379,0.989532384746977,1.04794937641596,1.89203712333533
"bmo-miR-3355_st",0.818540314396187,0.836358757953178,1.40332115903987,0.913072924553037,0.836358757953178,0.913072924553037,1.23922316506451,0.913072924553037,0.818540314396187
"bmo-miR-3356_st",1.24719463616295,0.950668057062392,0.833125460854437,0.805485729787015,0.950668057062392,1.16492495170853,1.10853111531078,0.913072924553037,1.18666945995329
"bmo-miR-3357_st",1.10866556343929,0.836358757953178,1.2145902736085,1.37542883553289,1.28131703770146,1.10866556343929,1.17554963792294,0.788858282460166,1.2006717430963
"bmo-miR-3358_st",1.27538777377196,1.65655511001709,1.06063891902851,1.65290429006122,2.02755999778377,1.28131703770146,1.74388693689769,1.66338991580913,1.48405415846969
"bmo-miR-3359_st",1.18662898988258,1.20498668976405,1.26442616437186,1.26442616437186,1.20498668976405,1.19832218504743,1.17852307065563,1.32632174974293,0.995672769103857
"bmo-miR-3360_st",0.918021332317715,0.950668057062392,1.16272671690143,1.03143649322647,1.20494742714144,1.09816325731943,1.0148983216477,1.03143649322647,1.03143649322647
"bmo-miR-3361_st",0.950668057062392,0.950668057062392,1.07200311704127,0.820561901909682,0.828663935723978,0.950668057062392,0.983549243217796,1.09674155769838,0.529215008266273
"bmo-miR-3362_st",0.92595960819068,0.92595960819068,0.981600602463113,1.03143649322647,1.03143649322647,1.03143649322647,1.19865654124971,1.26103369655794,1.03143649322647
"bmo-miR-3363_st",1.14465376840785,1.18967714736876,0.950668057062392,0.806724634862466,1.05288604913598,0.636909949752927,0.869239944108582,1.06100852131373,0.915374230076541
"bmo-miR-3364_st",0.857891945238911,0.977375339764336,0.977375339764336,1.32896026261567,0.931332073685752,0.931332073685752,1.0464984907502,0.977375339764336,0.874430116817683
"bmo-miR-3365_st",1.098856122587,0.836358757953178,1.34962974078738,0.764601571748235,0.977375339764336,0.775656135027429,1.11020412145667,0.683046300188165,0.903812001386299
"bmo-miR-3366_st",1.11051833638996,1.17655189555526,1.28131703770146,1.52970380375165,1.52768471613124,1.28131703770146,1.12717061973459,1.32736030378004,1.28131703770146
"bmo-miR-3367_st",0.835810691785038,0.713138433725745,1.3225527228758,0.715023697974299,1.07200311704127,0.715023697974299,0.963509811626032,0.950668057062392,0.991234680877192
"bmo-miR-3368_st",1.01138576827269,1.2006717430963,0.777798758696528,1.00491496343348,0.93928290303978,1.54939465967587,1.2643369074153,1.07200311704127,0.929415960474042
"bmo-miR-3369_st",1.34727874019239,1.07200311704127,1.27828854058897,0.964415922275248,1.27828854058897,1.05964709408339,1.0554649454625,1.07200311704127,1.02817013659681
"bmo-miR-3370_st",0.775755268947763,0.950668057062392,1.28131703770146,0.775755268947763,1.07200311704127,0.866491448533438,0.977375339764336,1.24279307282863,0.869239944108582
"bmo-miR-3371_st",1.10866556343929,0.742881385224356,1.29535870977258,1.03143649322647,1.03143649322647,0.726417549959133,1.15170171597405,0.818535566604108,1.03143649322647
"bmo-miR-3372-star_st",1.07200311704127,0.949330858981977,1.15690472976934,0.913072924553037,1.07200311704127,1.07200311704127,1.07200311704127,1.08203248206805,0.865559132221755
"bmo-miR-3372_st",0.977375339764336,0.981541085228554,1.00472921052453,1.05824643026184,0.809651475251233,1.13024619790815,0.842532661406638,0.924212193736308,0.950668057062392
"bmo-miR-3373-star_st",0.849072825392129,0.939174335348937,0.73641116241625,0.780244142860705,1.42942256983577,1.14848825600913,0.939174335348937,0.939174335348937,1.07200311704127
"bmo-miR-3373_st",0.895487077748266,0.873953890462532,1.00787006031622,1.17952690652232,1.11045233915155,0.971750984623589,0.950668057062392,0.779029866460931,1.23826687560565
"bmo-miR-3374-star_st",1.50249781136312,1.11583609748573,1.22313181946627,1.77952956031993,1.22313181946627,0.950668057062392,1.04144010970099,1.07824096497637,1.03440798453192
"bmo-miR-3374_st",1.27465253298484,1.07200311704127,1.27249791785468,0.914704885785829,0.871788125873516,1.07200311704127,0.849072825392129,0.981793039393619,1.07200311704127
"bmo-miR-3375-star_st",0.922522244228976,0.897889352772969,0.836358757953178,0.792412467737179,0.897889352772969,0.740315425917433,1.0429896805428,1.01922441275185,1.21769663375209
"bmo-miR-3375_st",0.857891945238911,0.857891945238911,0.696413754882192,0.827018917072749,0.965187667219458,0.826922880277171,0.890773131394316,0.647685811077319,0.857891945238911
"bmo-miR-3377-star_st",0.920612911962465,1.32255893775598,0.721070853730917,0.883579903454602,0.817947843060901,0.950668057062392,1.10055964421233,1.07014159856646,0.950668057062392
"bmo-miR-3377_st",1.31192197643928,1.15695348061009,0.995475290253373,1.15695348061009,1.15695348061009,1.15695348061009,1.59011245474873,1.08751757753125,1.52126646575322
"bmo-miR-3378-star_st",1.32310719560409,1.04374120370724,1.00002294122103,0.711941712853142,1.04374120370724,0.461938026819233,1.08229262567544,1.00614607119788,1.04374120370724
"bmo-miR-3378_st",1.40332115903987,1.31837079547105,1.27276355741466,1.40332115903987,1.40332115903987,1.14708848432739,1.32189304608606,1.89808343630525,1.55004160085068
"bmo-miR-3379-star_st",0.857891945238911,0.857891945238911,1.00593428791973,0.813637367778069,0.744562800407303,0.965187667219458,0.857891945238911,1.05902315693881,0.97922700521779
"bmo-miR-3379_st",1.14768495036401,1.2145902736085,1.23834110473632,1.26043720610446,1.54939465967587,1.05701634675296,1.2145902736085,1.14515437052966,1.2145902736085
"bmo-miR-3381-star_st",1.40332115903987,1.29602543705933,1.25602044444141,1.37679387322341,0.991667032456376,1.40332115903987,2.00696160337246,1.11300209243525,1.14368764998683
"bmo-miR-3381_st",0.759644591353318,0.836358757953178,0.977375339764336,0.81188930839007,0.759644591353318,0.836358757953178,0.468031096368827,0.995043088772098,0.880338015783095
"bmo-miR-3382-star_st",1.80073505777499,1.02579452566347,1.30113459120706,1.79027357140273,1.17246596515203,1.36251507064577,1.13893804208917,1.18249533017881,1.34170121502186
"bmo-miR-3382_st",0.725940197768269,0.73641116241625,1.05700588507316,0.73641116241625,0.73641116241625,0.73641116241625,0.586034985652934,0.794047955414656,0.780129424902457
"bmo-miR-3383-star_st",0.990301994765859,0.913072924553037,1.02036864653358,0.913072924553037,0.618047593742817,0.728669732329309,1.20162803255515,0.711519996800346,0.953639548367837
"bmo-miR-3383_st",0.950668057062392,0.950668057062392,1.10160246159855,0.929585129501195,0.873953890462532,0.950668057062392,1.01497047227369,0.886365641851092,0.988263189571746
"bmo-miR-3384-star_st",0.75154365554834,0.871027050073765,0.568532277905887,0.807272835752198,0.738198268381432,0.950668057062392,0.871027050073765,1.30579275361783,0.871027050073765
"bmo-miR-3384_st",0.872103013105777,0.966730790382711,0.872103013105777,0.711941712853142,1.28418010669866,0.929431904598024,0.842047868005851,1.10931794694994,0.759638797291049
"bmo-miR-3385-star_st",0.895487077748266,1.22323640893508,1.35160614763246,0.925088203535899,0.559476577078861,0.836358757953178,0.906835076617937,1.2145902736085,0.950668057062392
"bmo-miR-3385_st",0.801186630354018,1.50416837976705,1.03143649322647,1.03143649322647,1.00287996605541,1.21101463407223,0.700370805921575,1.05059270908367,0.811850706284063
"bmo-miR-3386-star_st",1.13241017640237,1.48306496058685,0.773903402846329,0.945236525156543,0.985803148971343,1.0233982814807,0.821705154995975,1.12839030553857,0.985803148971343
"bmo-miR-3386_st",1.23595911003444,1.07200311704127,1.24185509333816,1.03143649322647,1.07200311704127,1.07200311704127,0.977375339764336,1.30764747612936,1.19400723837968
"bmo-miR-3387-star_st",0.977375339764336,0.836358757953178,0.977375339764336,1.37256156002761,1.07200311704127,1.05701634675296,0.966464913105887,0.887165262116685,0.869239944108582
"bmo-miR-3387_st",0.871027050073765,1.2006717430963,0.917786870906987,0.917786870906987,0.950668057062392,0.988263189571746,0.837252896153636,0.950668057062392,0.950668057062392
"bmo-miR-3388-star_st",2.43469424427019,1.81627282245821,1.54996693693523,1.42729467887594,1.68268715093672,1.52252585068409,1.88542427170496,1.54939465967587,1.69941831156971
"bmo-miR-3388_st",1.21066663789344,1.07200311704127,1.22293752157743,0.992745373176039,0.94333449098624,0.821999431007361,1.07200311704127,1.15167556566427,1.07200311704127
"bmo-miR-3389-star_st",1.77390429556564,1.07200311704127,1.92365132828481,1.24866487917806,1.31296729438936,1.31296729438936,1.23922316506451,0.978162908321989,1.31296729438936
"bmo-miR-3389_st",0.857891945238911,0.92732784831775,1.22235317912797,0.66651420414775,0.929858428152099,0.948410775878947,0.92732784831775,0.92732784831775,0.971307106147667
"bmo-miR-3391-star_st",0.950668057062392,1.02390836989737,0.809651475251233,1.14870846207455,0.923960774360447,0.950668057062392,0.869239944108582,0.779029866460931,1.04529583433933
"bmo-miR-3391_st",1.05049207041647,1.05049207041647,0.947827001514902,0.920385915263757,1.00991923172148,1.13013307740509,0.942356674760712,1.2145902736085,1.05049207041647
"bmo-miR-3392_st",0.897394309183631,1.20203009553553,0.910055602484069,0.689933482465527,1.1101868471431,0.618868566208295,0.90742367421041,0.951256654654865,0.576626880327091
"bmo-miR-3393_st",0.857891945238911,0.73641116241625,0.915220836731158,0.857891945238911,0.895487077748266,0.857891945238911,0.948102022886563,0.857891945238911,0.838500876069029
"bmo-miR-3394_st",1.39214196512638,1.2938863080804,1.10404218600941,1.26442616437186,1.40332115903987,1.26442616437186,1.67033244343584,1.06644705350006,0.667512965090628
"bmo-miR-3395_st",1.21036501090972,1.21036501090972,0.878933211922004,1.26442616437186,1.16979217221474,1.21036501090972,1.59268027252371,1.09046383162852,1.25521056457685
"bmo-miR-3396_st",1.32987395771822,1.07200311704127,1.18533226187288,1.14871728364113,0.972055521504342,1.06096870478151,1.07200311704127,0.789754984705747,1.15117617574597
"bmo-miR-3397_st",1.40332115903987,1.57329153075292,1.28131703770146,1.36375757069766,1.15107065711258,1.49356669102901,1.40079057920553,1.40079057920553,1.41145465513557
"bmo-miR-3398_st",0.912365249588714,1.28287890359078,0.964228806295788,1.14870846207455,1.01828995975792,1.08501672385088,1.10055964421233,0.846651769156461,0.672939630258005
"bmo-miR-3399_st",1.2791570215902,1.25830853609471,1.2145902736085,1.20634525507296,0.950668057062392,1.08448411845579,1.46492246818244,1.11193697356696,0.9797543883911
"bmo-miR-34-star_st",1.32253253535193,0.863498692598793,1.16810945189545,1.32003630852737,1.82048753878116,1.1948167345974,1.45309979893305,0.779029866460931,0.897439185135482
"bmo-miR-34_st",1.33804417656635,1.44389399773486,1.13581467361893,1.40367623696005,1.3514315199233,1.67327560933546,1.52809328206009,2.01581093671258,1.94303709749144
"bmo-miR-3400_st",1.20162803255515,0.837950052516428,0.913072924553037,0.913072924553037,0.837950052516428,0.913072924553037,0.939780207254982,0.741434733951577,0.870831238671833
"bmo-miR-3401_st",1.098856122587,0.977375339764336,0.817591057675178,0.913072924553037,1.01497047227369,1.12131876196426,1.20869503986809,1.15403710190112,0.965036205574787
"bmo-miR-3402_st",1.00408262246628,1.06322565545404,0.895947226810527,1.27623441248459,1.59550170625267,0.841227330720961,0.787811831154773,0.895947226810527,0.869239944108582
"bmo-miR-3403_st",0.950668057062392,0.994386319548599,1.19703573549217,0.618868566208295,1.25502646166534,0.950668057062392,0.950668057062392,0.865717693493569,0.755623935861693
"bmo-miR-3404_st",0.977375339764336,0.836358757953178,0.869239944108582,0.913072924553037,0.863799844204323,0.684836751884854,0.897796471279647,1.07200311704127,0.869239944108582
"bmo-miR-3405_st",0.708729609159502,1.12897182173467,1.15695348061009,0.667156483379096,0.954190307677405,0.869239944108582,0.959754647098537,0.727736427801734,0.869239944108582
"bmo-miR-3406-star_st",0.950668057062392,0.950668057062392,0.950668057062392,0.77877844708507,0.950668057062392,0.836358757953178,1.03293774151681,1.04529583433933,0.877104718684354
"bmo-miR-3406_st",0.83071284468317,1.05672832089637,1.01899763472224,0.755774693297597,1.07200311704127,0.913072924553037,1.2157471791784,1.07064685140857,0.662847824038213
"bmo-miR-3407_st",1.56801869513222,2.03951331625474,1.06770358167183,1.66160422337553,1.44843264439164,1.56801869513222,1.40809921055004,1.36190794001657,1.54939465967587
"bmo-miR-3408_st",0.950668057062392,1.44389399773486,1.31888737733584,0.910101433247592,1.07200311704127,0.913197605784467,0.711242437731682,0.950668057062392,0.950668057062392
"bmo-miR-3409_st",1.07200311704127,0.967210559654389,1.07200311704127,1.03143649322647,1.04785585425955,1.09758297056776,1.07200311704127,1.30921805088543,1.07200311704127
"bmo-miR-3410_st",1.65304108113282,1.41802955839774,1.03143649322647,1.27071258341296,1.40332115903987,1.40332115903987,1.52854073296985,2.01788576482878,1.40332115903987
"bmo-miR-3411_st",1.37661387633793,0.963073694821984,0.950668057062392,0.805485729787015,0.950668057062392,0.988263189571746,0.863284020470219,0.77828020755202,1.10959824955062
"bmo-miR-3412_st",1.27661227638498,0.977375339764336,1.034933290507,1.16399250334306,0.754445048115195,0.865757644984238,0.977375339764336,0.913072924553037,0.992083739122203
"bmo-miR-3413_st",1.47555510374063,1.28131703770146,0.855623573119631,0.972451671320398,0.75558336737483,1.14074682592219,1.28131703770146,1.32736030378004,2.01033166085215
"bmo-miR-3414-star_st",1.0018356683918,0.903582520443937,1.14300813977465,0.858831722660869,0.880354885569138,0.728669732329309,0.903582520443937,1.22104804525221,0.975128385689855
"bmo-miR-3414_st",0.751484481992963,1.08520278136439,1.33575860207911,1.11962832231808,1.44125926402011,0.963867721385516,0.869239944108582,0.963867721385516,0.761104548452828
"bmo-miR-3415_st",1.06094148522857,1.44389399773486,1.06094148522857,1.06094148522857,0.865863749955278,1.06094148522857,0.515952061507432,1.57889965167797,0.907507357966582
"bmo-miR-3416_st",4.29661475654427,1.76070423253875,1.51952999830793,2.52003196219337,2.99919872447545,3.06595481363589,3.86552241802919,3.679344130434,2.95897416391699
"bmo-miR-3417_st",1.11559981834173,1.16723428884942,0.691425762789153,0.618868566208295,0.843293012855617,0.900615070737315,0.964471115916729,1.00830409636118,1.13962416104368
"bmo-miR-3418_st",0.860566547105583,1.00438121434574,1.23027108765358,0.926198607499284,0.950668057062392,1.34310923612817,1.03293774151681,1.19450515565782,0.877104718684354
"bmo-miR-3419_st",1.16161384675599,1.08345475467269,0.783389628418875,1.66160422337553,1.17521187643853,0.915246168326208,1.16395177576124,1.42790409037855,1.16395177576124
"bmo-miR-3420_st",1.69551227464612,1.2006717430963,1.03339331445278,1.56852458078502,1.406957166644,1.53253493909758,1.10259876204105,1.406957166644,2.26004117282509
"bmo-miR-3421_st",0.888007974639506,0.836358757953178,0.707402658124016,0.913064102986459,0.73641116241625,0.836358757953178,1.57358307901577,0.779029866460931,0.965027384008208
"bmo-miR-3422_st",1.07469952682588,1.29799593015784,0.991240895757378,1.33762046942525,0.660175208452483,0.950668057062392,1.03570684742805,1.04887768875578,0.676713380031254
"bmo-miR-3423_st",1.07200311704127,1.5366290843549,0.970407885371007,1.26442616437186,1.07200311704127,0.952076460250483,0.664024357792182,0.779029866460931,1.19333817702015
"bmo-miR-3424_st",1.13544264320195,1.02814692122141,0.968222595178717,0.968222595178717,1.15695348061009,0.968222595178717,0.93816745007879,0.946711757770577,1.05843267282637
"bmo-miR-3425_st",1.10866556343929,1.23733418949432,1.28131703770146,0.949735370951059,1.07200311704127,1.28131703770146,1.17507269791192,0.879731971048934,1.10866556343929
"bmo-miR-3426_st",0.932232828934506,0.774235322557606,0.869239944108582,0.83836691594242,1.10488430319667,0.774235322557606,1.03645999213182,0.869239944108582,0.759638797291049
"bmo-miR-3427_st",1.02071555417472,1.02071555417472,1.24185509333816,0.781989209965471,0.907300393265966,0.66220878061868,1.04742283687667,1.31284056994096,1.11272173383173
"bmo-miR-3428_st",1.0540895063642,0.634846772925495,0.869239944108582,0.976712627870346,0.913072924553037,1.42371675270369,0.7230238190593,0.913072924553037,0.706628939733522
"bmo-miR-3429_st",1.10866556343929,0.950668057062392,0.967648981628133,1.40079057920553,0.682972098857462,1.51549060189708,1.35139260792171,1.3481297093365,1.31035889914068
"bmo-miR-3430_st",0.884643243421235,1.12608739894785,1.07200311704127,1.03143649322647,1.04344658987021,1.04456203079012,1.16463882091605,1.07200311704127,1.26746890988826
"bmo-miR-375-star_st",0.853849053766231,1.03636323009477,0.977375339764336,0.918820633886814,0.922053930985555,1.26182781301532,1.42385332680558,2.00295776871048,1.44068333973374
"bmo-miR-375_st",1.31071140997611,1.07200311704127,0.884765590700572,1.4311790555066,1.24163988447958,1.4567849106121,1.26708085231456,1.30764747612936,1.26708085231456
"bmo-miR-7-star_st",1.9550610176455,3.37685761893197,1.41882050664839,2.8895104350978,5.02848525740621,4.81890883727257,2.79470903709358,2.63320865534851,4.32024797482389
"bmo-miR-7_st",2.25981586572515,1.23949264944943,1.62069728428252,1.52854073296985,1.68742404837548,1.02388999020442,1.97671697051202,1.71688419208403,2.17782119326031
"bmo-miR-71-star_st",0.913599334833798,0.722371824417918,0.87453132894786,0.943654479933725,0.843706884396797,1.39248949539726,0.943654479933725,1.07200311704127,1.40332115903987
"bmo-miR-71_st",1.0663521024382,0.950668057062392,0.88352833094357,1.26442616437186,1.04220483965648,0.964956443897379,1.25351155189949,0.92677118598534,0.835760854836961
"bmo-miR-745-star_st",1.41614457409258,1.17735142089072,1.50471927133256,0.972680588220363,1.07200311704127,0.840009485986939,0.810484039102475,1.13424800236138,0.604091919032105
"bmo-miR-745_st",1.32338608695554,1.08079733190843,0.789163084793029,1.33068643250745,1.47676076158922,1.24111640250113,1.32338608695554,1.10513005176784,0.999369218954621
"bmo-miR-750-star_st",1.1802405681132,0.836358757953178,0.845742091446449,1.14870846207455,1.01302052008997,1.03410344765116,1.03972780279191,1.01302052008997,1.30061933863323
"bmo-miR-750_st",1.07200311704127,1.29602543705933,0.910524926684551,1.07200311704127,1.07200311704127,1.07200311704127,1.07200311704127,1.07200311704127,1.29602543705933
"bmo-miR-79-star_st",0.722943597044422,0.715023697974299,0.981300745288012,1.03143649322647,0.844100188040119,0.715023697974299,0.754930644999368,0.8867188920848,0.741875125957302
"bmo-miR-79_st",1.15695348061009,1.44389399773486,1.01185315284026,0.917930101579476,1.15695348061009,1.13542029332436,0.831061888721408,1.29954063717732,1.41769543705059
"bmo-miR-8-star_st",1.05701634675296,1.1516441240299,1.05701634675296,0.817992967722347,1.07200311704127,1.05701634675296,1.05701634675296,1.29423128059713,1.0842105639506
"bmo-miR-8_st",1.09127546030015,1.29554497882325,0.983140064644399,1.09127546030015,1.07200311704127,0.89619772502686,1.21445976474815,1.32849039414431,1.30206545932707
"bmo-miR-87_st",1.29602543705933,1.27449224977359,1.10904693777253,1.82377819500637,1.29602543705933,1.40332115903987,0.773454983147514,1.29602543705933,1.29602543705933
"bmo-miR-927-star_st",0.950668057062392,0.917294037259508,0.950668057062392,1.14870846207455,0.950668057062392,0.998955974233192,0.841421759997739,1.07200311704127,1.27047533804152
"bmo-miR-927_st",1.06809893962449,0.84481932964775,1.03143649322647,1.03143649322647,1.11638685679529,1.03143649322647,1.19865654124971,0.941226415578819,1.28972907946091
"bmo-miR-929-star_st",1.5310369597944,0.962201950920257,0.932931160592035,0.994774046828448,1.28131703770146,1.07200311704127,1.32302815498031,1.07200311704127,0.918568989779282
"bmo-miR-929_st",1.07200311704127,0.939174335348937,1.1260642705034,0.914704885785829,1.07200311704127,1.07200311704127,1.07200311704127,1.1666308943182,0.893000218472901
"bmo-miR-92a_st",3.27428176959241,2.36174396555301,2.53402927807281,3.27428176959241,2.90453873374882,2.35568045638126,2.98625965145477,2.55318549393,2.90453873374882
"bmo-miR-92b_st",2.57714964524617,1.82528586067891,2.25412043485976,1.93485314109169,2.37612455619817,2.25412043485976,2.82644256309331,2.29144017048834,2.439166235033
"bmo-miR-932_st",0.843177108824317,0.523637394400148,1.51808072737219,0.935953220647797,0.73641116241625,0.895144312069032,0.935953220647797,1.32677577652798,0.829322403777936
"bmo-miR-965-star_st",0.977375339764336,1.13630553225257,0.817214039511701,1.05408068479762,1.09573269355758,0.977366518197758,1.10055964421233,0.977375339764336,0.759638797291049
"bmo-miR-965_st",0.913072924553037,0.913072924553037,1.46567362206745,0.860666709101141,1.02800729037827,1.01302052008997,1.20076040889009,0.913072924553037,0.753497050276807
"bmo-miR-970-star_st",1.16463882091605,1.07200311704127,1.1520752619713,1.26442616437186,1.07200311704127,0.728669732329309,1.06389719781431,1.07200311704127,0.992290979882141
"bmo-miR-970_st",1.06795152909481,1.2006717430963,1.08119820159224,1.75183713630181,1.62036870267193,0.842164969540259,1.2006717430963,1.2006717430963,1.2006717430963
"bmo-miR-989_st",0.950668057062392,0.950668057062392,0.950668057062392,1.03143649322647,0.950668057062392,0.950668057062392,0.950668057062392,0.913072924553037,0.89612166070042
"bmo-miR-989b_st",0.881370692151377,0.945734254454216,1.5866671873244,1.10828939838807,0.962798805105187,0.861065703119681,0.881370692151377,1.07200311704127,0.749199875835542
"bmo-miR-993a-star_st",1.26724719131114,1.08396054832325,0.660317153576988,0.845234204113997,1.68268715093672,0.950668057062392,0.823783205438918,1.08396054832325,1.32404946330596
"bmo-miR-993a_st",1.01398901943244,0.948919083040232,0.911323950530878,0.618868566208295,0.834609783931018,1.2795680636793,1.08993566485139,0.911323950530878,0.884616667828933
"bmo-miR-993b-star_st",1.23922316506451,1.28131703770146,1.04999733759771,1.40653661163144,1.28131703770146,1.28131703770146,1.27065296177142,1.30070810687134,1.47678283054845
"bmo-miR-993b_st",0.828528146020423,1.4059426410811,1.10866556343929,1.03143649322647,1.26493894876084,1.33505356467987,1.0752348904633,1.32716736672118,1.18821898809871
"bmo-miR-998_st",1.41540142689131,1.84128161891943,1.3831949891858,1.66160422337553,1.11514273197209,1.39386823960558,1.51587236094399,1.63720742092287,1.51587236094399
"bmo-miR-9a-star_st",1.47810000202254,1.09143828814515,0.851279915235243,1.19620343029134,1.15695348061009,0.950668057062392,1.3791257724822,1.09143828814515,1.09143828814515
"bmo-miR-9a_st",0.869239944108582,0.950668057062392,1.08349683875472,0.751697347900628,0.646309652459441,0.861498514021641,0.881803503053337,0.86689378917653,0.869239944108582
"bmo-miR-9b-star_st",1.0113260725009,0.898847378055658,0.913072924553037,1.26442616437186,0.641428001088583,0.791737864574159,0.810407855651473,0.93246399372292,0.970059126232274
"bmo-miR-9b_st",0.784157237699091,0.73641116241625,0.763852248667395,0.923028325994969,0.853953758624204,0.763852248667395,0.638404344200393,0.814212382799018,0.687132288005266
"bmo-miR-9c-star_st",0.73945548413875,0.914368272253378,0.977375339764336,1.26442616437186,1.03191086846133,1.08830470485909,1.03191086846133,1.00621875623235,1.28191455449524
"bmo-miR-9c_st",1.05511060433042,0.836358757953178,0.917127194117256,0.747891944247426,0.884246007961852,1.23772191677417,1.28711041507318,0.917127194117256,0.88710237388549
"bmo-miR-9d_st",0.889161366738611,0.950668057062392,0.900509365608282,0.913072924553037,0.810407855651473,1.11476626025442,1.08029297257627,0.913072924553037,1.07200311704127
"bmo-miR-iab-4-3p_st",0.977375339764336,0.8101552917411,1.15695348061009,0.83219301248896,1.1414733337397,0.863066040655122,0.977375339764336,1.03501213276274,1.09871039974321
"bmo-miR-iab-4-5p_st",0.783389628418875,1.0703157232426,0.783389628418875,0.987342369030952,0.944169065376228,0.96356013454611,0.906573932866873,0.925965002036756,0.75668234571693
"bmo-miR-iab-4as_st",0.972997041379062,1.29602543705933,1.17469037708045,1.01739214582501,0.951760085431307,1.03412016530118,1.20717387298663,1.17469037708045,1.17809383184113
"bna-miR1140_st",0.950668057062392,1.38880154888281,0.950668057062392,1.26469735867949,0.893110106319731,0.836358757953178,0.788471507944504,1.2145902736085,1.23846748631667
"bna-miR156a_st",1.10866556343929,1.6934119972951,1.20329334071623,2.00844427732458,1.4059427566598,1.28131703770146,1.10318124183226,1.00770070182997,1.19780901910919
"bna-miR156b_st",0.86845811588643,0.855894556941675,1.28131703770146,1.03255631907846,0.668916057654882,0.977375339764336,0.988723338634007,1.07200311704127,0.869239944108582
"bna-miR156c_st",0.977375339764336,1.07669628809223,1.10866556343929,0.744896797238136,1.07200311704127,1.15264841164643,1.07200311704127,1.2145902736085,1.07200311704127
"bna-miR159_st",1.07200311704127,1.63360635433697,0.965096762684507,0.973387748137093,1.01098288064645,1.07200311704127,1.52854073296985,1.07200311704127,1.13231794062533
"bna-miR161_st",0.977375339764336,0.552449302377821,0.875602473275113,0.875602473275113,0.836358757953178,0.913072924553037,0.995342609007451,0.913072924553037,0.91958173110503
"bna-miR164_st",1.22344823628121,1.29602543705933,1.10911680069513,1.52854073296985,1.3275797107516,1.76841065231862,1.49163385166248,1.40332115903987,2.45032293094021
"bna-miR166a_st",1.47906260732815,1.652927937284,1.758428599225,1.49515606295016,2.19922975475363,2.05661296543188,2.67109223780627,1.86623846412752,1.758428599225
"bna-miR166b_st",1.5721712906314,1.07129917699755,1.23641571720362,1.52854073296985,1.52854073296985,2.93172112291678,2.07787444241209,0.913072924553037,1.52854073296985
"bna-miR166c_st",1.86768508549199,1.51755059299225,1.51755059299225,1.47674693048311,2.12799758819336,1.9808715171436,1.68706418215549,1.84863159629651,1.7868333192043
"bna-miR166d_st",1.4799392476598,1.44327680126178,1.98025432067052,1.78924846416444,3.07489338072447,2.5328604799077,1.66160422337553,1.76590648624852,2.54414742045805
"bna-miR167a_st",1.0595852809403,0.950668057062392,0.747881042784479,0.820561901909682,0.950668057062392,0.935681286774085,0.977375339764336,1.15179926876229,0.864541159739599
"bna-miR167b_st",1.66770038064842,0.725216855898867,1.35657049293849,0.917805917114899,1.05701634675296,1.05701634675296,1.07906406737204,1.05050754020097,0.94741519993543
"bna-miR167c_st",0.696588469846414,0.788594649503422,0.917517264100582,0.74656768604929,1.07200311704127,0.950668057062392,0.869239944108582,0.869239944108582,0.869239944108582
"bna-miR168_st",3.02145922522787,2.09044331845343,1.28131703770146,2.18431158509579,2.19295103609796,2.58872619630456,3.25542239843284,3.07146496951781,2.439166235033
"bna-miR169a_st",1.10866556343929,1.46324548508256,1.38416515239934,1.19865654124971,0.998258987716419,1.07752310050887,1.23922316506451,1.23922316506451,1.36789179111954
"bna-miR169b_st",0.977375339764336,0.879572383436287,1.06012569801172,1.08222179937986,1.12585235704141,1.2917968024012,1.08222179937986,0.680986405446926,1.46573395954428
"bna-miR169c_st",1.07200311704127,1.04456203079012,1.10057403217829,1.07200311704127,1.07200311704127,1.26205222253501,1.10055964421233,1.07200311704127,1.07200311704127
"bna-miR169d_st",1.40332115903987,1.2006717430963,1.2006717430963,1.29236385841789,1.07200311704127,1.2006717430963,1.12103073610767,1.32014528460037,1.2006717430963
"bna-miR169e_st",1.01266916675019,0.985961884048242,1.17294038333504,0.82031610818814,1.26532787594509,0.985961884048242,0.961386178007967,0.804696270186612,0.950668057062392
"bna-miR169f_st",0.690142632903896,1.12181387456604,0.880191738397633,0.767890597277661,1.07200311704127,0.618868566208295,1.10055964421233,0.700171997930675,0.913072924553037
"bna-miR169g_st",1.10866556343929,1.07578437728389,1.10866556343929,0.913072924553037,1.1900936763931,0.968095351660018,0.999748339561385,1.45401589293921,1.20527048552411
"bna-miR169h_st",0.775383426568912,1.06903162573582,0.878002365964482,1.03143649322647,1.15695348061009,1.39968060637489,1.03143649322647,0.882289780925675,1.17875346821125
"bna-miR169i_st",1.31142873637198,1.02938441299659,0.977375339764336,1.12015193490349,1.06411596411055,0.942780904131667,1.04194797194134,1.07200311704127,1.18667157284577
"bna-miR169j_st",0.913072924553037,0.913072924553037,1.09383031804216,1.00476503987462,1.15695348061009,1.20078646105455,0.748974721361005,0.738160136438409,0.734070025984668
"bna-miR169k_st",0.977375339764336,1.29602543705933,0.836358757953178,1.10685223751632,0.957068751216035,1.05701634675296,1.19803292856412,1.05701634675296,0.976371052147803
"bna-miR169l_st",0.748974721361005,0.996581777597403,1.23537493079926,1.13410156212803,1.38398210660302,0.996581777597403,0.971905013010146,1.48896009052031,0.953184700065313
"bna-miR169m_st",0.994647314892309,1.08742342671579,0.869239944108582,0.938635313504146,1.27043480435824,0.950668057062392,1.20103943496268,0.913072924553037,1.08665349454932
"bna-miR171a_st",1.07200311704127,1.07200311704127,1.15695348061009,1.22776371797383,0.646309652459441,0.902032745328226,1.19722269097125,1.24098297160416,1.07200311704127
"bna-miR171b_st",1.23922316506451,0.695582732808155,0.949735370951059,0.989778269586318,0.913072924553037,0.950668057062392,1.50267403088729,0.913072924553037,0.869239944108582
"bna-miR171c_st",1.27157969810908,1.55625658087975,1.13056311629792,0.913072924553037,1.03061552076099,1.13056311629792,1.13056311629792,0.843637021474199,1.24487241540713
"bna-miR171d_st",1.28131703770146,1.1403004558903,1.06558276078153,1.19080233471151,1.28131703770146,2.02745689413316,1.28131703770146,1.28131703770146,1.28131703770146
"bna-miR171e_st",0.748974721361005,0.869239944108582,0.869239944108582,0.869239944108582,1.28131703770146,0.842532661406638,0.992424248556581,0.689220203641625,0.609508066482496
"bna-miR171f_st",1.09354063505708,1.24140919573261,1.03143649322647,1.11874363436443,1.01127095060267,1.28131703770146,0.973275412309502,0.67787653550203,1.09354063505708
"bna-miR171g_st",1.24185620936969,1.28242283318449,1.24185620936969,1.21707425920079,0.922048928390568,1.68268715093672,1.16394563812875,1.42500998975172,1.38075120403771
"bna-miR2111a-star_st",0.964240234929483,1.05701634675296,1.40604311290121,0.930859610945547,1.54939465967587,0.861423707866709,1.75624249427661,0.861423707866709,1.05701634675296
"bna-miR2111a_st",1.16084960138764,0.825257646762619,1.24579996495646,0.612483878746518,1.34160699487677,1.16084960138764,1.23922316506451,1.2748802307838,0.929529901283887
"bna-miR2111b-star_st",1.06956944401792,1.05060519091952,1.03143649322647,1.26442616437186,0.870027385786372,1.15695348061009,1.52854073296985,1.29954063717732,0.869239944108582
"bna-miR2111b_st",1.02381111754152,0.836358757953178,0.883337223955803,0.883337223955803,1.1719507125782,0.718816161745223,0.991472619611557,0.715351835432068,1.08312914688835
"bna-miR390a_st",1.24968214525045,0.913710175445337,1.30037188932273,0.949934253513191,1.54939465967587,0.977375339764336,0.977375339764336,0.898513260986356,0.870079617783789
"bna-miR390b_st",1.32906880798392,1.2006717430963,1.45116901399836,1.34231065397184,1.28131703770146,0.950668057062392,1.30987356487253,1.21309110103464,1.38608810316862
"bna-miR390c_st",1.60226391786673,1.5875748834785,1.11312050016564,1.15695348061009,1.17780740731611,0.693030078630047,0.977375339764336,0.793313219186512,1.15695348061009
"bna-miR393_st",0.760618951568655,0.950668057062392,1.00799694855464,1.31925672625065,0.950668057062392,0.950668057062392,0.760618951568655,0.922111529891327,1.05078015594636
"bna-miR396a_st",0.977375339764336,0.622793900151327,1.10866556343929,0.805485729787015,0.962288213234623,1.21820770604537,0.822712211402192,0.840284091896209,0.759638797291049
"bna-miR397a_st",1.4399836054379,0.966078406872063,1.10866556343929,0.699561019617808,1.17539232753225,0.730434047783971,1.08076455025532,1.10866556343929,1.29602543705933
"bna-miR397b_st",0.780587563864231,1.0947113938391,0.893916708695839,0.710527773568404,0.870689073821039,1.15695348061009,0.899245600992104,0.870689073821039,0.797125735443002
"bna-miR399_st",0.7873262342706,0.882144167956189,1.60036186689421,0.977375339764336,0.791857313622675,1.19486553150922,1.10055964421233,0.913072924553037,1.01025652591974
"bna-miR824_st",0.977375339764336,0.523637394400148,0.97307882626942,1.10149918271011,1.30415982957368,1.08738812537863,1.0533503648479,0.938990132986428,1.02479383767683
"bol-miR157a_st",1.27594399208281,0.988263189571746,0.96458658757459,0.950668057062392,0.836358757953178,1.00363718659669,0.916253150004521,1.2145902736085,0.743905308970608
"bol-miR171a_st",1.10866556343929,0.817125600195512,1.60124844080411,1.11215093100573,1.36386826914042,1.10866556343929,1.10866556343929,0.906311689073518,1.10866556343929
"bol-miR172a_st",1.38221478529531,1.07200311704127,0.954460520833316,1.32123405362826,1.19601447969828,1.19601447969828,1.03128735074604,1.19348389986393,0.950668057062392
"bol-miR172b_st",1.05701634675296,1.48380183970371,0.834086055103822,1.14870846207455,1.05701634675296,1.24479274939734,0.869239944108582,1.07200311704127,0.850624226682593
"bol-miR398a-star_st",1.02909035117175,0.984868340493225,0.805535327662565,1.2873734155074,0.994266213093941,0.994266213093941,0.977375339764336,0.927539449000979,0.697772309173144
"bol-miR398a_st",1.00047910180614,1.2006717430963,0.910231869005548,1.06727329862372,1.89943635369277,2.12345867371083,1.05302285946748,1.2145902736085,1.46795949622504
"bol-miR824_st",0.965804432832769,1.27016283743572,1.40405164245605,1.03143649322647,1.03143649322647,0.728669732329309,0.727078088623519,1.15277155320535,0.637267970511719
"bra-miR157a_st",0.822955885343608,1.00311603375926,1.26797794195526,0.879466893769618,1.17841754391019,0.802650896311912,0.869239944108582,0.965520901249907,0.950668057062392
"bra-miR159a_st",1.06764558741033,1.02366632958042,1.06764558741033,0.92843515777227,1.10821221122513,1.09322544093683,1.05110741583156,0.76885928349604,1.2006717430963
"bra-miR160a-star_st",1.06272439585888,1.05384894969806,0.929431904598024,0.778188731401714,1.36248377080551,0.836358757953178,0.634781719224,0.766922854874339,0.929431904598024
"bra-miR160a_st",2.11731821445209,1.57329153075292,1.20214492565271,1.85089977108143,1.53694931172008,1.15695348061009,1.53694931172008,1.53694931172008,1.34592005194873
"bra-miR164a_st",2.12147356290646,0.836358757953178,1.27940836590823,1.16815824880727,1.08320788523845,1.16815824880727,1.16815824880727,1.21671521726102,1.51351562880421
"bra-miR167a_st",1.03679495438518,0.950668057062392,1.08349683875472,0.950668057062392,0.817947843060901,0.728669732329309,1.04087813471004,1.15343122999508,0.950668057062392
"bra-miR167b_st",1.07200311704127,1.07200311704127,1.16477922886475,1.26442616437186,1.07200311704127,1.28626001168741,1.33385094234144,0.885024617754477,0.869239944108582
"bra-miR167c_st",0.941350576307409,0.836358757953178,0.93152840726837,0.977375339764336,0.994892689886992,0.979905919598685,1.06350223708713,0.977375339764336,0.834737434015534
"bra-miR167d_st",0.921669054475129,1.00373708401064,0.957693817932056,0.708551548350331,1.07200311704127,1.06001929917341,0.9330170533448,0.842806975697149,0.784182884017091
"bra-miR171a_st",0.9363982576029,0.932792687403206,0.919884767122839,1.1932444642536,1.35982335006545,1.13222107458224,0.951463681093114,1.06549431048928,1.07200311704127
"bra-miR171b_st",0.9501059330609,0.956844675047913,1.41572148530839,0.913072924553037,0.836367579519756,1.03748996965307,0.901957115198684,0.877775218217812,0.851852785113038
"bra-miR171c_st",1.281986099061,0.950668057062392,0.950668057062392,1.03143649322647,1.07200311704127,0.950668057062392,0.869239944108582,0.913072924553037,0.869239944108582
"bra-miR171d_st",0.786569853870359,1.06497735617161,0.893916708695839,0.950668057062392,0.950668057062392,1.45876037510847,1.09168463887355,0.950668057062392,0.950668057062392
"bra-miR171e_st",1.23922316506451,1.01388583810365,0.811444811937818,0.946759644463868,1.01388583810365,1.01388583810365,1.26110953337204,1.01388583810365,1.40867351359209
"bra-miR172a_st",1.39638249277921,1.28131703770146,1.54939465967587,1.22935375667971,1.28131703770146,1.28131703770146,1.20340646646052,1.42390419426869,1.28131703770146
"bra-miR172b-star_st",0.857891945238911,1.29602543705933,1.07200311704127,1.42058588833097,0.809149110646628,1.22404596904349,0.958587956132514,1.0881487958347,0.908446193077169
"bra-miR172b_st",1.16031478012562,1.1523838259255,1.10866556343929,1.16286064327674,0.802605732916968,1.10866556343929,1.48835562828159,1.07200311704127,1.10866556343929
"bra-miR1885_st",1.04167775497564,0.900661173164477,1.10259491369431,0.951580071035028,1.16435383905113,0.933832042304965,0.977375339764336,1.42749786190747,0.942081512778486
"bra-miR2111a-star_st",1.23922316506451,0.905342389524002,1.00256721396243,0.98611082568808,1.30189215255813,1.15695348061009,0.900656758625194,1.33592533358738,1.07200311704127
"bra-miR2111a_st",1.20224949763015,1.13353371186106,1.07200311704127,0.935638702207601,0.991234680877192,1.07200311704127,1.10055964421233,0.968703337236441,0.975212143788434
"bra-miR2111b-star_st",1.24592040171531,1.71741502283783,1.48313533555948,0.711941712853142,0.912859026924642,1.08834647485978,1.36839045660876,1.40079057920553,1.24845098154966
"bra-miR2111b_st",0.805485729787015,0.941056975152791,1.12851412546728,0.805485729787015,1.05536627426201,0.785180740755319,0.805485729787015,0.779029866460931,0.805485729787015
"bra-miR824_st",0.748974721361005,1.57329153075292,0.885024617754477,1.17947580080303,0.950668057062392,0.779547732718687,1.10055964421233,1.18603374643743,1.07200311704127
"bta-let-7a-star_st",0.977375339764336,1.07200311704127,0.977375339764336,0.818445147276104,0.977375339764336,0.835173166752271,0.743418374474918,1.26598882838673,1.09937946110275
"bta-let-7a_st",13.4344446849551,13.3905187363556,13.4419205339934,13.3639507177125,12.9937215163203,12.8405976643094,13.4948879066793,13.3411205442086,13.4758987054649
"bta-let-7b_st",13.7910207338971,13.9143921021313,13.8753042158398,13.8688646568182,13.7962392772307,13.7706838006057,13.8087397457069,13.7582421416454,13.6580060006882
"bta-let-7c_st",12.5318114909121,12.480296827651,12.5809718808021,12.443359754809,12.1133183576811,12.0009846531351,12.6421115893295,12.3278155001489,12.480296827651
"bta-let-7d_st",12.2385265866977,12.2826467529665,12.2771446480063,12.2082354577545,12.0671515772411,12.0386763086816,12.232026670536,12.0880090287602,12.2047940806841
"bta-let-7e_st",11.5441127059795,11.8032939574552,11.6673457750336,11.6240805490421,11.4904361341626,11.4875569840236,11.6028321743673,11.3350399833636,11.5163757704208
"bta-let-7f_st",9.31881929463909,9.44435152987987,9.13745213875695,9.19787992493603,8.55082980390938,8.50228643831407,9.36920865610226,8.79755211899377,9.48718109601396
"bta-let-7g_st",8.76772437563567,8.86051446399228,8.74760716976429,8.85916522024035,8.12302356273252,7.9570563988322,8.94481823310752,8.64352704996474,9.077825293823
"bta-let-7i_st",10.0469584116334,9.96007101443564,10.0214827090451,9.89081875306517,9.85709027846097,9.63341196940426,10.1578080873231,9.74490584377383,10.2032329004062
"bta-miR-1_st",1.14870846207455,1.18030773476202,1.26137012505043,1.14870846207455,1.02003983601952,1.12200117937261,1.05860695211774,1.26387693461495,1.14870846207455
"bta-miR-100_st",11.6986077630588,11.7849048708308,11.6865362976236,11.5920479286656,11.5785282884801,11.6416190233736,11.5951242850415,11.6563111052232,11.5949541785099
"bta-miR-101_st",1.48652546436131,1.32251018691523,1.24185509333816,0.850904479043348,1.03556966979046,1.0896308232526,1.19471166963141,1.3535530397987,1.00820271029879
"bta-miR-103_st",13.2645561339172,13.2593205271435,13.2287527727799,13.2959870106491,13.412490366222,13.4172581426738,13.3321005502846,13.3151363786875,13.225688951135
"bta-miR-105a_st",1.10866556343929,1.44389399773486,1.10866556343929,1.08742941097492,1.07200311704127,0.994356264330078,1.52854073296985,0.942605584023212,1.10866556343929
"bta-miR-105b_st",1.11788810508563,0.836358757953178,0.950668057062392,1.05814074082416,1.3546822746171,0.680030847906538,0.977375339764336,0.788159007338707,0.994298614723939
"bta-miR-106_st",11.603881577074,11.3431060642526,11.2603263934965,11.4227906772019,11.326810237509,11.3833909573207,11.6368780050467,11.5159603620186,11.5763008026216
"bta-miR-106b_st",11.8015916315588,11.6962199968111,11.7638327298186,11.7503988852461,11.7773121216986,11.7056049943578,11.8406696930012,11.7352941265319,11.6772150413007
"bta-miR-107_st",13.0659886624089,12.9852377085133,12.9523827275677,12.9102768941679,13.0235485380434,13.0375260700281,13.0691853621002,13.0385274832602,12.9292747396201
"bta-miR-10a_st",2.439166235033,1.57329153075292,1.83523534443622,1.43454914683491,1.96852783569708,1.77594094669649,1.57964073671847,1.89808343630525,2.21649157727076
"bta-miR-10b_st",1.88180359061733,1.758428599225,1.758428599225,1.62916029498972,1.63709353924612,1.758428599225,1.35969060137833,2.07407674175425,1.758428599225
"bta-miR-1179_st",0.857891945238911,0.82122949884089,1.00307427251429,0.832096676509603,0.977279003784979,0.699894438862011,0.818487787046257,0.965479140004934,0.902737498906038
"bta-miR-1185_st",1.05701634675296,1.42890722744655,1.07200311704127,1.05701634675296,0.983989340675826,0.976247910588885,1.2242363947762,0.89808615426473,1.15280539390833
"bta-miR-1193_st",1.04566834788329,0.861938611479671,1.05701634675296,0.761830811092653,1.70826700446322,1.05701634675296,1.26188383144978,0.913072924553037,0.894819797635075
"bta-miR-1197_st",0.71137958885165,0.913072924553037,0.913072924553037,0.913072924553037,0.940514010804183,1.09265106539879,1.06296451170298,0.913072924553037,0.706680804482667
"bta-miR-122_st",1.11788810508563,0.950668057062392,0.809129288750647,1.26442616437186,0.950668057062392,1.0604692231834,0.646309652459441,0.913072924553037,0.695861010978014
"bta-miR-1224_st",5.35922997460709,5.73367487375356,4.81607283600484,5.35922997460709,5.48326469758285,4.88224660990462,5.63874718116502,6.07133577697289,5.35922997460709
"bta-miR-1225-3p_st",1.52850637996005,1.44389399773486,1.40079057920553,1.1461778822402,1.38944691106593,1.16514622011743,1.5260101531355,1.40079057920553,1.52945920526056
"bta-miR-1248_st",0.950668057062392,0.950668057062392,1.32489886493052,0.905794661032016,0.836358757953178,0.950668057062392,1.10055964421233,0.950668057062392,0.937393933719487
"bta-miR-1249_st",1.47243833662112,1.32002214304145,1.22121243835977,1.40079057920553,2.24533070435444,1.40079057920553,1.10055964421233,1.40079057920553,1.40079057920553
"bta-miR-124a_st",0.830402834314814,0.950668057062392,1.15695348061009,1.18318335297292,0.865717693493569,0.950668057062392,0.893865785067571,0.860457979414741,0.950668057062392
"bta-miR-124b_st",0.977375339764336,1.2006717430963,0.940712893366315,1.0848480235261,1.18366076331204,0.977375339764336,0.846085116089381,0.977375339764336,0.933542359319881
"bta-miR-1251_st",1.4399836054379,1.30808998723173,1.62081135078476,1.40332115903987,1.27403916007811,1.40332115903987,1.10055964421233,1.40332115903987,1.40332115903987
"bta-miR-1256_st",0.977375339764336,1.1914865115667,0.977375339764336,1.1070586358985,0.930575623096734,0.822886597472865,0.977375339764336,0.963456809252138,0.963456809252138
"bta-miR-125a_st",11.0976765419816,11.5478255481733,10.9276894351766,11.3415272336722,11.0041775769602,11.1160138831385,11.0733828327847,11.0615893620688,11.1405484308557
"bta-miR-125b_st",11.2246238726162,11.0862416796883,11.1431103567574,11.1402367773406,11.0426420002645,11.0443896685426,11.2143130551317,11.1431103567574,11.2067961442198
"bta-miR-126-star_st",1.59530311434455,1.54191691985397,2.06977113545996,1.82365578407944,1.89021288910853,1.68268715093672,1.59048819286079,1.68268715093672,1.68268715093672
"bta-miR-126_st",2.01033166085215,2.37779495844059,1.21570586347399,2.01033166085215,1.44515752760008,2.01033166085215,2.10254730656352,2.01033166085215,2.04850659738322
"bta-miR-127_st",1.40332115903987,1.40332115903987,1.36274832034489,0.950186608206899,1.30337356350295,1.40332115903987,2.09550313405655,1.50882182098088,1.40332115903987
"bta-miR-1271_st",0.977375339764336,0.725330730101535,0.836358757953178,0.950668057062392,1.0320961700162,0.616120070633151,1.15731574394618,0.991234680877192,0.950668057062392
"bta-miR-128_st",6.34558850104154,6.67468707156481,6.2160809454952,6.26704429183689,5.12944335389264,5.56415222055685,6.37229257178386,5.93582303897442,6.59083926496662
"bta-miR-1281_st",3.91293150453488,4.45741824482246,5.31509720375677,4.74798992512975,5.06154107898674,5.85085843072384,2.63728819778094,4.64746697745222,4.70468511094948
"bta-miR-1282_st",0.739481768623194,0.836358757953178,0.676574475864019,0.795792134138378,0.836358757953178,0.917786870906987,0.945959904770711,0.623457831330815,0.869239944108582
"bta-miR-1284_st",1.07200311704127,1.07200311704127,1.01525176867472,0.83327677283202,1.65413062376566,1.51273221327785,1.07200311704127,1.07200311704127,1.41507994972002
"bta-miR-1287_st",0.85402604291355,0.674892692251468,1.24185509333816,0.910537051339561,0.841462483968795,0.910537051339561,0.974291265661128,0.910537051339561,0.910537051339561
"bta-miR-129-3p_st",1.29602543705933,1.29602543705933,1.29602543705933,1.80067617982476,1.17893887696217,1.29602543705933,1.29602543705933,1.40152609900033,1.43968083340266
"bta-miR-129-5p_st",1.16251782003123,0.836358757953178,1.02371519987047,1.07200311704127,1.07200311704127,0.960385422261171,0.894185854026809,1.40079057920553,1.22145482186609
"bta-miR-129_st",1.38884320947189,0.996440229612382,1.52985979128305,1.26442616437186,1.38884320947189,1.38884320947189,1.40019120834156,1.38884320947189,1.50315250858111
"bta-miR-1291_st",0.881954011547533,1.30764747612936,1.03143649322647,0.913072924553037,0.860420824261799,1.07200311704127,1.13566828136027,1.32537233965781,1.07200311704127
"bta-miR-1296_st",3.24331690712612,3.30439846438084,3.53828566628038,3.45013032681237,4.23236209666215,3.42008250975664,3.63836998594883,2.10778245476828,3.75796989354207
"bta-miR-1298_st",0.977375339764336,0.950668057062392,1.01179024682221,0.855436885254245,1.06475937635651,1.31112705478629,0.977375339764336,0.884739635889552,0.869239944108582
"bta-miR-1301_st",1.44164623220318,1.42670116439957,1.23500329668669,2.0622286879954,1.29175464505324,1.40332115903987,1.54503207121203,1.43911565236883,2.00514970347122
"bta-miR-1306_st",1.62202366079794,0.73641116241625,1.1126192104539,1.1960778415224,1.03690176419482,1.11926184406469,1.61453233402275,1.16962197819632,1.15023090902643
"bta-miR-1307_st",8.92174723147862,9.05691651799255,8.86630613162566,9.09097013325959,9.27869500902031,9.22554755302481,8.8810463738635,9.0300323102929,8.75842834163566
"bta-miR-130a_st",9.22998427816996,9.03102228497469,9.28936040490841,9.34642180075255,9.18651192002128,9.28062366976415,9.42758641271916,9.29345357376234,9.4808388718936
"bta-miR-130b_st",9.03965911610967,8.95370727604159,9.0362788400983,9.07116736612851,9.20619950998903,9.29169263415694,8.96552472601735,9.13796255801967,8.80101526669169
"bta-miR-132_st",6.41076097675565,6.6235632853916,6.43294939622627,6.37188239581787,6.52422589273642,6.50776657955235,6.74229679499017,6.28652139350245,6.31629569176391
"bta-miR-133a_st",1.51522440048253,1.5345933798272,1.36209242827981,1.24372885960637,1.36209242827981,1.68268715093672,1.27470839168763,1.30476353678756,0.99350375909155
"bta-miR-133b_st",1.37010426057252,1.2006717430963,1.10381495586169,1.12608045244393,0.950668057062392,1.15695348061009,1.68028532403524,1.15695348061009,0.983442546695127
"bta-miR-134_st",1.07200311704127,1.10866556343929,1.10866556343929,0.90276786717144,0.950668057062392,1.07200311704127,0.695969152052546,1.07200311704127,1.07200311704127
"bta-miR-1343-star_st",1.68268715093672,2.10813850598066,1.33966193846668,1.66160422337553,2.54831146351213,1.68268715093672,1.31571529440747,1.49570865164993,1.76186996060888
"bta-miR-1343_st",11.2817967111827,11.0313602447997,11.1691129606337,11.3756280506024,11.5663146199153,11.4152328674844,10.7758324009006,11.7445075531056,11.2151326203317
"bta-miR-135a_st",0.844291668333988,0.86268919638108,0.650305956988527,1.05511224371167,1.07200311704127,0.86268919638108,0.844291668333988,0.86268919638108,0.86268919638108
"bta-miR-135b_st",0.881232153983553,0.950668057062392,1.18631241615048,1.0152052966866,1.0320961700162,0.950668057062392,1.0807742122151,0.860457979414741,0.690936179436305
"bta-miR-136_st",0.604117078346303,0.879141965344897,1.15326067432906,0.85979830262501,0.90036492643981,0.779029866460931,0.779029866460931,1.07323422480567,0.662847824038212
"bta-miR-137_st",0.575006829401889,1.07200311704127,0.960225364315844,0.805485729787015,0.94333449098624,0.741615286249332,0.971891018157305,1.07969890581991,0.902761652291253
"bta-miR-138_st",5.10666504108993,4.1287381015205,4.18666376759882,4.8047476716899,5.20559294430822,5.4667723094745,4.83419777335285,4.81607283600484,4.81607283600484
"bta-miR-1388-3p_st",1.46116645075374,1.1953320697505,1.18568497280799,1.48636945006109,1.50966944873045,1.05701634675296,1.4660388910689,1.30702003278687,1.16443287621964
"bta-miR-1388-5p_st",1.09168463887355,1.0791210799288,1.13939894249377,0.805485729787015,1.01739482115535,0.950668057062392,0.837338912230784,0.770648316595434,0.950668057062392
"bta-miR-139_st",4.80451816779073,4.83567988655294,5.04984323507123,4.99476225972827,4.58925885701624,3.76293657266145,3.74894612438121,4.74543921910271,4.30474862721538
"bta-miR-140_st",8.03984384790555,8.09183453384429,7.9882587220405,8.02125720246799,8.38102115406831,8.42591240338867,8.14404597836431,8.29304963811848,7.91311091077686
"bta-miR-141_st",8.00048642712345,7.74344642270522,7.83543339633975,8.09594155405574,8.22081875775838,8.51018360876285,8.09594155405574,8.02797565962044,8.35647343583582
"bta-miR-142-star_st",0.679190838614845,1.35287545452853,0.759638797291049,0.866709364274233,1.10543570848348,0.869239944108582,0.801077303880533,0.913072924553037,0.869239944108582
"bta-miR-142_st",0.986560571293942,1.2006717430963,1.15695348061009,1.25486682293375,1.2006717430963,1.09298271747243,0.998978407394913,1.27738590969616,1.2006717430963
"bta-miR-143_st",1.06486305577941,0.836358757953178,1.06749498405307,0.802216501874265,1.04609705793132,0.946159924074191,1.19486553150922,1.28175187869921,0.75838352142981
"bta-miR-1434-star_st",1.07200311704127,1.15938715363344,1.05943955809652,1.07200311704127,1.07200311704127,1.21718544431665,1.13575733136284,1.07200311704127,1.07200311704127
"bta-miR-1434_st",1.30173323566804,1.2145902736085,1.03143649322647,1.19769940027889,1.2145902736085,0.917127194117256,1.23922316506451,1.70935255087387,1.2145902736085
"bta-miR-144_st",1.17441855170455,0.928050873274765,0.928050873274765,0.860962719666976,0.828103277737837,0.836358757953178,1.24908719555288,0.928050873274765,0.908659804104883
"bta-miR-145_st",0.977375339764336,0.869239944108582,1.02817013659681,0.805485729787015,1.01689349433227,1.03668825786251,0.748974721361005,0.735196886016476,0.86238988226976
"bta-miR-1468_st",0.950668057062392,0.902556656257776,1.03074020199242,1.31512458327595,0.929997742508922,0.969292092518746,0.923473839864758,0.871805978284411,0.950668057062392
"bta-miR-146a_st",1.3725877799854,1.2145902736085,0.732799345726203,1.078957404031,1.12963991003968,1.2145902736085,1.80922743810386,1.27743836547752,1.12963991003968
"bta-miR-146b_st",6.6705631891789,6.35608511615648,6.08724708044325,6.46752492983657,6.3080947713435,5.96395378742294,6.43336144930895,6.69955972131576,7.04512956819326
"bta-miR-147_st",0.790253074659367,1.2363521040924,1.05701634675296,1.03616242004695,1.22966782101513,1.05701634675296,1.01318336630851,1.05701634675296,0.850730923205262
"bta-miR-148a_st",2.58693921521779,1.72873041701531,1.93222309964436,2.89971179655841,2.14482751013677,1.40332115903987,1.01956528324375,2.47686211939568,2.96374438300342
"bta-miR-148b_st",4.87927068035993,4.84410792005702,4.79744892149826,5.11285496466065,3.31513408935158,4.81057812452798,5.34042719089826,4.51191174465017,4.99833194343595
"bta-miR-150_st",1.22189470419121,1.07200311704127,1.22452663246487,2.05240897696579,1.18523225779319,1.34653075380329,1.22189470419121,1.45942432752786,0.759638797291049
"bta-miR-151-star_st",11.2560531424073,11.4059270267249,11.2788686252248,11.317879193414,11.2858065635448,11.244868367179,11.2785085599606,11.2375151539266,11.0735325175005
"bta-miR-151_st",8.73838193603582,9.14828360915194,8.9894510315915,9.06672649099592,9.01104993490734,9.01632897945623,8.97903970877027,8.82175803395135,8.8512161969313
"bta-miR-152_st",7.25469192235253,7.29301609113621,6.99429876059451,7.40575029886287,7.44728346373169,7.41474227975627,7.14973540482866,7.05215576204925,7.25469192235253
"bta-miR-153_st",1.40332115903987,1.40079057920553,1.77738412025182,1.44663751170149,1.40079057920553,1.25814400384537,1.31658718284899,1.35768716067619,1.30399960595269
"bta-miR-154_st",1.33217086876729,1.16495082074405,1.07294464108705,1.14870846207455,0.829183220728902,0.950668057062392,1.28521604349163,1.32651823488507,1.07882392342126
"bta-miR-155_st",9.4701115759781,9.66646870659138,9.50978834356768,9.55178599234023,9.87029685505743,9.8040605747776,9.56783552787139,9.37779598539147,9.43055226950256
"bta-miR-1584-star_st",0.973275412309502,0.843169257156793,1.17103824703034,1.98026809055267,1.87635005820273,1.28131703770146,1.29625782096032,1.13737361550153,1.17103824703034
"bta-miR-1584_st",9.93593095780772,9.41090573528144,9.38172497880751,9.40755650088076,9.7064824428459,9.62180253659175,9.5588791460155,10.1511070624454,9.37041134124141
"bta-miR-15a_st",6.50332891812938,6.31197098165648,6.38274102177857,6.16998766690542,5.81372448362881,6.09043548922806,6.57341623982879,6.24418369857102,6.58855167066402
"bta-miR-15b_st",11.1675510475592,11.0439712406226,10.7416703951127,10.8717561255305,10.1857604702809,10.272278776998,11.0728108361883,10.8030631458953,11.1531462289001
"bta-miR-1603_st",1.05701634675296,1.05701634675296,1.22097233974613,0.934344088693671,0.960139357422979,1.05701634675296,0.87003784746617,1.07200311704127,1.48270981133479
"bta-miR-16a_st",6.86562497342147,6.72154364339915,6.59993389518197,6.69071144427668,6.10902843782956,6.26230805367992,6.92799377693272,6.70784286918264,6.46566479344434
"bta-miR-16b_st",11.2602167369465,11.084642395938,11.0756124644257,11.2650659243732,10.9825565948236,10.9295923674934,11.2622057544204,10.8685322528499,11.44268029312
"bta-miR-17-3p_st",6.37837409703078,6.54769260143721,6.43774981769248,6.7629234589921,6.97289356975084,6.65730533919652,6.80997139494555,6.6809326110867,6.79214569185124
"bta-miR-17-5p_st",12.9493547889487,12.969774810384,12.9272185225551,12.8989996010922,13.1072050461613,13.0825088922444,12.9193719829617,12.9404221063121,12.8644321840345
"bta-miR-1721_st",0.857891945238911,0.913072924553037,0.845328386294156,0.913072924553037,0.73641116241625,0.674063834246673,0.831644811599228,1.01783806669924,1.08230817442287
"bta-miR-1777a_st",13.3460589914255,13.1079150240021,13.1300221624153,13.2801781068813,13.2876199007716,13.2606555123537,13.1838084280065,13.6830654202451,13.3116316346969
"bta-miR-1777b_st",13.4456242639551,13.1616566644322,13.1968145045452,13.3034392788317,13.3102220309442,13.262882835968,13.2591706332281,13.7081931504039,13.31690890864
"bta-miR-1814a_st",0.857891945238911,1.37256135307362,0.973746392626654,0.977375339764336,0.977375339764336,1.08562083594885,0.977375339764336,0.977375339764336,0.770983219693967
"bta-miR-1814b_st",1.10097450179814,0.959957919986978,0.886492413907003,0.805485729787015,0.829955179350123,0.772636749537675,1.20092209733506,0.628693327337749,0.662847824038212
"bta-miR-1814c_st",0.996581777597403,0.856446257417914,0.893916708695839,0.893916708695839,0.797039719365855,0.866475622444693,0.963039859681703,0.893916708695839,0.893916708695839
"bta-miR-181a_st",10.7446586568501,10.9401833694599,10.8257917429555,10.9226198518843,11.1376445836438,11.2029603631249,10.8976580295015,10.7900437498874,10.9129096772309
"bta-miR-181b_st",10.6877845121064,10.6735475167159,10.6958077388856,10.672418392176,11.0500322201091,11.1412945284301,10.6661149568424,10.654391890774,10.4893805262943
"bta-miR-181c_st",5.73533806105354,5.3436818065581,4.9116288089606,3.90100242542907,3.18014155801032,3.53997775233991,5.00212673078396,4.06982681871019,3.63836998594883
"bta-miR-181d_st",4.78356021322637,4.45741824482246,3.25686730797035,5.17517766486087,4.21094367771922,3.11120711820106,4.0938869097604,3.19211042068554,4.39688747882374
"bta-miR-182_st",10.0601598863175,10.301212672874,10.1400690725494,10.1343605367695,10.1192912160065,10.1192912160065,9.99497884078483,10.1659454399843,9.96439737702249
"bta-miR-183_st",8.06455071872395,7.88947706303355,7.50251912735255,7.65046962575579,7.27635638532029,7.3843825417056,7.74028991190159,7.56628302477043,7.7980976491386
"bta-miR-1835_st",4.25121555876879,2.52264063952025,1.98331047695446,4.04269301480833,2.89490532568744,2.16164810103767,2.46432235566304,2.95775341755646,2.99151024777226
"bta-miR-1839_st",6.12658839459716,6.4381990287633,6.68197461440424,6.16777497199616,6.04950572452887,5.71402946514198,6.08450687770017,5.4682549177586,6.65874966049355
"bta-miR-184_st",0.978107961814077,1.22913299975311,1.46164829566364,1.66160422337553,1.35046805973199,0.99348864066502,1.35969060137833,1.37172015632034,1.00511067973506
"bta-miR-1843_st",2.16474595105414,1.72399353707741,1.12202091426823,1.35501058541362,1.54939465967587,1.68581860054634,1.69541876540584,1.23522546680226,1.65686734343763
"bta-miR-185_st",10.0511982509232,10.2148630365625,10.3119911114796,10.1478925911273,10.2289339370129,10.2248541998012,9.9952064247741,10.0566698279421,9.87851338753973
"bta-miR-186_st",1.15695348061009,1.12407229445469,1.05700588507316,1.51354350100175,1.05700588507316,1.15695348061009,1.23922316506451,0.961360841723838,1.27126277971931
"bta-miR-187_st",1.10866556343929,1.28919007448292,0.86229788500951,1.0452028219032,1.00136984145874,0.86229788500951,0.984831669879973,1.20329334071623,0.890929020966004
"bta-miR-188_st",2.59128612171946,3.45454614254967,1.79554473447581,2.8846197307283,3.59209087600223,3.76578282234118,2.3117207075537,2.6027231589971,3.2633581385973
"bta-miR-18a_st",10.2368567949598,10.1606163654147,10.1346636723144,10.1773819122594,10.2695006808331,10.2561975732867,10.4351897343683,10.2617930469472,10.2500258626573
"bta-miR-18b_st",7.1698515925381,6.74949505037196,6.94329515104621,7.0373627252015,6.84460533719453,6.66145231541716,7.29301609113621,7.25785012823698,7.19029576743631
"bta-miR-190a_st",0.890886418178137,0.607374844494841,1.88545032386941,0.836001714150369,0.939174335348937,1.26982331598801,0.895341354904482,0.939174335348937,1.07200311704127
"bta-miR-190b_st",0.805776993355826,1.25747401509112,0.618868566208295,1.11088295679244,1.19310780424739,0.931597117454304,0.977375339764337,1.31444286422627,1.00611781464624
"bta-miR-191_st",12.1721993995688,12.2158370741467,12.2898604219711,12.2023595333738,12.2230837764505,12.2634136206218,12.1413063750605,12.13093881607,12.1060695716042
"bta-miR-192_st",6.96248378692257,7.1674905124215,6.88711998912749,7.28275819068121,6.92796019334406,6.83657099844487,6.93491782342466,6.79291594280027,7.26178902009303
"bta-miR-193a-3p_st",1.67139878101428,1.44209893769532,0.783389628418875,1.66886820117993,1.10443637992758,1.54939465967587,1.50730078703891,1.81747228165027,1.54939465967587
"bta-miR-193a-5p_st",6.07817724879142,6.05738402797684,5.41846417539563,5.63682013882361,5.84458239779956,5.79871182759496,6.13140941212241,6.35053726651019,5.95530568512963
"bta-miR-193a_st",1.02753227587181,0.743285611308331,0.638318352941018,0.836358757953178,0.938860589347618,1.23704495555449,0.739481768623194,0.779029866460931,0.920236553891263
"bta-miR-193b_st",6.28087662248443,6.81406073705172,6.58140950555573,6.99426447694746,6.54928162757713,6.72788047812156,6.29585476481944,5.88770498902422,6.60884630218502
"bta-miR-194_st",7.28378726907981,7.58365049175637,7.23502329581179,7.55287596642631,7.66293801604642,7.67194897289833,7.70588322304214,7.55653645066646,7.82814736015128
"bta-miR-1940_st",2.28630083627932,2.78784327445757,1.65263933388099,3.19965976897283,2.358442525972,2.31634865333505,2.31634865333505,2.24786128418879,2.31634865333505
"bta-miR-195_st",4.08551707345208,4.38641636312562,1.42411394466447,3.97543997762997,3.03021735437348,4.03857135096515,4.20091588897373,3.36451931839748,3.97543997762997
"bta-miR-196a_st",0.857891945238911,1.01954589547504,1.09461147926232,1.05701634675296,1.05701634675296,1.05701634675296,0.846810212591371,1.2145902736085,1.05701634675296
"bta-miR-196b_st",1.04752958060794,1.41757883662204,1.59804808055731,1.03143649322647,0.951971225120852,0.833930739865909,1.18409715340759,1.05887757947762,1.05887757947762
"bta-miR-197_st",6.34633404115501,6.36812662972435,6.36812662972435,6.42497071026872,6.50591750821979,6.40949187715431,6.435069604893,6.36812662972435,5.93147772474601
"bta-miR-199a-3p_st",0.882361394802019,0.708970076165104,0.622101863307036,0.531378824487089,0.73641116241625,0.836358757953178,0.985116769851277,0.889845289678238,0.576626880327091
"bta-miR-199a-5p_st",0.977375339764336,0.950668057062392,0.654171298693939,0.913072924553037,0.977375339764336,1.03921208827,1.22004303873776,1.0968488812684,1.07200311704127
"bta-miR-199b_st",0.98183812004992,1.48571167091318,0.997894271211272,0.711941712853142,0.884565126379664,1.0746142318734,1.04374120370724,1.1577718331034,1.04374120370724
"bta-miR-199c_st",0.961875647983367,1.02817013659681,0.756639537977497,0.869239944108582,0.671689174408675,0.836358757953178,0.812728935682572,0.869239944108582,0.906835076617937
"bta-miR-19a_st",6.95430763545885,6.92160933997281,6.61497790949969,6.73816054119353,6.74362056524443,6.25851231091026,7.03547345683132,6.64774500969206,6.88281435154612
"bta-miR-19b_st",11.1639111903465,11.1967246897301,11.0907688542467,11.0907688542467,10.7099425870819,10.7381325445882,11.1973284490765,10.9720454850048,11.2200818810083
"bta-miR-200a_st",7.58209957421945,7.62852587625142,7.8233820863818,7.86121030774664,7.86121030774664,7.93331640697306,7.997081903065,7.76792606637508,8.28299968803344
"bta-miR-200b_st",7.01813867835158,7.04855256006722,7.2594650472723,7.06061097009216,6.70797438413053,6.25201988298472,7.31709084183928,6.90495449894459,7.07715878843901
"bta-miR-200c_st",13.4380100075557,13.5727080659292,13.5996366429309,13.4413437783637,13.5046422265261,13.4441669873287,13.4104348711117,13.407573125491,13.4068992140447
"bta-miR-202_st",0.921167644430273,1.27177418169746,1.05970993734746,0.937705816009045,0.761044053872257,0.945950834544586,0.921167644430273,0.913072924553037,0.931831720360317
"bta-miR-204_st",1.24361019084122,1.46190553661185,1.78903940464218,1.41715473882878,1.22207700355549,1.84863159629651,1.69784144396279,1.41715473882878,1.41715473882878
"bta-miR-205_st",13.1242590154081,13.1233567646779,13.3531340789642,13.1368654282274,13.1778022282482,13.1891297544773,13.1791908203146,13.1361280301966,13.2691950217325
"bta-miR-206_st",1.33659439494691,1.71361533333615,1.03143649322647,1.35790726065861,1.12569065529214,1.26620195402231,0.932128501743033,1.2145902736085,1.15528113793532
"bta-miR-208a_st",0.955260144908706,1.19872143068488,1.03649889837489,1.14870846207455,1.40332115903987,1.15695348061009,0.869239944108583,1.21583465571433,1.04988792218564
"bta-miR-208b_st",1.06833518243018,1.07200311704127,0.869239944108582,1.66160422337553,1.07200311704127,0.972065983184141,1.10055964421233,1.26465784740437,1.07200311704127
"bta-miR-20a_st",12.9081927473763,12.893974632471,12.806048536788,12.9035487481409,13.0184306632157,13.0561188921532,12.9094548224144,12.9440241742921,12.9485334287389
"bta-miR-20b_st",8.5794165617226,8.37080030970665,8.2357253828485,8.48870121645918,8.06634591271012,7.98411486984999,8.50275100996045,8.29838789860284,8.72657703955811
"bta-miR-21-star_st",1.89356939352671,1.22665939690309,1.18002475570791,1.19553448720184,1.68268715093672,1.99093939535961,1.62471503067233,1.40332115903987,1.69005076928715
"bta-miR-21_st",12.9072191897162,12.6632128640535,12.5789663275722,12.6621002252974,12.6542240151496,12.6347115094434,12.8992142651247,12.6223414246585,13.1419230746339
"bta-miR-210_st",7.77656343298657,7.93727199689047,8.16095224943899,8.14948457714712,8.72808272771377,8.74819533164845,8.44427608596789,7.8998129034125,7.39299336363675
"bta-miR-211_st",1.23922316506451,0.781065115326183,1.03143649322647,1.03143649322647,0.962000590147632,0.887413405016755,1.16154264837918,1.00498062990039,1.03143649322647
"bta-miR-212_st",0.977375339764336,0.836358757953178,0.869239944108582,0.711941712853142,0.950668057062392,0.836358757953178,1.03090313921407,1.07200311704127,1.10712772616243
"bta-miR-214_st",1.23922316506451,0.843169257156793,1.23922316506451,1.23922316506451,1.17359110467081,1.28131703770146,1.48189086403793,1.29578143718085,1.22059912960815
"bta-miR-215_st",1.71976946125376,1.26711635927628,0.977375339764336,1.21036501090972,1.21036501090972,1.10621884264215,1.18459240631902,1.40079057920553,1.25059736507186
"bta-miR-216a_st",0.950668057062392,1.61088666326227,0.836358757953178,0.950668057062392,0.774006294925604,0.898369852016972,1.13815477672169,0.913072924553037,1.33671079706116
"bta-miR-216b_st",0.857029612680556,1.13419975048511,1.18117821648773,1.26442616437186,1.28295736513158,0.89449992397788,1.21629940402918,0.559695537910512,0.748426423341888
"bta-miR-217_st",0.857891945238912,1.04023863044696,1.5520642093146,1.03280473335354,1.16291088850625,1.4672692931092,1.16291088850625,1.24050678603034,1.17944906008502
"bta-miR-218_st",1.23922316506451,1.72285867548445,1.27979600375949,1.62617557742736,2.47993572575445,1.2255222596862,2.03461243632569,1.24060647714115,2.11614526822309
"bta-miR-219-3p_st",1.23922316506451,0.889798368056168,1.2145902736085,1.63800551304969,0.991659981959357,1.27191916510075,1.2145902736085,1.2145902736085,1.2006717430963
"bta-miR-219-5p_st",1.01850154445528,1.1898346667655,1.1898346667655,1.35203121588338,1.15695348061009,1.12748864867803,1.1898346667655,0.861052497980369,1.24179794778725
"bta-miR-22-3p_st",9.97535906652112,9.72724530827398,9.97801773267623,10.0997811218669,9.91353155095052,9.97535906652112,10.1337008796039,9.95484820664258,10.1287945409794
"bta-miR-22-5p_st",4.78454636517521,5.06267874842323,4.78454636517521,4.48478699022858,4.17198016368894,2.26215079227109,5.17406647347859,3.78134234413058,5.17630185642882
"bta-miR-220a_st",1.03858991193666,0.917254851957781,0.952739596246952,0.913072924553037,1.32630344843817,1.46470541353939,1.24523284745316,1.2145902736085,1.13321768921359
"bta-miR-220b_st",1.89732359389302,1.64411930011579,1.758428599225,1.61111162424023,1.758428599225,1.05701634675296,1.881612903673,2.07317975272117,1.758428599225
"bta-miR-220c_st",0.754445048115195,1.12621979880311,1.15695348061009,1.23365882564337,1.44677132887574,1.24190384417891,0.977375339764336,0.95458160820165,1.12621979880311
"bta-miR-220d_st",0.857891945238911,1.17396446039436,1.09253634744055,1.3508194117762,1.30617240503731,1.23617515042542,1.41838196873697,1.65486118166669,1.09253634744055
"bta-miR-220e_st",1.49624960049925,1.07093327980997,1.40616171410554,1.06251216522176,1.40158226044904,1.54939465967587,0.869239944108582,0.875340640923715,0.696892103074669
"bta-miR-221_st",12.3361478946384,12.2103896248598,12.3606262834591,12.1370258431039,12.1941949814884,12.2174987306697,12.4108263456894,12.1978800137702,12.3265346097552
"bta-miR-222_st",12.6322552445782,12.6003628200594,12.4563214761506,12.6003628200594,12.5373240340041,12.5760691060228,12.6003628200594,12.6661899552765,12.6231906560525
"bta-miR-223_st",0.977375339764336,1.72133145244941,1.22004303873776,1.23697113103127,1.31180016050361,1.7294474890818,1.22004303873776,1.22004303873776,1.22004303873776
"bta-miR-224_st",6.36859919378285,6.61738723254825,6.54405075304023,6.49972055524145,6.28422877043931,5.78363564308943,6.28422877043931,5.91677768933893,6.49976343436879
"bta-miR-2284a_st",1.00307427251429,1.00263133808414,0.977375339764336,0.950668057062392,0.950668057062392,0.700964537810305,0.7404619229008,1.00263133808414,1.29482401353766
"bta-miR-2284b_st",0.913072924553037,0.900509365608282,1.33023930429432,1.03829249848301,0.92476679334635,0.992713931541664,0.913072924553037,0.913072924553037,0.804937528897283
"bta-miR-2284c_st",0.893916708695839,1.07200311704127,0.893916708695839,0.740203626187174,1.26073400247265,1.07200311704127,0.748974721361005,1.07200311704127,1.10488430319667
"bta-miR-2284d_st",1.18943399960337,1.03143649322647,0.917127194117256,0.923849298460448,1.03143649322647,1.28131703770146,0.936808715949537,1.15277155320535,0.950008380272661
"bta-miR-2284e_st",0.984619080449097,1.07200311704127,1.05701634675296,1.04877132821742,1.07200311704127,1.05701634675296,1.06957990569772,0.913072924553037,0.983453008374926
"bta-miR-2284f_st",1.28541696515629,1.11118669047413,1.05701634675296,1.05701634675296,0.950668057062392,1.22011598481009,0.977375339764336,0.712532301186581,0.938823917796131
"bta-miR-2284g_st",0.977375339764336,0.977375339764336,0.880498350434352,0.977375339764336,1.10998391539125,1.18002475570791,0.977375339764336,1.15403710190112,0.907692567631987
"bta-miR-2284h-star_st",1.26528677316457,1.26275619333022,1.30332281714502,1.26275619333022,1.30332281714502,1.67062847524216,1.10055964421233,1.14439262465679,1.32085909551921
"bta-miR-2284h_st",0.933149731206014,0.981911123563692,1.11272787205177,0.880743515754118,0.844823088688218,1.28131703770146,0.933149731206014,0.805399577441688,0.759638797291049
"bta-miR-2284i_st",0.857891945238911,1.07200311704127,1.95350633449829,1.10825249068418,0.910101433247592,1.03143649322647,1.03143649322647,1.34160798783783,1.03143649322647
"bta-miR-2284j_st",0.646309652459441,0.902362719116999,1.19669175869317,0.902362719116999,0.902362719116999,0.989746755709172,0.845851710690989,1.00994991388302,0.760162537774385
"bta-miR-2284k_st",1.06169608491403,0.836358757953178,2.00778934199555,0.836358757953178,1.07618504444601,0.921309121522,1.28349376777723,1.2145902736085,1.54939465967587
"bta-miR-2284l_st",1.08372362945491,1.05701634675296,1.06768042268301,1.09705924538822,1.07200311704127,1.05701634675296,1.05701634675296,0.869529627093666,0.970889449430171
"bta-miR-2284m_st",0.719348356958639,1.07093327980997,1.75108799537725,1.13468770108553,1.07093327980997,1.07093327980997,0.869239944108582,1.41628360930989,1.2326333443656
"bta-miR-2284n_st",1.23922316506451,1.17916090568816,1.10455343309526,0.891562087144898,1.3852966657005,1.05049227963313,0.813277345788968,1.05049227963313,0.929157219654252
"bta-miR-2284o_st",0.97922700521779,1.07200311704127,1.31922681230966,1.14870846207455,1.07200311704127,1.07200311704127,1.10047776486366,1.07200311704127,0.869239944108582
"bta-miR-2284p_st",0.950668057062392,0.881433514756178,0.950668057062392,0.840866890941378,1.17266638179547,0.706830958466959,0.977375339764336,0.950668057062392,0.950668057062392
"bta-miR-2284q_st",0.948596611533784,0.712412583142169,0.871367541320963,0.805485729787015,0.931543557686422,1.12124808579595,0.634152607476801,0.618960914555424,0.728780384753734
"bta-miR-2284r_st",1.07200311704127,1.1666308943182,0.851345528241485,1.07200311704127,0.831124205314407,1.15695348061009,1.11554641450064,1.08698988732958,0.950668057062392
"bta-miR-2284s_st",1.34926000557774,0.877427744227408,0.977375339764336,1.212598609693,1.24041211167859,0.977375339764336,0.779615174275761,0.859011771090904,1.24196428359719
"bta-miR-2284t-star_st",1.52693670156602,1.07630818600493,1.42843069905764,1.19805345843729,1.12407229445469,1.48760246124916,0.951737894293692,1.11583609748573,1.07200311704127
"bta-miR-2284t_st",0.77143098786254,0.988263189571746,0.854554512748411,0.913072924553037,1.07200311704127,1.40332115903987,1.01497047227369,0.779029866460931,0.750876375435149
"bta-miR-2284u_st",0.950668057062392,0.950668057062392,0.893916708695839,1.16837828270306,0.950668057062392,1.2383815935639,1.40491804881529,0.950668057062392,0.818497240746557
"bta-miR-2284v_st",0.913072924553037,0.950668057062392,0.913072924553037,0.788655879453001,0.913072924553037,0.872500085858051,0.977375339764336,0.913072924553037,0.913072924553037
"bta-miR-2285a_st",1.24696459515145,0.958409487149333,0.783389628418875,1.08615964091366,0.958409487149333,0.950668057062392,0.958409487149333,0.958409487149333,0.929852959978268
"bta-miR-2285b_st",0.881232153983553,0.950668057062392,0.950668057062392,1.23771888166991,0.950668057062392,1.14192119586484,0.646309652459441,1.11844708782772,0.759638797291049
"bta-miR-2285c_st",0.857891945238911,0.950668057062392,0.858661877405383,1.03143649322647,1.15331747300597,0.950668057062392,0.977375339764336,0.913072924553037,0.950668057062392
"bta-miR-2285d_st",1.05302285946748,1.38456064532154,1.02023089709637,1.47287333794415,1.2145902736085,1.36066377424449,1.13316216065469,1.13451812867847,1.29602543705933
"bta-miR-2286_st",6.49845400351457,5.99216637912128,5.71097244845045,5.87564149973754,6.16451040799747,5.5457942608586,5.95530568512963,6.69168611013608,6.04326162205535
"bta-miR-2287_st",5.01218116407124,4.97193564691736,4.8525134484826,4.0409432545039,4.54777600003928,4.5668547749054,5.40155978872257,5.27670668021123,4.88071813904009
"bta-miR-2288_st",8.19255196371394,7.84033943325858,7.80854016284687,7.31630448710728,7.46044445445892,7.04061220683147,8.31612065373259,7.85620364791262,7.82944712161379
"bta-miR-2289_st",0.977375339764336,1.01669437835166,1.07425232909432,1.37682162525718,0.826645272857923,1.15661240896419,1.23262058011139,1.23332657556405,0.856515786621033
"bta-miR-2290_st",0.977375339764336,0.73641116241625,0.762206431145558,0.950668057062392,0.950668057062392,0.950668057062392,0.84111375999489,0.954076674323608,1.11300686681184
"bta-miR-2291_st",5.90965592156935,5.48624697588944,4.00481416965495,5.47121836325493,5.09420521925286,4.83189313895157,5.65798687728401,6.32650879618031,5.88382923306393
"bta-miR-2292_st",0.977375339764336,2.24880954933618,0.759638797291049,1.26442616437186,0.930986535230111,0.950668057062392,1.07200311704127,1.28717172141918,1.1522166006722
"bta-miR-2293_st",1.15086519581925,1.12933200853352,0.93928290303978,1.12933200853352,0.93928290303978,1.12933200853352,0.734145788270243,1.07200311704127,1.24908461450776
"bta-miR-2294_st",0.871027050073765,1.0675225679509,1.10824198391793,0.950668057062392,0.683904784968795,0.950668057062392,0.969718428723244,0.917677576380725,0.779702334926721
"bta-miR-2295_st",2.57714964524617,2.59027666470412,1.86027347585439,1.60784716834983,2.59027666470412,2.59027666470412,3.43047269256888,2.82932293859428,2.61338406687128
"bta-miR-2296_st",1.05914642518903,1.22642485383255,1.05914642518903,0.987698509623297,1.54939465967587,0.90114891881213,1.61208508512526,1.03058989801797,1.05914642518903
"bta-miR-2297_st",1.06809893962449,1.03143649322647,1.03143649322647,1.03143649322647,1.51156292549671,0.950668057062392,0.965804432832769,1.03143649322647,0.950668057062392
"bta-miR-2298_st",0.759638797291049,0.72035403253259,0.759638797291049,0.695884582969482,0.950668057062392,0.939216938136805,0.759638797291049,0.759197197669847,0.854266574567982
"bta-miR-2299-3p_st",0.871130207663335,1.00570862842782,1.5613065717072,1.00570862842782,0.977152101256757,0.821305436204093,1.00570862842782,0.913072924553037,1.07169032028587
"bta-miR-2299-5p_st",0.694913567898871,0.951580071035028,0.893916708695839,0.951580071035028,1.07200311704127,1.05701634675296,0.977375339764336,1.34101560118792,0.870165877568013
"bta-miR-2300a-5p_st",1.09331253467429,1.31638944539361,1.15695348061009,1.26442616437186,1.31109989857696,1.05701634675296,0.988103349018568,1.26122235300759,1.07200311704127
"bta-miR-2300b-3p_st",0.768187178010624,0.772850894360016,1.65753005533162,0.824698186436635,0.755623619065869,1.10465038521411,0.977375339764336,1.15083605928693,0.83219301248896
"bta-miR-2301_st",0.836367579519756,0.715032519540878,0.95722713266306,0.913072924553037,0.836367579519756,1.00800577012122,0.626161445358164,0.836367579519756,0.750240682196964
"bta-miR-2302_st",5.48818691848238,4.642801885327,3.93601670008704,4.46848961411547,3.42554210658844,4.05350460940453,4.57249033650879,5.42786433879944,5.25799349352399
"bta-miR-2303_st",1.25342957188993,0.817839275370059,1.53279556378678,0.693422230270023,0.836358757953178,1.52821841516612,1.08204016162922,0.950668057062392,0.950668057062392
"bta-miR-2304_st",3.31212887770093,3.24839272649926,2.75808340921946,3.31212887770093,3.93601670008704,3.31212887770093,3.7059115113908,4.64783302135767,3.31212887770093
"bta-miR-2305_st",12.2720928453476,11.7247402376006,11.6347318683723,11.6856037279094,11.8272293011362,11.8268763420586,12.0609714404233,12.5690266033089,11.7267485385482
"bta-miR-2306_st",1.18039086739073,1.23639691479236,1.31311108139222,1.4461745717979,1.06339115929928,1.15294978113959,1.31311108139222,1.31311108139222,1.40332115903987
"bta-miR-2307_st",1.0083048500608,0.875476068368465,1.58295890368708,1.17050139917869,0.950668057062392,1.19608125270518,1.12778824458622,1.03835999516072,0.801912729990428
"bta-miR-2308_st",1.97040068743823,1.44389399773486,1.15695348061009,0.891519853698898,0.646309652459441,1.15695348061009,1.28470363437442,1.25158125788703,1.04881808495434
"bta-miR-2309_st",10.543362462681,10.0615924585083,9.85112943856631,10.0548670044935,10.239486025813,10.2469430168424,10.3087121543542,11.0190845845617,10.0396044812739
"bta-miR-2310_st",0.813204985946312,0.911171270478892,1.03143649322647,0.813015138048916,0.837484587612024,0.809438168493387,0.813204985946312,1.05041991979047,0.753023196862954
"bta-miR-2311_st",1.40332115903987,1.45811947069777,1.51567742144043,1.40079057920553,1.26807036520403,1.15645267042394,1.52246636862544,1.40079057920553,1.1711610697818
"bta-miR-2312_st",1.10866556343929,0.885631838301892,1.07526947367093,0.913072924553037,1.17959031180729,0.772502712773764,0.913072924553037,0.913072924553037,0.710669938419197
"bta-miR-2313-star_st",1.19623257372703,1.19623257372703,1.13273226947943,1.15101709109791,1.19623257372703,1.26295933782,1.00925407444024,1.2145902736085,1.19623257372703
"bta-miR-2313_st",1.07200311704127,1.07200311704127,1.05046992975554,1.17958953750728,0.922088501277905,0.823297509606242,1.07200311704127,1.03069255630855,1.1666308943182
"bta-miR-2314_st",0.944618676438742,1.1677905569409,1.2006717430963,1.2006717430963,1.61274883668918,1.30825893786232,1.23922316506451,1.30825893786232,0.982935200623013
"bta-miR-2315_st",1.07001104363912,1.2006717430963,0.844655125762846,0.951795486237843,0.840295363804902,0.950668057062392,0.977375339764336,0.977375339764336,1.22737902579825
"bta-miR-2316_st",10.1310608506121,10.463684663413,10.5069608911513,10.6045530102768,10.6911550444325,10.7255417801369,9.7228460886997,10.6478353207339,10.2758696618855
"bta-miR-2317_st",0.748974721361005,1.09115933289847,1.24185509333816,0.772302693470284,0.73641116241625,0.898364525195171,0.976738088872037,0.913072924553037,1.14836821122908
"bta-miR-2318_st",1.03791168570587,0.836358757953178,0.836358757953178,0.929431904598024,0.836358757953178,0.781638861863611,0.977375339764336,0.798763625443823,0.645329498181835
"bta-miR-2319a_st",0.901724925683366,0.780244142860705,0.921317943088579,0.913072924553037,0.913072924553037,1.10089608393433,0.913072924553037,0.822862846905386,0.950668057062392
"bta-miR-2319b_st",0.770090251929242,1.29266070584106,1.01644972293816,1.38580380891722,1.05701634675296,1.05701634675296,1.05701634675296,1.00919285621713,1.1516441240299
"bta-miR-2320-star_st",1.07578437728389,1.14908012150621,0.756677141646696,0.836358757953178,0.744979994615318,0.836358757953178,1.1508862736793,0.829849951401185,0.836358757953178
"bta-miR-2320_st",1.01794196357914,1.07200311704127,1.58009543508735,1.07200311704127,0.876925381767978,1.04529583433933,1.07200311704127,0.953639548367837,1.89347714996364
"bta-miR-2321_st",0.783024897693762,0.557687570732905,0.923806729391293,0.799017865920071,0.770461338749007,0.950668057062392,0.799017865920071,0.893339165570145,0.899129964804037
"bta-miR-2322-star_st",0.634651637267728,1.03588703120066,1.17038013782213,0.890704703925286,0.956508346556817,0.727696755737134,0.91287778889527,1.07200311704127,1.09865121034387
"bta-miR-2322_st",1.10055964421233,1.10055964421233,1.20648435438154,0.805485729787015,0.967730862520002,0.942562137835435,1.10055964421233,1.14165962203953,1.18198775716614
"bta-miR-2323_st",1.03972452464663,1.00032036645398,0.783389628418875,0.882777770246023,1.12150411445527,1.00719481534606,1.00032036645398,1.17698212859077,0.920608229294849
"bta-miR-2324_st",2.95381111476885,2.95083295500939,1.63265203317346,3.2583501235975,3.15437122739138,2.95381111476885,3.33208087620788,2.88558517810203,2.90453873374882
"bta-miR-2325a_st",0.817727878542222,1.01942121424361,0.962669865877056,1.43929638377417,0.690244556488159,1.05701634675296,1.04065817019136,1.01942121424361,1.13373051335282
"bta-miR-2325b_st",0.877779277553111,1.16470537237683,1.03561842063121,1.05701634675296,1.42526045990139,1.05701634675296,1.05701634675296,1.40079057920553,0.950668057062392
"bta-miR-2325c_st",1.20139765978239,1.0362732030406,1.57562846765052,3.13530061940106,2.53673799774927,1.54939465967587,0.748974721361005,0.964707395060723,1.03210322051322
"bta-miR-2326_st",1.60106503499839,1.57329153075292,1.94988507179921,2.05764923624768,1.82048753878116,1.20998652725444,1.0939438197672,1.53859096704996,1.07200311704127
"bta-miR-2327_st",3.5768157904781,2.07013345440001,1.40332115903987,1.40079057920553,2.39781852079478,2.07013345440001,3.32677568186007,1.65186823737021,2.07013345440001
"bta-miR-2328-star_st",9.02622233187856,8.35482690505948,8.26677954279321,8.18981307270681,8.2672955602428,8.22200496909342,8.68101603731439,9.25889647473674,8.26072781225726
"bta-miR-2328_st",1.68268715093672,1.43154781956984,1.3733970418986,2.41195367949437,1.06533651286689,2.12351809250375,1.47435905718283,1.66406311548037,1.9015017750088
"bta-miR-2329-3p_st",0.977375339764336,1.17906867546572,0.977375339764336,1.01847531759153,0.8101552917411,0.80446646053568,0.977375339764336,1.01847531759153,0.834788183197108
"bta-miR-2329-5p_st",0.605129592166042,1.07334031512168,1.11820709334004,0.805485729787015,1.01825949780312,1.01310835141513,0.928157987846308,1.03506434220307,0.928157987846308
"bta-miR-2330-star_st",1.48457967469233,1.23733264939136,1.68513978731487,1.15522640682985,1.6578749675852,1.9808715171436,1.6578749675852,2.1557338555733,1.32658216831543
"bta-miR-2330_st",1.67413279500988,1.41626195433293,1.14702965072157,1.74239340738318,0.790178549011184,1.05701634675296,1.34979282365426,1.34979282365426,1.34979282365426
"bta-miR-2331-star_st",0.775682004062949,0.836358757953178,0.869239944108582,1.1754157447765,1.28131703770146,0.977375339764336,0.977375339764336,1.45476688239893,1.07200311704127
"bta-miR-2331_st",1.68268715093672,1.07200311704127,1.07200311704127,1.14870846207455,1.49079646121295,0.777798758696528,1.07200311704127,0.937960058949164,1.10959824955062
"bta-miR-2332_st",1.21238686249941,0.977375339764336,1.36977831962385,0.977375339764336,0.814798379730936,0.847269184611627,0.977375339764336,1.14808444728811,0.977375339764336
"bta-miR-2333_st",1.70255809566052,2.01033166085215,1.65878747422552,1.32022959794067,1.39209398036793,3.38158039476447,2.19280653936402,1.65878747422552,2.99280249611735
"bta-miR-2334_st",1.19400723837968,0.766984173773932,1.15695348061009,0.913072924553037,1.38766532739203,1.05701634675296,1.21301969885243,0.913072924553037,1.10146326074982
"bta-miR-2335_st",1.11186580393553,1.56228443852879,1.0607637059116,0.785715563424059,1.07200311704127,1.22386334396873,0.900773013571939,0.823186014701984,1.38294868118935
"bta-miR-2336_st",1.03143649322647,1.26074021735283,1.03143649322647,0.967134078015171,1.07200311704127,0.954460520833316,0.831894434994922,1.03143649322647,0.998439778663233
"bta-miR-2337_st",0.972201244348125,0.795792134138378,1.03143649322647,0.711941712853142,0.950668057062392,0.975588233799154,0.869239944108582,0.913072924553037,0.78311304678579
"bta-miR-2338_st",3.92338361280616,2.547428797645,2.14373150465671,2.18461016351138,2.64403371972982,2.43894119025011,2.94949462298531,2.86921692653261,3.28485302204841
"bta-miR-2339_st",1.2006717430963,1.2006717430963,0.744838206450669,1.2006717430963,1.07545216916632,1.02575895498167,1.5805040139916,1.36223915723732,1.40332115903987
"bta-miR-2340_st",0.846436938802535,1.32342656142104,1.29135128229375,0.761437901808728,1.03648604429627,1.42388637330189,1.23922316506451,0.979157152804025,1.34324107869673
"bta-miR-2341_st",1.11646834673977,1.2006717430963,1.11646834673977,1.09130568207539,1.30617240503731,0.998925750531812,1.11646834673977,0.834571775008569,1.3038282203598
"bta-miR-2342_st",1.11466826668399,0.699325153941451,0.893916708695839,0.768399721312216,0.698963818233378,0.95296820212836,0.838082493444566,0.698963818233378,0.768399721312216
"bta-miR-2343_st",2.40205332883024,1.78760180133218,1.58333228280908,1.1873782376981,1.58333228280908,1.34018842201833,1.56247835610306,1.89808343630525,1.58333228280908
"bta-miR-2344_st",1.82158214560474,1.71625982687677,1.14028438712562,1.40332115903987,1.43048392582719,1.40332115903987,1.56595221111057,1.68828965434388,0.994165866036817
"bta-miR-2345_st",0.583799272838758,1.17366948131504,1.28131703770146,1.01234979548333,1.25460975499952,1.26223033995832,0.772434087382104,1.05291641929813,0.802691318783304
"bta-miR-2346_st",1.06375809850573,1.06375809850573,1.06375809850573,0.904827906017496,1.07200311704127,1.06375809850573,0.913381921742413,0.99432219542689,1.29937815863289
"bta-miR-2347_st",0.889236523199234,1.04479041676748,1.28131703770146,1.35729543845841,1.07200311704127,1.24982275469664,1.14002158857563,1.07058568549679,1.29602543705933
"bta-miR-2348_st",9.10952636746774,8.84933010545583,8.80679277859629,9.0852441138898,9.25854751615638,9.42731109536325,8.71529524446452,9.52893319284191,9.37619697871283
"bta-miR-2349_st",1.23922316506451,1.11572137952748,1.07200311704127,0.939332014807846,0.886485090899608,1.07200311704127,1.3918103980204,1.07200311704127,1.07200311704127
"bta-miR-2350_st",0.977375339764336,1.07200311704127,1.03143649322647,1.26819185659998,0.863066040655122,1.30869338176294,0.774612166831649,0.818445147276104,0.815178790646449
"bta-miR-2351_st",1.19064237806952,1.38445305290522,1.10866556343929,1.13358358948851,1.23576487864534,1.44724926097139,1.00491424146131,1.2006717430963,1.37230993369776
"bta-miR-2352_st",0.977375339764336,0.956623980700755,1.27721870335767,1.14309110439298,0.715023697974299,1.17132564586218,0.869239944108582,1.19320280916655,0.590999045579176
"bta-miR-2353_st",1.54939465967587,1.54939465967587,1.54939465967587,1.66160422337553,1.54939465967587,1.54939465967587,1.69928624682581,1.67072971965475,1.54939465967587
"bta-miR-2354_st",0.630860776083266,0.950668057062392,0.950668057062392,0.910101433247592,1.02738801772452,1.32662495434517,0.950668057062392,0.950668057062392,0.950668057062392
"bta-miR-2355-star_st",1.28383776451445,1.26362839917953,1.40332115903987,1.38496345915841,1.38496345915841,1.86235500179301,1.22578738183084,1.22603326667018,1.40581738586443
"bta-miR-2355_st",0.975163914086992,1.14870846207455,1.14870846207455,0.989778269586318,1.68268715093672,1.13372169178624,1.47696257022641,1.06375809850573,1.24071464173156
"bta-miR-2356_st",1.10866556343929,1.24124458179129,0.877467702025903,1.33197962250706,1.80646327724372,0.950300365196013,1.23922316506451,1.03592501014797,1.2006717430963
"bta-miR-2357_st",1.04229513746264,1.24450472354076,0.803471777735504,0.913072924553037,1.11583609748573,0.913072924553037,0.913072924553037,0.593265643573912,0.869239944108582
"bta-miR-2358_st",0.977375339764336,1.57329153075292,1.40332115903987,1.14870846207455,0.913064102986459,1.13372169178624,1.19865032636952,1.14870846207455,1.14870846207455
"bta-miR-2359_st",0.787710802326761,0.932652789661595,0.932652789661595,1.27642702211416,1.15695348061009,0.932652789661595,0.819323644829987,1.11955457982318,0.932652789661595
"bta-miR-2360_st",8.23805769926663,7.91981139607412,7.37933893686395,7.60544188676995,8.6718060900927,8.24287199885461,7.98309481044535,8.2418133068277,8.1118425403035
"bta-miR-2361_st",0.778237049404179,1.07134745180948,1.51012142397618,3.90511750655618,1.77925397725457,1.74707076587313,0.870243229061187,1.50018202599033,1.36592335298585
"bta-miR-2362_st",0.814058964794456,0.792525777508723,1.35948817859542,1.06431767938187,0.869239944108582,0.684836751884854,0.869239944108582,0.869239944108582,0.950668057062392
"bta-miR-2363_st",1.45199894815125,1.09589998811832,1.05284690118407,0.893916708695839,0.907904913849237,1.07200311704127,0.907904913849237,1.07200311704127,1.07852359754509
"bta-miR-2364_st",1.90834829720705,1.66160422337553,1.52854073296985,1.68704519121051,2.17853975932155,1.49196745593721,1.35969060137833,1.66160422337553,1.55525593368495
"bta-miR-2365_st",1.23922316506451,0.934489547390825,0.893916708695839,0.639304011730515,0.961930633641971,0.771912587357425,1.03901703646567,0.838314013328917,0.84482281988091
"bta-miR-2366_st",1.20122532995087,1.2110750734905,1.24185509333816,0.86697077911211,1.07200311704127,0.865717693493569,1.15427280149568,1.07200311704127,0.857472220855568
"bta-miR-2367-star_st",1.47965265798351,1.90543599328985,1.15695348061009,1.66160422337553,1.32624051603167,1.40332115903987,1.23922316506451,1.40079057920553,1.38139951003564
"bta-miR-2367_st",1.19039020231403,1.07200311704127,1.19400723837968,1.31127920722776,1.4763810301583,1.76782184012216,1.11347540244329,1.48251521808027,1.40332115903987
"bta-miR-2368-star_st",1.84863159629651,1.29602543705933,0.977375339764336,1.55908175997244,1.40332115903987,2.03736248172789,1.35969060137833,1.40332115903987,2.41817368810433
"bta-miR-2368_st",0.977375339764336,0.871665570335716,1.10006618873905,0.74724852523568,0.859102011390961,0.871665570335716,1.01223578211499,0.779029866460931,1.10730992942381
"bta-miR-2369_st",0.646309652459441,0.882402024031762,0.912100206241457,1.18013299040574,0.778996598170386,0.836358757953178,0.848922316897933,0.745622578367503,0.96885155460801
"bta-miR-2370-star_st",1.23922316506451,1.10840652312256,0.73641116241625,1.2145902736085,1.2145902736085,1.62217025999918,1.2145902736085,1.2145902736085,1.35366223005773
"bta-miR-2370_st",0.970401816045284,1.1332580419529,0.970401816045284,1.01044471468054,0.69809501055917,0.893687649445424,1.13762186406852,0.913072924553037,1.05182992899909
"bta-miR-2371_st",1.0807742122151,1.07200311704127,0.695729010193617,0.805485729787015,1.06821065327035,0.950668057062392,1.01520084504645,0.775755268947763,0.777157123147426
"bta-miR-2372_st",0.847977806746279,1.44389399773486,1.16376246174178,0.766126593468622,1.15695348061009,0.70696122493512,1.73035862933424,1.13548067944768,0.935361843338452
"bta-miR-2373-star_st",1.37284777207822,1.94476946137239,1.63565839550108,1.74994568836921,1.71293171588671,1.6675033676788,1.2369203976544,1.6675033676788,1.66406311548037
"bta-miR-2373_st",3.27428176959241,2.57158691679722,1.69592899692464,2.7319427119343,2.7319427119343,2.08867211543368,2.498720372379,3.22155896335563,4.07020347593301
"bta-miR-2374_st",10.9563301113395,10.5446582131259,10.45203766991,10.4892615979375,10.5796580828963,10.451263924869,10.6705509437489,11.3265187005377,10.497123237747
"bta-miR-2375_st",1.28131703770146,1.28131703770146,1.28131703770146,1.47374008503205,1.28131703770146,1.20557558941318,0.977375339764336,1.28131703770146,1.34464754586242
"bta-miR-2376_st",0.857891945238911,0.813125329016109,0.913072924553037,0.882199896386875,1.02738222366225,1.02738222366225,0.913072924553037,1.07704754556222,0.950668057062392
"bta-miR-2377_st",1.27588561146253,0.811155758645828,1.27978978887931,1.26127828078896,1.16251782003123,1.15695348061009,1.14459538778757,1.33385094234144,1.23922316506451
"bta-miR-2378_st",0.963231616007147,0.982267329749863,0.836358757953178,0.950668057062392,1.2356365523664,0.917786870906987,0.885035996668691,0.873829209231102,0.950668057062392
"bta-miR-2379_st",0.977375339764336,1.07200311704127,1.15277155320535,1.07200311704127,1.07200311704127,1.08889399037087,1.07200311704127,1.03440798453192,1.10488430319667
"bta-miR-2380_st",1.18481211791685,0.859113323877888,1.10866556343929,0.913072924553037,0.912505312430738,1.52156179537105,0.989219479030597,0.989219479030597,0.950668057062392
"bta-miR-2381_st",0.741485630626106,0.831587140582915,1.16539288090337,1.0082489027197,1.40332115903987,0.816878741225048,0.710107641435564,0.859102190418908,1.07200311704127
"bta-miR-2382-star_st",1.54939465967587,0.811907797557381,1.11707252456647,1.03143649322647,2.4202895874926,1.54939465967587,1.72466293597204,2.26621898407026,1.77145670680488
"bta-miR-2382_st",1.66406311548037,1.34346839282345,2.38217234725032,1.66406311548037,1.66406311548037,1.66406311548037,1.94474982061437,1.66406311548037,1.66406311548037
"bta-miR-2383_st",1.67959909360409,1.07509397064272,0.89900177608747,1.41164058608971,1.49563628883657,1.2006717430963,0.977375339764336,1.2145902736085,1.65380629392928
"bta-miR-2384_st",1.3623233175828,1.66626501551992,1.5012079589341,2.70829806654424,1.49629464380688,1.75819685938136,1.62151421773686,1.67739178236535,2.21649157727076
"bta-miR-2385-3p_st",1.10774940550017,1.35535646173656,1.21805950050718,2.26817411658643,1.54939465967587,1.35535646173656,1.52854073296985,1.35535646173656,1.20228122353758
"bta-miR-2385-5p_st",1.17546874378895,1.62179557945815,1.48027477368749,1.59187351906873,1.2412383669111,1.32618873047992,1.14661058963417,0.948265116330761,1.2006717430963
"bta-miR-2386_st",0.860566547105583,0.950668057062392,0.672441905434849,1.16448903051473,0.563205264065062,1.05701634675296,1.13928603120738,1.54939465967587,1.07200311704127
"bta-miR-2387_st",0.974515565648294,1.44389399773486,1.90822799522401,1.10001165027659,0.933592160099472,0.995684390306049,1.10055964421233,0.70746976683678,0.888388668325502
"bta-miR-2388-star_st",1.7826357136392,1.07322490702868,0.893916708695839,1.42546734379278,1.19210107490271,1.19210107490271,0.871531571327292,0.796523797735584,1.22156121861126
"bta-miR-2388_st",1.59911622070904,1.35969060137833,0.893916708695839,1.18821721180172,1.59533496046642,1.38066138731856,1.35969060137833,1.43640476797819,1.12567028055345
"bta-miR-2389_st",4.18018204050276,3.12873342652561,2.10861127159818,2.9826228968371,1.35614130865332,2.55708296680255,3.83581326833228,3.8063136451575,2.99071294279162
"bta-miR-2390_st",0.743582646129697,0.836358757953178,0.974685144859917,1.26173596946744,1.08876538471872,0.866767059985634,0.88707204901733,0.917127194117256,0.917127194117256
"bta-miR-2391_st",10.5413383491588,11.8901226759871,11.3305719736723,12.0016989660839,11.9807963194557,12.372298432365,11.6277835958588,11.5349246306173,10.7954444239935
"bta-miR-2392_st",7.1288556619614,6.32691276518811,6.28628409908651,6.21126721504214,6.21949796000657,6.35251773543944,6.79289469693188,7.14019569034967,6.41959365573005
"bta-miR-2393_st",0.839184356059714,1.16221275173998,1.12164612792518,0.895695364485724,1.2471631153088,0.749690655485327,1.23922316506451,1.0408776917611,1.02148662259122
"bta-miR-2394_st",0.952519722515845,1.07200311704127,1.07200311704127,0.900113507063949,1.07200311704127,1.15695348061009,1.52854073296985,1.2145902736085,0.995283156379141
"bta-miR-2395_st",0.869193211895299,1.04656489211477,1.37788293411337,1.04410600000993,0.836358757953178,1.35673638672613,1.04656489211477,1.28058521293965,1.01985760941282
"bta-miR-2396_st",1.27681829757386,1.06497735617161,0.797233929800403,0.950668057062392,0.890296905039165,0.950668057062392,1.10055964421233,0.950668057062392,0.906835076617937
"bta-miR-2397-star_st",1.03158221607025,1.05061565259932,1.01004902878452,1.62848832850678,0.836358757953178,0.707282267887358,1.33830313693638,1.05061565259932,1.17928427865435
"bta-miR-2397_st",0.649380258666385,0.926198607499284,1.2145902736085,0.888603474989929,0.81188930839007,0.950668057062392,0.913072924553037,0.913072924553037,0.859586392827977
"bta-miR-2398_st",1.5592920500132,1.69387047077769,0.977375339764336,1.5592920500132,1.5592920500132,2.51595010196992,1.4190188176954,1.21070927872351,1.66406311548037
"bta-miR-2399-star_st",0.941515596735705,1.31383984281452,1.14386947110148,1.18391236973674,1.14386947110148,0.919568780152982,1.14386947110148,1.27658968510297,1.2006717430963
"bta-miR-2399_st",0.580857268848,0.73641116241625,1.14840098838089,0.713901093200166,0.859083420475542,0.859083420475542,0.848419344545498,1.01251754773753,0.875621592054314
"bta-miR-23a_st",13.4602888072445,13.4909056692256,13.3269365429426,13.4210342086624,13.3347696079598,13.3253772280975,13.4715976989255,13.4069571853906,13.5744283469678
"bta-miR-23b-3p_st",12.5698405602651,12.623779682796,12.5298051490921,12.5974442661067,12.5698405602651,12.5685009060969,12.4753276370304,12.5698405602651,12.6594924272714
"bta-miR-23b-5p_st",4.34782048085361,3.76960694901498,3.76960694901498,3.76960694901498,4.13264310087371,3.05065383407493,4.34252657851134,3.66946525071593,3.73173489441032
"bta-miR-24-3p_st",13.4939595636793,13.4251967206549,13.3959337358163,13.4911089022743,13.5929584606044,13.5734544606667,13.507787508654,13.4953773277743,13.4090436168437
"bta-miR-24_st",1.10866556343929,0.89440866879315,0.783389628418875,1.18537973003915,1.10866556343929,1.28131703770146,1.12126698621943,1.10866556343929,1.12126698621943
"bta-miR-2400_st",1.23733418949432,1.2006717430963,1.03143649322647,1.2006717430963,1.79804856457798,1.33192087566099,0.686416991542965,1.34325889966353,1.00070764594286
"bta-miR-2401_st",1.10055964421233,1.15528752496122,1.51731634738261,0.983337658520435,1.01621556851198,1.28013778505809,1.10055964421233,0.89451660417095,0.906632313487154
"bta-miR-2402_st",2.01033166085215,1.25537777265906,1.93113760181175,2.09824065305662,2.92465825609643,3.99691035568616,2.09497839608714,2.42002878194424,1.90206909824015
"bta-miR-2403_st",1.03143649322647,1.03143649322647,1.27086211255718,0.913072924553037,0.836358757953178,1.48408959520395,0.987805935564923,1.02890591339212,1.03143649322647
"bta-miR-2404_st",1.34268579121948,2.06121841448119,1.25233485733623,1.6984678532901,1.62627818258522,0.836358757953178,1.30328163302683,1.34691219068837,1.34691219068837
"bta-miR-2405_st",1.15249854388375,0.618868566208295,0.876410478155016,0.981333536926338,0.950668057062392,1.15695348061009,0.913072924553037,0.822862846905386,0.913072924553037
"bta-miR-2406_st",1.95021457005059,2.80745849071024,1.46916868313041,2.65098827285771,2.24786128418879,2.8912714109651,1.75551134856158,1.29531804995801,1.75625505113429
"bta-miR-2407_st",7.41456018048652,6.13687229173068,6.13448502819221,6.37737267211642,6.46112332424233,6.31801344053285,7.04483564611956,7.65726511682033,6.94252801439169
"bta-miR-2408_st",1.31495098698699,1.04264418150088,1.19294686564858,1.12951239435895,1.15695348061009,1.15695348061009,1.06007649128011,1.50028686532205,0.950509495790578
"bta-miR-2409_st",1.23922316506451,1.36232588654676,1.38246723233386,1.87492030663772,1.52854073296985,2.31634865333505,0.994459518038559,1.7357282145955,1.5721712906314
"bta-miR-2410_st",2.14482751013677,1.40079057920553,1.19000058017861,1.10560504354522,1.61010449986572,1.75473221832251,1.56801062722876,1.31058050155787,1.40079057920553
"bta-miR-2411-star_st",0.977375339764336,0.913072924553037,0.997719659788027,0.913072924553037,1.1518660777549,0.913072924553037,0.830712844683169,0.834210845775057,1.17766186838589
"bta-miR-2411_st",0.913072924553037,0.950668057062392,1.19243891644989,0.84931871023147,0.836358757953178,0.913072924553037,0.913072924553037,0.913072924553037,0.803471777735504
"bta-miR-2412_st",8.76692621962297,8.38198953096455,7.73931705260519,8.04787924940089,8.28253723175816,8.18773519951517,8.40345200790903,8.88788153582848,8.25055745087758
"bta-miR-2413_st",4.2941611080916,2.21393842973775,2.04481676023962,1.66160422337553,2.32418275213646,3.10984355194399,4.02215953532144,4.44072630747249,4.07457675553584
"bta-miR-2414_st",0.950668057062392,1.11794648570591,0.950668057062392,0.950668057062392,0.923960774360447,0.950668057062392,1.06026920387993,0.89506536169547,0.950668057062392
"bta-miR-2415-star_st",1.68268715093672,2.01675551662514,1.17803640817129,1.50688721330514,1.99285864554808,1.87513132645356,1.74675951589872,1.30454371333353,2.30859790874518
"bta-miR-2415_st",1.98952844684042,1.9970358728756,1.35160614763246,1.11407108166959,1.92908466342164,1.69029151021978,1.95012428864777,1.64718809169044,1.69029151021978
"bta-miR-2416_st",0.857891945238911,1.03912193088587,1.24526994851466,1.26442616437186,0.836358757953178,1.05701634675296,1.28583462187379,1.23851325331138,1.07200311704127
"bta-miR-2417_st",1.30869338176294,1.40332115903987,1.44389399773486,1.59574420637046,0.808647839895155,1.54939465967587,1.12385264107391,1.54939465967587,1.40332115903987
"bta-miR-2418_st",4.74070543961601,4.90333877548414,4.08242674334165,4.34252657851134,3.95724320921408,4.40764287225267,5.14899418064087,4.27477718341111,3.48933620701616
"bta-miR-2419-star_st",6.26168444882935,4.43055015163445,4.97752174759152,3.69412724669766,3.25106530523343,2.90760034554566,6.18637123443816,6.18637123443816,2.54671222098576
"bta-miR-2419_st",0.963231616007147,0.950668057062392,0.646309652459441,0.933940037586225,0.73641116241625,0.978109143313537,1.07015145158782,1.42321513565676,0.669402992150571
"bta-miR-2420_st",0.869239944108582,1.2006717430963,0.869239944108582,0.443955778093667,0.73641116241625,0.869239944108582,0.761104548452828,1.25898161632806,1.2006717430963
"bta-miR-2421_st",0.885531676306334,0.618868566208295,1.01270360170019,0.768823045643138,0.833125460854437,0.718816161745223,0.942726607671971,0.634779987551032,0.759638797291049
"bta-miR-2422_st",3.15186604290933,3.08588435105128,3.03961781836243,2.78231228837884,3.8548306327238,3.84300966029147,3.75452672475405,3.38939566624598,3.67775735675888
"bta-miR-2423_st",0.88510480936032,0.805847065495088,0.984018218652647,0.805847065495088,0.73641116241625,0.886492360100248,0.762014085050633,0.86913137641774,0.805847065495088
"bta-miR-2424_st",1.14870846207455,0.931218270329669,1.81534965764503,1.11783543390839,1.28131703770146,1.05701634675296,1.14870846207455,0.866811890343353,1.07198850141242
"bta-miR-2425-star_st",4.03765148174898,2.28599133862925,3.15186604290933,2.53519574394677,3.72025221195932,3.15186604290933,3.15186604290933,3.93856608950795,3.15186604290933
"bta-miR-2425_st",1.23922316506451,1.19500268333512,1.10866556343929,1.14870846207455,1.15695348061009,1.07366762335624,1.53003968190015,0.780464348926128,1.14870846207455
"bta-miR-2426_st",2.02973792006202,2.29971870045957,1.05589709229643,1.69017761881295,1.36139015664869,1.53797000531006,1.48157616891231,1.57070407730889,1.54939465967587
"bta-miR-2427_st",1.33419800805401,0.880502088690308,1.53408505398183,1.03143649322647,1.03143649322647,0.836358757953178,1.20837107856386,1.03143649322647,0.857925559311505
"bta-miR-2428_st",11.1816346785976,10.8988562412934,10.9321736684691,11.1189172674625,11.3387468134077,11.2313214960239,10.9669403213558,11.7059956645975,11.1958513335195
"bta-miR-2429_st",0.856040279785458,1.20023094666268,1.29422228455295,0.991042450900674,1.03131335166755,1.20023094666268,0.8318663735731,0.96458658757459,0.950668057062392
"bta-miR-2430_st",8.73325477562534,7.9479967720269,7.88958509494907,8.08038105779218,8.07913108397724,8.28767608456807,8.33079109126415,9.15166852713844,8.57994524040977
"bta-miR-2431-star_st",1.05701634675296,1.29602543705933,1.05701634675296,1.54419626600502,1.05701634675296,1.05701634675296,1.16515174240872,0.779029866460931,0.662847824038212
"bta-miR-2431_st",1.84863159629651,1.11602500786131,1.2006717430963,1.2006717430963,0.932594121121894,1.2006717430963,1.31288130679596,1.2006717430963,1.30481791136387
"bta-miR-2432_st",0.991393594591211,1.39576409399844,0.743148855413719,1.03143649322647,0.872371068323321,0.954731148193189,0.869239944108582,0.78984066683852,0.954731148193189
"bta-miR-2433_st",4.78979433706488,3.69139483486146,2.22734135181172,1.45749008673369,1.94773832122053,3.16713705564674,4.56482085912131,4.17598200678055,3.86724545195152
"bta-miR-2434_st",0.748974721361005,1.07200311704127,1.32515001814592,0.913072924553037,0.913072924553037,1.19804141985705,0.862794107166065,0.855744033060791,0.950668057062392
"bta-miR-2435_st",1.08825908073686,1.18026526039387,1.18026526039387,1.20546825970122,1.07200311704127,1.26091055499903,0.875906855790915,1.30160032037274,1.18026526039387
"bta-miR-2436-3p_st",3.11596729156227,2.44995271739917,2.68213912745059,2.93614038806753,1.98084721818266,3.20944220945092,2.82717561116621,4.30260781020253,2.21649157727076
"bta-miR-2436-5p_st",9.56487256353774,9.24220102024392,9.31457079454836,9.2655925071479,9.35680222189794,9.48185019733909,9.24699537285436,10.1407487306196,9.27167004563618
"bta-miR-2437_st",0.950668057062392,0.950668057062392,0.89895304565498,1.21240089549527,0.950668057062392,0.950668057062392,0.868307977192524,0.948137477228043,0.950668057062392
"bta-miR-2438_st",1.5310369597944,1.32172303913421,1.5310369597944,1.12260010089607,1.5310369597944,1.5310369597944,1.5310369597944,1.65051050129847,1.87847236098671
"bta-miR-2439-star_st",1.50636019520715,0.974955836548329,0.869239944108582,1.30374329871258,1.00175920908253,1.28131703770146,1.93391102886164,1.04732635245401,0.935154629524326
"bta-miR-2439_st",1.38770818716162,1.20647523888061,0.683904784968795,1.03143649322647,0.870883284255588,0.966147994716115,0.786569853870359,0.769744151920255,1.10959824955062
"bta-miR-2440_st",0.913072924553037,0.906912944211337,0.831644811599228,0.876039916045174,0.836358757953178,0.993718219158197,1.35969060137833,0.913072924553037,1.07200311704127
"bta-miR-2441_st",1.87975987637397,1.54939465967587,1.54939465967587,2.33592156082787,1.28131703770146,1.54939465967587,1.34920497563041,2.30587374377214,1.75204407561944
"bta-miR-2442_st",5.59473863981309,4.48338617211266,4.6922018038534,4.34068712109872,4.95708865222821,4.6922018038534,4.6922018038534,4.95443547140931,4.84410792005702
"bta-miR-2443_st",0.977375339764336,1.10055964421233,0.850188266312048,1.3532821190303,1.20785536619288,1.05701634675296,1.33187934431609,1.10055964421233,1.10055964421233
"bta-miR-2444_st",0.950668057062392,0.73789428904629,1.32292245808543,1.12200117937261,0.950668057062392,1.11173717700483,0.760618951568655,0.893339165570145,0.923960774360447
"bta-miR-2445_st",0.857891945238911,0.662814209965619,0.862579345399682,2.4140330727746,0.777123509074833,0.910861074773214,0.494251683815331,0.857891945238911,0.759638797291049
"bta-miR-2446_st",1.25369923260443,1.08647918458119,0.991851407304256,1.26442616437186,0.950668057062392,0.850834825493098,0.883716011648502,0.779029866460931,0.841066910244858
"bta-miR-2447_st",1.03143649322647,1.00244101975695,1.13912551885034,1.03143649322647,0.700370805921575,1.21101463407223,1.45897863568553,0.852199424026618,1.15666558905524
"bta-miR-2448-star_st",1.02922506754913,1.37801218620091,0.971639039787786,1.14870846207455,1.37300915302305,1.22834946906318,1.14870846207455,0.827672139796435,1.49501327436146
"bta-miR-2448_st",0.977375339764336,0.833125460854437,0.896878892329541,1.34585427732567,1.07200311704127,0.950668057062392,0.845689019799192,1.12732981919918,0.869239944108582
"bta-miR-2449_st",7.1190599639178,6.15522132039568,5.37243590930853,5.67571381463406,5.91546354076376,6.12890333974285,6.57147442547863,6.63953193853435,6.27597804896036
"bta-miR-2450a_st",1.2351806709226,1.54383113159199,1.38125417155859,1.38125417155859,1.2351806709226,1.15695348061009,1.19155011326105,1.6037911525349,1.4955634706678
"bta-miR-2450b_st",1.07200311704127,1.16400929669828,0.969338048139706,1.03497010853341,1.07200311704127,1.03912193088587,1.07200311704127,0.873657643737865,1.27304815474144
"bta-miR-2450c_st",1.19190429632248,1.07200311704127,1.15455865917053,1.41577734949383,0.836358757953178,1.15695348061009,0.992362110052643,0.89266735970183,1.00733581550633
"bta-miR-2451_st",1.40034966773443,0.954722326626611,1.19454861311945,1.03143649322647,1.06903162573582,0.725698241023863,0.930368104883653,1.06903162573582,1.10959824955062
"bta-miR-2452_st",1.35353246417372,0.950668057062392,0.893916708695839,0.809897825979638,0.950668057062392,1.06119513733936,0.747904884129704,0.770648316595434,0.950668057062392
"bta-miR-2453_st",1.87115110354622,2.19515743198521,1.1202749945226,1.90932604007729,1.90932604007729,2.18869203197414,1.99763873269989,1.40079057920553,2.93237144424888
"bta-miR-2454-star_st",3.36613076031118,1.77425935365383,2.09905125920616,2.83120142946571,3.36754988952193,3.2224986822223,2.17632517899414,2.58471246107496,3.67397032704088
"bta-miR-2454_st",6.72007740812495,6.99426447694746,6.86221814903517,6.55806678637851,7.2935439557603,7.54933714824566,6.72724125808221,6.92026151791908,6.63762697842312
"bta-miR-2455_st",8.52135076788599,7.67943010383941,7.40412847343624,7.39769470710123,7.70384917415043,7.59627948601325,8.19714484393341,8.8669111522249,7.6953669233064
"bta-miR-2456_st",0.794882605766492,0.787711122053044,0.83090736922342,1.35442530761862,0.877629352563193,0.779969691966104,1.10055964421233,0.887658717589973,0.97699736590691
"bta-miR-2457_st",1.60351084308533,1.03654844199863,1.72201024126584,1.72873041701531,1.82232482006745,2.04882128034197,1.96397037457941,1.72873041701531,1.84097864156221
"bta-miR-2458_st",1.5310369597944,1.41830792932818,1.35160614763246,1.52854073296985,1.71349265365123,0.950186608206899,1.26116186947749,1.12533467874784,1.40332115903987
"bta-miR-2459_st",1.27895760194851,1.19846058085996,1.45060168098825,0.835058914156263,1.69612398168979,1.15695348061009,1.27895760194851,1.11935834810074,1.44305559592387
"bta-miR-2460_st",1.05701634675296,1.09927091771148,1.05701634675296,1.52854073296985,0.950668057062392,0.870399183174243,0.800963280095405,1.16460354151899,1.4194565369222
"bta-miR-2461-3p_st",0.99167530352514,0.838164910126272,0.972238581342303,0.682301425339017,1.03376917616209,0.897693723457855,1.26669290766968,1.2145902736085,1.29602543705933
"bta-miR-2461-5p_st",1.23922316506451,1.18516733098812,1.08636244398709,1.39871214810846,1.2006717430963,1.40332115903987,1.48922685109841,1.2006717430963,1.2006717430963
"bta-miR-2462_st",1.40332115903987,1.22665939690309,1.27363786290571,1.65170792509007,1.40332115903987,1.99385579777636,1.249174741073,1.45277299904861,1.35948817859542
"bta-miR-2463_st",0.986386674204086,0.73641116241625,0.69280892274981,0.714727451249632,1.07200311704127,0.858670873449558,0.779029866460931,0.686394162586147,0.579412618723581
"bta-miR-2464-3p_st",1.42912801238924,0.832979738010654,1.05046992975554,0.737748566202507,0.849072825392129,1.50083769122212,1.33579174065891,1.2145902736085,1.16477922886475
"bta-miR-2464-5p_st",0.977375339764336,1.2006717430963,1.05701634675296,1.05701634675296,0.980302180153104,1.09461147926232,1.05701634675296,0.984685631909875,1.36718784136432
"bta-miR-2465_st",1.33457685902753,1.46599580877237,1.47218378380356,1.24406215603758,1.16330522305784,1.67394905120849,1.07272903372736,1.40079057920553,0.980377294530082
"bta-miR-2466-3p_st",1.30954521961069,1.07453369687562,1.39800782239853,1.5310713128042,1.40332115903987,1.40332115903987,1.80922743810386,0.99309853342479,1.40332115903987
"bta-miR-2466-5p_st",3.63836998594883,2.16081655244643,1.67902562456414,1.42292728881015,1.71487409462145,2.05924902393297,3.61375856112719,2.04856832789954,1.29602543705933
"bta-miR-2467-star_st",0.912792288428134,1.25557208628552,1.21185382379931,1.40079057920553,1.44025252356882,1.68268715093672,1.71650456656475,1.40079057920553,1.66406311548037
"bta-miR-2467_st",2.34433471141888,2.2188497987622,2.32824541894601,1.83951538870285,2.32824541894601,1.85624340817902,2.067740404927,2.90844911026564,2.53089483488958
"bta-miR-2468_st",1.17200275429921,0.73641116241625,1.34517795337196,1.02079161354296,0.646309652459441,0.97695863309851,0.934864760461555,1.1797218060312,0.97695863309851
"bta-miR-2469_st",1.23922316506451,0.921941957875017,1.4208756971562,0.825153989755996,1.02412469891776,1.15695348061009,0.837738561518483,1.52399995712094,1.50231086060703
"bta-miR-2470_st",0.857891945238911,0.825010759083507,1.14560548174042,0.857891945238911,1.14560548174042,0.836358757953178,0.857891945238911,0.857891945238911,0.868556021168956
"bta-miR-2471-star_st",0.835040537890816,1.63262488316624,1.35160614763246,1.16731975614897,1.40332115903987,1.480041119702,1.67137900285256,1.40332115903987,1.40332115903987
"bta-miR-2471_st",0.881803503053337,1.0847111151545,0.65230920607348,0.843059383575191,0.869239944108582,0.598446172000909,1.23922316506451,0.913072924553037,0.609508066482496
"bta-miR-2472_st",0.950668057062392,0.950668057062392,0.638211089214485,1.14309110439298,1.15998197772258,0.829332997083513,1.04361576076518,1.09325521362962,0.950668057062392
"bta-miR-2473_st",0.951535680727449,1.1562065133978,1.07200311704127,1.07200311704127,0.869265996273036,1.54939465967587,1.07200311704127,1.07200311704127,0.759638797291049
"bta-miR-2474_st",2.48319573125582,2.61532458177723,1.24185509333816,1.59875599866229,1.49173563781316,1.06299956661975,1.57010920149002,1.57010920149002,1.57010920149002
"bta-miR-2475_st",1.06934842909856,0.710841655542523,1.06934842909856,1.26442616437186,0.928331847287405,1.14898943608719,1.06934842909856,0.889328688631606,1.15235416730546
"bta-miR-2476_st",1.23922316506451,1.30764747612936,1.42072603362084,1.04113008887511,1.07200311704127,0.933657405113344,0.977375339764336,0.784404298498007,1.07200311704127
"bta-miR-2477_st",1.40332115903987,0.842699392914908,1.2145902736085,1.2145902736085,0.991659981959357,1.34788276486935,1.33485549635608,1.2145902736085,1.2145902736085
"bta-miR-2478_st",3.56207427763949,3.53554891174881,4.2169162472601,2.93046666450272,2.48481277846301,3.30420382998182,3.79427083458332,2.36364652965882,3.50078926732835
"bta-miR-2479_st",1.10906533689746,0.970401816045284,1.00481672310315,1.04711598264514,1.02679565244304,1.40332115903987,0.970401816045284,0.913072924553037,0.796890882130319
"bta-miR-2480_st",1.08054536969028,0.805485729787015,0.864062376280244,0.805485729787015,0.595279595625423,0.797744299700074,0.83836691594242,0.882199896386875,0.805485729787015
"bta-miR-2481_st",0.950668057062392,0.73641116241625,1.11518911927297,0.919795028896229,0.950668057062392,0.950668057062392,1.20103943496268,0.881232153983553,0.983549243217796
"bta-miR-2482_st",0.732906407998468,0.82468710433309,0.871665570335716,0.871665570335716,1.24355023614912,0.950668057062392,0.837250663277845,0.779029866460931,1.0733589060371
"bta-miR-2483-star_st",1.52218791646136,1.2145902736085,1.29523556821366,0.948072886354244,1.15695348061009,1.07093487726516,1.2145902736085,1.2145902736085,1.21704916571334
"bta-miR-2483_st",1.43640918251747,0.780477367946292,0.993251135962393,0.95085937320949,1.15695348061009,1.09319873149932,1.35739961775848,0.946160948030632,1.06232570333316
"bta-miR-2484_st",1.26759575592752,1.02817013659681,0.977375339764336,1.14870846207455,0.899501510541785,1.07200311704127,1.52587882026318,1.07200311704127,1.02817013659681
"bta-miR-2485_st",1.10901764476822,1.08055638811141,1.44024723018969,1.24465459130344,1.08308696794576,0.836719289515973,1.23957524639343,1.07200311704127,0.884384833294927
"bta-miR-2486-star_st",1.35135787801812,1.81357259334848,1.24185509333816,1.14870846207455,1.02003983601952,1.07199429547469,1.1542639799291,1.2145902736085,1.12931739290467
"bta-miR-2486_st",2.49155426868081,2.8675755815118,2.43440864425187,2.38361867552337,3.65427052010127,2.07930120406674,3.01148836326655,2.20364439575179,3.06726401051579
"bta-miR-2487_st",9.78282040808695,9.7689095273997,10.5538883568717,10.0525631247584,10.6652841850636,10.5026798916715,9.62901033131218,10.1660814435905,9.97259384312718
"bta-miR-2488_st",0.941835642988968,0.920385915263757,1.45847082966555,1.45229030271534,1.07200311704127,0.836358757953178,1.31922681230966,1.2145902736085,0.964365173093674
"bta-miR-2489_st",1.30967858597623,1.18630359458391,1.18630359458391,1.14870846207455,0.967989717035272,1.18630359458391,1.18630359458391,1.18630359458391,1.49305862898437
"bta-miR-25_st",10.190013571966,10.2293854989698,10.1276778089773,10.0834883937265,9.71451845688643,9.54991114682242,10.2844294647834,9.85358781747793,10.1688946884784
"bta-miR-26a_st",12.2276302902331,12.3894503445812,12.2276302902331,12.3926635574501,12.1185089724411,12.1295873994247,12.2481645000663,12.1296081960639,12.2460046506078
"bta-miR-26b_st",5.12917447813938,5.29754164202977,5.18512103148506,5.23633798324612,4.80694653716861,5.05731568804355,4.70121160659873,4.15382124465167,5.33635174101715
"bta-miR-27a-3p_st",10.2074369179471,9.86828916377549,9.50347887644989,9.76165869061897,9.90538098497048,9.90538098497048,10.3031510219373,9.90538098497048,10.1635754294825
"bta-miR-27a-5p_st",9.09336794499527,8.53777398122782,8.32814095142043,8.58404901551841,9.47447868744,9.18392411218924,9.01316965725232,8.9290920157075,8.82607061012318
"bta-miR-27b_st",10.2218756658171,9.96506938972239,10.0280505335111,10.0496866144306,9.73037697275393,9.77358123069881,10.3089620463911,10.0496866144306,10.2816766863601
"bta-miR-28_st",7.59447327840224,7.57158451841114,7.54425975402099,7.57268459926957,7.32073038392784,7.54340071510162,7.59447327840224,7.62852205145599,7.72913022847019
"bta-miR-2881_st",13.2293995519219,12.8895341564448,12.9403835326051,12.9636437492192,13.0590969824733,13.024482855824,13.0359034246878,13.5601481226248,13.0950561895872
"bta-miR-2882_st",1.42532537303009,1.60921427525534,1.15695348061009,1.58036872005128,0.98659080156481,1.23659448759872,1.26122737905473,0.948995669055456,1.86922110985262
"bta-miR-2883_st",1.06227663626235,1.26694746893271,1.37244813087371,1.37244813087371,1.40332115903987,1.57023664291712,1.38053258461958,1.37244813087371,1.32660119837775
"bta-miR-2884_st",1.84370113134856,2.87276585556947,2.87276585556947,2.65600759053752,3.73986589666662,2.66998583503019,2.87276585556947,3.015939445378,3.06961695568939
"bta-miR-2885_st",10.9829483705457,10.9705873477351,11.0455154475359,11.230242305781,11.4079800844021,11.3833466003575,10.7165225572119,11.4582036113808,10.8651251200903
"bta-miR-2886_st",3.15413710146349,2.76370774888066,1.8165052902716,2.94732368177724,2.60990541164711,3.5788558596723,2.47801654784343,3.64073340325532,2.47801654784343
"bta-miR-2887_st",10.7139524876793,10.5397775622543,10.9752208819989,10.6207636106555,11.2424661461289,11.0851761815144,10.3111799833047,10.9233602270455,10.8615336911704
"bta-miR-2888_st",9.39756809823594,8.27064793940203,7.89319093901835,7.97815541108761,8.01459659282867,8.05317107465555,9.29658134980873,9.38658608493937,8.17922691878418
"bta-miR-2889_st",2.90305856532335,2.99151024777226,1.71018123426155,1.69946455134154,2.07134921715494,2.98437671145011,2.35735135485171,2.07317975272117,2.72081996489021
"bta-miR-2890_st",1.55202498291512,1.65099135253742,1.38480493489188,1.26442616437186,1.90074789949469,2.16143341414713,1.24185348830376,2.24786128418879,1.03231189743727
"bta-miR-2891_st",1.37661387633793,1.04529583433933,0.850720461525464,0.753896085675988,0.850720461525464,0.950668057062392,0.977375339764336,0.950668057062392,1.06497735617161
"bta-miR-2892_st",6.48743774907867,5.89354419593372,5.22852026995195,5.87353648069001,6.80223619545624,6.45986310626273,6.28709077254801,6.58039666878587,6.35110489162434
"bta-miR-2893_st",3.4480445730629,3.49556218011538,2.41384316938451,4.0045613597772,3.23896173097436,3.17298003911631,3.4480445730629,3.4480445730629,3.51898915934156
"bta-miR-2894_st",1.37887968428001,1.25299296168675,1.54917172278922,2.04783068821166,1.67353527988059,1.67353527988059,1.61714144348283,1.89808343630525,1.93427723632108
"bta-miR-2895_st",0.743582646129697,0.836358757953178,0.669080329309661,0.611021430992321,0.836358757953178,0.722049458843964,1.01856557626472,1.28648128009631,0.863847868877275
"bta-miR-2896_st",0.892677330889223,0.985416132595972,1.14233112323761,1.375320794383,0.856747506540942,1.40332115903987,1.02396755456418,0.987305108166156,1.1359091886365
"bta-miR-2897_st",1.05408068479762,1.44389399773486,1.43989549835032,1.1111133295652,1.02923492057049,1.72878940001262,1.31592851009779,1.07200311704127,1.14870846207455
"bta-miR-2898_st",4.18018204050276,4.77698263730548,2.68260573369898,3.73986589666662,3.29870061949049,3.81273929085359,4.09857586098122,4.69806046114276,4.34252657851134
"bta-miR-2899_st",10.0071865661038,9.57318301555405,9.41975479886319,9.50472165788052,9.97113554770189,9.82576225588847,9.70765664046993,10.2960149411768,9.54489049050227
"bta-miR-2900_st",12.7344736761301,12.2696542996459,12.2932794796696,12.6070552832013,12.7345211794418,12.6215263933653,12.483393956914,13.0085273661932,12.7631750397389
"bta-miR-2901_st",1.33457685902753,1.29602543705933,1.2145902736085,1.29602543705933,1.40428799967133,1.18855275329756,1.10055964421233,1.36297743893861,1.31925307193413
"bta-miR-2902_st",1.51399252020998,2.39730363584777,1.31312229631562,1.27552716380626,1.28131703770146,2.12351809250375,1.47458836201733,1.78475985662869,1.47458836201733
"bta-miR-2903_st",1.05429222053779,1.51891818785141,1.37300915302305,1.37300915302305,2.10141197564716,1.25095549984135,1.83900917468091,1.26594227012966,1.06317909719697
"bta-miR-2904_st",9.42730871226968,9.68380555355883,9.96048001258831,9.80913022713525,9.93427685040372,9.89016786519748,9.40059583707547,9.51984492646726,9.59790691447077
"bta-miR-2917_st",0.928655982262677,0.836358757953178,1.27716935764259,0.782705749876907,0.717073689483206,1.22771751763386,0.81973875838477,1.10781633835265,0.950668057062392
"bta-miR-292_st",0.817325321424112,0.790472315878383,1.14381947579443,0.967134078015171,1.45738231250201,0.949166808772057,1.03143649322647,1.07200311704127,1.25473289655843
"bta-miR-2957_st",0.987330503460413,0.73789428904629,0.850259168449311,1.14870846207455,0.950668057062392,1.37121037525623,0.969718428723244,0.926131445711079,1.55536529719329
"bta-miR-296_st",8.57550951641283,8.09681751780588,7.78017549567036,8.33212570875074,8.21713983739686,8.20174276252663,8.14478356152967,8.93100910643802,8.39785972203665
"bta-miR-299_st",1.08825690751248,1.06154962481054,1.76003598421909,1.03143649322647,1.92041996258153,1.08825690751248,0.980121511856726,0.969893338839047,1.05159446111446
"bta-miR-29a_st",11.0638384230802,10.8375199665097,10.907799971021,11.0182408227026,11.0071385877372,11.1206287969398,11.2795762503996,11.0281137876793,11.3230630548362
"bta-miR-29b_st",5.29943052447749,4.69319254107771,5.29943052447749,5.29943052447749,4.75925301328188,5.29943052447749,5.88882944300555,4.37544175830376,5.84089741744716
"bta-miR-29c_st",4.24794080784441,4.11705066716758,4.19684824009762,3.15821128073523,3.59113914676608,4.01372639614334,4.11705066716758,3.85621003942139,4.86328045525377
"bta-miR-29d_st",1.15695348061009,1.13542029332436,1.03143649322647,1.15695348061009,1.24972959243357,1.3346799560024,1.35969060137833,1.15695348061009,0.950668057062392
"bta-miR-29e_st",1.05701634675296,1.05701634675296,1.05701634675296,1.37077445406243,1.15695348061009,1.05701634675296,0.975588233799154,1.03238345529696,1.05701634675296
"bta-miR-301a_st",4.89953032763354,6.26348441550243,5.88109150753762,6.50348923108183,5.88109150753762,5.51995249034291,5.18750397328288,5.41740874827354,6.30362309937998
"bta-miR-301b_st",0.873762657757233,0.836358757953178,1.41249683342279,0.981349078223241,1.08787382955959,0.943198560836072,1.19356993873636,1.39633311166905,1.35305735881498
"bta-miR-302a_st",0.857891945238911,1.07200311704127,1.096084841517,0.913072924553037,0.913072924553037,0.836358757953178,1.04317907970575,1.07200311704127,0.913072924553037
"bta-miR-302b_st",0.863066040655122,0.744041071516741,0.944494153608932,0.705767809399682,0.836358757953178,1.03571751491729,0.69896783746309,0.968990750824329,1.15772163625571
"bta-miR-302c_st",0.748974721361005,0.990575004087461,0.869239944108582,0.915086876604548,0.564881539505631,0.869239944108582,1.01913153125853,0.990575004087461,0.869239944108582
"bta-miR-302d_st",0.972809490448009,0.972809490448009,0.803574240578179,0.733786111417393,1.18692066225037,1.06558560227149,1.10055964421233,0.972809490448009,0.644022028283754
"bta-miR-30a-5p_st",11.2690061562936,11.2193276191326,11.5975162560843,11.5017837817349,11.8367191936126,11.8337435163672,11.4816007019383,11.4908655141135,11.3805169370041
"bta-miR-30b-3p_st",4.99711260091672,6.30338327781321,5.68316383128337,6.03008713057517,6.02062912860795,5.68628028075016,5.57413888813186,5.1976559484864,5.54631699028491
"bta-miR-30b-5p_st",7.70384917415043,7.59758967980065,7.47971672179499,7.65802227792349,7.39811881203981,7.46235638825476,7.71591013348716,7.28622972369898,8.07350443349325
"bta-miR-30c_st",10.0116606679568,10.0006533002125,9.69659031040659,10.0758826079495,9.63160194718452,9.72061084698888,10.1390548622102,9.84884435384668,10.1973516178643
"bta-miR-30d_st",10.2055142238375,10.4606859823061,10.5363468981683,10.4590250342832,10.2785048578697,10.291026856087,10.2254380881643,10.2041171890038,10.0587178515559
"bta-miR-30e-5p_st",8.82411175900724,9.05342081661729,9.1630088286791,9.37724431544192,9.75478160503222,9.79665781835006,9.14196506958111,9.22698707339645,9.29570669268908
"bta-miR-30f_st",7.87202789124238,7.81906441159491,7.57023124279676,7.95935712489861,7.58683407210621,7.55341674334179,7.64884808004794,7.38080934280163,8.19033459682854
"bta-miR-31_st",13.9937583718307,13.8173117421782,13.8187966539607,13.8121165752871,13.9438330595551,13.9301667866526,13.970956507768,13.9402874751961,13.9251626164781
"bta-miR-3114_st",1.66406311548037,1.11733234628451,1.78539817545925,1.64717224215076,1.66406311548037,1.89410405802048,1.59902342428855,2.12836736812382,1.66406311548037
"bta-miR-32_st",1.03597835358434,1.04394331992835,1.07200311704127,1.14870846207455,1.46817555258229,0.90675614067474,1.00637105664757,1.07200311704127,1.02290922822634
"bta-miR-320_st",11.066681910826,11.3637958485329,11.2884130763617,11.2169905290604,11.3693409714132,11.484426074541,10.9974416833573,11.2570747424907,10.8344847018287
"bta-miR-320b_st",9.95410407783838,10.0290189515953,9.99534831538737,9.95410407783838,9.93331060273717,9.9821447463443,9.95410407783838,9.95410407783838,9.7462457672941
"bta-miR-323_st",1.27995641811976,0.836358757953178,1.758428599225,1.31813135465083,1.10959824955062,0.950668057062392,0.683904784968795,0.950668057062392,0.950668057062392
"bta-miR-324_st",7.98009465797348,8.08712643525441,8.1235082076644,8.07060234617343,8.04029193858272,8.15226409337963,7.93078675772572,8.11109464961895,7.85312627326436
"bta-miR-326_st",1.5310369597944,1.02366794376351,1.10443637992758,0.968865134561808,1.54939465967587,2.12351809250375,1.03798828554767,1.2187456790368,1.34074980037521
"bta-miR-328_st",2.88432440283394,2.7383560285746,1.30689055145239,2.68925318929224,1.2374522128444,2.98284685986551,3.08149319287559,2.6027231589971,2.6027231589971
"bta-miR-329a_st",1.00548885205015,0.983955664764414,0.836358757953178,0.986167514544237,0.884008069227486,0.766465473019532,0.823970965426349,0.930986535230111,0.869239944108582
"bta-miR-329b_st",0.899648364593839,0.950668057062392,0.685677600740176,0.807012660719055,0.700106306362291,0.807012660719055,0.807012660719055,0.901640437995988,0.685677600740176
"bta-miR-330_st",5.85916684709019,5.78619637319559,6.16607693795643,5.85916684709019,5.90916616866641,5.85916684709019,5.78342158128277,5.85916684709019,5.45715922600192
"bta-miR-331_st",5.64112716621388,6.16219257109105,5.25257078754291,5.74670014785817,5.53511531362222,5.92500631317822,5.65798687728401,5.29126653021454,5.83397388023478
"bta-miR-335_st",1.23922316506451,2.57890279259335,1.32082000076961,2.14773728000964,0.641196318056072,1.26442616437186,1.2250220061792,1.0404038443538,1.36453826325582
"bta-miR-338_st",1.10866556343929,0.958520626982504,1.13216506705032,0.711941712853142,0.962313090753429,0.84097803077455,0.842047868005851,0.962313090753429,0.962313090753429
"bta-miR-339_st",8.27545816410254,8.29993515934767,8.33632736929855,8.47652477126529,8.5814305713097,8.64265257616633,8.11605068379494,8.25518606336854,8.27703652205437
"bta-miR-339b_st",7.36498443562433,7.22687764977601,7.21446374130829,7.35699402012071,7.40549516264496,7.45943605037246,7.09966642831561,7.15867594588106,7.38867178169169
"bta-miR-33a_st",0.950668057062392,0.836358757953178,1.037848040323,0.950668057062392,0.938104498117637,1.13068779752935,0.718610703936471,0.950668057062392,0.904821124566425
"bta-miR-33b_st",0.761483577227996,1.07200311704127,0.764829467146162,0.909067436154636,1.92406924514878,0.93443240888237,1.04952691851181,1.01520084504645,0.78036495982905
"bta-miR-340_st",1.3756996869633,1.07755863489582,0.918628442407591,0.918628442407591,1.49989281612424,0.836358757953178,0.875865299194437,0.751408394384355,0.845065104029554
"bta-miR-342_st",8.1724932318736,8.30595857084965,7.89135972769644,8.17347843509999,8.01584539778584,8.04990722427629,7.70793982617821,8.23491280663099,8.03794167882947
"bta-miR-345-3p_st",0.978109143313537,0.978109143313537,0.951401860611592,1.02194212375799,1.48875297146419,0.950668057062392,0.869239944108582,0.901403798280256,0.978109143313537
"bta-miR-345-5p_st",1.5310369597944,1.57708022587299,1.03143649322647,1.52854073296985,1.368459999761,1.5310369597944,1.5310369597944,1.2145902736085,1.95987153397525
"bta-miR-346_st",4.29661475654427,4.03404253210397,2.02725533873703,4.23393810791911,5.03889698985081,4.14695116975492,4.96298189327684,4.92674300184147,4.43524414264913
"bta-miR-34a_st",2.439166235033,2.61532458177723,2.07485324988987,2.87991864900972,1.97822923385672,3.30765936438335,2.64403371972982,2.24786128418879,2.439166235033
"bta-miR-34b_st",1.29855601689368,1.62745723604705,0.993530664891449,1.13872720580389,1.29855601689368,1.57792200879052,1.29602543705933,1.29602543705933,1.29602543705933
"bta-miR-34c_st",1.05173644540521,1.311704926478,0.693229671849167,1.04711598264514,0.73641116241625,0.618868566208295,1.11623913363101,0.813125329016109,0.681753224449285
"bta-miR-3578_st",0.938992230071316,1.07200311704127,1.03143649322647,1.18385866021076,0.98108610270827,1.54939465967587,1.10055964421233,1.10055964421233,1.10309022404668
"bta-miR-3581_st",1.10866556343929,0.950668057062392,1.0320961700162,1.03143649322647,0.950668057062392,0.836358757953178,0.896606903600258,0.893339165570145,1.07200311704127
"bta-miR-3596_st",1.01682213772714,1.64995203878674,1.04009618363239,1.09845898036735,2.53577115711782,2.05753202517742,1.69310656686537,1.07200311704127,1.24364130764273
"bta-miR-3600_st",0.940003981132347,0.950668057062392,0.950668057062392,0.898261841610495,0.950668057062392,0.950668057062392,1.19333575603582,1.07200311704127,1.26303237681261
"bta-miR-3601_st",1.20224949763015,1.07200311704127,1.07200311704127,1.07200311704127,0.646309652459441,0.946783543111293,1.23922316506451,1.07200311704127,1.07200311704127
"bta-miR-3602_st",0.847440864159337,1.15179926876229,1.09553988049305,0.913072924553037,0.798470417666911,0.823233075006931,0.792114162001427,1.05887743409502,1.18754606015005
"bta-miR-3603_st",0.836358757953178,0.836358757953178,1.2046028711016,0.728771563187156,0.63681669972163,0.534691957679342,0.836358757953178,0.869766046046606,0.809651475251233
"bta-miR-3604_st",0.977375339764336,0.977375339764336,1.0185586900062,1.25154836115159,1.09168463887355,0.863066040655122,0.86845811588643,0.797355599297379,0.977375339764336
"bta-miR-361_st",9.79322924283188,10.0639386078877,9.97219235266721,9.99057842505331,10.0141202845544,10.0219481465415,9.75210802495917,10.0229934998511,9.65343536929006
"bta-miR-362-3p_st",0.87181047575111,1.66200365292235,1.2145902736085,1.4653268349221,1.34010726099212,1.01951253833521,1.37360913189053,1.72873041701531,1.05239372449061
"bta-miR-362-5p_st",6.6905791223237,6.40249976471221,6.88007028043933,6.65382230252799,7.04999448484228,7.0654062544863,6.6905791223237,6.45660775816437,6.45743157533536
"bta-miR-363_st",0.912056995580946,0.967237974895072,1.07200311704127,0.822055647619695,0.860331620538309,0.890523808295212,1.41385565172036,1.07200311704127,1.31259535489201
"bta-miR-365-3p_st",1.08697648658187,1.08697648658187,0.925498296225151,1.16369065318173,0.937084899431927,0.96565024816957,1.46929174819586,1.07200311704127,0.869239944108582
"bta-miR-365-5p_st",1.99687398173719,1.74738716787953,1.74738716787953,1.74738716787953,1.50016347261114,1.63629247383118,1.95012428864777,1.76824109458555,1.16706056759653
"bta-miR-367_st",0.908300772393571,1.10804968841613,1.00107688421705,1.26442616437186,0.736411162416249,0.926906637941871,1.06747684972115,1.26526536176455,1.06747684972115
"bta-miR-369-3p_st",0.78953273282589,0.953630726801258,0.938643956512952,1.14870846207455,1.09970422743725,0.938643956512952,1.09464730861242,1.03034489340112,0.986511912956663
"bta-miR-369-5p_st",0.950668057062392,0.817839275370059,0.974418888190218,0.996514989558358,0.932148574479273,0.950668057062392,1.10055964421233,1.07200311704127,0.950668057062392
"bta-miR-370_st",1.54239311548911,1.21932009202605,0.893916708695839,1.29602543705933,1.16273294579847,1.29602543705933,1.29602543705933,1.62005832875343,1.50681543608624
"bta-miR-374a_st",1.5716035836092,0.759281753488241,1.07200311704127,1.26442616437186,0.964811780819581,0.836358757953178,0.977375339764336,1.07200311704127,1.07200311704127
"bta-miR-374b_st",1.58874810517423,2.44599202583388,1.86811409707108,1.91618702081426,1.40332115903987,1.46674398383582,1.52854073296985,0.964456812595288,2.22320116980787
"bta-miR-375_st",1.19511188223762,0.911508143859237,0.977375339764336,0.929678255326429,1.07105485189389,0.836358757953178,1.10055964421233,1.28973965951456,0.977375339764336
"bta-miR-376a_st",1.19361592700811,1.15695348061009,1.15695348061009,0.666705246123256,1.15695348061009,1.36626740127028,1.07552536765628,1.27642702211416,0.832186186338991
"bta-miR-376b_st",0.977375339764336,0.977375339764336,1.11020412145667,0.952905890201228,0.977375339764336,1.34561945291276,0.96926942053738,0.871898454728547,1.13630553225257
"bta-miR-376c_st",0.974650398445987,1.26030743549426,0.924715480869243,0.711941712853142,0.841149739858656,1.16174446251557,1.01706626672991,0.776304925142582,0.947943115744042
"bta-miR-376d_st",1.02120832020879,0.770485767985809,1.21625275820531,0.913072924553037,0.913072924553037,0.913072924553037,0.831644811599228,0.913072924553037,0.770485767985809
"bta-miR-377_st",1.54361519448749,1.44389399773486,1.24185509333816,0.620412019477996,1.15695348061009,1.15695348061009,0.833925084929827,1.09022671651713,0.947639559949902
"bta-miR-378_st",10.6044748147496,10.816761705474,10.819882623047,10.7386494396877,11.0660465164295,10.9103873306001,10.6375947284911,10.7386494396877,10.4379864036728
"bta-miR-379_st",1.14309413949724,0.954722326626611,1.03143649322647,1.03143649322647,1.11638685679529,1.05701634675296,1.03143649322647,1.03143649322647,0.869239944108582
"bta-miR-380-3p_st",0.977375339764336,1.17235344018285,0.950668057062392,1.12925002165351,0.950668057062392,0.950668057062392,0.950668057062392,0.763689557775599,0.864541159739599
"bta-miR-380-5p_st",0.869239944108582,0.869239944108582,0.880587942978253,1.6576158609249,0.916514577618675,1.24716355825774,0.679190838614845,1.02940124436122,0.869239944108582
"bta-miR-381_st",1.03143649322647,1.1260642705034,1.12417899097736,1.03143649322647,0.890419911415311,1.07972441039727,0.819854200447,1.35982335006545,0.950668057062392
"bta-miR-382_st",0.786879864238714,0.865873140856988,1.15706017713276,1.14870846207455,1.14860593600543,0.935061852399678,0.748974721361005,1.10488430319667,0.869239944108582
"bta-miR-383_st",1.67874432692025,1.22148559872021,1.03143649322647,1.14476563805808,0.832415933936705,1.15638074503955,0.853619230212009,1.36229764073435,1.14476563805808
"bta-miR-409_st",1.01520084504645,1.07200311704127,1.07200311704127,1.07200311704127,1.07200311704127,1.25977951968565,1.13566828136027,1.30764747612936,1.07200311704127
"bta-miR-410_st",1.19486553150922,1.05485822039189,0.977128989035931,0.977128989035931,0.977128989035931,0.836358757953178,0.933296008591476,1.60706778596507,0.869239944108582
"bta-miR-411_st",0.977375339764336,0.949312089038612,0.869239944108582,0.821542859670675,1.1816042638588,0.656856704716029,0.578093536262513,0.779029866460931,0.869239944108582
"bta-miR-412_st",1.35676576127246,0.736411162416249,1.20462100332358,1.08362537831852,1.50931884290035,1.36324534226435,1.08362537831852,0.891202330987932,0.877181393499003
"bta-miR-421_st",6.94711282517697,6.89512565135573,6.69613245741963,6.91614585161862,6.68561198406787,6.95304519082237,6.62559011551555,6.64961303694952,6.79654999062184
"bta-miR-423-3p_st",10.0268967466475,10.0053072015786,10.0268967466475,10.0473404432499,10.2581428512347,10.2191967792132,9.96616403209391,10.0268967466475,9.77671604685743
"bta-miR-423-5p_st",7.85758658016881,8.33743855377286,8.17233724675618,8.26820869167702,8.4742718238333,8.39340767552625,7.73359138240145,8.09009924335064,7.74035763363122
"bta-miR-424-star_st",7.46585250951833,8.05545578639095,8.20050540359119,8.07987081883729,7.97564371560929,7.99992871635028,7.89899200943497,7.63476587857969,7.54570877761518
"bta-miR-424_st",1.05701634675296,1.05701634675296,1.32932315223908,0.711413797044529,0.857474288521415,1.05701634675296,1.10055964421233,0.964380642878179,1.07200311704127
"bta-miR-425-3p_st",5.96560280062666,5.22017369720448,5.56618067310499,5.81939109950478,6.28276413427885,6.11364214008596,5.97072392832594,5.80222713737002,5.6029808826921
"bta-miR-425-5p_st",9.29893973937137,9.32467204367648,9.35524045618255,9.36107361758736,9.29490804006318,9.33967329642017,9.40528427723319,9.17504472202801,9.44935327248528
"bta-miR-429_st",1.23922316506451,1.29602543705933,1.45502411011272,1.26442616437186,1.57901686397812,1.26442616437186,1.02071193125759,0.996079039801582,1.41174313935663
"bta-miR-431_st",1.27265255210964,0.959039948483957,1.672339978211,0.805485729787015,0.961422810810431,1.16250899846465,1.02180627364324,1.39815335755274,1.59130264940463
"bta-miR-432_st",0.92989795954709,1.1513426974256,1.141037640044,1.40079057920553,0.889845289678238,1.39091818451899,0.921792040320134,0.985078938861216,0.869239944108582
"bta-miR-433_st",0.857891945238911,1.24264255011385,0.876573903297845,0.950668057062392,0.950668057062392,0.950668057062392,0.929814130356376,1.2145902736085,0.950668057062392
"bta-miR-448_st",0.836358757953178,0.844100188040119,0.783389628418875,1.11882052981864,0.836358757953178,0.836358757953178,0.836358757953178,0.657121688753326,0.836358757953178
"bta-miR-449a_st",0.977375339764336,0.876918634676716,0.780631379771966,1.0174182383996,1.41810443600091,0.819377833387436,0.737949720433627,1.17634843088783,1.23146431155012
"bta-miR-449b_st",0.790388149600974,0.847190421595795,1.158117594955,1.48223890152338,1.06801608499819,1.39173495817004,1.10055964421233,1.49370954958002,0.869239944108582
"bta-miR-449c_st",0.913072924553037,0.66270154665275,0.880191738397633,0.913072924553037,0.813125329016109,0.913072924553037,0.913072924553037,0.913072924553037,0.969875196547858
"bta-miR-449d_st",2.90929159775808,2.96074895867795,3.1246878831266,3.13588620714523,2.79817395808407,2.5128350624971,2.67207666391391,2.90929159775808,2.92327732106296
"bta-miR-450_st",1.13957188888222,0.700118451227866,1.64953635797491,1.03143649322647,0.898607711534137,0.795792134138378,0.977375339764336,1.56298712832341,1.07200311704127
"bta-miR-451_st",1.07861041833937,1.16546783543411,1.28131703770146,1.10042054490375,1.06604685939461,1.00289087540071,1.10866556343929,1.35250266203472,1.08858044548862
"bta-miR-452_st",5.4089462481828,5.18512103148506,5.18512103148506,5.22852026995195,4.91696542070928,5.75319221547317,5.18512103148506,4.9147175134201,5.18512103148506
"bta-miR-453_st",1.00938173778912,0.950668057062392,0.950668057062392,1.07200311704127,0.836358757953178,1.07200311704127,1.10055964421233,1.07200311704127,1.2110750734905
"bta-miR-454_st",2.9513059302868,2.83562188491099,1.97425592155056,2.79817395808407,2.79817395808407,1.91486284244629,2.98087656507188,3.48835032212794,3.93347669810129
"bta-miR-455-star_st",10.1547686332109,10.3828890190426,9.77961526519563,10.2045250812348,10.4233994995951,10.4361291589501,10.1577597729904,10.2401651110381,9.99111698508716
"bta-miR-455_st",1.25532026842115,1.19667030246647,0.994631398069774,1.28131703770146,1.534686260318,1.28131703770146,1.56900452203852,0.86565293814641,2.20178317791289
"bta-miR-483_st",1.2844838624244,0.831224536374395,1.26373250336081,1.6190015691604,2.24786128418879,1.40474908517197,1.52680261108447,1.40277194036409,1.65060084184787
"bta-miR-484_st",3.62872420282149,3.44743768289025,1.47974769820955,3.57007723690126,3.10158061419764,2.89621075471349,4.0333474639216,3.78095506074167,2.90810752032446
"bta-miR-485_st",2.19250218756341,1.76632554952466,1.70017388984424,1.66160422337553,1.36458193521922,1.35684050513228,1.72873041701531,2.0289613520085,1.72873041701531
"bta-miR-486_st",2.07751424846719,1.80654665371116,1.89808343630525,2.26243321738498,1.89808343630525,1.48551550928707,1.78405280690909,1.89808343630525,2.82128136025123
"bta-miR-487a_st",0.967493092056445,0.742155765095588,0.95492953311169,0.967493092056445,1.32650081510752,0.967493092056445,1.06409801414126,0.967493092056445,0.869239944108582
"bta-miR-487b_st",1.2145902736085,1.41950588447443,1.25061503706543,1.2145902736085,1.09310949078584,1.24017012713499,1.35237969083465,1.2145902736085,1.05239372449061
"bta-miR-488_st",0.999346099261292,0.869239944108582,0.846668873074891,0.869239944108582,0.869239944108582,1.20055798610719,0.869239944108582,0.811911052616336,0.869239944108582
"bta-miR-489_st",0.977375339764336,0.820561901909682,1.09168463887355,1.00472921052453,0.95671521281901,0.950668057062392,1.09168463887355,0.663741962238671,0.759638797291049
"bta-miR-490_st",0.857891945238912,0.796652821470088,1.34179742941007,1.02199014843094,1.05286317659711,1.38418121859571,0.641098927901838,1.05204529353087,0.935863251108152
"bta-miR-491_st",5.21780430807682,5.00014968562329,4.54815021593939,4.77374611127778,5.12427953316864,5.24485076846468,5.52853404277744,3.99237411888966,4.85387601510368
"bta-miR-493_st",0.857891945238912,1.24056673350624,0.933811699105783,1.23440014606777,0.827143288491097,0.941452587600311,0.882428556590224,0.990612159240402,0.990563047472335
"bta-miR-494_st",3.36613076031118,5.8041371512438,7.31453420492679,5.52514341219732,5.63084854522654,5.14491524409461,4.76375754994801,4.34252657851134,5.07057851302715
"bta-miR-495_st",0.977375339764336,1.2006717430963,0.836358757953178,0.977375339764336,0.977375339764336,0.836358757953178,1.23922316506451,0.84333228167223,0.823941212502348
"bta-miR-496_st",1.10866556343929,1.2006717430963,1.07200311704127,1.2006717430963,1.2006717430963,1.04309781624076,1.22530463455231,1.2145902736085,1.05808458652907
"bta-miR-497_st",1.40332115903987,1.03472729773651,1.41295881339183,1.66363151698586,1.13587875903882,1.13323054541251,0.914380164121689,1.11901314500665,1.23737671368008
"bta-miR-499_st",1.05723355964049,0.818210180609878,1.02366630982268,0.911283327254724,0.884576044552779,0.911283327254724,0.911283327254724,1.40079057920553,0.911283327254724
"bta-miR-500_st",6.56042496787561,6.42302967926043,6.68711350472489,6.73215789597669,6.87137759343924,6.95150460225802,6.70482929191661,6.81473279785351,6.5119027858579
"bta-miR-502a_st",6.87778411254359,7.006412958856,6.71443854474294,7.0884976324515,6.9508691650146,7.0168093136631,6.9508691650146,6.99772970023329,6.66680273195296
"bta-miR-502b_st",4.10789752709546,4.45741824482246,4.07645867518429,4.96557648602977,3.4480445730629,3.23191931657452,4.10789752709546,4.05458073754368,4.5705173719197
"bta-miR-504_st",0.811521287150696,1.18571557439948,1.01321462285208,0.869271200652157,1.01321462285208,1.01321462285208,1.01321462285208,0.913072924553037,1.05693288533829
"bta-miR-505_st",1.89492181580226,2.15418177205924,1.65488982729504,2.16101691612361,1.54854214030088,1.52656385148998,3.03046976534465,1.74053134480343,3.32003578941821
"bta-miR-532_st",7.70330285664696,7.88427077204802,7.45541270895919,7.67321537408197,7.74403342208585,7.75483499176799,7.55714855646493,7.87122895505821,7.51323423856345
"bta-miR-539_st",0.93495515587701,0.93495515587701,1.60761481312909,1.67468349829592,0.93495515587701,0.728669732329309,0.93495515587701,0.735413097645462,0.861391817498972
"bta-miR-541_st",1.23891194402817,1.18785962247969,0.946469014321404,1.10866556343929,1.28131703770146,1.05701634675296,1.03922966036045,1.03922966036045,0.938813587142397
"bta-miR-542-5p_st",3.32741976757099,2.32348218965719,2.78462499937519,3.12060634788475,2.70507157471577,2.91289741367899,2.48137038676727,3.32741976757099,3.03722563595778
"bta-miR-543_st",1.24479829524045,1.0492056563542,1.16756922502763,0.848074444654299,1.28485001544229,0.972491489754336,0.748974721361005,1.0492056563542,1.19780973682454
"bta-miR-544a_st",0.857891945238911,0.857891945238911,0.735887823900498,1.14035371710438,0.857891945238911,1.0785495340387,1.10891698317795,0.565436560916329,0.759638797291049
"bta-miR-544b_st",1.08036055523284,0.872573883394805,1.13705363696863,0.805485729787015,0.872573883394805,0.998090870778427,0.739853669393314,0.913072924553037,0.849340100467123
"bta-miR-545-star_st",0.895487077748266,0.697298834445852,0.893916708695839,0.913072924553037,1.15695348061009,0.988263189571746,1.27681829757386,0.950668057062392,0.950668057062392
"bta-miR-545_st",1.05701634675296,1.2006717430963,1.18962492237987,0.913072924553037,1.23659448759872,1.05701634675296,1.23922316506451,0.737209065773838,1.05701634675296
"bta-miR-551a_st",0.992855486634724,0.916141320034865,0.992855486634724,0.742974942159734,1.15695348061009,1.09280308217165,0.992855486634724,1.19556791038584,0.850217580885922
"bta-miR-551b_st",0.857891945238911,0.681230183102124,1.55676024615143,0.857891945238911,1.15695348061009,0.552873001971574,0.887420988400814,0.510011752509688,0.759638797291049
"bta-miR-562_st",0.906016147495718,1.2006717430963,0.818199262436762,0.977375339764336,1.15695348061009,0.997436331636614,0.977375339764336,0.721322273106778,1.2006717430963
"bta-miR-568_st",0.965479140004934,0.754054066271011,0.913072924553037,0.913072924553037,0.950668057062392,1.00045696114521,0.913072924553037,0.700171997930675,0.812931226253991
"bta-miR-582_st",1.34430992252738,1.07200311704127,1.09871039974321,1.03440798453192,0.675558763135889,1.5436686794915,0.870309781339883,1.07200311704127,0.92519946582825
"bta-miR-584_st",4.18899748703009,4.70468511094948,3.85360723529839,4.18899748703009,4.18899748703009,3.9651996594977,4.4265006659762,2.01367975312885,4.71655296134987
"bta-miR-592_st",1.58909093257384,1.00872202984183,0.937840274863585,1.05511224371167,1.07200311704127,1.13654035666548,1.05511224371167,1.07200311704127,0.857071838699507
"bta-miR-599_st",1.11096712535669,0.752460351800647,0.843231936528097,0.969442392450459,0.837410715369469,0.810350750372692,0.760871856658229,0.843231936528097,0.843231936528097
"bta-miR-615_st",1.76372998356844,1.44363912024178,1.15695348061009,1.31588896647745,1.30105196367455,1.89596990441553,1.44363912024178,1.12968866088043,1.21112382433125
"bta-miR-628_st",1.10574866653045,1.53032347399465,0.780472731510035,0.946239749788464,1.30630115397659,1.15695348061009,2.09963040965468,1.73545846974496,1.25786427414463
"bta-miR-631_st",1.1113098301656,0.970293248354441,1.09896693214959,1.12153800318328,0.736411162416249,1.2604329978513,1.00317443450985,1.00317443450985,1.00317443450985
"bta-miR-653_st",0.857891945238911,0.523637394400148,0.950668057062392,0.805485729787015,0.895487077748266,1.07200311704127,0.748974721361005,1.07200311704127,0.656466176092481
"bta-miR-654_st",0.977375339764336,0.876925381767978,1.07200311704127,1.16632926733448,1.11256974085607,1.07200311704127,1.14112626802713,0.847128959175459,1.07200311704127
"bta-miR-655_st",0.935158325568464,0.896606903600258,1.03143649322647,0.977375339764336,0.800713577627549,1.49533350621373,0.813277136572304,0.977375339764336,1.01497047227369
"bta-miR-656_st",1.14661058963417,1.21565851338461,1.2006717430963,1.45895480743195,1.21565851338461,1.2006717430963,1.2006717430963,1.14506904772938,1.2006717430963
"bta-miR-658_st",8.01734904292194,6.94799298690096,6.65282160093979,7.00505288178273,7.29896084039913,7.32736749336178,7.31004123321886,8.01304609410523,7.54145099845984
"bta-miR-660_st",2.2309468579105,1.29602543705933,1.08032460948148,1.42344502265388,1.38970494918888,1.15695348061009,1.35969060137833,1.89808343630525,1.2006717430963
"bta-miR-664_st",5.58972770612227,5.85477669591894,4.56224452577354,5.58972770612227,6.23284277408858,5.5457942608586,5.58972770612227,6.34251837111234,5.15300950454928
"bta-miR-665_st",1.23922316506451,1.21251588236256,0.920541389311103,1.40418761843616,1.13174744619848,1.41880130591026,1.70962012210594,1.33385094234144,1.07200311704127
"bta-miR-669_st",5.14635133399995,4.82740914238139,3.44524274166134,5.191600907921,4.89966950735341,5.0513551348358,4.15931115218876,5.43965775849132,4.34252657851134
"bta-miR-670_st",1.06998791519468,1.03143649322647,1.01228027736927,0.792413114195854,1.26708085231456,0.728669732329309,1.55050689739155,1.07200311704127,0.781604961712752
"bta-miR-671_st",6.47650634394987,6.22581168295627,6.59399981217868,6.47650634394987,6.58441697280626,6.89414369327411,6.47650634394987,6.38047416888463,6.47650634394987
"bta-miR-677_st",0.845191172026602,0.950668057062392,0.872632258277747,0.845191172026602,0.950668057062392,0.937967283850082,1.19789175233078,0.882661623304527,1.29602543705933
"bta-miR-7_st",4.83327286652125,4.83327286652125,5.06272030932091,5.15725069897152,2.62525369720656,4.64049950022194,4.86485729132711,3.78586593595465,6.14393131907304
"bta-miR-708_st",7.32034746364242,7.57106093171057,7.30995684239878,7.55437391778958,7.65362670410267,7.61014656847883,7.36771007456451,7.34712822445311,7.35351532328263
"bta-miR-744_st",8.86980908795984,9.03940223725593,8.74536942261896,9.06632680283766,9.17253006828842,9.19772950120509,8.67946329434102,9.02756247498184,8.67200459070141
"bta-miR-758_st",0.751125998830844,0.950668057062392,1.40332115903987,0.913635048554529,0.848002988160828,0.935681286774085,1.35969060137833,0.950668057062392,1.29602543705933
"bta-miR-759_st",1.1490135303658,1.2006717430963,0.950668057062392,0.913635048554529,0.950668057062392,0.930363068030696,0.869239944108582,0.950668057062392,0.950668057062392
"bta-miR-760_st",2.95130593028679,2.73134443809087,1.86945415005488,2.42389922346813,2.50599179139373,2.79370218436094,2.97168142367775,2.6027231589971,2.28673626473231
"bta-miR-761_st",0.836358757953178,0.836358757953178,0.836358757953178,0.917127194117256,0.923742794545351,0.803129592130452,0.733693689051614,1.15938715363344,0.754930644999368
"bta-miR-763_st",1.34165523458468,1.18365772820778,1.40246375807518,1.26442616437186,1.18365772820778,1.17751691846347,0.946442794363616,1.08678073887779,0.96592118573449
"bta-miR-764_st",1.050088798577,1.050088798577,1.33780233507851,1.03143649322647,1.24787731062041,1.0172076124216,1.050088798577,0.913072924553037,0.951835650629138
"bta-miR-767_st",0.847440864159337,1.01302052008997,1.1502878583972,1.14870846207455,0.847440864159337,0.913072924553037,0.626146829729316,0.738160136438409,0.863979035738108
"bta-miR-769_st",1.37040614882115,1.70563458311672,1.37040614882115,1.57788442935239,2.104864271009,1.53969013775693,2.22692374364593,1.90582426716217,2.50533926909287
"bta-miR-873_st",1.10866556343929,1.02663157857944,1.40957876426393,1.20329334071623,1.48518991244742,1.02395758337679,1.20329334071623,1.20329334071623,1.20329334071623
"bta-miR-874_st",6.2710817823751,5.77586146322138,5.70092977724219,5.77586146322138,5.88326479614484,5.6925933689254,6.13140941212241,5.74153501937543,5.55320016775216
"bta-miR-875_st",1.00358762754299,1.19094750116303,1.43835589652536,0.913072924553037,1.06380049776206,0.845590121166092,0.956391018792395,0.813377876310121,1.28782281778011
"bta-miR-876_st",0.870455504183666,0.836358757953178,0.890773131394316,0.857891945238911,0.857891945238911,0.857891945238911,0.770507908646738,1.10767043802783,0.78704608022551
"bta-miR-877_st",6.30224440562569,5.75875450257626,5.19267570611593,5.2105003595167,5.71402946514198,6.0281422807558,5.91184908184747,6.49617336099653,5.36629818700207
"bta-miR-885_st",3.68970314133015,3.4626583588017,3.4626583588017,3.4626583588017,3.4626583588017,3.16499903262391,3.4626583588017,3.77600807934116,3.65683579522961
"bta-miR-9-star_st",1.01856405348248,1.2006717430963,1.23027108765358,1.06809893962449,1.10866556343929,0.873021204351199,1.19093524789371,1.2145902736085,0.950668057062392
"bta-miR-9_st",0.895947226810527,1.23153918143555,0.869239944108582,0.950008380272661,0.805845716853718,0.869239944108582,1.02877600850286,0.677055180865982,0.895947226810527
"bta-miR-92_st",13.3036948902647,13.3102235896001,13.2366650558742,13.2425542450746,13.297524687087,13.2668585767902,13.31684391471,13.2356980778884,13.1720585016292
"bta-miR-92a_st",13.293468185848,13.3202369597959,13.2707565070294,13.2359428552561,13.2848928618694,13.2487929955353,13.2920899659585,13.2087826322743,13.1471920561858
"bta-miR-92b_st",7.65200675895492,7.34320200382857,6.99935920710187,7.34756908181872,7.34320200382857,7.34320200382857,7.69845715142958,7.23563048300181,7.14984278178774
"bta-miR-93_st",11.6344293682698,11.6681277851903,11.7079050027258,11.7484476732473,11.8407092765932,11.8695265538008,11.645356392035,11.6245227402712,11.5472791678565
"bta-miR-935_st",2.20928966427192,1.70647766162366,3.41181838238084,2.88211193920505,3.35202732051765,2.95498533339201,2.15373440580498,2.87942911397543,2.57714964524617
"bta-miR-940_st",1.64953635797491,1.70974373017929,1.64953635797491,1.7691832047871,1.43414007260639,1.69163023061187,1.30419085360353,2.35544026560037,1.76100268809858
"bta-miR-95_st",0.634665422251791,0.808917671702032,0.836358757953178,0.798763625443823,1.02957526050182,1.02957526050182,0.956061856699264,0.836358757953178,1.05835708268626
"bta-miR-96_st",1.36815254944658,1.44389399773486,1.35924726249987,1.61653931549677,1.367179831135,2.03887135726876,1.27979579454283,1.44389399773486,1.44389399773486
"bta-miR-98_st",4.35378046567132,4.26922628997569,4.10789752709546,4.07180741388015,3.26359170231499,3.62621622730127,4.56364593231287,3.15811934997304,4.07180741388015
"bta-miR-99a-star_st",0.972201244348125,0.950668057062392,0.950668057062392,1.52854073296985,0.808080900495163,0.950668057062392,0.760618951568655,0.950668057062392,0.950668057062392
"bta-miR-99a_st",5.14491524409461,5.05710420639758,4.70877270593671,5.20403187245056,3.15186604290933,4.02960891696432,5.57586370121524,4.68768279924309,5.04073472940967
"bta-miR-99b_st",10.7627744969562,11.0145724310702,11.0091870231496,10.9627989498546,11.0869726237557,11.1656348798259,10.7976728986505,10.9677800181451,10.6905354718826
"cbr-let-7_st",13.3593315313364,13.3195406166801,13.3941907322506,13.3480243022833,12.9452696515027,12.8433396363782,13.4444742482009,13.2026695484198,13.4937408859911
"cbr-lin-4_st",0.907332380833139,0.799606283744299,1.79948395020299,1.12809820433075,0.799606283744299,1.08432023797994,0.869239944108582,0.941897898733727,1.1306287841651
"cbr-lsy-6_st",0.846543946369241,1.6503371751017,1.24185509333816,0.926966512609677,0.857891945238911,0.836358757953178,1.1988127921602,0.542208926041529,0.857891945238911
"cbr-miR-1_st",0.767644712438319,0.808080900495163,1.07200311704127,0.894545059435834,1.15695348061009,1.13570138402174,1.15427280149568,1.19333817702015,1.07200311704127
"cbr-miR-124_st",1.25383800748699,1.08974001351163,1.0083048500608,1.11494301281898,0.950668057062392,1.31039760231141,1.08974001351163,1.32538437259972,1.05118859154342
"cbr-miR-1817_st",0.833925084929827,1.54936175328037,1.15695348061009,1.15695348061009,1.15695348061009,1.14196671032179,1.04292285121393,1.15695348061009,1.15695348061009
"cbr-miR-1822_st",1.11603886061651,1.0774874386483,0.874724265715614,0.827116060748015,1.0774874386483,1.0774874386483,0.977375339764336,0.784514188067963,1.10694758235685
"cbr-miR-1834_st",1.40332115903987,1.06489247850702,1.15479119787962,0.919710151231644,1.5964652187631,1.05701634675296,0.981901607084461,1.07200311704127,1.07200311704127
"cbr-miR-2214_st",0.799017865920071,1.37745355001314,0.716748181465658,1.03143649322647,1.28131703770146,0.836358757953178,1.12640695442273,0.996711323140976,0.950668057062392
"cbr-miR-2222_st",1.04566834788329,1.07200311704127,1.24185509333816,1.05701634675296,0.976247910588885,1.05701634675296,0.748974721361005,0.737209065773838,1.05701634675296
"cbr-miR-2223_st",0.977375339764336,0.961886956190154,1.00886542219278,1.03143649322647,0.972240652482988,1.05701634675296,1.29555106182447,1.03143649322647,0.781211392711645
"cbr-miR-2224_st",1.33861391246382,1.07200311704127,1.09285704374729,1.07200311704127,1.07200311704127,0.779547732718687,0.885024617754477,1.04912282094651,1.13596449652024
"cbr-miR-2225-star_st",1.15857787045935,0.99135782243611,1.33956673776432,1.1680195845729,1.2006717430963,1.406957166644,1.11924363014249,1.32014528460037,1.2006717430963
"cbr-miR-2225_st",3.42726241602389,3.75653562281419,3.19664440506207,4.31514376804552,3.81273929085359,3.4155136029118,3.01148836326655,4.17229584254407,4.61198541004482
"cbr-miR-2226-star_st",0.934923141081836,1.02502465103864,1.07200311704127,1.14870846207455,1.15695348061009,1.07200311704127,1.07200311704127,0.779547732718687,1.31794371194438
"cbr-miR-2226_st",1.26442616437186,1.51813721856909,1.04698720596425,1.26442616437186,1.28550909193305,1.06168904360362,1.26442616437186,1.07693944471256,1.12911133184581
"cbr-miR-2227_st",0.777246650633751,1.18314119479019,1.54939465967587,1.26442616437186,1.2006717430963,1.07545216916632,1.22306586199586,0.744134127167719,1.2006717430963
"cbr-miR-228_st",1.23922316506451,1.23922316506451,1.23922316506451,1.20162803255515,1.22919380003773,1.40332115903987,1.17209697142472,1.6626384045057,1.23922316506451
"cbr-miR-230_st",0.658543041296158,0.950668057062392,1.79471868525029,0.950668057062392,1.06821065327035,0.950668057062392,0.881232153983553,1.07200311704127,1.11024006303145
"cbr-miR-231_st",1.42621035522787,1.54939465967587,1.12132725325719,1.59049463750307,1.96765564624073,1.39950307252592,1.54939465967587,1.54939465967587,1.7141413926242
"cbr-miR-232_st",1.58492674715536,1.91257125707078,1.95915755502349,1.52062433194406,1.4516342558945,1.05701634675296,1.58492674715536,1.01235046598383,1.79571674618228
"cbr-miR-233_st",1.40332115903987,1.00102893703474,1.37474664910388,1.52854073296985,1.49911020619525,0.949689606297461,1.66160422337553,1.68245815008154,1.09576310693345
"cbr-miR-234_st",0.778016582800223,1.07200311704127,1.35616439244738,0.950668057062392,0.826304499971024,0.826304499971024,1.35353246417372,0.913072924553037,0.950668057062392
"cbr-miR-235_st",1.95777956517494,2.03732726117073,1.44606377064979,1.81197481508644,1.56806789198821,1.84863159629651,2.36137450005781,2.07317975272117,1.7141413926242
"cbr-miR-235b-star_st",0.939320058192721,1.23826687560565,1.15343122999508,0.805485729787015,0.876671363827168,0.971521983768407,0.786569853870359,0.822917903298066,0.950668057062392
"cbr-miR-235b_st",1.7266274749581,1.48929096839072,1.62013754100603,1.4512874094145,1.28131703770146,1.50768124581226,1.4512874094145,1.26380068975521,1.55139950829847
"cbr-miR-236_st",1.65658396208438,0.950668057062392,1.31617823834997,1.42771835803439,1.15695348061009,1.05613110567464,1.35969060137833,0.881232153983553,1.09143828814515
"cbr-miR-237-star_st",1.32292245808543,0.833125460854437,0.852414909114529,0.909839627454297,0.950668057062392,0.748948852325484,0.950668057062392,0.913072924553037,1.16477922886475
"cbr-miR-237_st",1.17469037708045,1.17469037708045,1.17469037708045,0.910101433247592,1.50533935771952,1.17469037708045,1.06230739451249,1.15005748562444,1.28560379784446
"cbr-miR-238_st",1.73504386062825,1.84534854717237,1.18655255147695,2.7319427119343,2.66896917113569,1.81468486761688,1.22616091030889,1.84534854717237,3.01677913121474
"cbr-miR-239a_st",0.913072924553037,1.14871728364113,1.07200311704127,0.913072924553037,0.701490631773567,0.861423707866709,0.857927919597869,1.20475709257867,1.59124068031804
"cbr-miR-239b_st",1.85162375201925,1.57329153075292,1.40332115903987,1.26442616437186,1.09514466792297,1.09927213753273,1.57402755113187,1.54939465967587,1.66406311548037
"cbr-miR-240_st",0.977375339764336,0.863066040655122,1.25698295703889,1.03143649322647,0.977375339764336,0.977375339764336,0.96926942053738,1.03501213276274,0.977375339764336
"cbr-miR-241_st",1.2681194769721,1.34780109327858,1.30149349677499,1.40079057920553,1.85312136337927,1.72088144253219,1.40079057920553,1.34346168771328,1.40079057920553
"cbr-miR-242_st",0.796587157437338,0.73641116241625,0.814788083682509,0.746037175408319,0.886688667394146,0.813125329016109,0.604581949520917,0.929307371438828,0.813125329016109
"cbr-miR-244_st",0.762333589751819,0.869239944108582,1.16042698038436,0.83836691594242,0.950668057062392,0.869239944108582,0.869239944108582,0.869239944108582,0.869239944108582
"cbr-miR-245_st",1.0606551181716,1.07200311704127,1.03254117267797,1.01360851312698,1.07200311704127,0.836358757953178,1.21716743966476,1.13667041857621,1.07200311704127
"cbr-miR-246_st",1.43998381465456,1.40332136825654,1.2159614946365,1.78500062556759,1.48715325451878,1.64720192431359,1.23922316506451,1.40332136825654,1.13843033793921
"cbr-miR-248_st",1.10866556343929,1.16856048910737,1.08713237615356,1.08713237615356,1.08713237615356,0.885413171416651,1.03898355829134,1.08713237615356,1.01041241549143
"cbr-miR-249_st",0.86469242365831,0.696707163746077,0.976175681712046,1.26442616437186,1.00905686786745,0.894747568758236,0.607821473934516,0.818042223724956,0.894747568758236
"cbr-miR-250_st",0.857891945238911,0.791737864574159,1.49060616548668,0.913072924553037,0.783123330168069,0.913072924553037,0.976827138874604,0.913072924553037,1.07037115580848
"cbr-miR-251_st",0.657568058785211,1.06747684972115,0.975022278805349,0.944149250639186,0.977375339764336,0.977375339764336,1.23922316506451,0.913072924553037,1.18013851269702
"cbr-miR-252_st",0.994634934043128,0.967730862520002,0.994211354521763,0.953242669227559,1.07200311704127,1.65316580344952,1.14410294167171,1.4443338766649,1.10055964421233
"cbr-miR-253_st",1.10866556343929,0.73641116241625,0.997734334605587,1.03061552076099,0.989780385032789,1.27449607681805,1.10586973026134,1.07200311704127,1.23337869369368
"cbr-miR-254_st",0.946130362082152,0.919423079380208,0.916875081511721,0.919423079380208,0.888304166374703,0.927668097915749,0.615064674777257,1.1550674384683,0.759638797291049
"cbr-miR-255_st",0.862942167822127,0.65037972076505,0.886024079853143,1.15011686526264,0.651359875042656,0.836358757953178,0.674587509917455,1.10028097449928,0.764689019874264
"cbr-miR-259_st",0.913072924553037,0.913072924553037,1.18537973003915,0.934970477411665,0.745852876529801,0.640766119066923,0.781782700878082,0.913072924553037,1.07200311704127
"cbr-miR-268_st",1.23922316506451,1.71569169367028,0.531570690019285,1.06018245896946,0.918107348394862,1.06903162573582,0.867338290034437,1.1260642705034,0.950668057062392
"cbr-miR-34_st",0.881232153983553,1.2006717430963,0.950668057062392,1.08818784159302,0.950668057062392,0.950668057062392,0.760618951568655,1.2145902736085,0.994647314892309
"cbr-miR-35_st",0.896606903600258,0.950668057062392,0.988263189571746,0.913072924553037,0.950668057062392,1.15695348061009,0.863284020470219,0.950668057062392,1.27126277971931
"cbr-miR-353_st",1.10673689712484,1.27476628997396,1.28973965951456,1.02430603260336,1.40332115903987,0.942780904131667,0.957972487645106,1.07200311704127,1.08335111591094
"cbr-miR-354_st",1.2940508522655,1.16394469711279,1.27615840102448,1.15739795321076,1.30471492819554,1.54939465967587,1.79516558546529,1.31190658243452,1.30471492819554
"cbr-miR-355_st",1.16938644706131,0.930363068030696,1.17906867546572,1.14870846207455,0.66044287124132,0.930363068030696,0.987701065570255,0.89506536169547,0.825633337966006
"cbr-miR-356_st",0.984619080449097,1.07200311704127,1.18631241615048,1.40079057920553,1.07200311704127,0.865717693493569,1.66490514780352,1.68575907450954,0.81863389442473
"cbr-miR-357_st",1.23922316506451,1.25859014510315,1.46733394399433,1.18543737226313,1.24388174574528,1.23614031565834,1.66761268941909,1.16380960081525,1.56838988476942
"cbr-miR-358_st",0.901724925683366,0.687735597592181,1.29527083737386,0.913072924553037,0.880191738397633,0.854708035145086,0.772347955275219,1.19804141985705,0.913072924553037
"cbr-miR-359_st",0.838735729381713,1.1815155272391,0.893916708695839,0.856321576186484,0.823627598764837,0.908171632460551,0.980043606018631,1.06833293271319,0.893916708695839
"cbr-miR-35b_st",1.10866556343929,1.00390042129309,1.10866556343929,1.10866556343929,1.31142873637198,1.1255564367689,1.1472169854075,1.10866556343929,0.8160524996578
"cbr-miR-35c_st",0.646726359125268,0.950668057062392,0.921373876869159,1.19789175233078,1.12230624766385,0.950668057062392,1.10055964421233,0.741354136402201,1.17469037708045
"cbr-miR-35d-star_st",0.857891945238911,1.2006717430963,0.724356846644729,1.0595852809403,1.0595852809403,1.39023426157937,0.978157167986489,1.1650859428813,1.77298033935828
"cbr-miR-35d_st",0.857891945238911,0.950668057062392,1.1900936763931,0.97461743669973,0.815441359372156,0.618868566208295,0.646309652459441,1.04874929854994,0.950668057062392
"cbr-miR-35e_st",0.805239844947674,1.58827830104123,0.950668057062392,1.11310309486847,1.07200311704127,1.07200311704127,0.940712893366315,1.07200311704127,1.15676134673586
"cbr-miR-36_st",1.06497735617161,1.0264259342034,1.87273789833422,1.12873177744716,0.950668057062392,1.06497735617161,1.48485252570216,0.9309342980795,1.12425347659433
"cbr-miR-360_st",0.952519722515845,1.16400929669828,1.07200311704127,1.07200311704127,1.07200311704127,1.24352426023955,1.10055964421233,1.17792782721048,0.918568989779282
"cbr-miR-38_st",1.24248185179229,1.02738801772452,0.865717693493569,0.919068784374921,0.950668057062392,0.950668057062392,0.950668057062392,1.20403727967893,0.853877083809555
"cbr-miR-39_st",0.857891945238911,0.836358757953178,1.28131703770146,0.804937528897283,0.986782540316537,0.869239944108582,0.896681030359728,0.906710395386507,0.759638797291049
"cbr-miR-392_st",1.40332115903987,1.13684153257404,0.981068495157379,1.09356286664828,1.32719906774713,1.12443589481444,1.12443589481444,0.65633901748622,1.2006717430963
"cbr-miR-40_st",0.830402834314814,1.01713718774106,0.950668057062392,0.902970972624484,0.950668057062392,0.679575177957102,1.37054322659295,0.82522015259539,0.950668057062392
"cbr-miR-41_st",0.950668057062392,0.913197605784467,0.906835076617937,1.52854073296985,0.940638692035612,0.895948160972825,1.14465376840785,0.950668057062392,0.82064348702683
"cbr-miR-41b_st",0.780399327079548,0.935953220647797,0.73641116241625,0.935953220647797,1.25898161632806,1.37998431396408,1.20015410690695,0.75593348018084,0.763605379613884
"cbr-miR-42_st",0.977375339764336,1.04434443098067,1.50532803565801,0.905157963527172,0.90527247453143,1.01274515829319,1.09264468318647,1.2977136535972,0.993354089123312
"cbr-miR-43_st",0.919111258743077,1.07200311704127,0.977375339764336,1.14870846207455,1.14870846207455,1.14870846207455,1.23702115469716,1.14870846207455,1.27071258341296
"cbr-miR-44_st",0.977375339764336,0.934756635719655,1.18668926042453,0.818445147276104,0.847738589897725,0.977375339764336,0.977375339764336,1.07200311704127,0.977375339764336
"cbr-miR-45_st",0.977375339764336,0.759885148019454,1.0185586900062,1.54180716101668,0.977375339764336,1.30869338176294,0.966711263834292,0.977375339764336,0.977375339764336
"cbr-miR-46_st",0.857891945238911,0.73641116241625,1.29400241058492,0.950668057062392,0.950668057062392,0.766264864838663,0.950668057062392,1.05825525182841,0.950668057062392
"cbr-miR-47_st",1.30197109708111,1.07200311704127,1.0006896637551,1.04735840011579,1.17003065817508,1.28131703770146,1.03310796095954,1.62738035505654,1.30197109708111
"cbr-miR-48_st",1.23922316506451,1.23922316506451,1.64953635797491,1.21607295600546,1.23922316506451,1.21532629398745,1.15044089561176,1.12580800415575,1.36789179111954
"cbr-miR-49_st",0.919439524812348,1.1626998455301,1.1189815830439,1.36702844785149,1.07200311704127,1.1189815830439,1.1189815830439,1.34008073901568,1.40759507166629
"cbr-miR-50_st",0.97922700521779,1.57329153075292,0.640815484360025,1.06947253720692,0.963740554429269,1.07200311704127,1.10055964421233,0.785077022217549,1.07200311704127
"cbr-miR-51_st",1.82206062185727,1.83530246784518,1.82206062185727,1.82206062185727,1.82206062185727,2.29945216449187,2.23736829318549,1.82206062185727,1.66406311548037
"cbr-miR-52_st",0.979996937384261,0.854512925296388,1.4976965816231,0.942963928876398,1.07200311704127,1.15695348061009,1.1816042638588,1.38436743679149,1.07200311704127
"cbr-miR-54a-star_st",1.2402949261804,1.07307487815717,0.990575004087461,0.74069445961247,0.990575004087461,0.990575004087461,1.00313856303222,0.990575004087461,0.869239944108582
"cbr-miR-54a_st",0.950668057062392,0.912116635094186,0.950668057062392,0.950668057062392,0.938104498117637,0.950668057062392,0.950668057062392,1.05825525182841,0.950668057062392
"cbr-miR-54b_st",1.36873669157537,0.989856341178856,1.18788299090655,1.2145902736085,1.28131703770146,1.05701634675296,1.11996249633156,1.2145902736085,1.42248756698845
"cbr-miR-54c_st",1.64772839767724,1.72873041701531,1.12394330463193,1.64772839767724,1.89760894215223,1.31225126148579,1.6473023040615,1.64772839767724,1.90279406390207
"cbr-miR-54d_st",1.26759575592752,0.743215654877015,1.13630553225257,1.07200311704127,0.707854635245185,1.68268715093672,1.36357025373323,0.937960058949164,1.07200311704127
"cbr-miR-55_st",1.29971725969065,0.983270573504746,1.25557737899086,0.983270573504746,0.983270573504746,1.17104697614913,0.869239944108582,0.983270573504746,0.759638797291049
"cbr-miR-56-star_st",1.36250218053137,1.35008659052146,1.31820004857002,1.03143649322647,0.917127194117256,0.754750838622618,0.957104712988392,0.967134078015171,1.17033148789449
"cbr-miR-56_st",1.17173351326679,0.752932024675801,0.956728902983325,0.805485729787015,1.04401771251226,1.04148713267792,1.33080470058326,1.04148713267792,1.07908226518727
"cbr-miR-57_st",1.1472169854075,1.03419082713535,1.23922316506451,1.3238699002995,1.1955049025783,1.23922316506451,1.23922316506451,1.63166434413028,1.23922316506451
"cbr-miR-58_st",0.977375339764336,1.16473521338437,0.646057297765732,1.03143649322647,0.977375339764336,0.977375339764336,0.997680328796032,0.977375339764336,1.29602543705933
"cbr-miR-60_st",1.15228812787896,1.28095675393399,1.19438200051592,1.48107559004322,0.86373301987685,0.618868566208295,1.15228812787896,1.12765523642296,1.28095675393399
"cbr-miR-61_st",1.63631704506545,1.44389399773486,1.63631704506545,1.89713068923545,1.74400607068932,1.63631704506545,1.55395696519558,1.63631704506545,1.27170883286006
"cbr-miR-62_st",1.01794196357914,1.07200311704127,0.950668057062392,1.07200311704127,1.15343122999508,1.28131703770146,1.07200311704127,1.2551568974233,1.07200311704127
"cbr-miR-64_st",1.04360207547065,0.836358757953178,0.96918753964551,0.872552139168539,0.746257247996369,0.936306353490106,0.936306353490106,0.723405426867744,0.96918753964551
"cbr-miR-64b_st",6.14519722805071,5.22852026995195,5.19614118815519,4.45212280874299,5.2788371008015,5.78842251708952,6.41760224780264,6.36829745178156,5.21657213710286
"cbr-miR-65-star_st",1.0800404086659,1.0800404086659,1.0800404086659,1.23580100959846,1.20204453000431,0.841017029635284,0.977375339764336,1.11009555376583,1.1206070324807
"cbr-miR-65_st",1.23922316506451,2.1191936839816,1.18086514017072,0.930984595695734,1.18086514017072,1.18086514017072,1.48145307084358,0.802941526021563,0.793912727807868
"cbr-miR-67_st",1.07200311704127,1.05943955809652,1.07200311704127,1.02856652993035,1.38003428075343,1.18901675985757,0.870309781339883,1.2145902736085,0.951861184897071
"cbr-miR-70_st",1.15643952705383,1.09635491779989,1.36111035972419,1.11788810508563,0.950668057062392,1.11788810508563,1.01777600620166,1.42805959969699,1.11788810508563
"cbr-miR-71_st",1.06747684972115,0.873953890462532,1.03131335166755,0.950668057062392,0.73641116241625,1.15331747300597,1.10055964421233,0.669066813225552,0.959341454065391
"cbr-miR-72_st",2.01033166085215,2.17614379632915,1.35683953632172,1.72873041701531,1.72873041701531,1.01350615160975,2.18402846402883,1.72873041701531,1.5751219914085
"cbr-miR-73_st",1.24676243018555,1.47635297198998,1.27422544945817,1.14870846207455,0.972046699937763,0.639751928373281,1.47485870258602,1.2145902736085,1.1048754816301
"cbr-miR-73b_st",1.71303044124279,0.839994765557305,0.910585802180311,0.742285003159213,0.866702048259249,1.15695348061009,1.34659013368466,0.899576183917635,0.954304064666519
"cbr-miR-74_st",1.72426803920514,1.87125970440291,1.68268715093672,1.20164871165914,0.821361525985072,1.14224508125223,1.37469002308338,0.774000968103803,1.08943914795948
"cbr-miR-74b-star_st",1.71061510064016,1.13542029332436,0.909729785341702,1.14870846207455,1.15695348061009,1.58289929988563,1.15695348061009,1.09265106539879,1.13024619790815
"cbr-miR-74b_st",1.09809879356851,1.19087490539199,1.46631811384196,1.09809879356851,1.21943385354738,1.09809879356851,0.794157095631382,1.20402350373771,0.869239944108582
"cbr-miR-75_st",2.15784177881531,1.9904579104942,1.36783443680367,1.79378025607921,1.82048753878116,1.24442722808856,2.22472585329896,1.30206402108696,1.59573985106705
"cbr-miR-76_st",0.549432663129457,0.713686499893885,1.15904179256092,1.08019585654861,0.836358757953178,0.618868566208295,0.869239944108582,0.836358757953178,1.07200311704127
"cbr-miR-77_st",0.881232153983553,0.950668057062392,1.24185509333816,1.01527521207566,0.950668057062392,0.950668057062392,1.31481653885848,0.881232153983553,0.854524871281608
"cbr-miR-784_st",0.836358757953178,0.836358757953178,0.984962838423519,0.836358757953178,0.836358757953178,0.836358757953178,1.22497668931237,0.779029866460931,0.836358757953178
"cbr-miR-785_st",0.913072924553037,0.913072924553037,0.932931160592035,0.913072924553037,0.791592141730375,0.913072924553037,1.03255631907846,0.886617061226953,1.07200311704127
"cbr-miR-786_st",1.41055628737472,1.14870846207455,1.33787916635969,1.14870846207455,1.07200311704127,1.33787916635969,1.09464730861242,1.18927508588935,1.06794002591047
"cbr-miR-787_st",0.733634412675672,0.744382633514691,1.2145902736085,1.05814074082416,0.950668057062392,0.950668057062392,1.09168463887355,0.763689557775599,0.958639528160833
"cbr-miR-788_st",0.913072924553037,0.880191738397633,0.836358757953178,1.07526947367093,0.994501037506847,0.886365641851092,0.977375339764336,0.714727451249632,0.913072924553037
"cbr-miR-789_st",1.87772308522524,1.14870846207455,1.82048753878116,1.07147939186173,0.836358757953178,1.08769869238594,1.14060254284759,1.14870846207455,1.30470053682296
"cbr-miR-79_st",0.913072924553037,1.44389399773486,1.29703607265229,0.674049545522421,1.04531284540012,0.838270879146842,0.902408848622993,0.853257649435149,0.869239944108582
"cbr-miR-790_st",0.754445048115195,1.07492382745468,0.977375339764336,0.913621125442769,0.847221159938675,0.836358757953178,0.977375339764336,0.797355599297379,1.01025652591974
"cbr-miR-791_st",0.950668057062392,0.950668057062392,1.07200311704127,0.866257420463105,1.23848829008657,0.836358757953178,1.0420579034194,0.869666037724322,0.950668057062392
"cbr-miR-792_st",1.09923778452294,1.2006717430963,0.950668057062392,0.77877844708507,0.971521983768407,1.25460975499952,1.09576838483222,0.950668057062392,0.950668057062392
"cbr-miR-80_st",0.848002988160828,0.950668057062392,0.848002988160828,0.60559342316257,0.950668057062392,0.950668057062392,0.994211354521763,1.10610694332478,0.873948096400263
"cbr-miR-81_st",0.958288642021195,0.94572508307644,1.28131703770146,0.664084283676453,1.00204212095182,0.943301871732888,0.914658084359648,1.07200311704127,0.968952717951239
"cbr-miR-82_st",1.10866556343929,0.994356264330078,1.10866556343929,1.16272671690143,1.10866556343929,1.10866556343929,0.777599876134396,1.10866556343929,1.10866556343929
"cbr-miR-83_st",1.55859403777824,0.913072924553037,0.893916708695839,0.913072924553037,0.836358757953178,0.913072924553037,1.10055964421233,0.913072924553037,0.913072924553037
"cbr-miR-84_st",0.989219479030597,0.668819721675525,0.721173760082534,0.950668057062392,0.950668057062392,1.35864681631148,0.950668057062392,0.878337342219303,0.950668057062392
"cbr-miR-85_st",1.08177497946991,1.16321014292074,1.04120835565511,1.04120835565511,1.41309302146852,0.84613062038182,0.549432663129457,1.20124852097398,1.24347504402555
"cbr-miR-86_st",1.04090386220287,1.16223892218175,0.759638797291049,0.802177517993619,1.04090386220287,1.18697736283886,1.04090386220287,1.39760219057246,0.932768466547115
"cbr-miR-87_st",1.88321785709185,1.3804058544436,1.53694931172008,1.80396011322662,1.68268715093672,1.15695348061009,1.01408693401013,1.24449392739749,1.53694931172008
"cbr-miR-90_st",2.12834496507242,1.85603815958631,2.23426967524163,2.15682069745612,3.51861279359312,1.74834913396244,2.23426967524163,2.60330949087861,3.20563695702552
"cbr-miR-90b-star_st",0.769318894764833,0.950668057062392,1.03131335166755,1.14870846207455,0.950668057062392,1.02010396014123,1.47399990048754,0.881232153983553,0.950668057062392
"cbr-miR-90b_st",1.17929883902182,0.816610644980487,0.857746222395128,1.40079057920553,0.807802230782113,1.07200311704127,1.07200311704127,1.07200311704127,1.07200311704127
"ccl-miR167a_st",0.971956877759291,0.989448463914463,1.47912358438276,1.1944350701898,1.00201202285922,0.787729259177555,1.16923207088245,1.00201202285922,0.662847824038212
"ccl-miR167b_st",0.959754647098537,0.950668057062392,1.06497735617161,0.923301097570716,0.602476672014986,0.836358757953178,0.766922854874339,0.792534599075301,0.825406963664127
"ccl-miR168_st",2.90108010416122,2.12351809250375,1.31007088567561,2.09869871224409,2.12351809250375,2.12351809250375,2.10243516494256,2.35999730543347,1.91599235433194
"ccl-miR171_st",1.07200311704127,0.897765703786145,1.13872988113423,1.07200311704127,1.07200311704127,1.31591498178677,0.648587877600081,1.1271840963554,0.967237974895072
"ccl-miR396_st",0.857891945238911,0.950668057062392,0.886724118636957,1.26442616437186,1.11476605103776,1.05701634675296,1.10968691534442,0.783448009039156,0.777157123147426
"cel-let-7-star_st",0.966904375116356,1.09557300117139,0.966904375116356,1.29569183728061,0.940197092414411,1.15695348061009,0.870027385786372,0.966904375116356,0.749167832643068
"cel-let-7_st",13.3768746769202,13.3481175577731,13.3839656739516,13.3928809886101,12.9506513111212,12.8634662407835,13.4496178940752,13.2403528414878,13.503134480874
"cel-lin-4-star_st",1.89777551578012,1.26445942957018,1.64953635797491,1.15190392954029,1.54939465967587,1.27742091692391,1.35969060137833,1.10250812880928,1.7868333192043
"cel-lin-4_st",1.1926082540396,0.895947226810527,0.609021131986806,0.976715662974606,0.88123882745266,1.01025652591974,1.18450233481264,0.895947226810527,0.869239944108582
"cel-lsy-6_st",0.767644712438319,1.07200311704127,1.89592115357478,0.914704885785829,1.07200311704127,0.836358757953178,1.23922316506451,0.791755117245915,1.2006717430963
"cel-miR-1_st",0.920864331338326,1.29602543705933,0.836358757953178,0.935964032871199,0.944494153608932,0.977375339764336,0.977375339764336,0.797355599297379,1.05280318242077
"cel-miR-1018_st",1.06202207499933,1.03531479229738,1.52854073296985,1.01842391896778,1.00860750959544,0.786609184862354,0.953886679343573,1.03531479229738,0.954669497692222
"cel-miR-1019-star_st",1.08272643638296,1.252696808096,0.836358757953178,0.845324559249703,0.962867155457657,0.960722315044546,0.975430714402412,1.08019585654861,1.22179839283219
"cel-miR-1019_st",0.950668057062392,0.950668057062392,1.10866556343929,0.950668057062392,0.950668057062392,1.06497735617161,0.869239944108582,0.913072924553037,1.00741940542894
"cel-miR-1020_st",0.857891945238911,0.755713463348018,0.73641116241625,0.798763625443823,0.836358757953178,0.836358757953178,0.869239944108582,1.2145902736085,0.836358757953178
"cel-miR-1021_st",0.919936370793529,1.05701634675296,1.05701634675296,1.42233518040864,1.11376769511952,1.05701634675296,0.631322882171134,1.05701634675296,1.05701634675296
"cel-miR-1022_st",1.23000062341817,1.07200311704127,1.13737512814627,0.740203626187174,1.5208381325048,0.998458267325533,0.977375339764336,1.07200311704127,1.19333817702015
"cel-miR-124-star_st",1.05196791922106,0.913072924553037,0.674880567596458,0.913072924553037,0.73641116241625,0.913072924553037,0.913072924553037,0.955691628597719,0.722043664781694
"cel-miR-124_st",1.04259792102964,1.33796507513641,1.23969053031431,1.06780092033699,1.17538811510301,0.797007148229318,1.23922316506451,1.17538811510301,0.776454026693582
"cel-miR-1817_st",0.913072924553037,1.00045696114521,0.913072924553037,0.875477792043683,1.00045696114521,0.913072924553037,0.939780207254982,0.913072924553037,0.924420923422708
"cel-miR-1818_st",0.774612166831649,0.858185380829388,1.00856913212107,0.919348658864344,0.980857638888681,0.842532661406638,0.705141950133214,1.2145902736085,0.869239944108582
"cel-miR-1819_st",1.02953013584037,0.974564928139443,0.950668057062392,1.03143649322647,0.950668057062392,1.26083955167375,0.950668057062392,0.926035165606384,0.950668057062392
"cel-miR-1820_st",1.03143649322647,1.03143649322647,1.03143649322647,1.03143649322647,1.03143649322647,0.938363346581624,1.04400005217123,1.23256770492637,0.957873154848433
"cel-miR-1821_st",0.977375339764336,1.71263742949167,1.22576210581453,1.22576210581453,1.51347564231604,1.22576210581453,1.18192912537007,1.48968432236064,0.84853254044616
"cel-miR-1822-star_st",1.10982563204645,1.44389399773486,0.847977806746279,1.07223049953709,1.11624948781944,1.15695348061009,0.870400012715739,1.08519274059044,0.760798865898206
"cel-miR-1822_st",0.950668057062392,0.836358757953178,0.987330503460413,0.950668057062392,1.07618504444601,0.715023697974299,1.34784611606606,1.2145902736085,0.788471507944504
"cel-miR-1823_st",1.68142692640867,1.57329153075292,1.38987362194368,1.53569639824356,1.54041034459751,1.64406856567171,1.83943450021929,1.57329153075292,1.57329153075292
"cel-miR-1824_st",1.10064690441451,1.05351415649216,1.15695348061009,0.818290002543713,1.15695348061009,1.05701634675296,1.05701634675296,0.913072924553037,0.924845530437128
"cel-miR-1828_st",1.44389399773486,1.64760458633866,1.44389399773486,1.44389399773486,1.34015352052177,1.06566248207954,1.52854073296985,1.44389399773486,1.63262488316624
"cel-miR-1829a-star_st",0.87098644075591,1.13580043409672,0.893916708695839,1.03143649322647,0.950668057062392,0.950668057062392,0.748974721361005,0.693934149995574,1.17469037708045
"cel-miR-1829a_st",0.857891945238911,1.17906867546572,1.4702557117415,0.940342331256473,0.763118445118194,0.895105655309923,0.977375339764336,1.00743048486426,0.977375339764336
"cel-miR-1829b_st",1.2145902736085,1.09310949078584,0.92858496820263,1.2145902736085,1.2145902736085,1.2145902736085,1.52366246309966,1.2145902736085,1.29602543705933
"cel-miR-1829c_st",1.10866556343929,1.07200311704127,0.990575004087461,1.06375809850573,1.07200311704127,1.19190429632248,1.00861309355056,1.07200311704127,1.07200311704127
"cel-miR-1830_st",0.880498350434352,1.07534162429692,1.20030563141348,0.993913511343108,1.15801150531848,0.807296347764388,0.977375339764336,1.26043089859736,0.993913511343108
"cel-miR-1832_st",6.66506942742141,5.97839868302722,5.58305519130483,6.22116656456082,6.54691042111919,5.9889158343788,6.22569177497776,7.13029859103722,6.73158943225475
"cel-miR-1832b-star_st",1.40079057920553,1.60022501219074,1.13894275390536,1.03143649322647,2.17612005675388,1.62144816800531,1.20059742351579,1.61490175100788,1.25361120970986
"cel-miR-1832b_st",1.28131703770146,1.16700773859225,1.28131703770146,1.54055364930979,1.28131703770146,1.24843585154606,1.45711752065776,1.1096788471,1.32616259136859
"cel-miR-1833_st",0.901935295492237,1.20254900278202,1.15569660142245,0.84952908004034,1.24231846355211,1.1280091644429,0.808429102213142,0.779029866460931,0.94023276179852
"cel-miR-1834_st",0.869239944108582,1.17549876440847,0.803607883714882,0.869239944108582,0.803607883714882,1.05701634675296,0.869239944108582,0.887899945865209,0.869239944108582
"cel-miR-2_st",0.549432663129457,1.03182161150478,0.980925415728561,0.899497302774752,0.917069183268769,0.822681305317046,1.35969060137833,0.966804532713948,0.81337040545196
"cel-miR-2207-star_st",1.23922316506451,0.993966041948545,1.07823620989407,1.03143649322647,0.839013445895884,1.03143649322647,0.965804432832769,1.03143649322647,1.06431767938187
"cel-miR-2207_st",0.818445147276104,0.913072924553037,1.03061552076099,0.951599674835911,1.28131703770146,0.950668057062392,0.854293067093061,1.14871728364113,0.870831238671833
"cel-miR-2208a-star_st",1.13727751584144,0.896313338493349,0.896313338493349,1.32429442725087,0.646309652459441,0.952707174891107,0.642596070674896,0.767644712438319,0.896313338493349
"cel-miR-2208a_st",1.39362219391595,1.09626010884289,1.42805959969699,1.38749297588219,1.68268715093672,1.58006541538688,1.80922743810386,1.54939465967587,1.42805959969699
"cel-miR-2208b-3p_st",0.869239944108582,0.869239944108582,1.14860593600543,0.728469713025829,0.909806567923382,0.67416220883529,0.977375339764336,0.869239944108582,0.869239944108582
"cel-miR-2208b-5p_st",1.23922316506451,1.21251588236256,1.45937414460525,0.721976175090249,1.41880130591026,1.54732026842993,1.79038855827002,1.04174155060807,1.2006717430963
"cel-miR-2209a-star_st",1.14437524591701,1.83959773876983,1.07309514541019,1.54441220310952,1.26314425090392,1.29602543705933,1.17576021431175,1.29602543705933,1.29602543705933
"cel-miR-2209a_st",1.04404863578632,1.07385236151039,0.813633549388614,1.04859636319059,1.1314326723785,1.10055964421233,1.10055964421233,1.19518742148927,1.21486894332155
"cel-miR-2209b-star_st",1.104765336978,1.2006717430963,1.40998566375649,1.2006717430963,1.40332115903987,0.956834644500868,0.896313338493349,1.17603885164029,1.39015983828894
"cel-miR-2209b_st",0.896301835309012,0.896301835309012,0.834771240489221,1.14870846207455,1.19095743090959,0.845941701177389,0.779742132943027,0.896301835309012,0.896301835309012
"cel-miR-2209c-star_st",0.977375339764336,0.871898454728547,1.10282324423134,1.05814377592841,0.798138270564485,0.977375339764336,0.977375339764336,0.977375339764336,0.933542359319881
"cel-miR-2209c_st",0.977375339764336,1.09168463887355,0.846817738139122,1.00257833907169,1.17906867546572,1.15695348061009,0.86845811588643,0.913072924553037,0.633622230669031
"cel-miR-2210-star_st",0.976827138874604,0.846720983721895,0.950668057062392,0.913072924553037,1.28699863348597,1.24490476084901,1.34681035983053,0.976827138874604,0.962908608362406
"cel-miR-2210_st",0.970774855265211,0.969422248358852,0.943333769014066,1.66160422337553,0.846456779684082,1.15264768967426,0.882038211766679,0.905738636504711,0.873650996881716
"cel-miR-2211-star_st",0.977375339764336,1.00769188026339,1.14870846207455,1.14870846207455,1.43642199857606,1.12200117937261,1.66160422337553,1.29129561864178,1.14870846207455
"cel-miR-2211_st",0.950668057062392,0.857594910417545,0.950668057062392,0.950668057062392,0.809129288750647,1.2383815935639,1.69281128137727,1.18631241615048,0.678592011849176
"cel-miR-2212-star_st",0.977375339764337,1.17152393352331,1.17665375790278,1.08350712663917,0.609920696227605,1.2658445283088,0.977375339764337,1.02196397225175,0.707436456525622
"cel-miR-2212_st",0.872260415898896,0.950668057062392,1.04448980487791,1.03143649322647,1.24648096518749,0.795792134138378,1.52854073296985,0.946486129657648,1.37679387322341
"cel-miR-2213-star_st",1.03143649322647,1.03143649322647,1.41539964132572,1.03143649322647,0.836358757953178,1.07353036586342,1.26395178913699,1.03143649322647,1.03143649322647
"cel-miR-2213_st",0.748974721361005,0.869239944108582,0.895947226810527,0.938314511479348,0.869239944108582,1.05701634675296,0.787811831154773,0.65633901748622,0.593490925617195
"cel-miR-2214-star_st",1.27047389078547,1.12679391036145,1.7321843095942,1.36237846545344,1.15695348061009,1.03588613807211,1.65089853072568,1.14686912194895,1.25016890175378
"cel-miR-2214_st",1.63963477891041,1.57329153075292,1.68268715093672,1.54536971556216,1.50125545001844,1.37992039003956,1.56432358226329,1.56432358226329,1.56432358226329
"cel-miR-2215-star_st",1.01557210340319,1.05614494209818,1.05614494209818,1.38493240426244,1.26545886275837,0.950668057062392,1.05614494209818,1.19873209866541,0.934809882119303
"cel-miR-2215_st",0.913072924553037,0.913072924553037,0.913072924553037,0.805485729787015,1.01301005841017,0.913072924553037,1.17727381081219,0.913072924553037,0.631807859641217
"cel-miR-2216-star_st",1.33607105643116,1.729626552533,1.2145902736085,1.06940794633312,2.03813750691604,1.10028097449928,1.13853109731899,1.2145902736085,1.29602543705933
"cel-miR-2216_st",1.84863159629651,2.52104049555949,2.32824541894601,2.21308812251007,1.60958532240635,1.51408360986727,1.84863159629651,1.86227753634637,1.76368123272769
"cel-miR-2217-star_st",1.58139948557617,1.2006717430963,1.57890325875162,1.57890325875162,1.10072414755937,1.33167956348323,2.02591720851865,1.94825734473068,1.49813482258754
"cel-miR-2217_st",1.05189489565328,1.07200311704127,1.15277155320535,0.987592480441984,1.07200311704127,0.910878313842124,0.869239944108582,1.10511893325887,1.82236007873085
"cel-miR-2218a-star_st",0.950668057062392,0.950668057062392,1.6004310928481,0.686079113229535,0.950668057062392,0.950668057062392,1.0353760371249,1.13000381440183,0.950668057062392
"cel-miR-2218a_st",0.977375339764336,0.955842152478603,0.827483752614393,0.789888620105039,1.35926394495336,1.27643687513552,0.977375339764336,1.0914059691605,0.879122191816474
"cel-miR-2218b-star_st",0.922465257842265,1.01524136966575,1.08504221787567,0.905737238366098,0.8594296418625,1.04463223303412,0.750183344797848,1.2145902736085,0.824212109894402
"cel-miR-2218b_st",0.977375339764336,0.73641116241625,1.33732977093979,0.913072924553037,0.875074683268421,0.906688799232475,1.23922316506451,1.20089315757722,0.950668057062392
"cel-miR-2219-star_st",1.77866055637608,1.11175055975245,1.35894656778069,0.805485729787015,1.11175055975245,1.22114617993626,1.02164904979564,1.2145902736085,1.07200311704127
"cel-miR-2219_st",1.84863159629651,3.48067202653973,1.79810883452832,1.79557825469397,2.52472440781225,2.12351809250375,1.38186974042466,2.74536973435725,2.12351809250375
"cel-miR-2220-star_st",0.79936777367465,1.2006717430963,1.2145902736085,0.970700895984865,0.978945914520406,0.663262895323024,0.922552078122649,0.978945914520406,0.978945914520406
"cel-miR-2220_st",1.06300123257868,1.38841049055412,0.940997111240269,1.01937067491714,0.752607402823539,1.13840680452021,1.01937067491714,1.10081167201085,0.759638797291049
"cel-miR-2221_st",1.10866556343929,1.26062223220847,0.763308183442356,1.16272671690143,1.37493153131769,0.963690917020293,1.47424434975549,1.20329334071623,1.00089035458239
"cel-miR-227_st",0.912827039713696,1.07200311704127,1.14774456532955,1.14870846207455,1.28131703770146,0.950668057062392,0.912827039713696,1.07200311704127,1.07200311704127
"cel-miR-228_st",1.00295519329083,1.28103866677102,1.10866556343929,1.03143649322647,0.976247910588885,0.807012660719055,1.31959008873923,1.09758297056776,1.05701634675296
"cel-miR-229-star_st",1.39174668048811,1.10055964421233,1.39174668048811,0.711941712853142,1.1672864083053,0.950668057062392,1.10055964421233,0.941629451724102,1.28929052964371
"cel-miR-229_st",1.4220891895708,0.837061020531655,0.965173378495206,1.20911943356617,1.18266357024009,1.40332115903987,1.30313100655391,1.40079057920553,1.06132851026121
"cel-miR-230-star_st",0.977375339764336,1.07200311704127,0.820663182608512,1.256406309265,0.950668057062392,1.07200311704127,1.07200311704127,1.41533650175323,1.07200311704127
"cel-miR-230_st",1.40970189981552,0.950668057062392,1.11286460618028,0.630702952824602,0.950668057062392,1.00741940542894,0.856040279785458,0.779029866460931,0.950668057062392
"cel-miR-231_st",1.15695348061009,1.29602543705933,1.20058403827164,1.0252926948253,1.15695348061009,1.15695348061009,1.06232570333316,1.23366764720995,1.0708265832873
"cel-miR-232_st",1.36457243418187,1.57329153075292,1.65824189432174,1.14877663712176,1.50024438794484,1.45195647077404,1.45195647077404,1.5286706373739,1.37523651011191
"cel-miR-233_st",1.01825435522838,0.851345528241485,1.12897215198759,0.888007974639506,0.981591908830362,0.836358757953178,0.888007974639506,0.981591908830362,0.681615854569136
"cel-miR-234_st",1.03143649322647,1.03143649322647,1.04210056915651,1.03143649322647,1.11882052981864,1.05701634675296,0.936808715949537,1.05448576691861,0.945309595903678
"cel-miR-235_st",1.5310369597944,1.45380788958158,1.03143649322647,1.47901088888893,1.40332115903987,1.19453613128359,1.74049352921327,1.31400967278766,1.81624807975082
"cel-miR-236_st",1.16324127235522,0.986781933001342,1.14587368971797,1.40760652815085,1.54939465967587,1.10109123211056,1.11961071469367,0.831923230356618,1.11961071469367
"cel-miR-237_st",1.23265025698805,0.978929970396424,0.783389628418875,1.07200311704127,2.07049122481506,1.07200311704127,0.869239944108582,1.12145495705001,1.2006717430963
"cel-miR-238-star_st",0.836358757953178,0.841709444160918,1.21428237210234,0.718816161745223,0.746257247996369,0.950668057062392,0.955842152478603,0.554110625617655,0.950668057062392
"cel-miR-238_st",1.59654947916554,0.618868566208295,1.19181188060389,1.14870846207455,1.05347653656679,1.14870846207455,1.1754157447765,1.1111133295652,1.14870846207455
"cel-miR-239a_st",0.977375339764336,0.933396081934419,0.847692043630174,1.36432775212719,1.34561945291276,0.790758176185617,1.10055964421233,0.977375339764336,0.977375339764336
"cel-miR-239b-star_st",0.976535666089129,0.549178447402475,0.681880070488547,0.644409619210622,0.671850705461768,1.08311546442148,0.504062807474086,0.681880070488547,0.869239944108582
"cel-miR-239b_st",1.23000062341817,1.2006717430963,0.812453674961486,0.913072924553037,0.821999431007361,1.15695348061009,0.748974721361005,1.07200311704127,1.07200311704127
"cel-miR-240-star_st",1.22670348036051,0.987910327158643,1.10866556343929,1.30374329871258,0.947337488463657,1.13738659395739,1.74197447057996,1.05133667194705,1.1523733642457
"cel-miR-240_st",1.40511621907942,0.950668057062392,1.55118971971541,1.38223823147868,1.40332115903987,2.31145043427847,1.46698632335887,1.32188599558905,0.99309853342479
"cel-miR-241_st",0.950668057062392,1.05384894969806,0.950668057062392,0.950668057062392,1.07466081092779,0.836358757953178,0.82522015259539,0.950668057062392,0.950668057062392
"cel-miR-242_st",0.854191035316338,0.665833228854676,0.618868566208295,0.641625675113165,0.978554592407706,1.15813273325346,0.977375339764336,0.854191035316338,0.854191035316338
"cel-miR-243-star_st",1.10866556343929,0.950668057062392,1.11852209740642,0.833125460854437,0.950668057062392,0.836358757953178,1.07272158297489,0.490474758458817,0.950668057062392
"cel-miR-243_st",9.4216976768906,9.42076244529863,9.14065599185749,9.56684006420065,9.67112811807251,9.58564291872138,9.14318169417096,9.92489050791885,9.5112311891192
"cel-miR-244-star_st",0.857891945238911,1.44389399773486,0.869239944108582,1.19433798946486,0.753973453027246,0.806242728552583,1.17184240460026,0.830697728041277,0.857891945238911
"cel-miR-244_st",1.08010903626823,0.911841816788634,0.964530433279506,1.07200311704127,1.05943955809652,1.51546710291349,1.07200311704127,1.07200311704127,0.985876219718478
"cel-miR-245_st",0.947098149298272,1.28232658359384,1.35353246417372,1.23922316506451,1.63584627153502,0.995386066469073,1.23922316506451,1.63836888345417,1.15845472890043
"cel-miR-246_st",1.15695348061009,1.19686042763516,1.54939465967587,0.825153989755996,1.15695348061009,1.04264418150088,1.21713591358985,1.45602722100755,1.07552536765628
"cel-miR-247-star_st",0.970059126232274,1.02738801772452,0.865909827367801,0.831164131564256,0.755802231586132,0.748060801499191,1.08260878792843,1.29546838420771,0.950668057062392
"cel-miR-247_st",0.843602498637938,0.972055521504342,1.27828854058897,1.1832242998223,1.07200311704127,1.07200311704127,1.35969060137833,1.07200311704127,0.662847824038212
"cel-miR-248_st",1.07200311704127,1.07200311704127,1.07200311704127,1.12015193490349,1.2527605105304,0.887599924817541,0.767644712438319,1.33592533358738,1.10959824955062
"cel-miR-249_st",1.14532800983731,1.44389399773486,1.39985259971506,0.740421450290868,0.874708598149874,1.19361592700811,1.05186329144447,0.937027372837831,1.10866556343929
"cel-miR-250_st",0.753353019746279,1.07200311704127,0.779547732718687,1.11612036456836,1.07200311704127,1.07200311704127,0.977375339764336,1.33592533358738,1.07200311704127
"cel-miR-251_st",1.2006717430963,1.2006717430963,1.03339331445278,1.03253643551006,1.15695348061009,1.53391626419732,1.36789179111954,1.32014528460037,1.2006717430963
"cel-miR-252_st",1.10309022404668,1.20050723974926,1.01045813425553,1.20849853926769,1.10055964421233,1.08268028140777,1.10055964421233,1.01034956656468,1.10055964421233
"cel-miR-253-star_st",0.686490530197824,0.836358757953178,1.31453786914543,1.31453786914543,1.6338051629135,2.439166235033,1.31453786914543,1.31453786914543,1.07511224981472
"cel-miR-253_st",1.25393156442237,1.29602543705933,1.29602543705933,0.945944505007437,1.16695285233385,1.29602543705933,1.60033681337332,1.29602543705933,1.54792849868647
"cel-miR-254_st",1.29162273936542,1.01931593387931,1.16042009801967,1.23997352267909,1.04322581636417,1.40332115903987,1.07610700251957,1.27470840594009,1.23997352267909
"cel-miR-255_st",0.987330503460413,0.987330503460413,1.32255893775598,0.748604159251163,0.950668057062392,0.972343733172106,0.962653738873157,0.987330503460413,1.07933668311742
"cel-miR-256_st",0.913072924553037,1.40629886522551,0.893916708695839,0.805485729787015,0.836358757953178,1.221114549945,0.810407855651473,0.913072924553037,1.01317102858416
"cel-miR-257_st",0.868927443502785,1.07200933192146,0.937174827632359,1.03143649322647,1.03143649322647,1.01644972293816,0.987805935564923,0.868927443502785,1.16190069408312
"cel-miR-258_st",0.924530138869707,0.921635327105457,1.15695348061009,1.03143649322647,1.15695348061009,1.15580005031784,0.924530138869707,1.07084968674902,1.1347362730313
"cel-miR-259_st",1.11328770650413,1.44389399773486,0.918102822235019,1.18171787639517,1.24276561573325,1.05701634675296,1.2006717430963,1.12396639806302,1.23227101578377
"cel-miR-260_st",1.10866556343929,0.94333449098624,1.02828485455506,1.59975587498831,1.2183339600488,1.02828485455506,1.52854073296985,0.883272231609894,1.07200311704127
"cel-miR-261_st",0.964722141239366,0.806724634862466,1.14871728364113,0.913072924553037,0.913072924553037,0.836358757953178,0.851099463403292,0.913072924553037,0.928059694841344
"cel-miR-262_st",0.779029866460931,0.887650859000859,0.805737149162876,0.72919258519637,0.646309652459441,0.980723202162318,0.697601753507122,0.79628073880416,0.759638797291049
"cel-miR-264_st",1.24435095807518,1.07200311704127,1.07200311704127,0.854512925296388,0.706180371926191,1.28131703770146,0.917856699074398,1.07200311704127,1.2309333095295
"cel-miR-265_st",3.50300128963533,4.0138602385628,2.61532458177723,3.23984026767899,3.23984026767899,3.23984026767899,3.23984026767899,2.38465940582753,2.82927734568974
"cel-miR-266_st",1.09360618467185,1.07200311704127,1.41663458035211,0.713496343485229,1.2474750323474,1.29529952037323,0.93928290303978,1.07200311704127,1.29529952037323
"cel-miR-267_st",1.20697254309581,1.28053588147385,1.18026526039387,1.57556121228407,1.32897666443422,0.958266935660783,1.18600175715558,0.779029866460931,1.30160032037274
"cel-miR-268_st",1.10055964421233,1.2006717430963,1.24185509333816,1.15462079767447,1.07200311704127,0.979224584233456,0.912783241567954,0.822573163920303,1.11554641450064
"cel-miR-269_st",1.5310369597944,0.836358757953178,1.15695348061009,0.913072924553037,0.950668057062392,1.26330177030066,1.23922316506451,1.54939465967587,1.07552536765628
"cel-miR-270_st",0.913072924553037,0.798763625443823,0.859283759820187,0.913072924553037,0.584916992662573,0.913072924553037,1.28496283643606,0.913072924553037,0.944041989514777
"cel-miR-271_st",1.57475522228061,0.870022762457232,1.2006717430963,1.23251671527403,1.26675464673111,0.728669732329309,0.91295820659479,1.1141531466006,1.59311292216207
"cel-miR-272_st",0.761035300632588,1.1534382804921,0.929803344443848,1.00612130550732,0.794409320435472,0.718793742682066,1.06987551982889,1.07200311704127,0.966078406872063
"cel-miR-273_st",0.857891945238911,1.09585038433777,1.13550680364759,0.805485729787015,0.868398372607978,0.950668057062392,1.10055964421233,0.737767130440029,1.00747032905721
"cel-miR-2953-3p_st",1.19340439106577,1.18084083212102,0.950668057062392,0.888385447798437,1.19340439106577,1.19340439106577,1.41111461670644,1.27011855766563,1.19340439106577
"cel-miR-2953-5p_st",1.10866556343929,1.10866556343929,0.688790393908732,0.991122967231337,1.26281198140616,1.05701634675296,1.10866556343929,1.30885524748475,1.10866556343929
"cel-miR-34-star_st",2.2307700715783,1.08062355073739,1.00358788496407,1.42700312440526,1.79827813196002,1.56589811907327,2.10254730656352,1.79827813196002,1.203015086008
"cel-miR-34_st",0.892424976195514,1.30764747612936,1.03912193088587,1.07200311704127,1.22992811665422,1.07200311704127,1.14112626802713,0.779029866460931,1.07200311704127
"cel-miR-35_st",1.0232222722603,0.782258094912216,0.917868712354971,0.805485729787015,0.723216045332602,0.755125595655393,0.977375339764336,0.805485729787015,0.805485729787015
"cel-miR-353_st",1.10866556343929,1.26261360505837,1.10137466066576,1.85042862238176,1.4825683148275,1.2006717430963,1.2335529292517,1.13394497900334,1.2006717430963
"cel-miR-354_st",1.23922316506451,0.818680846870663,1.07200311704127,1.4876099311147,1.58794608164407,1.53740753127138,1.07765575092349,1.23922316506451,1.28294142755071
"cel-miR-355_st",1.06037764626849,0.902380139891591,1.10866556343929,0.963483236163915,1.06037764626849,1.10866556343929,1.02963041777266,1.06037764626849,1.18904627232352
"cel-miR-356_st",1.40743416739173,0.954781065414251,0.862014806612131,1.26442616437186,0.954781065414251,0.622981574560155,1.15089197496255,0.981488348116196,0.981488348116196
"cel-miR-357_st",1.14870846207455,1.20551073406937,0.869239944108582,1.14870846207455,1.13585156100565,1.27422544945817,0.825680066394285,1.14870846207455,1.14870846207455
"cel-miR-358-star_st",1.28131703770146,1.34017242439666,1.24816624473965,1.35802238273474,1.28131703770146,1.09016873836275,1.00874062540894,1.1480245464406,1.29602543705933
"cel-miR-358_st",1.01549210861526,1.29529952037323,1.07200311704127,1.07200311704127,1.07200311704127,1.26073400247265,1.08115586162689,1.07200311704127,0.731082270119984
"cel-miR-359_st",1.21583443938058,0.836358757953178,0.964732602919165,0.661914104974961,0.592478201896122,0.836358757953178,0.977375339764336,0.913072924553037,0.950668057062392
"cel-miR-36_st",1.05380842492473,1.27710482825669,1.05380842492473,1.22514154723494,0.847523001377025,1.05380842492473,1.17699272937272,0.727658184413257,0.869239944108582
"cel-miR-360-star_st",0.836358757953178,0.836358757953178,1.33864592919371,1.22331117031603,0.836358757953178,0.785998623821555,1.20050723974926,0.836358757953178,0.633955771819337
"cel-miR-360_st",1.02754152898907,0.618868566208295,0.90488264705938,0.978811075262749,1.04589922887054,1.15224751856111,1.36742900662194,1.04589922887054,1.16723428884942
"cel-miR-37-star_st",1.61296106848977,0.73641116241625,0.930310126097933,0.82105789765124,1.11300470346255,0.841911824357256,0.951164052803949,0.751621994572401,1.72516481572472
"cel-miR-37_st",1.07731247362147,0.906582102709806,1.15695348061009,1.28217305454007,1.27126277971931,1.14691958803427,1.56285975967408,1.20078646105455,1.07200311704127
"cel-miR-38_st",1.2145902736085,1.18170908745309,1.58720542283808,1.60977649387177,0.973626096260412,1.2145902736085,0.977375339764336,1.2145902736085,1.40429433190604
"cel-miR-39_st",0.869239944108582,1.07200311704127,0.869239944108582,0.869239944108582,0.836358757953178,0.938675847187421,0.869239944108582,0.869239944108582,0.759638797291049
"cel-miR-392_st",0.838210423406631,0.836358757953178,1.22217357150588,0.913072924553037,1.04264418150088,0.930986535230111,0.957693817932056,1.20791891844688,0.957693817932056
"cel-miR-40_st",1.10866556343929,0.906982420441617,1.10866556343929,0.976056987812382,1.02129171955083,0.906982420441617,0.804723865502168,1.24257437506664,0.976056987812382
"cel-miR-41_st",1.02707673126853,1.06467186377788,1.03143649322647,1.00260728170542,1.02707673126853,1.40500034541769,1.02707673126853,1.02707673126853,1.02707673126853
"cel-miR-42-star_st",0.857891945238911,1.10488430319667,1.28750093067345,0.83836691594242,1.02817013659681,0.725584547765245,0.866608015834923,0.699387967811687,0.871658048401238
"cel-miR-42_st",0.890773131394316,1.07093327980997,0.993656989208618,0.869239944108582,0.869239944108582,0.59101379248104,0.869239944108582,0.813637248741661,0.869239944108582
"cel-miR-43_st",0.913072924553037,1.27313432874117,0.786532637385902,0.913072924553037,0.891539737267304,0.885631838301892,1.13080946702632,0.745852876529801,0.913072924553037
"cel-miR-44_st",0.977128989035931,0.855793929057053,0.759638797291049,1.43366660496451,0.977128989035931,1.15695348061009,0.774365816103244,0.977128989035931,0.94046654263791
"cel-miR-45_st",1.15444341874811,1.1215622325927,1.44389399773486,1.15444341874811,1.15444341874811,1.15444341874811,1.12438827364818,1.15444341874811,0.948051298677737
"cel-miR-46-star_st",1.03465170722653,0.931986638324963,1.16594193090148,1.03143649322647,0.835109648994979,0.911681649293267,0.835109648994979,0.839350934450178,0.759638797291049
"cel-miR-46_st",0.857891945238911,0.915220836731158,0.857891945238911,0.794137730917344,0.857891945238911,0.750202919615042,0.940161629693325,0.857891945238911,0.869239944108582
"cel-miR-47-star_st",1.05701634675296,1.42605616238994,1.16854700752991,0.913072924553037,0.785371423288509,0.93865277807953,1.05701634675296,1.2145902736085,1.05701634675296
"cel-miR-47_st",1.04753366747816,1.07200311704127,0.999245750307361,1.02667974077215,1.14030977930164,1.04753366747816,0.845840331776775,1.10517046047657,1.56288832088398
"cel-miR-48-star_st",1.54928911047476,1.29602543705933,1.02672880973617,1.27477567454376,1.52465621901875,1.52465621901875,2.21949852126036,2.38324569813143,1.40332115903987
"cel-miR-48_st",1.59517924007262,1.11424480292247,0.903668389392804,1.52854073296985,1.14168588917362,1.34797131272132,1.1517152542004,1.2564803963466,1.07200311704127
"cel-miR-49_st",0.980092207898514,1.1817855435999,1.10055964421233,1.35535139759105,1.40332115903987,1.20606030615334,1.10055964421233,0.779523321934218,0.569009009115392
"cel-miR-50_st",0.934606111838771,1.05825525182841,1.24439096655164,0.913072924553037,0.880191738397633,0.791737864574159,0.913072924553037,0.779029866460931,0.913072924553037
"cel-miR-51-star_st",0.977375339764336,0.977375339764336,0.977375339764336,0.820077108508896,1.07200311704127,0.950668057062392,0.869239944108582,1.38895086910998,1.10604396581937
"cel-miR-51_st",1.84558492790382,1.84558492790382,1.41179993206098,2.03783642292413,2.41960651540125,1.66624917056438,2.03783642292413,1.66624917056438,2.01033166085215
"cel-miR-52_st",1.22125589582139,1.34798274038144,1.15695348061009,1.34315378620712,1.06805386229374,1.22368024470305,1.23922316506451,1.15695348061009,0.811603151110176
"cel-miR-53_st",1.5310369597944,0.949330858981977,0.995288950441411,1.06950689021672,1.31588367309833,1.07200311704127,1.07200311704127,1.04344658987021,0.918568989779282
"cel-miR-54_st",1.28324247289392,1.22751962852769,1.5895214646369,1.40079057920553,1.40079057920553,1.63958373240739,0.935175026958031,1.40079057920553,0.997950639050357
"cel-miR-55_st",1.40013709429498,0.930388937066216,0.930388937066216,0.942952496010971,0.930388937066216,0.728669732329309,0.969659778712916,0.942952496010971,1.5792742311338
"cel-miR-56-star_st",0.844285532526039,0.686288026149139,1.52854073296985,0.796588448088132,0.634079398364447,1.36596377293645,0.974843134151253,0.810741160501235,0.844285532526039
"cel-miR-56_st",1.24334947545735,1.07200311704127,0.812271239415183,1.07200311704127,1.18631241615048,0.950668057062392,1.07200311704127,1.14871728364113,1.07200311704127
"cel-miR-57_st",1.11788810508563,0.733177865317509,1.01442227138396,1.03143649322647,0.817839275370059,1.08396054832325,0.894157048636381,0.950668057062392,0.950668057062392
"cel-miR-58-star_st",0.857891945238911,1.52657714146832,0.873372092109299,1.14494276984643,1.20116788349289,0.787940279684985,0.999474547791503,1.24107483051796,1.11973977053908
"cel-miR-58_st",0.932745624818739,1.2006717430963,1.02737340209567,1.35616086425993,0.950668057062392,0.913064102986459,1.02737340209567,0.986482268646308,0.83634414232433
"cel-miR-59-star_st",0.959017639882872,0.882144167956189,0.977375339764336,1.49775181554843,1.0580206343695,0.977375339764336,0.857110117016759,0.977375339764336,1.20139765978239
"cel-miR-59_st",0.942803282486619,1.15691445428898,0.942803282486619,0.972851099542348,0.942803282486619,1.09140736295696,0.691756779066492,0.942803282486619,0.869239944108582
"cel-miR-60-star_st",0.977375339764336,0.985952167262589,1.53667010955834,0.911221259099584,1.15510181515664,0.834507092499724,1.06047403787971,1.49356669102901,1.19882007764285
"cel-miR-60_st",1.01946683164317,1.11147301130018,0.881875807968706,1.15530599174464,1.39336958303138,0.970902799520907,1.23922316506451,1.11147301130018,0.846581980982855
"cel-miR-61-star_st",2.93554779028677,1.07200311704127,1.27680919602836,1.12120685109581,1.11881168965146,1.35969060137833,2.11826792123684,1.89687404960438,1.35993319530506
"cel-miR-61_st",1.23193312197421,1.11572137952748,1.29419201784134,1.2006717430963,1.2006717430963,1.2006717430963,1.40340886386453,1.2145902736085,0.950668057062392
"cel-miR-62_st",0.994356264330078,1.16176801592861,0.945959904770711,0.711941712853142,0.606761554621703,0.836358757953178,0.961578331883155,0.836358757953178,1.16007107657307
"cel-miR-63-star_st",1.6060266429029,1.2089615986313,1.16106140874035,0.921362780088041,1.74382703074734,0.573580693607549,1.02389913617852,0.913072924553037,0.950668057062392
"cel-miR-63_st",1.01239516521063,0.974564928139443,1.15695348061009,1.0274840545201,0.77143098786254,0.950668057062392,0.87993715086251,1.54092951339282,0.771801755206756
"cel-miR-64-star_st",1.03195139683943,0.73641116241625,1.29131023427063,0.913072924553037,0.836358757953178,0.836358757953178,0.836358757953178,1.40079057920553,0.836358757953178
"cel-miR-64_st",1.1415467495947,1.1816042638588,1.02017434864474,1.03143649322647,0.73641116241625,0.751697347900628,0.858575868178538,1.2145902736085,0.869239944108582
"cel-miR-65-star_st",0.992362110052643,1.2006717430963,1.35160614763246,0.699653474748938,1.07200311704127,1.23610111101664,0.992362110052643,0.777674077465098,1.07200311704127
"cel-miR-65_st",1.23922316506451,0.936082799263443,1.03143649322647,0.913072924553037,0.940514010804183,0.913072924553037,1.09510165754547,1.66939988650788,1.03143649322647
"cel-miR-66_st",1.68268715093672,1.2006717430963,1.71710205799459,2.23385254414224,1.70104485081819,1.73908098733448,1.68268715093672,1.72873041701531,1.53279556378678
"cel-miR-67_st",0.950668057062392,0.950668057062392,0.756308680550268,0.950668057062392,2.02141024603929,0.950668057062392,0.950668057062392,0.737767130440029,1.23617826019581
"cel-miR-70_st",0.726552515391544,0.80419903409444,1.04516321144253,0.980860796231228,0.846817738139122,0.596446360238835,0.977375339764336,0.846817738139122,0.640425618068752
"cel-miR-71-star_st",0.883309800543366,0.950668057062392,0.617551676104212,0.734408973081912,1.18766820514632,1.05701634675296,0.894657799413037,0.893339165570145,0.84475837857516
"cel-miR-71_st",1.05510677243659,0.836358757953178,0.977375339764336,1.01844432603857,0.977375339764336,1.15173681729942,1.01844432603857,1.25408868512666,1.13311278184307
"cel-miR-72_st",11.3938961836827,10.9669497818836,11.0232186805385,10.969836956079,10.9886633205689,10.6706810790477,11.4599916361581,11.2536083711542,11.0188128999608
"cel-miR-73_st",1.23922316506451,1.62525481177467,1.73465043195847,1.32688219901866,0.869606055791405,1.2006717430963,1.4867329162637,0.830993147482681,1.09253634744055
"cel-miR-74_st",0.950668057062392,0.950668057062392,0.748629152665696,0.898261841610495,0.950668057062392,0.923226970811246,0.843585963822619,1.0561687190034,1.1708371748079
"cel-miR-75-star_st",0.888764973405074,0.836358757953178,1.12830556376448,0.836358757953178,0.646309652459441,1.18782650877626,0.836358757953178,0.708608604188852,0.863552975150812
"cel-miR-75_st",1.06864095078119,1.2006717430963,0.61206269033382,0.882260765681374,1.15695348061009,0.898988785157541,1.23922316506451,1.13463314424563,0.935348459520331
"cel-miR-76_st",0.763264167961978,0.977375339764336,0.778651257763794,1.05408068479762,0.831219476023369,1.42233361951262,0.977375339764336,0.977375339764336,1.03503642598844
"cel-miR-77_st",1.10866556343929,0.654927618075103,0.655284661877912,0.967648981628133,1.33523935814172,0.514514430795158,0.88026494503596,1.11023613819536,0.890929020966004
"cel-miR-78_st",1.07832576438598,1.17835140673184,1.17835140673184,1.14870846207455,1.36095804469009,0.782129850545723,1.10055964421233,0.913072924553037,0.839279804279676
"cel-miR-784_st",1.40332115903987,1.63896551812797,1.40332115903987,1.40079057920553,1.29020420099977,1.54939465967587,1.40332115903987,1.19844707923392,1.40332115903987
"cel-miR-785_st",1.10866556343929,0.809651475251233,1.32576553280264,0.913072924553037,0.836358757953178,0.700296679162105,0.950668057062392,1.04529583433933,1.36633215661744
"cel-miR-786-star_st",1.02395562506276,0.836358757953178,0.685544104204998,1.18667940740317,0.755226876337348,0.643609181557249,0.857891945238911,0.65633901748622,1.0595852809403
"cel-miR-786_st",0.857891945238911,1.48236273858553,1.06232570333316,1.14870846207455,1.30302698124609,1.29836632297567,0.869239944108582,1.15442290077574,1.15695348061009
"cel-miR-787_st",1.10866556343929,0.773591475072027,1.44389399773486,1.10866556343929,1.15695348061009,1.05701634675296,1.25528255307607,1.17648988825703,1.08927449426941
"cel-miR-788-star_st",1.23184986788729,1.19579081602048,1.10055964421233,0.768760153358239,1.10055964421233,1.04292285121393,1.10055964421233,1.10055964421233,1.29602543705933
"cel-miR-788_st",0.950668057062392,0.809651475251233,0.950668057062392,1.12200117937261,0.73641116241625,1.25502646166534,1.16815824880727,0.886365641851092,0.880985284930042
"cel-miR-789_st",1.40332115903987,1.31617819698033,1.55425556357604,1.48002650407316,1.40332115903987,1.88071270167447,1.44187258100808,1.40701845658324,0.869239944108582
"cel-miR-79_st",0.748974721361005,0.836358757953178,1.15938715363344,0.618868566208295,0.836358757953178,0.836358757953178,0.836358757953178,1.07200311704127,0.917786870906987
"cel-miR-790_st",1.17440772586155,0.950668057062392,0.985676840430177,0.919795028896229,1.66370395878508,0.950668057062392,1.35657433612637,0.950668057062392,0.777157123147426
"cel-miR-791_st",1.15427280149568,1.07200311704127,0.831844744131368,1.07200311704127,0.958673972209662,0.887599924817541,1.07200311704127,1.11761035509766,1.2006717430963
"cel-miR-792_st",0.950668057062392,0.836358757953178,0.751125998830844,0.950668057062392,1.09674155769838,1.03805209365456,0.950668057062392,0.662758184133368,0.961332132992436
"cel-miR-793_st",1.13755586596172,1.07200311704127,1.0164407152888,0.946486129657648,0.756993718619355,1.0240866802112,1.38022356493514,1.38436743679149,1.6539665188054
"cel-miR-794_st",1.09309304206164,1.16328524508331,1.22084319582597,1.26442616437186,0.762027354756746,0.836358757953178,1.26442616437186,0.713465337180094,0.898048920860943
"cel-miR-795_st",0.845557530049371,1.18491059222651,1.21794323429541,0.805485729787015,1.2712509946312,0.855274895248151,1.01327240162505,1.07200311704127,1.01327240162505
"cel-miR-796_st",0.857891945238911,1.1562065133978,1.10866556343929,1.1260642705034,1.04529583433933,1.0572947176834,1.07200311704127,1.07200311704127,1.15343122999508
"cel-miR-797-star_st",1.44388778285467,0.950668057062392,1.07200311704127,0.950668057062392,0.836358757953178,0.836358757953178,1.35353246417372,0.779029866460931,0.973895691937191
"cel-miR-797_st",1.07200311704127,1.11256974085607,1.07200311704127,1.07200311704127,1.19333817702015,0.670633003806008,0.990575004087461,1.58996128349067,1.07200311704127
"cel-miR-798_st",1.00145277061693,0.943654479933725,1.05796377904294,1.35298910985316,1.23754191988869,1.1135491660233,0.670387083312033,1.30651085737327,0.950668057062392
"cel-miR-799_st",1.10866556343929,1.21313672579623,1.50017621289763,1.14870846207455,1.10866556343929,0.948504263186656,0.879068360107817,1.36857561205862,0.913621442238593
"cel-miR-80_st",1.10866556343929,0.932003801302504,0.93057915509386,1.50987647720996,1.18931085804445,1.05701634675296,1.06483258299484,1.10866556343929,1.10866556343929
"cel-miR-800_st",0.848730992295336,1.086583858468,0.859011771090904,0.913072924553037,0.791588088219548,1.15695348061009,0.846873356318675,0.913072924553037,0.869239944108582
"cel-miR-81-star_st",1.17414654960127,1.18991627932,1.07237368311204,1.13795299829825,0.950668057062392,1.14071716255613,0.957972487645106,1.07200311704127,1.18991627932
"cel-miR-81_st",0.977375339764336,1.07200311704127,0.893916708695839,1.26442616437186,1.1719507125782,1.07200311704127,1.10055964421233,1.07200311704127,1.35960193558453
"cel-miR-82_st",1.24917303569976,1.07515475571268,0.872260415898896,1.03143649322647,1.03143649322647,1.50227607498406,1.02077241729643,1.03143649322647,0.869239944108582
"cel-miR-83_st",1.89043612417673,1.62057921155696,1.91017881307091,1.62057921155696,1.51014893850266,1.66295511780252,1.66160422337553,2.12798855452879,2.39296725421614
"cel-miR-84-star_st",1.21783560858687,1.75364131807062,1.38865591612209,1.27434661701288,1.54242423898728,1.40332115903987,1.37702206030861,1.07200311704127,0.9652375632918
"cel-miR-84_st",0.88167633609709,1.0221261375474,0.84677017757378,0.977375339764336,0.869112777152335,0.847269184611627,0.977375339764336,1.06623133796573,1.29602543705933
"cel-miR-85_st",1.10866556343929,1.59817281539009,1.05987522449138,1.20035767876088,1.00231727374872,1.02639587898488,1.29087238175083,1.41883705805065,1.00040300082729
"cel-miR-86_st",1.2006717430963,1.3632487031297,1.68268715093672,1.75172214943452,1.2006717430963,1.05701634675296,0.977375339764336,1.03592501014797,1.40177596584459
"cel-miR-87_st",0.857891945238911,0.971221090070519,1.52238648327603,0.940348061904357,1.07924305657237,0.971221090070519,0.971221090070519,0.971221090070519,0.944513807368575
"cel-miR-90_st",1.20324932523585,1.41736049703821,1.27828854058897,1.5221256391844,1.41736049703821,2.0443858536366,1.39627756947701,1.5221256391844,1.29602543705933
"cfa-let-7a_st",13.5576207982501,13.4510025535396,13.5254092170889,13.45501495423,13.0407276836369,12.9109539675194,13.5758208715063,13.3672171300621,13.4889707010604
"cfa-let-7b_st",13.805203007197,13.9157697417602,13.8728635832116,13.860052830488,13.7763568388936,13.7799589703163,13.8094102543976,13.773686804028,13.5992490571989
"cfa-let-7c_st",12.5029554274881,12.422050333846,12.532313421082,12.4405360294126,12.1015665923607,12.0118193546619,12.6298228007133,12.3220013777989,12.4572229613702
"cfa-let-7e_st",11.8931377294669,12.1852127139754,12.0009178398487,11.9555032698967,11.9551561902172,11.9767601783826,11.9463783667515,11.8931510524268,11.7528668929415
"cfa-let-7f_st",9.17687681410527,9.32903299799453,9.14223284738616,9.24763059617053,8.70111848181325,8.50702527762155,9.35735807273999,8.80550758715293,9.45571001442676
"cfa-let-7g_st",8.80446422075672,8.84880139333873,8.77728449300653,8.95867134580151,8.39114830061296,8.11161743890094,9.08001821567408,8.42786185301502,9.0995048357514
"cfa-let-7j_st",1.66160422337553,1.66160422337553,1.55610356143452,1.66160422337553,1.39352660140112,1.66160422337553,1.92143700180352,1.47411750371623,1.66160422337553
"cfa-miR-1_st",1.10866556343929,0.950668057062392,1.08889399037087,1.07200311704127,0.879580069710684,1.15343122999508,0.894185854026809,1.2145902736085,1.07200311704127
"cfa-miR-10_st",1.89808343630525,1.89808343630525,1.88551987736049,1.89808343630525,1.89808343630525,2.01941849628413,1.89808343630525,1.89808343630525,2.13372779539334
"cfa-miR-101_st",0.996531555621535,0.913072924553037,0.913072924553037,1.1111133295652,0.755567378273448,0.836358757953178,0.831644811599228,0.913072924553037,1.14871728364113
"cfa-miR-103_st",13.2906177528849,13.2536055104961,13.2003014314666,13.2894360931596,13.4111396650858,13.4405149264137,13.2941274478661,13.3392819965443,13.2175255323313
"cfa-miR-105a_st",0.977375339764336,1.38436512289265,0.728469713025829,0.805485729787015,0.91287050177013,0.869239944108582,0.858575868178538,1.05894400240612,0.869239944108582
"cfa-miR-105b_st",0.764444351071563,0.857220462895043,0.978555522873921,1.02670434073614,1.28131703770146,1.06350588644274,0.883927745596988,0.978555522873921,0.978555522873921
"cfa-miR-106a_st",13.0806046967534,13.0290156938042,12.9716718605433,12.9811871130528,13.2060210786256,13.1674987754841,13.0907773736141,13.0510169602757,12.930837358881
"cfa-miR-106b_st",11.7743949151706,11.6769644890614,11.7575487834234,11.7264088782307,11.7374301271871,11.7280434190358,11.7862237632604,11.7154105216999,11.6497645811308
"cfa-miR-107_st",13.1673549185758,13.0857843359153,13.0660372994916,13.0427220643312,13.1970751522392,13.1659836341177,13.154948684703,13.1184127094501,13.0211541808606
"cfa-miR-10b_st",1.13548432204124,0.851969828280713,0.996724657008623,0.913072924553037,1.18377223921204,1.05825525182841,1.52854073296985,0.805848625062875,0.977486815664335
"cfa-miR-122_st",0.646309652459441,1.07200311704127,1.24185509333816,0.836156354946013,1.11935834810074,1.02828485455506,0.673647305222328,0.913072924553037,0.831644811599228
"cfa-miR-124_st",1.02422908239329,0.905327695437758,0.977375339764337,1.30669085425875,0.996325214763198,1.22592241809467,1.27796327043719,1.22592241809467,1.65608440073543
"cfa-miR-125a_st",9.17349644309153,9.39694466270722,8.77742037154929,9.11945497498488,8.5773544549319,8.58656947840833,9.09671502456966,8.83360458454729,9.24284387888725
"cfa-miR-125b_st",11.2243989667532,11.1983957702447,11.1938907038345,11.1803942128585,11.0110584878953,10.9938437521354,11.2077992992324,11.0874845188652,11.1979285286169
"cfa-miR-126_st",0.825694682023133,0.798987399321189,1.07732293530126,1.12567632585852,0.836358757953178,0.918470793846614,0.649380258666385,0.756286613023148,0.96918753964551
"cfa-miR-127_st",1.53549830757586,1.6004310928481,1.758428599225,1.758428599225,1.93108007348717,1.50805722132471,1.77738246592613,2.01112081316502,1.758428599225
"cfa-miR-1271_st",1.09927323015006,1.06072180818186,1.09927323015006,1.51914839968062,1.09927323015006,1.09927323015006,0.967983006475109,0.913072924553037,1.19127940980707
"cfa-miR-128_st",6.29133698532259,6.33395878843829,6.22116656456082,6.48343465007751,5.57272993096943,6.09323269931498,6.1754665692908,5.70918793307704,6.366535235964
"cfa-miR-129_st",0.950668057062392,0.714666654171491,0.931511841205193,0.950668057062392,0.950668057062392,0.950668057062392,1.23918812233463,1.10410218432438,0.950668057062392
"cfa-miR-1306_st",1.38761046881985,1.29225677485683,1.52650546348787,1.79027357140273,1.38761046881985,1.4949061908004,1.10055964421233,1.88237274608523,1.43213997974324
"cfa-miR-1307_st",8.8274059561733,8.86294705604692,8.8391111311907,8.91209202834364,9.18307708195141,9.25952341623778,8.76410830624305,8.95420056585916,8.66470790797529
"cfa-miR-130a_st",9.2895428330601,9.07027048709761,9.32042538824111,9.33102223951716,9.18162257881858,9.26115249047435,9.52663136291479,9.29604292965957,9.60453865991233
"cfa-miR-130b_st",8.97682394744685,8.86742607198401,9.00049394026565,8.95071775908049,9.06749027034286,9.02611765817706,8.85791349345688,9.03834092391557,8.80454159086919
"cfa-miR-132_st",6.14025591897731,6.35158711626725,6.18340089253585,6.20697241591731,6.41185667345297,6.33830093506033,6.29117095074335,6.13696102852411,6.27597804896036
"cfa-miR-133a_st",1.28131703770146,1.33328031872321,0.721702763058383,1.28131703770146,1.28131703770146,1.28131703770146,1.28131703770146,1.32241701552866,1.68200323530278
"cfa-miR-133b_st",1.1053758959641,1.08384270867837,1.08384270867837,1.03143649322647,0.983895113141438,1.08384270867837,1.08384270867837,1.01954029346707,1.17661882050185
"cfa-miR-133c_st",1.06937118876761,1.07200311704127,1.07200311704127,0.805485729787015,1.07200311704127,1.01444516629861,0.958051329900851,1.42686499184958,1.07200311704127
"cfa-miR-134_st",1.35386865429917,3.24925483882285,1.28131703770146,1.93107391698692,2.18745943918829,3.09045181471989,0.975130246430172,1.60199060261412,1.93107391698692
"cfa-miR-135a-3p_st",0.941334983269661,1.07200311704127,0.87343898684957,0.955832299457243,0.836358757953178,0.836358757953178,1.14364605692613,1.2145902736085,0.869239944108582
"cfa-miR-135a-5p_st",0.760618951568655,1.07200311704127,1.41302396804224,0.923226970811246,0.950668057062392,0.731776011117846,0.583535628335183,1.06685009948511,0.950668057062392
"cfa-miR-135b_st",0.883017779453111,0.950668057062392,1.11141839785644,0.830611564001214,0.995742805574596,0.979799688645999,0.831644811599228,0.913072924553037,0.894365778322782
"cfa-miR-136_st",0.850224832684012,0.913072924553037,0.913072924553037,0.913072924553037,0.970401816045284,0.994501037506847,0.883017779453111,0.913072924553037,1.05638474910262
"cfa-miR-137_st",0.805485729787015,0.684004946964353,0.762867025742333,0.805485729787015,0.739853669393314,0.805485729787015,0.805485729787015,0.939397419025136,0.898261841610495
"cfa-miR-138a_st",4.87879405407151,4.72199343863552,3.85435580290804,5.06256204341838,5.35922997460709,5.19402564302633,5.20869512549427,4.42518006002602,4.19864864811296
"cfa-miR-138b_st",1.44865055139639,1.47268049307601,1.50110674250507,1.54939465967587,1.54939465967587,1.54939465967587,1.63166434413028,1.54939465967587,2.26785926510424
"cfa-miR-139_st",2.28196125465986,1.95431674474443,1.24683390942582,1.82421058959172,1.68268715093672,1.95431674474443,2.32977106962934,2.93407244039873,1.89347714996364
"cfa-miR-140_st",7.85581110067885,8.01472011072315,7.94855785087044,7.96951652742428,8.44661403639107,8.52477016047109,8.00526850618374,8.19416759303851,7.84230092191803
"cfa-miR-141_st",7.52844598596039,6.93132650482284,7.32090931355579,7.64374974457316,7.60480379308329,7.86997367614958,7.80249374122692,7.60480379308329,8.00437859332604
"cfa-miR-142_st",1.22046082349354,1.10055964421233,1.10055964421233,1.10055964421233,1.10055964421233,1.05701634675296,1.10055964421233,1.10055964421233,1.01913153125853
"cfa-miR-143_st",0.86025230653557,0.639587114412325,0.674880567596458,0.915433285849696,0.834664849685617,0.717122253477663,0.861372132387562,0.834664849685617,1.12226366822888
"cfa-miR-144_st",1.07200311704127,0.846665790080414,1.35160614763246,1.26442616437186,1.07200311704127,1.02035390035494,0.969338048139706,1.07200311704127,1.2006717430963
"cfa-miR-145_st",1.40332115903987,1.0171161514423,1.52854073296985,1.52854073296985,1.28131703770146,1.28131703770146,1.35969060137833,1.2145902736085,0.950668057062392
"cfa-miR-146a_st",1.09504792039573,0.989547258454728,1.09504792039573,0.913072924553037,2.3621849186854,2.18200272884349,3.10566994544872,0.980161078160827,0.777758092026987
"cfa-miR-146b_st",3.14781128138063,3.08588435105128,1.74946529093381,2.39502288909737,1.74393154962447,2.77319076884172,3.35285338599866,2.53002186822784,4.18199984152031
"cfa-miR-147_st",1.17350540604663,1.08636244398709,0.934079786715919,1.08636244398709,1.11380353023823,0.947290487537852,1.17680723034808,0.906342703520129,1.2006717430963
"cfa-miR-148a_st",1.68468216236951,2.40855262791657,2.18686724479611,3.6377271572368,1.35703765245408,1.85620861517731,3.79098194965017,2.04985137077215,3.63147385017309
"cfa-miR-148b_st",4.58794828005835,4.21101058735945,2.83964292906358,4.75421278425461,2.32196338797927,3.0525293435752,4.46364652103864,4.34307587882753,5.25814153273636
"cfa-miR-149_st",8.51279827023141,8.48221603559291,8.42056839815393,8.61896835431379,8.48221603559291,8.48221603559291,8.42559851461474,8.54242136121775,8.48998310355047
"cfa-miR-150_st",1.18683494705868,1.24185509333816,1.24185509333816,0.845131242752015,1.18683494705868,1.68268715093672,1.40087395162019,1.24185509333816,1.46728974953667
"cfa-miR-151_st",11.2596486839987,11.4862447940591,11.2990444810784,11.3297801994259,11.2821932043126,11.3216619675916,11.2271377765961,11.2756035023377,11.0679891952593
"cfa-miR-152_st",6.33475347232648,6.52403728510567,6.3026221594976,6.3026221594976,6.07416173910426,6.3026221594976,6.21262546149625,6.30019717300809,6.33741416352722
"cfa-miR-153_st",0.911315840945092,1.29266070584106,1.75442803996191,1.05701634675296,1.07200311704127,1.05701634675296,0.748974721361005,1.2145902736085,0.883505412837998
"cfa-miR-155_st",9.44408143945963,9.60681207435986,9.60659629357745,9.4421102838694,9.70452956241988,9.82478594856636,9.74240271027513,9.50960757982725,9.49335196308659
"cfa-miR-15a_st",6.58887368107746,6.29220832479615,6.19083677271732,6.17801587870649,5.50344735673636,5.49455623151387,6.77976181476941,6.75333964210059,6.74210990560652
"cfa-miR-15b_st",7.46121263614237,7.29566780686673,6.88929184997434,7.08971177255209,6.46112332424233,6.89177776951796,7.17660021660797,6.85579375984321,7.15327532601848
"cfa-miR-16_st",12.8787620231777,12.8566167180657,12.9431666043093,12.9678923777661,12.8211600702025,12.9060570706776,12.9593766977715,12.8493899066045,13.0238203587578
"cfa-miR-17_st",6.97546349320678,7.20203527345254,7.21577469148584,7.29913600364383,7.43836802164081,7.48486692173698,7.25873064771637,7.26306492573159,7.26306492573159
"cfa-miR-181a_st",10.0164255425276,10.1181701689193,9.77011005902041,10.068926035998,10.0769205096083,10.2233803385081,10.0370785236069,10.14568987142,10.2488089501186
"cfa-miR-181b_st",1.68428525757909,1.68453352719343,1.63257024617168,1.63257024617168,1.56193557994388,1.83035875821509,1.63257024617168,1.89808343630525,2.24150745562151
"cfa-miR-181c_st",5.6534436405617,5.4463640311756,3.93601670008704,3.6596546168283,2.66338709751795,3.57355298439546,5.65466477404702,5.85304092626905,3.14366220322173
"cfa-miR-181d_st",5.34173880597709,4.64866139525314,4.78096029366598,4.642801885327,4.71438887147308,4.18440670067354,4.80443386101306,3.76204834723409,5.31468535393319
"cfa-miR-182_st",10.1711015136419,10.4112083933869,10.1774898504765,10.1930498373647,10.2743995383717,10.1303253945182,10.1179861472466,10.1826374905327,10.0394414289374
"cfa-miR-183_st",7.22671700742806,6.86271207435319,6.86271207435319,6.8904709149085,6.22788253868258,6.08993682685718,6.86271207435319,6.33320855749832,7.13356429659569
"cfa-miR-1835_st",1.40068923076622,1.52465621901875,1.40332115903987,1.68625897529553,1.40332115903987,1.8853365668803,1.44187258100808,1.03143027834628,1.11550092601569
"cfa-miR-1836_st",1.09871039974321,1.11675391482434,1.07200311704127,0.911574935087518,1.07200311704127,1.05046992975554,1.22189470419121,0.872461058809722,1.39503151272154
"cfa-miR-1837_st",1.30644416970989,1.44389399773486,1.26178239072813,1.03143649322647,1.40332115903987,1.08016798814258,1.40332115903987,1.69752551738462,1.76180775582872
"cfa-miR-1838_st",1.46442717893696,1.01241714026713,1.21805950050718,1.21805950050718,1.05888342317961,1.54939465967587,1.38527954853042,1.11791780220813,1.21805950050718
"cfa-miR-1839_st",6.47186362780723,6.37641138968767,6.50585585701048,6.32694897048287,6.04543628354148,6.39504231372489,5.89093951545154,5.46601115819551,6.54184414427672
"cfa-miR-184_st",1.07200311704127,1.12933200853352,0.902492803695906,1.87873673373905,1.07200311704127,1.05701634675296,1.03259895884862,1.07200311704127,1.05261204787139
"cfa-miR-1840_st",2.30984812034918,2.189146359755,2.30984812034918,2.04323732492664,3.2096240281399,2.56396505606552,2.10254730656352,3.80100115255337,2.21649157727076
"cfa-miR-1841_st",2.439166235033,2.61532458177723,2.61532458177723,2.61532458177723,2.61532458177723,2.34918161231086,2.10254730656352,3.02919052330849,2.61532458177723
"cfa-miR-1842_st",0.821517982151869,0.618868566208295,1.09685873428976,1.26442616437186,1.09871039974321,0.977375339764336,0.895947226810527,1.03255631907846,0.977375339764336
"cfa-miR-1843_st",1.05701634675296,1.53186694011364,1.1064681867617,0.566768112266126,1.05701634675296,1.05701634675296,1.05701634675296,1.2145902736085,1.48380183970371
"cfa-miR-1844_st",5.01067621173231,4.23199077158217,4.71247080248994,5.00327341606837,4.35067631542661,5.07888152996015,4.70494341064293,5.82564217816132,5.71371127076165
"cfa-miR-185_st",9.99446446094403,10.2021822332469,10.2627356907645,10.0648059160444,10.2072759350844,10.3349711214439,10.0660786101587,10.0337130435147,9.91932115265709
"cfa-miR-186_st",1.06037764626849,0.781922829668421,1.26669290766968,1.17496667247027,1.15695348061009,1.19604960003146,0.977375339764336,1.06037764626849,1.24773751988853
"cfa-miR-187_st",1.0463970527191,1.19247055335509,1.24185509333816,1.14936713482576,1.05145397154393,1.19247055335509,1.35969060137833,0.527606422081161,1.19247055335509
"cfa-miR-188_st",3.93338723626463,3.8725843976499,3.20452955088498,4.03919349985069,3.93601670008704,3.8725843976499,3.25058043455435,3.94481939657166,3.788660337495
"cfa-miR-18a_st",10.3601991312784,10.1706853849902,10.2156582738776,10.2732630896693,10.2628828748175,10.2753094983629,10.4505625786537,10.2626787691329,10.184623454509
"cfa-miR-18b_st",7.28290439109368,6.80114659457262,6.59773071226626,6.80510503278729,6.79117416614467,6.68936251668273,7.07851168954642,7.01570474093699,6.89021018166448
"cfa-miR-190a_st",1.01588945161581,0.757944349701983,0.801140596872359,0.913072924553037,0.857891945238911,0.950668057062392,1.41603086216348,0.800563053746665,0.576626880327091
"cfa-miR-190b_st",0.967730862520002,1.06767845805693,0.967730862520002,0.969045318101911,0.967730862520002,0.959989432433061,1.10055964421233,0.887658717589973,0.671185367743679
"cfa-miR-191_st",12.091598073182,12.1708093427394,12.2298829114911,12.1364162743623,12.0947563362456,12.1869482696181,12.0143858744055,12.0491959780168,12.1235652344264
"cfa-miR-192_st",6.92293874017197,6.91969014676755,6.67185519274495,6.79705324111415,6.70826398674419,6.70936954536173,7.30218625209784,6.94109000822418,7.14443502470738
"cfa-miR-193a_st",5.85085843072384,5.57934828646142,5.74447956552867,5.9026879601254,5.93336141087513,6.02082835401279,6.49618646087189,6.64774500969206,5.9026879601254
"cfa-miR-193b_st",4.56502719744901,5.71680076501247,5.62588495278027,5.99913461824993,5.78210656126156,5.36041123777518,5.62588495278027,5.39204791932577,4.85287290195213
"cfa-miR-194_st",7.4842001265399,7.39748853068529,7.37871219519803,7.74832491059994,7.43180985623424,7.41691655792929,7.5423785466902,7.57717933164486,7.54026165921292
"cfa-miR-195_st",3.20862042416976,3.41326956229468,1.82048753878116,3.20862042416976,4.1684741330176,2.57714964524617,3.74193590224322,3.20862042416976,4.13459952441997
"cfa-miR-196a_st",0.977375339764336,0.587391608721715,0.768740771019274,0.924842639475504,0.876981374195523,0.869239944108582,0.786879864238714,0.869239944108582,0.869239944108582
"cfa-miR-196b_st",1.04844286198043,1.1561318876043,0.966082782110564,1.21063941109832,0.966082782110564,1.154791151671,1.10055964421233,0.86920579278058,0.759638797291049
"cfa-miR-197_st",6.47470506719804,6.48320406239311,6.22116656456082,6.32395488273133,6.48107606544609,6.37200260831862,6.39115104942848,5.91413736777659,6.34267571694639
"cfa-miR-199_st",0.68351878448705,0.618868566208295,0.759638797291049,0.805485729787015,0.682042899766956,1.25049749754397,1.07091935669821,0.586641795157066,0.892467578983382
"cfa-miR-19a_st",6.74161986269228,6.80181610916361,6.68099546466835,6.66680273195296,6.38356845327665,6.43415127407961,6.91129936820471,5.98729094813684,6.9111905795837
"cfa-miR-19b_st",11.3255903160089,11.3490361454922,11.2059677424524,11.2059677424524,10.8605495794369,10.7456556931963,11.3307568961618,10.9160809209602,11.3146104533691
"cfa-miR-200a_st",5.71402946514198,5.21598666534367,5.69379147516751,5.51378340385037,6.1263898231432,6.18338836267181,5.77233568437216,5.69102361095691,5.72477797172563
"cfa-miR-200b_st",6.92318698167243,6.96633464115814,6.65730533919652,7.0289077083776,7.05859309457996,7.09998323960524,6.84665642407539,6.86202440579454,6.87613087457896
"cfa-miR-200c_st",13.4540403267758,13.5956256626688,13.6037758729933,13.4182176134386,13.4893499105055,13.4540403267758,13.3908593554237,13.4197931320221,13.4117216039908
"cfa-miR-202_st",1.10055964421233,1.10055964421233,1.12215122423553,1.10055964421233,0.780752363233209,0.956904247868998,1.10055964421233,1.73421691614573,1.03360764233305
"cfa-miR-203_st",0.775531865369044,1.22722888710434,0.977375339764336,0.368094948007915,0.735887823900498,1.15695348061009,0.735887823900498,0.908252079370534,0.895797088116621
"cfa-miR-204_st",1.52252466992445,1.07468365283346,1.07721423266781,1.93628503261345,1.28399757349365,1.9808715171436,0.944494018666317,1.07468365283346,1.01541595557559
"cfa-miR-205_st",13.0800745656196,13.1497443751254,13.2905726204551,13.1504988986261,13.1662520492072,13.2057307139893,13.1805917149419,13.1324737045336,13.2859548963355
"cfa-miR-206_st",0.849072825392129,1.07200311704127,1.42072603362084,1.1260642705034,1.19333817702015,1.07200311704127,0.977375339764336,1.12236325117289,1.07200311704127
"cfa-miR-207_st",1.45161895753475,1.72277636770658,1.66026633280689,1.95529166361711,1.9808715171436,2.71870086594638,1.9808715171436,1.70288503685157,2.15811915766501
"cfa-miR-208a_st",1.1335326278638,0.524240788931362,0.977375339764336,1.2568438577303,0.863066040655122,1.05701634675296,0.977375339764336,1.22816040514073,0.856040279785458
"cfa-miR-208b_st",1.10289232714796,1.07618504444601,1.33268788345735,1.15695348061009,0.836358757953178,1.21070043765389,1.34444020026939,0.773454983147514,1.29602543705933
"cfa-miR-20a_st",12.9698857814937,12.9383631776197,12.8371600169237,12.9163652823792,13.1136871422898,13.0551979219644,12.9806278765977,12.9728962300834,12.9293550050455
"cfa-miR-20b_st",8.49348783135655,8.39676703299622,8.19278185066434,8.46680948293717,7.99838937213385,8.06551573159449,8.56775805703875,8.35210980508056,8.75170369685866
"cfa-miR-21_st",8.77717996870162,8.74012900608868,8.45764947690556,8.29270777591285,8.23833418574248,8.61746975499798,8.63713966408572,8.20921525496948,8.64558002537524
"cfa-miR-210_st",7.74941006088679,7.93495495503708,8.00945935088072,8.20860246876201,8.71683631262595,8.69914090318959,8.40689106229944,7.61506086102923,7.4572048543774
"cfa-miR-211_st",1.13537284614124,0.921984260324026,0.977375339764336,0.977375339764336,1.57610194237781,1.10866556343929,0.977375339764336,0.84333228167223,0.576626880327091
"cfa-miR-212_st",0.950668057062392,0.950668057062392,1.07503161415376,0.886365641851092,0.809651475251233,0.950668057062392,0.619602369757496,0.986313237388021,0.842532661406638
"cfa-miR-214_st",1.66406311548037,1.67877151483824,1.61234810407296,1.79027357140273,1.5445895739763,1.81014759548915,1.7707434372965,1.66406311548037,1.66406311548037
"cfa-miR-215_st",0.884599227940856,0.857891945238911,1.49630021318676,0.632554618278055,0.537297222581997,1.40332115903987,0.698715867911337,0.844937857670608,0.996963901688146
"cfa-miR-216a_st",1.5310369597944,1.20275017419337,1.64801427447392,1.51300014290518,1.40079057920553,1.5549369971724,1.35969060137833,1.40079057920553,0.988713485612647
"cfa-miR-216b_st",0.68200942249574,1.59360915796357,0.856676385163827,1.61439104865956,0.646309652459441,0.692155322953248,1.12087727142298,1.33485549635608,0.869239944108582
"cfa-miR-217_st",1.07200311704127,1.07200311704127,1.07200311704127,1.04456203079012,1.07200311704127,0.931432905261996,1.07200311704127,1.07200311704127,1.07200311704127
"cfa-miR-218_st",0.646309652459441,0.515698536282352,0.950668057062392,0.809902894627094,0.981541085228554,0.86723178611934,0.869239944108582,0.809902894627094,0.896590721659732
"cfa-miR-219-star_st",1.02933862078609,1.2006717430963,1.1677905569409,1.2006717430963,1.23576487864534,1.06010153131703,1.2006717430963,1.36728084529709,1.2006717430963
"cfa-miR-219_st",1.37330528550943,0.893720917735969,0.878509384437774,0.856125785226615,0.836358757953178,1.03979441837196,1.00533861251607,0.70834977473043,0.893720917735969
"cfa-miR-22_st",11.5898854158643,11.4787184681616,11.7679579586254,11.7391997220917,11.8301819483059,11.8500545557491,11.7144548484665,11.700324593826,11.7461457342791
"cfa-miR-220a_st",1.10015120861527,1.57329153075292,0.969593606990057,1.15695348061009,1.63434502324469,1.15695348061009,1.35969060137833,0.985315290008632,1.15695348061009
"cfa-miR-220b_st",0.68262219302833,0.950668057062392,1.24185509333816,1.26442616437186,1.36007820736566,1.92739276596071,1.28131703770146,1.54939465967587,1.5551369578762
"cfa-miR-221_st",12.2965530847411,12.2067301151849,12.3704008153998,12.1768915585473,12.2413209441313,12.2535949052768,12.3893563187688,12.1643337563772,12.3239543486789
"cfa-miR-222_st",12.7222075410767,12.7171826347799,12.5214055786466,12.6416862392528,12.5748533008293,12.6114691424788,12.6953645447532,12.6520723708909,12.6419872217344
"cfa-miR-223_st",1.19526912902373,1.23747845553604,1.97864309285151,1.26442616437186,2.47801098234181,1.54939465967587,1.78238433082125,1.78238433082125,2.94023352815279
"cfa-miR-224_st",6.16488074862423,6.70110117884189,6.51473240596438,6.66114246334059,6.44811054176163,6.1694733247669,6.38133785853126,6.49617336099653,7.17265538413572
"cfa-miR-23a_st",9.89766342032953,9.72040744515047,9.39455406635627,9.35573310911135,9.40514818001383,9.50618604480794,9.91005256877282,9.47998108437494,9.85572143037106
"cfa-miR-23b_st",9.48734292473232,9.19466173345592,8.86409269733626,8.96175040081292,8.94753279869711,8.72694821510079,9.3357449661159,8.86192409655193,9.19627126283093
"cfa-miR-24_st",13.4160034635532,13.3915713314051,13.3070340653293,13.3914737739133,13.5150679037721,13.5019536632413,13.4321290700029,13.4004059261834,13.3955446079833
"cfa-miR-25_st",10.2151053611212,10.3348996131186,10.1520803675835,10.1033503594973,9.50137926266775,9.65240011046538,10.2289830063515,9.96330235527913,10.2081792211419
"cfa-miR-26a_st",12.2764129556504,12.3973256798295,12.2422998774355,12.3707704716616,12.1363747603779,12.1354779909992,12.257355933704,12.2437171153138,12.2391817847889
"cfa-miR-26b_st",5.03679808499724,5.15922563347492,3.73986589666662,5.30253245727205,5.03679808499724,3.73658226710182,4.89086041150075,4.71240620890321,5.9610817579266
"cfa-miR-27a_st",10.1448434384965,9.80827519592962,9.51885621896874,9.85708279542605,9.91571488305379,9.88864673537099,10.3099771254535,9.91571488305379,10.1399931835723
"cfa-miR-27b_st",10.2423132671689,10.0287393812301,10.0099730887084,10.1392570485021,9.78752350873749,9.83333803595346,10.2580987009734,10.1057789908877,10.3111015230762
"cfa-miR-28_st",7.23630962379183,7.17921958926601,7.00802921221453,7.31491653091374,7.16850353482221,7.16850353482221,7.22867519375471,7.16850353482221,7.16489658266537
"cfa-miR-299_st",1.16183364317604,1.48598787037182,1.59148853231282,1.52219594942832,1.15998197772258,1.05701634675296,1.9354158892899,1.13271295723112,0.968952717951239
"cfa-miR-29a_st",10.8844050992244,10.6702724480912,10.7081955359323,10.7255456438691,10.6642279952008,10.7424899600249,11.1008161141224,10.5698067191763,11.0179026681293
"cfa-miR-29b_st",5.39776252167342,4.68997366554619,5.47100652357642,4.87935314204998,5.36161642719982,5.14633896879499,5.7534724245573,5.39776252167342,6.00107471968693
"cfa-miR-29c_st",4.47201167111432,3.6403636955166,3.55694691492129,3.86782452726652,2.41953572433632,3.39058054908939,4.40936251391853,2.87783044222572,4.58526291251472
"cfa-miR-300_st",1.14626069594865,0.869899620898313,0.923960774360447,1.1223557562171,1.22107610815258,0.728669732329309,0.813097348903492,0.950668057062392,0.950668057062392
"cfa-miR-301a_st",6.05091812290957,5.37198447949156,5.92660369653126,6.15187964127951,5.6161134176946,5.22901705139442,5.92660369653126,5.90226852743287,6.48992664061458
"cfa-miR-301b_st",1.07200311704127,1.07200311704127,0.895341354904482,1.07200311704127,1.0572947176834,1.31588367309833,1.23922316506451,1.07200311704127,1.07200311704127
"cfa-miR-302a_st",0.877263240880371,1.29060874970607,0.805534313402114,1.10055964421233,1.10055964421233,1.10055964421233,1.10055964421233,1.28371342459436,0.909530384440992
"cfa-miR-302b_st",0.946701474739557,1.41492863774244,0.950668057062392,0.975871056369742,0.950668057062392,0.942926626975451,0.82522015259539,0.950668057062392,0.973895691937191
"cfa-miR-302c_st",0.869239944108582,0.747904884129704,1.05928904960232,0.805485729787015,0.869239944108582,0.869239944108582,0.895947226810527,0.869239944108582,0.662847824038212
"cfa-miR-302d_st",1.10866556343929,0.950668057062392,1.24185509333816,1.24487241540713,0.982307475150047,1.10431159648846,0.900879362196237,1.9297228543929,1.06497735617161
"cfa-miR-30a_st",11.0857306076897,11.1161867860085,11.3913074521758,11.3347842241693,11.7124336428219,11.7011411898334,11.3696839298991,11.4023511326962,11.114351786003
"cfa-miR-30b_st",8.15055360930449,7.5099326518079,7.70955890481999,7.76666085582881,7.56674634981077,7.59756050293049,7.95532623223909,7.61919988966441,8.13904049159167
"cfa-miR-30c_st",10.9351913207492,10.916557678805,10.774960288034,10.9752501255138,10.6035863900997,10.5788893779019,10.9735265052695,10.8222887775255,10.998859078256
"cfa-miR-30d_st",10.1976486281582,10.4078422405444,10.5143682639689,10.4417703660169,10.3354436104335,10.4143704457641,10.176937274778,10.2383018042571,10.1366602730281
"cfa-miR-30e_st",4.41829437184554,4.98800983790904,4.91206294734711,5.07082668811102,4.2805254640714,4.25966395230816,5.30195990409882,2.65722856056905,5.37643092725449
"cfa-miR-31_st",14.0634740708715,13.8602377564789,13.9040044137169,13.9161029316895,14.1231268101207,14.0484814743267,14.0552873466121,13.9769301707865,13.9953413025878
"cfa-miR-32_st",1.68268715093672,2.17201813336639,1.68268715093672,1.82757963994055,1.43508536056665,1.54939465967587,2.04826593725292,1.60125198748589,1.78998287291727
"cfa-miR-320_st",11.0793164502851,11.3531762418424,11.2905545041139,11.1625412903676,11.4516872654555,11.49704397455,11.0598944314229,11.2358952299261,10.8205177758857
"cfa-miR-323_st",1.34230607436303,0.781885293652519,0.964218895708212,1.0326152777658,1.36331774641354,1.15703232286584,1.6153199025804,1.2145902736085,1.61669900197199
"cfa-miR-324_st",7.91317481705099,8.00651574132963,8.11221263063156,8.14129387634172,8.0903373250698,8.11336896945049,7.91600281355525,7.99954414232104,7.91553687103152
"cfa-miR-325_st",0.766922854874339,0.836358757953178,0.993864304232767,1.00990330594074,0.836358757953178,1.15695348061009,0.836358757953178,0.913072924553037,0.731629027888488
"cfa-miR-326_st",1.82160077542077,1.07200311704127,1.2145902736085,1.03143649322647,1.2145902736085,1.65990071086514,1.52854073296985,1.12963991003968,1.2145902736085
"cfa-miR-328_st",2.31675283659651,1.8170187791023,2.13516296143349,2.73934658726927,1.62084722428582,2.57714964524617,1.45860284261233,1.70085635948293,1.70040064894524
"cfa-miR-329a_st",0.977375339764336,0.964811780819581,1.40332115903987,0.940342331256473,0.964811780819581,0.977375339764336,0.977375339764336,1.00743048486426,1.07200311704127
"cfa-miR-329b_st",1.73291389399921,1.04123577831279,0.839384540151177,1.14870846207455,0.956285414743965,1.30765979727246,0.98484194191503,1.43367695737856,1.23093983661033
"cfa-miR-33_st",1.46530127758743,1.42658303868454,1.04621805153138,1.05606938468248,1.30594992915747,1.6032846878006,1.23922316506451,0.909587468086146,1.15309626774171
"cfa-miR-330_st",0.990217630318084,1.33299742817547,1.33299742817547,0.803084047690449,2.14003816827798,1.37245937253877,0.646309652459441,2.53030856987031,1.72543860724125
"cfa-miR-331_st",5.18752049145108,5.79663780032998,5.09773401656373,5.89986719783555,5.80568804711817,5.68628028075016,5.73825516323998,5.73825516323998,5.73825516323998
"cfa-miR-335_st",1.20087837364624,2.41322708137432,1.1263760568262,2.01099062210716,1.41773419641524,1.3499895973333,1.1149726815877,1.07200311704127,1.21508478047167
"cfa-miR-338_st",0.950668057062392,0.950668057062392,1.07618504444601,1.12300546698914,1.07618504444601,1.03131335166755,0.869239944108582,0.820421676473514,0.950668057062392
"cfa-miR-33b_st",0.913072924553037,1.03885232407946,1.64953635797491,0.860666709101141,0.913072924553037,0.803207964991368,0.913072924553037,0.726623651009035,1.1271840963554
"cfa-miR-340_st",1.10055964421233,1.10055964421233,0.98108610270827,1.3800281621783,1.14112626802713,1.20690793390291,1.10055964421233,1.10055964421233,0.828761948276914
"cfa-miR-342_st",8.38198953096455,8.59331905408458,8.41775954266227,8.57792130776007,8.17782562460267,8.48065987198023,7.91284227305979,8.24011145547036,8.35602373691111
"cfa-miR-345_st",1.87638728929432,1.50977580926881,1.02216722627791,1.2145902736085,1.18170908745309,1.07402006182922,1.29425978256993,1.2145902736085,1.64053609288404
"cfa-miR-346_st",4.18018204050276,5.01713987260332,3.71261139118024,4.63207149617521,5.03679808499724,4.69169053305583,4.93252921259974,5.43845118125699,4.15292753501638
"cfa-miR-34a_st",2.40122332972403,2.43218158054698,2.33989373044458,3.09113876836216,3.03063602791898,2.33079778453587,2.85193718626848,2.20287785642062,3.36992935698757
"cfa-miR-34b_st",1.01497047227369,0.939541290216964,0.950668057062392,0.950668057062392,0.848002988160828,1.07503161415376,0.683904784968795,0.950668057062392,1.2006717430963
"cfa-miR-34c_st",1.40332115903987,1.36952187468782,1.52854073296985,1.71135519896999,1.31428383832371,1.68268715093672,1.52854073296985,1.52854073296985,1.52854073296985
"cfa-miR-350_st",1.46992891594217,1.64347346392973,1.49003933666774,1.72424190009381,1.40785340380257,1.50998941610538,1.56204535097592,1.54939465967587,1.89347714996364
"cfa-miR-361_st",9.89842155274083,10.1849894886879,10.1499429957188,10.0916863632215,10.0093510985961,10.0515759126959,9.89392836223929,9.99734163877657,9.81593728726147
"cfa-miR-362_st",6.30964848515903,6.72970369658968,6.6523254888156,6.18474650325748,6.89625199811231,7.04780394229944,6.59896931966577,6.59896931966577,6.32474913446334
"cfa-miR-363_st",0.926648546331323,1.24967694201159,1.73929795766182,1.08821596047234,0.932806683535929,0.829625790900261,1.00328300220069,0.913072924553037,1.16845104262402
"cfa-miR-365_st",1.23922316506451,0.950668057062392,1.52854073296985,1.40079057920553,1.15695348061009,0.813938999049591,1.23922316506451,1.40079057920553,1.23922316506451
"cfa-miR-367_st",0.886606063872376,1.17252217632852,0.998989046440332,0.962426092271777,1.00002122478113,1.02886677998519,0.748974721361005,1.11620326720385,1.00002122478113
"cfa-miR-369_st",1.03143649322647,1.67916999762179,1.17245307503763,0.93617205622,1.13926323514663,1.03143649322647,0.958505841657505,1.07253647105367,0.950668057062392
"cfa-miR-370_st",0.948336837557695,1.35969060137833,0.878654065425346,1.45073564717281,1.25269524216065,1.55411193134195,1.35969060137833,1.53939320413586,1.07113549337621
"cfa-miR-371_st",1.10866556343929,1.91504533075886,1.31863748247889,2.08533796874575,1.10960354292975,1.40079057920553,1.35869670656857,1.40079057920553,1.78353665698443
"cfa-miR-374a_st",1.17508781703535,1.13842537063733,0.713177942292106,0.913072924553037,0.934155852114234,0.803914121877781,0.91553181665788,0.825321739010229,0.91553181665788
"cfa-miR-374b_st",2.8783573368695,1.72759324772549,0.761029047887185,1.72759324772549,1.35600599536574,1.06091700942514,1.34947211742725,1.72759324772549,3.48933620701616
"cfa-miR-375_st",1.10055964421233,1.29602543705933,1.44389399773486,1.30796946183123,0.879902055412549,1.08618747896025,0.912783241567954,1.15574062352646,1.14465616815607
"cfa-miR-376a_st",1.093536304327,1.07200311704127,1.12641749048241,1.1591683647207,1.27429369781613,1.0785495340387,1.093536304327,1.11189400420847,1.19364840321097
"cfa-miR-376b_st",0.792187211551932,0.753635998800391,2.15681660609534,1.14870846207455,0.882288721508741,1.04472212238155,0.956285414743965,1.10235891537996,0.722504439419582
"cfa-miR-376c_st",0.780352710551547,1.04174155060807,0.869239944108582,0.805485729787015,0.744093069990147,1.09265106539879,1.0157379934546,0.913072924553037,0.950668057062392
"cfa-miR-377_st",1.10866556343929,1.2006717430963,1.10866556343929,1.18943399960337,1.15695348061009,0.950668057062392,0.905902390506604,1.10866556343929,1.32832899427139
"cfa-miR-378_st",10.5374598778477,10.7545907092053,10.8118419968236,10.7411690545141,10.9983231625974,10.8590634944947,10.7012577422701,10.6516426488936,10.4356042003891
"cfa-miR-379_st",0.898458569053711,1.29529952037323,1.44388778285467,0.832979738010654,1.13872988113423,0.876925381767978,1.07200311704127,1.07200311704127,1.07200311704127
"cfa-miR-380_st",1.07200311704127,1.04529583433933,1.07200311704127,1.07200311704127,1.07200311704127,1.15695348061009,1.07200311704127,1.07200311704127,0.869239944108582
"cfa-miR-381_st",0.977375339764336,1.25464143345793,1.09226218199924,0.83005836477956,0.934756635719655,1.1490135303658,0.977375339764336,0.913072924553037,0.977375339764336
"cfa-miR-382_st",1.10866556343929,1.0426742367194,0.950668057062392,1.16103780539283,0.921339176740522,1.61336858956658,1.17550301841173,0.779029866460931,1.0426742367194
"cfa-miR-383_st",1.15344061456488,0.831317657117245,0.950668057062392,1.03143649322647,1.03143649322647,0.849229674914927,0.977375339764336,1.07200311704127,1.04614489258434
"cfa-miR-384_st",1.04123577831279,1.04123577831279,1.52712423245168,1.14870846207455,1.04123577831279,1.12618614188161,0.8395424426114,1.30515799485889,0.959807665358978
"cfa-miR-409_st",1.2145902736085,1.07200311704127,1.07200311704127,1.79027357140273,1.36624046475082,0.964870351515557,1.18013851269702,1.23294797348996,1.07200311704127
"cfa-miR-410_st",1.21680095909505,1.87714213095327,1.10866556343929,1.26760104930665,0.865533667298924,0.987018503632414,0.977375339764336,1.10866556343929,1.40299460301546
"cfa-miR-411_st",1.1482857307819,1.17392076773713,1.07764046952524,0.569841370698923,1.15695348061009,0.921309121522,0.646654699655638,0.959276900851812,0.816967688783295
"cfa-miR-421_st",3.47023218503857,3.95580438547421,3.44389586606472,3.0376647410292,3.33751368405529,2.31634865333505,2.83686428056111,2.90226159126803,4.39107921823234
"cfa-miR-423a_st",7.95909707453573,8.57479931543281,8.44555984934316,8.4384777017445,8.51238020803784,8.63651303250444,8.13489829846542,8.23508790390284,7.91735014879514
"cfa-miR-424_st",7.44218619656476,7.97181766211433,8.17150137566291,8.28552118100443,7.9159025834278,8.03915140984228,7.80393154051949,7.64927115823768,7.41778758767172
"cfa-miR-425_st",9.83153378661156,9.89917036261475,10.0479462721423,9.89917036261475,9.89917036261475,10.0142978558546,9.85530913718932,9.65702859197916,9.91857566004789
"cfa-miR-429_st",1.23922316506451,1.25150225579944,0.999797545733797,1.38183516765134,1.21978971318833,1.83912049211918,1.33199927688799,1.59592149343409,1.41624898874777
"cfa-miR-432_st",0.972483639901637,1.72324219700811,1.27457367238531,1.60033263743707,1.07200311704127,1.27154517527282,1.42673363165453,1.27154517527282,1.06525975172512
"cfa-miR-433_st",0.977375339764336,0.955842152478603,1.07015145158782,0.92496912431244,0.955842152478603,0.955842152478603,1.10055964421233,0.898513260986356,0.879122191816474
"cfa-miR-448_st",0.934606111838771,0.73641116241625,0.913072924553037,0.885631838301892,0.913072924553037,0.755075418176137,0.913072924553037,1.06650705181503,1.21743132915599
"cfa-miR-449_st",1.02635114265294,0.961092437982791,1.07200311704127,0.923497305473437,1.08242749796167,0.961092437982791,0.987799720684736,0.987799720684736,0.722908690367411
"cfa-miR-450a_st",0.881955712358994,1.19348389986393,1.09606688416135,0.620084126283379,0.698107663149753,0.86042252507326,0.870455504183666,0.779029866460931,0.698107663149753
"cfa-miR-450b_st",1.28131703770146,1.57329153075292,1.50682240007425,1.28131703770146,1.207989896857,1.16700773859225,1.35969060137833,1.53339915483243,1.28131703770146
"cfa-miR-451_st",0.892424976195514,0.995297772007989,1.17792782721048,1.17488674806098,0.891287085340263,0.991234680877192,1.32302815498031,1.72873041701531,1.07200311704127
"cfa-miR-452_st",3.89328288482958,4.04893290793807,3.14205694205426,4.04893290793807,3.71615454806498,2.02721254175868,3.21196274142564,2.59187813284228,4.84147774647657
"cfa-miR-454_st",0.950668057062392,0.845902914916194,0.876573903297845,1.3401510492596,1.28131703770146,0.728669732329309,1.13049966894148,0.774509710318154,0.950668057062392
"cfa-miR-455_st",2.62864149867515,3.57045025172886,3.44066281729169,4.44688105675773,4.2164261210699,3.68612812971101,4.28105395648801,4.0567577030832,4.87712966701054
"cfa-miR-483_st",1.72340250046774,1.27494250949813,2.12034252258748,1.66160422337553,1.74655458694435,1.57933453892111,1.66160422337553,1.67552275388772,1.66160422337553
"cfa-miR-485_st",1.31843049933566,1.2662947299209,0.977375339764336,1.48869957141,1.40079057920553,1.57681570750782,1.40079057920553,1.58849476595135,1.31708382988173
"cfa-miR-487a_st",0.881954011547533,1.07200311704127,1.44515016456634,0.805485729787015,1.39259783969818,1.15695348061009,0.994273885685307,0.913072924553037,1.07200311704127
"cfa-miR-487b_st",0.857891945238911,1.26442616437186,1.87962114958807,1.26442616437186,1.61073097665877,1.26442616437186,1.32809132869086,1.36919130651805,0.892076522079524
"cfa-miR-488_st",0.854920453933466,1.06903162573582,1.06903162573582,1.03143649322647,0.66779623180289,1.27834554639601,1.64690430164328,1.06903162573582,1.06903162573582
"cfa-miR-489_st",9.83360625031011,10.4031938739233,10.2824358465115,10.5014507846842,10.242613877982,10.3866217830972,9.43392008851749,10.3710124716064,10.2648424949433
"cfa-miR-490_st",0.977375339764336,0.950668057062392,0.851279915235243,1.04374120370724,1.11476605103776,0.950668057062392,0.950668057062392,1.07200311704127,0.845938326997702
"cfa-miR-491_st",1.03143649322647,1.2006717430963,1.03143649322647,1.19061257055404,1.03143649322647,1.11379657309634,0.867338290034438,0.818535566604108,0.899265676910635
"cfa-miR-493_st",1.78262428479385,1.07200311704127,1.03173390668012,1.1313736270836,1.15695348061009,0.950668057062392,1.07552536765628,1.27828854058897,1.17780740731611
"cfa-miR-494_st",1.35824462032241,5.56028260680791,7.19577327042199,5.1577849855507,4.70994905026467,3.93563547323146,3.56011390447982,4.08935196888677,4.18018204050276
"cfa-miR-495_st",1.31642095620023,1.03143649322647,0.85200568106453,1.03143649322647,1.18308668436879,0.950668057062392,1.00138134812654,1.2407234773672,0.766545462909145
"cfa-miR-496_st",1.15695348061009,1.15695348061009,1.09931668761169,1.17543346501616,1.24433751720227,1.15695348061009,1.30205380837992,1.07688133568006,1.15695348061009
"cfa-miR-497_st",1.40332115903987,1.37661387633793,1.42440408660107,1.33695852783618,1.96970853499464,1.03328049162597,1.10140753704268,1.81489668838552,1.29111159534022
"cfa-miR-499_st",1.29518576338412,0.869239944108582,0.769292348571654,0.805485729787015,0.877484962644124,0.728223362297424,0.869239944108582,0.811911052616336,0.946255960869769
"cfa-miR-500_st",6.94146358665969,6.76822976059101,6.78551759968961,7.0903232873594,7.21487024341882,7.30157579860975,6.759921839264,6.94146358665969,6.75013450636391
"cfa-miR-502_st",6.97272997761293,7.07017907421743,6.63328466757898,6.71863050536443,7.1735159196886,7.15644800013354,6.96764550913723,6.98787764661391,6.57675989432416
"cfa-miR-503_st",3.24219609405072,2.8675755815118,2.06542971545183,2.10675310747148,2.06438847796775,2.75606659365417,2.85755928600543,3.05373084082191,3.70263607515713
"cfa-miR-504_st",0.991667032456376,1.05432745616204,1.08176854241319,1.0468480117705,1.08176854241319,1.49247523670671,1.08176854241319,0.984891553083201,1.29602543705933
"cfa-miR-505_st",5.56430350734936,6.20162948308547,6.16211696228886,6.05683153914287,6.36431629052926,6.09434332241111,6.18087656414867,5.85916684709019,5.90281085065903
"cfa-miR-514_st",1.13722209061036,1.10055964421233,1.20249437197465,1.14870846207455,1.10055964421233,0.864915285124243,1.10055964421233,1.24314680077956,1.11243571166332
"cfa-miR-532_st",7.50464620663234,7.94794132681708,7.50111111739662,7.61096239400126,7.6893100295193,7.77788878559066,7.46089408947672,7.90881915969776,7.61096239400126
"cfa-miR-539_st",1.07200311704127,1.04456203079012,0.977375339764336,1.07200311704127,1.3328403172333,0.960385422261171,1.35969060137833,0.944252963276944,1.33029570327571
"cfa-miR-542_st",0.950668057062392,1.23826687560565,0.950668057062392,0.950668057062392,0.950668057062392,0.950668057062392,0.925991292475135,0.835781214827484,1.0320961700162
"cfa-miR-543_st",1.32128184220502,0.917786870906987,0.917786870906987,1.14870846207455,0.917786870906987,0.836358757953178,1.23922316506451,0.860457979414741,0.950668057062392
"cfa-miR-544_st",1.1236523337276,1.44389399773486,0.752195836062145,1.04870798442558,1.1719402508984,1.07200311704127,1.2205975944029,0.677215441552825,1.07200311704127
"cfa-miR-545_st",1.00600049453773,1.09610200449454,1.49532727731669,1.14870846207455,1.11640699352623,1.10866556343929,1.10866556343929,1.02371519987047,1.10866556343929
"cfa-miR-551a_st",1.52117031636155,1.33414294344056,1.24185509333816,1.03895740778025,1.57293609664243,1.52117031636155,1.09522449708601,1.18985227436295,1.81037475617085
"cfa-miR-551b_st",1.07200311704127,1.07200311704127,1.07200311704127,0.926820789765893,1.07200311704127,1.17835140673184,1.07200311704127,1.07200311704127,1.12575007408507
"cfa-miR-568_st",0.939320058192721,0.950668057062392,0.790506756809756,1.40079057920553,0.950668057062392,1.2339756537933,0.950668057062392,1.2145902736085,0.950668057062392
"cfa-miR-574_st",8.54095709090794,8.67986561403969,7.97729826544396,8.72876014929467,8.57155947937377,8.72372890927443,8.31625130129175,8.53026727184037,8.21828222024591
"cfa-miR-578_st",0.857891945238911,0.857891945238911,0.576626880327091,0.857891945238911,0.65988974833969,0.843183545881045,0.990955435644586,0.552873001971574,0.950668057062392
"cfa-miR-582_st",1.38940262852768,0.965027384008208,1.2709608530273,1.2006717430963,1.2006717430963,1.2006717430963,1.35056333024624,0.99135782243611,1.2006717430963
"cfa-miR-589_st",1.48922685109841,1.2006717430963,0.868872252242204,0.984163866053858,1.32152535421969,1.42334640085854,0.998978407394913,1.46459395964241,0.730391574229495
"cfa-miR-590_st",0.856040279785458,1.02423139544043,1.08494596846718,0.913072924553037,1.02423139544043,0.950668057062392,0.659521649216322,1.09927213753273,0.950668057062392
"cfa-miR-592_st",0.987330503460413,0.836358757953178,0.6580549932809,0.913635048554529,1.15343122999508,0.942707047643749,0.950668057062392,0.791737864574159,1.15236139276378
"cfa-miR-599_st",1.0375882099834,1.65202507198203,1.03196021840601,1.07200311704127,1.04529583433933,0.949185535343319,1.15785343273098,1.36477959394257,1.07200311704127
"cfa-miR-615_st",2.55258049372307,0.947227804863957,1.26109964887766,1.7868333192043,1.94571663460993,2.43572598283456,1.7868333192043,1.72873041701531,2.00689140865371
"cfa-miR-628_st",1.53830185203759,1.27624659991279,0.725351683909305,1.14870846207455,1.18927508588935,1.32188366151626,0.986511912956663,1.08597530608452,1.44388778285467
"cfa-miR-631_st",1.2561142453481,1.21756282337989,1.28131703770146,1.29426816841317,1.21756282337989,0.652388690127823,1.11745072449593,1.21756282337989,1.07200311704127
"cfa-miR-632_st",1.10866556343929,0.888176404819782,0.911828758780959,1.10055964421233,0.993653289855572,1.10055964421233,1.10055964421233,1.10055964421233,1.10055964421233
"cfa-miR-652_st",7.84758124107259,8.09199131793105,7.73639462809317,7.6899430452455,7.9062428820845,7.92575502337619,7.52912178302538,7.92853517231199,7.54069368864475
"cfa-miR-653_st",0.950668057062392,1.0426742367194,1.07267217840081,1.03143649322647,0.950668057062392,0.950668057062392,0.950668057062392,0.770648316595434,1.41033473616854
"cfa-miR-660_st",5.57354173917242,4.84222550022343,4.46469227030362,5.77036391408702,5.64911469048525,5.59351458303295,5.3721206452029,5.18226839207994,5.85694378557719
"cfa-miR-664_st",0.977375339764336,1.13373630741509,1.05954692658731,1.01644972293816,0.894439386719563,1.05701634675296,1.2242363947762,1.05701634675296,1.05701634675296
"cfa-miR-665_st",1.75970634545277,0.975253752621196,1.14503809470422,1.40332115903987,1.48610923987822,1.40332115903987,1.40332115903987,1.40332115903987,1.4986748530029
"cfa-miR-671_st",5.03774971531663,5.58541348704325,5.19301132884711,5.48568637929949,5.63540072957221,5.94976710265008,5.17406647347859,4.93781408443537,4.92138761528781
"cfa-miR-676_st",1.10866556343929,0.869939078004674,1.02738222366225,0.950668057062392,0.950668057062392,0.950668057062392,0.788471507944504,1.02738222366225,0.690936179436305
"cfa-miR-7_st",1.91936558966216,2.88325334108116,1.56260536753452,1.26442616437186,1.19035096651148,2.13919585207311,2.55714727102149,0.948622582863236,1.80251107877365
"cfa-miR-708_st",7.29078253216894,7.595643672148,7.39938877760759,7.39938877760759,7.43317654004202,7.69614010111019,7.29708667983941,7.20365326061716,7.27992720494976
"cfa-miR-718_st",1.8905301579997,1.958790770373,1.47699984249071,1.958790770373,2.104864271009,3.10262080512066,1.79469277639764,1.72873041701531,1.91821793167802
"cfa-miR-758_st",0.977375339764336,1.17026355047178,1.00862085676803,1.11803870159649,1.07015145158782,1.03727026543241,1.07015145158782,1.18418208098398,1.07015145158782
"cfa-miR-759_st",0.911384271026241,0.528417168842737,0.73641116241625,0.765434038640471,0.730771043208511,0.813131123078378,1.15405196999966,0.70983134327355,1.23934912894641
"cfa-miR-761_st",1.40141225349719,0.764050893483672,0.820062894871835,1.14574579233568,1.27369645274266,1.28131703770146,0.950668057062392,0.99176803488959,0.662980572725335
"cfa-miR-764_st",1.41730479719557,1.02309457005886,1.35489406091296,1.43566249707704,1.8430107587009,1.91767790491746,0.748974721361005,1.58173599771303,1.43566249707704
"cfa-miR-802_st",0.949185535343319,1.07200311704127,1.07200311704127,1.04174155060807,1.27687060173809,1.17929883902182,1.13566828136027,0.555007546442874,1.2006717430963
"cfa-miR-872_st",0.979871566588888,0.663851447381366,1.42153109068268,0.85215576583436,0.836358757953178,0.730151644495946,0.977375339764336,0.919243919442149,0.85215576583436
"cfa-miR-874_st",6.20718754037634,5.87686335139065,5.60018206978154,6.04108779060418,6.24677670356637,5.85085843072384,6.04108779060418,6.16169813971585,5.81215495186419
"cfa-miR-875_st",0.819820586374406,0.792379500123261,0.836358757953178,0.858924535607741,0.960722315044546,0.836358757953178,0.836358757953178,1.02076195017691,0.836358757953178
"cfa-miR-876_st",0.857891945238911,0.769292348571654,1.07552536765628,0.802151790500793,0.869239944108582,1.1898346667655,0.736519730107092,0.869239944108582,0.869239944108582
"cfa-miR-885_st",2.439166235033,2.04306346372971,2.53089767423413,2.7319427119343,3.79345280199771,2.7319427119343,3.21221781763807,3.88968965258791,2.7319427119343
"cfa-miR-9_st",0.838500876069029,0.805933018551614,0.759638797291049,0.62953264213834,0.656973728389485,0.847022833883222,0.759638797291049,1.01300801990759,0.759638797291049
"cfa-miR-92a_st",13.2474067263894,13.3145701090601,13.1896879440676,13.2194480645134,13.2651575914571,13.2439160932484,13.258792509455,13.2051217160916,13.1393996848427
"cfa-miR-92b_st",7.65222743725141,7.47521934071039,7.3317074827914,7.17246814501067,7.17803756240944,7.41377006606988,7.47521934071039,7.30778361584738,7.04643776403779
"cfa-miR-93_st",12.2929111274016,12.2051228592661,12.2896956416743,12.281843089603,12.5218617060285,12.5377342235664,12.2725788966067,12.3673690699078,12.0960535461166
"cfa-miR-95_st",1.12519253566834,0.979224584233456,1.10866556343929,1.27722140634912,1.28929052964371,0.856722545616902,1.10055964421233,1.10055964421233,1.0269963058343
"cfa-miR-96_st",1.43594376604561,1.38565701299165,1.10866556343929,0.895117305719339,1.16163469297359,1.87467059469628,1.30265127478475,0.932972679171133,2.3664705293589
"cfa-miR-98_st",2.34587649571914,3.35789273141961,2.29776663506731,2.33777057649218,1.60124690713863,1.74286699509309,2.33777057649218,2.30921404932112,2.68258663275993
"cfa-miR-99a_st",4.92527664835861,5.09246462358606,2.74381474582123,4.92527664835861,4.0333474639216,4.62272967849185,5.27331891764108,5.08753523325828,5.35171472883976
"cfa-miR-99b_st",10.7683408747648,10.963091085626,11.0094212705464,11.0022427588441,11.1315234308171,11.1555701081091,10.7922529672532,10.709270931117,10.6395798844049
"cgr-miR-21_st",8.97007612880647,8.86998086635821,8.40502916681346,8.22939388070365,8.28253723175816,8.49070054544211,8.86393706400393,8.22091050625739,8.67328459304142
"cin-let-7a-1-star_st",1.35969060137833,1.15340517783063,1.0534575822937,1.35969060137833,1.68268715093672,1.84863159629651,1.35969060137833,0.610179734869407,1.57746976423815
"cin-let-7a-2-star_st",0.760618951568655,0.950668057062392,0.977375339764336,0.827995799003099,0.950668057062392,0.950668057062392,1.05333312596396,1.02738222366225,0.950668057062392
"cin-let-7a_st",4.04462393886078,4.64510483200926,2.45190441569366,2.02568640982564,1.61249968833752,1.84863159629651,2.45190441569366,3.18231693024062,2.99151024777226
"cin-let-7b-star_st",1.31512227804194,0.779114648223338,1.23285259358753,1.63288955078004,1.68268715093672,1.23285259358753,1.00955619025556,1.2145902736085,0.778042980688147
"cin-let-7b_st",5.83858280752908,5.2566005595426,4.92527664835861,4.94227723939314,4.70468511094948,5.07535247504133,5.74025455185167,4.96691955010579,5.01386422553922
"cin-let-7c_st",2.40883401769477,3.32998014871056,1.7010581545809,1.79929293604815,1.7010581545809,1.93122793408453,2.53577115711782,2.24786128418879,2.30160824123259
"cin-let-7d-star_st",1.1719507125782,0.799696311555156,1.12029103421207,1.3641281328075,1.15695348061009,0.836358757953178,1.23922316506451,1.03534067064325,1.07200311704127
"cin-let-7d_st",1.9421936659385,1.54268587548695,1.65400453751196,1.66656809645672,1.66656809645672,1.63368691030131,1.7868333192043,1.34676081547759,1.7868333192043
"cin-let-7e_st",2.78589587120294,2.99151024777226,2.7319427119343,3.07068033578877,2.104864271009,2.48810561333886,2.9927563561043,2.7319427119343,2.7319427119343
"cin-let-7f-3p_st",1.30842920053035,0.836358757953178,1.4136464449519,1.11458490958072,1.45450270116634,0.912231035214946,1.00566768570281,1.1782964165428,0.794117072071973
"cin-let-7f-5p_st",0.994356264330078,0.836358757953178,0.873953890462532,1.09138536464457,0.722049458843964,0.651955565729449,0.792525777508723,0.85574982712306,0.803189853438767
"cin-miR-1-3p_st",1.31068906924872,1.35817187516084,1.29664128034105,1.40079057920553,1.50629124114653,1.82133289739937,1.52854073296985,1.40079057920553,1.55035054047709
"cin-miR-1-5p_st",0.758291735034027,0.828787077282896,0.864216445203234,1.15665606715645,1.37369295256811,1.15695348061009,1.06975125463098,0.864216445203234,1.03143649322647
"cin-miR-101_st",1.23014634626195,1.10866556343929,1.18031332085489,1.10525694617808,1.10866556343929,0.836358757953178,1.12122912238405,1.07107043092994,1.72082567570147
"cin-miR-124-1-star_st",0.857891945238911,0.836358757953178,1.15695348061009,0.805485729787015,0.836358757953178,0.816053768921482,1.10055964421233,0.913072924553037,0.836358757953178
"cin-miR-124-2-star_st",0.649380258666385,0.755590321789099,1.04677735806487,0.836358757953178,0.836358757953178,1.00901023221535,0.977375339764336,0.836358757953178,0.662847824038212
"cin-miR-124_st",1.3948272269662,1.24579344803353,0.783389628418875,1.29602543705933,1.87350790818495,1.69334012037837,1.44364865178766,1.20819831552417,1.29602543705933
"cin-miR-125-3p_st",0.857891945238911,0.857891945238911,1.00047910180614,0.711941712853142,0.624639059232443,1.18854092587798,1.31442956116749,0.887947090338838,0.776463832285102
"cin-miR-125-5p_st",1.05187765658437,0.791152256502985,0.860103370916256,0.977375339764336,1.11517572760877,1.48677979010837,0.977375339764336,0.977375339764336,1.39465745444176
"cin-miR-126-star_st",1.06159978664707,1.06159978664707,1.04244357078987,1.41295302646588,0.874621287360273,1.06159978664707,1.08830706934901,0.767270747070894,1.2006717430963
"cin-miR-126_st",0.917007387771536,0.980014154296515,0.577277393433479,1.30788314417007,0.836358757953178,0.805389692991437,0.869239944108582,0.756286613023148,0.836358757953178
"cin-miR-132-5p_st",1.02371519987047,1.07200311704127,1.07200311704127,0.941896961888561,1.27369645274266,1.07200311704127,1.13630553225257,1.07200311704127,1.07200311704127
"cin-miR-133-star_st",1.01129300813231,0.87027642632115,0.87027642632115,0.891809613606884,0.680227320827413,0.864368527355738,1.01129300813231,0.65633901748622,0.759638797291049
"cin-miR-133_st",1.19426060466845,1.22145482186609,0.945667332400152,1.03143649322647,1.20889126292133,1.93814796560078,1.8840511066035,1.40079057920553,1.22145482186609
"cin-miR-135-3p_st",1.23632371458768,1.0320961700162,0.950668057062392,1.32117751273841,1.68615827193688,1.15695348061009,1.05880345271815,1.06497735617161,1.06497735617161
"cin-miR-135-5p_st",1.18538552410142,0.836358757953178,0.73641116241625,1.15011686526264,0.836358757953178,0.695588526870424,0.844546558072004,0.989792885215166,0.704187941637343
"cin-miR-141-star_st",0.982417753959705,1.18013851269702,1.21301969885243,0.892669479792484,1.16840459953568,0.977375339764336,1.66955731478101,0.959757633400274,0.759638797291049
"cin-miR-141_st",2.19081442162821,1.54433575786128,1.66508075130158,2.61532458177723,1.78944430839295,2.24100836348745,3.31328944719125,2.23685768770679,3.46502617544358
"cin-miR-1473-star_st",1.47643809890867,1.28815361198654,1.02895303616418,0.911410439956222,1.40165867444306,1.70869593018038,1.2145902736085,1.2145902736085,1.2145902736085
"cin-miR-1473_st",1.03143649322647,1.00770070182997,1.03143649322647,0.967134078015171,1.08440562276077,1.22246575299781,1.16277918643764,1.02707673126853,1.11728680891618
"cin-miR-1497-star_st",1.02789712727521,1.11990330693222,1.07200311704127,0.731482446858465,0.991234680877192,0.991234680877192,0.909806567923382,0.991234680877192,0.869899620898313
"cin-miR-1497_st",0.977375339764336,0.863066040655122,1.09871039974321,1.14870846207455,0.863066040655122,0.977375339764336,0.673016935161386,0.977375339764336,0.977375339764336
"cin-miR-15-3p_st",1.03143649322647,0.988817789181789,1.18558291119334,1.05789235655255,1.1115086381565,0.806489653614763,0.646309652459441,1.03143649322647,1.03143649322647
"cin-miR-15-5p_st",1.07449132840292,0.950668057062392,1.15302193142817,1.12855248186506,1.06292042147136,1.15302193142817,1.43970757105985,1.2145902736085,1.26769038723267
"cin-miR-1502a-3p_st",0.857891945238911,1.07958101259174,0.836358757953178,0.836358757953178,0.836358757953178,0.611411918341471,0.869239944108582,1.00045696114521,0.739567784700341
"cin-miR-1502a-5p_st",1.5310369597944,1.86404292869635,1.50812321903094,1.83691068119519,1.82048753878116,1.29272693366241,1.42283308881512,1.50812321903094,1.30536004609825
"cin-miR-1502b-3p_st",1.14923218725409,1.28611428884363,0.950668057062392,1.07200311704127,0.70836285561769,1.10959824955062,1.01794196357914,1.07200311704127,0.800205421105849
"cin-miR-1502b-5p_st",0.977375339764336,1.2006717430963,0.836358757953178,0.820562705393069,0.754136025944697,0.836358757953178,0.754930644999368,1.08972798056972,0.836358757953178
"cin-miR-1502c-3p_st",0.978109143313537,1.44389399773486,1.23784102093962,0.910982949673756,0.978109143313537,0.950668057062392,1.0807742122151,0.845438041080113,0.942042963164933
"cin-miR-1502c-5p_st",0.826329392926399,0.836358757953178,1.35160614763246,0.805485729787015,0.836358757953178,0.836358757953178,0.869239944108582,0.779029866460931,1.13068779752935
"cin-miR-1502d-3p_st",1.7774774440805,1.29602543705933,1.28131703770146,1.48002650407316,1.88071270167447,1.40332115903987,1.40332115903987,1.96775298029222,1.40332115903987
"cin-miR-1502d-5p_st",0.950008380272661,1.10893857276089,0.950008380272661,0.950008380272661,0.936275427868582,1.3759541995482,1.0998999674226,0.764637237267122,0.869239944108582
"cin-miR-153-star_st",0.795114163494142,1.16344182507849,1.15695348061009,0.950668057062392,0.950668057062392,0.942926626975451,1.10055964421233,1.01654986859634,0.759638797291049
"cin-miR-153_st",0.869859226064091,1.07200311704127,0.759638797291049,0.817453010612194,0.917127194117256,1.40332115903987,0.989342620589516,1.11634252876238,1.04614489258434
"cin-miR-155_st",0.827536847523594,1.17211521592524,1.04344658987021,0.76769174072728,1.07200311704127,1.07200311704127,1.07200311704127,1.07200311704127,1.29345027590411
"cin-miR-181_st",1.02873262991551,0.949487883481306,0.976928969732451,0.829611994747675,1.05835708268626,0.836358757953178,1.19486553150922,1.02620205008117,0.882601480674618
"cin-miR-182-3p_st",0.848002988160828,0.781318186587748,1.07618504444601,0.950668057062392,0.950668057062392,1.18226394064853,0.950668057062392,0.858032353187607,0.991234680877192
"cin-miR-182-5p_st",1.09686268119229,1.29602543705933,1.05171339731326,1.22837515945005,1.08176854241319,1.04397196722632,1.09433210135794,1.09433210135794,1.18454217900559
"cin-miR-183-star_st",1.08725658218754,1.11235905047369,1.758428599225,1.22587474240365,1.07200311704127,1.40332115903987,1.64161482628429,0.9398580989263,1.2006717430963
"cin-miR-183_st",7.67935125906784,8.00435546485934,7.62719343219725,7.63616478966482,7.28378726907981,7.26554151483435,7.6528705142561,7.44492162546028,7.76762173996911
"cin-miR-184_st",0.960690813836907,2.11326401568245,1.82048753878116,1.71909188024034,1.15532992830211,1.11127344857542,1.02891336870555,1.23137422558785,1.16238414953829
"cin-miR-196-3p_st",1.1183919215755,0.977375339764336,2.03910001811641,0.805485729787015,0.877427744227408,0.96238856947603,1.23922316506451,0.977375339764336,0.900655379102208
"cin-miR-196-5p_st",0.748974721361005,0.805485729787015,1.24185509333816,0.878248250803823,0.79292217084226,0.805485729787015,0.805485729787015,0.71285002591223,0.918814874618623
"cin-miR-199-3p_st",1.06664656840551,1.16273294579847,1.03999020933183,1.12344884040033,1.54939465967587,1.30302698124609,1.05781678000663,1.03849847683151,1.01531344474457
"cin-miR-200-star_st",1.26409174259458,1.19244398517898,1.11101587222517,1.19244398517898,0.73641116241625,0.77646788579593,0.990750649477593,1.19244398517898,1.22404325786645
"cin-miR-200_st",1.35960193558453,2.34062201562682,1.44389399773486,1.35960193558453,1.04584382827507,1.15479119787962,1.35960193558453,1.07200311704127,1.88200909041697
"cin-miR-216_st",1.01403778616236,1.31016916081652,0.977375339764336,0.940342331256473,0.964811780819581,0.977375339764336,0.977375339764336,1.26706574228718,0.879541936877735
"cin-miR-217_st",0.964415922275248,1.18843824229331,1.04936628584407,0.964415922275248,0.805239844947674,0.964415922275248,1.02817013659681,1.07200311704127,0.964415922275248
"cin-miR-219-star_st",1.10866556343929,1.11257595573626,0.93928290303978,1.09845898036735,1.07200311704127,1.22397596775098,1.07200311704127,0.959754892494372,1.07200311704127
"cin-miR-219_st",1.15695348061009,1.2006717430963,1.15695348061009,0.844232117057063,1.15695348061009,1.32289792596988,1.12689833551017,1.15695348061009,1.2006717430963
"cin-miR-281-star_st",0.748974721361005,1.29602543705933,1.24268892375456,0.836358757953178,1.07200311704127,0.707136545043575,0.695063308827348,1.00045696114521,0.836358757953178
"cin-miR-281_st",1.10866556343929,0.978945914520406,1.1987670733961,0.906311689073518,1.15695348061009,1.28131703770146,0.93084830042483,1.2145902736085,1.02525613948114
"cin-miR-29-3p_st",1.38773496130859,1.48236273858553,1.15695348061009,1.55906808361881,1.48236273858553,1.68268715093672,1.85617962813374,1.30302698124609,1.27959956565284
"cin-miR-29-5p_st",1.10913312792196,0.938572115504594,1.03143649322647,0.793389788229218,1.0108799799741,1.15695348061009,1.0437611661295,0.695196960776718,1.0108799799741
"cin-miR-31_st",8.78480136065082,8.25611109477594,8.30179409666524,7.99646451150945,7.68483295357999,7.75161310509105,8.74237652809833,8.41861374412282,8.12436791328067
"cin-miR-33_st",0.748974721361005,0.950668057062392,1.44389399773486,0.711941712853142,0.950668057062392,0.992761929699346,0.751125998830844,1.2145902736085,0.877104718684354
"cin-miR-34-star_st",0.977375339764336,1.29602543705933,0.90527247453143,0.874114808939361,0.819869793484747,1.04681124284317,0.977375339764336,1.0914059691605,0.942081512778486
"cin-miR-34_st",0.748974721361005,1.24554766502883,0.933183345278608,1.09823069004405,1.03143649322647,0.792413114195854,1.10055964421233,0.959105778383382,1.03143649322647
"cin-miR-3575-3p_st",1.08878655754973,1.08878655754973,1.44389399773486,1.26011967985995,1.23739063802007,0.853142198461641,0.927219143408714,1.08878655754973,0.888667721440508
"cin-miR-3575-5p_st",1.18927376048067,1.4436047872194,1.08403267198328,1.18371724544234,1.2145902736085,1.2145902736085,1.35969060137833,1.29169867101578,1.52476176821986
"cin-miR-3598-3p_st",0.977375339764336,0.950668057062392,1.03143649322647,0.805485729787015,1.27476628997396,0.977375339764336,0.977375339764336,0.563439172619092,1.07200311704127
"cin-miR-3598-5p_st",0.882784856913042,1.07200311704127,0.975560968736522,0.830378641461145,1.0968960287154,1.13965896271189,0.977375339764336,0.861672482419858,0.576626880327091
"cin-miR-3599-3p_st",0.755178851664396,1.05953725626735,1.08624453896929,0.913072924553037,1.0587544379187,0.950668057062392,0.978109143313537,1.24462653056779,0.978109143313537
"cin-miR-3599-5p_st",0.699134285154044,0.781494365023912,1.06395613688938,1.11117756117819,0.983187700725299,0.781494365023912,0.699134285154044,0.688858661149127,0.576626880327091
"cin-miR-367-3p_st",0.664866290195501,0.836358757953178,0.783389628418875,0.711941712853142,0.836358757953178,0.950668057062392,0.836358757953178,0.878977461997859,0.762795419575141
"cin-miR-367-5p_st",1.06957990569772,1.16850665530372,0.857474288521415,1.05701634675296,1.00505215943477,1.05701634675296,1.05701634675296,1.08707149185289,0.970889449430171
"cin-miR-375-3p_st",0.913072924553037,1.07933668311742,0.725296521908656,0.913072924553037,0.836358757953178,0.913072924553037,0.816195935223053,0.878977461997859,0.950668057062392
"cin-miR-375-5p_st",0.977375339764336,0.978585405916386,1.13494926661987,0.949934253513191,0.977375339764336,0.977375339764336,0.910532484609475,0.898513260986356,1.28146577349265
"cin-miR-4000a-3-3p_st",1.23922316506451,1.11721904372609,1.23748426647367,1.09816867206524,1.01031268936933,1.11721904372609,1.11721904372609,1.11721904372609,0.808109990005014
"cin-miR-4000a-3p_st",0.816929100884209,0.631326420024017,1.05576791301497,0.856663746984874,1.2249078601333,0.836358757953178,0.75399867808331,1.18545120914913,1.05835708268626
"cin-miR-4000a-5p_st",0.759638797291049,0.950668057062392,1.00841939948245,0.721533635109859,0.884055842391085,0.728669732329309,0.748974721361005,0.759638797291049,0.91693702854649
"cin-miR-4000b-1-3p_st",0.879128576703797,1.44389399773486,0.879128576703797,0.754711531603761,0.794178213134974,0.879128576703797,0.879128576703797,1.27156975576957,0.65556825577975
"cin-miR-4000b-2-3p_st",0.657227393882359,0.844205893169152,0.844205893169152,0.613738904356957,0.73641116241625,0.950554182859723,0.89624674551167,0.844205893169152,0.759638797291049
"cin-miR-4000b-5p_st",3.13434112223967,4.37177023442334,4.97279899580966,3.46173021074233,2.92373010803706,3.39740271323195,3.46173021074233,3.6240747487509,2.7267909119009
"cin-miR-4000c-3p_st",1.20203078703382,0.871665570335716,0.967034800674605,0.804577416727926,0.831092731640729,1.54939465967587,0.977375339764336,0.779029866460931,0.611933692709629
"cin-miR-4000c-5p_st",1.23922316506451,1.5958589523804,1.54939465967587,1.93107391698692,1.54939465967587,1.54939465967587,1.23922316506451,1.98209963963185,2.01033166085215
"cin-miR-4000d-3p_st",0.869239944108582,1.10488430319667,0.869239944108582,0.804937528897283,0.863329329887053,1.15695348061009,0.869239944108582,0.831644811599228,0.869239944108582
"cin-miR-4000d-5p_st",1.07200311704127,1.27369645274266,1.04642326351478,1.31288202876813,1.31588367309833,1.07200311704127,0.869239944108582,1.07200311704127,1.07200311704127
"cin-miR-4000e-3p_st",0.962000590147632,0.999595722656986,0.950668057062392,1.03143649322647,1.1903198086321,0.744510398402749,1.10301717195879,0.904671698655385,0.808566462885643
"cin-miR-4000e-5p_st",0.977375339764336,1.03143649322647,1.03143649322647,1.03143649322647,1.03143649322647,0.923747467602601,1.03143649322647,1.13620163537267,1.06303576591394
"cin-miR-4000f-3p_st",1.05701634675296,0.917805917114899,1.10681883978113,0.936082799263443,0.823913815639375,0.855314363099365,1.09555873910383,1.18441473730522,1.2006717430963
"cin-miR-4000f-5p_st",1.07200311704127,1.07200311704127,1.54939465967587,0.981488414051315,1.07200311704127,0.989733432586857,1.23922316506451,1.03440798453192,1.07200311704127
"cin-miR-4000g-3p_st",0.857891945238911,0.950668057062392,0.893916708695839,0.77877844708507,0.923960774360447,1.13024619790815,0.977375339764336,1.32889957271771,0.950668057062392
"cin-miR-4000g-5p_st",0.848922316897933,0.836358757953178,0.969651249214034,0.691176430677801,0.836358757953178,0.759644591353318,1.07732293530126,0.756286613023148,0.96918753964551
"cin-miR-4000h-3p_st",0.57247880935284,0.869439963412062,0.728669732329309,0.728669732329309,0.728669732329309,0.728669732329309,0.728669732329309,0.728669732329309,0.869439963412062
"cin-miR-4000h-5p_st",1.05701634675296,1.03030906405102,0.938206045709973,1.23056089474052,1.28131703770146,1.05162637004751,1.13538991042983,0.748557064643509,0.948880951097209
"cin-miR-4000i-3p_st",1.19163223441048,0.836358757953178,0.700296679162105,0.950668057062392,0.922097141925374,1.11214624741911,0.836637427666228,0.950668057062392,1.11990330693222
"cin-miR-4000i-5p_st",1.5310369597944,1.29224380659254,0.935687880962529,1.41535564937198,1.25558136019452,0.948910421880579,1.39842755707848,1.57683966287701,1.47207452073081
"cin-miR-4001a-1-3p_st",0.922097141925374,1.31579751006208,0.850720461525464,0.950668057062392,1.07200311704127,0.894656055674229,1.09168463887355,1.05543319920859,0.904821124566425
"cin-miR-4001a-2-3p_st",0.967345974737557,0.724066599660186,0.977375339764336,0.977375339764336,0.977375339764336,1.04970605460743,0.977375339764336,1.08330004993354,0.977375339764336
"cin-miR-4001a-5p_st",1.10866556343929,1.1900936763931,1.10866556343929,0.951367332183851,1.54939465967587,0.744073031641961,1.10866556343929,1.07200311704127,1.31142873637198
"cin-miR-4001b-1-3p_st",0.995311300319005,0.761937171631016,1.2145902736085,1.17938232016908,1.00272055803229,0.866089087409402,0.955864502356197,1.2145902736085,0.929157219654252
"cin-miR-4001b-2-3p_st",0.933542359319881,1.01442227138396,0.602476672014986,0.987603512782015,0.828160496154553,1.04881808495434,0.869239944108582,0.869239944108582,0.93379471401359
"cin-miR-4001b-5p_st",1.58289929988563,1.15695348061009,0.917527861279383,0.825153989755996,1.00706189346015,1.23759877521525,1.15695348061009,1.2145902736085,1.15695348061009
"cin-miR-4001c-3p_st",0.646309652459441,0.874921632865854,1.09319926628853,0.805485729787015,0.805485729787015,0.755205132512857,0.618507230500222,0.805485729787015,0.770191902801164
"cin-miR-4001c-5p_st",1.10291704662403,0.870454220508356,1.00989730040251,0.913072924553037,0.913072924553037,0.641980045447748,0.90333540666376,0.913072924553037,1.12127474650549
"cin-miR-4001d-3p_st",0.825688887960864,1.12280355187905,0.913072924553037,0.913072924553037,1.14871728364113,0.913072924553037,0.818445147276104,0.855744033060791,1.13709524457109
"cin-miR-4001d-5p_st",1.01436632404286,1.01436632404286,0.873349742231705,0.954118178395784,0.873349742231705,1.03272402392433,1.02571432291253,1.07200311704127,1.13570138402174
"cin-miR-4001e-3p_st",0.893916708695839,0.893916708695839,0.893916708695839,0.754706279057775,0.893916708695839,1.28131703770146,1.15374948712383,0.913072924553037,0.893916708695839
"cin-miR-4001e-5p_st",1.0606551181716,0.957693817932056,1.07200311704127,1.0404038443538,1.11563367470282,1.07200311704127,1.07200311704127,1.11310309486847,1.07200311704127
"cin-miR-4001f-3p_st",0.646309652459441,0.836358757953178,1.10866556343929,0.711941712853142,0.946088603405891,0.758724877429235,0.779029866460931,0.779029866460931,0.759638797291049
"cin-miR-4001f-5p_st",0.977375339764336,0.977375339764336,0.954270883442092,0.940342331256473,1.0175796572498,0.863066040655122,0.977375339764336,1.14147354295637,1.0175796572498
"cin-miR-4001g-3p_st",0.977375339764336,0.977375339764336,0.977375339764336,0.844766764137427,1.05880345271815,0.977375339764336,0.897821915104918,0.977375339764336,1.09951525080631
"cin-miR-4001h-3p_st",0.954112025056262,0.950668057062392,1.19999901937676,0.754142732064804,0.913072924553037,0.611406124279202,0.945954110708442,0.834210845775057,0.924420923422708
"cin-miR-4001h-5p_st",1.5310369597944,1.3633201279276,1.40079057920553,1.40079057920553,2.07256965591213,1.25471707856953,1.39076121417875,1.40079057920553,1.40079057920553
"cin-miR-4001i-3p_st",1.49217772360371,1.18616073112081,1.71956936303431,1.77922854821123,1.25121354625563,1.24347211616868,1.49217772360371,1.22108484449842,1.7868333192043
"cin-miR-4001i-5p_st",0.558265077202881,0.950668057062392,0.950668057062392,0.826251011962356,0.950668057062392,0.917786870906987,1.21486894332155,0.913072924553037,0.950668057062392
"cin-miR-4002-3p_st",0.968263024222916,1.06026920387993,0.795145790344036,0.711941712853142,0.854531544750716,0.869239944108582,0.781855907516409,0.869239944108582,0.869239944108582
"cin-miR-4002-5p_st",1.14870846207455,1.23543061664506,1.16005646094422,1.14870846207455,0.876401656588437,0.933763816371228,1.01004494122238,1.19816030208329,1.1930085020499
"cin-miR-4003a-3p_st",1.01856405348248,1.10866556343929,1.2145902736085,1.22813910494336,1.10866556343929,1.10866556343929,1.00053016778354,1.40079057920553,0.948881281350133
"cin-miR-4003a-5p_st",0.808016309621364,1.18843824229331,0.568049485407393,0.805485729787015,0.805485729787015,0.77804464353587,0.992972449446313,0.805485729787015,0.700720587640817
"cin-miR-4003b-3p_st",0.950668057062392,1.2006717430963,0.950668057062392,1.22246575299781,0.836358757953178,0.950668057062392,1.09168463887355,0.913072924553037,0.950668057062392
"cin-miR-4003b-5p_st",1.09661828944816,0.950668057062392,0.893368507806107,0.82961429348454,0.950668057062392,1.13871216208512,0.977375339764336,1.02738222366225,1.07200311704127
"cin-miR-4003c-3p_st",1.10040783702056,0.886866048569187,1.07200311704127,1.27174095933078,1.07200311704127,1.10040783702056,1.04401400062281,1.45710616539015,1.10040783702056
"cin-miR-4003c-5p_st",0.852979908275549,0.851001946660594,1.06525884130674,0.771320330354113,0.836358757953178,1.16102153366751,1.04764182429167,1.34035729100695,1.02766370879738
"cin-miR-4003d-3p_st",0.97922700521779,1.07200311704127,0.862813809093108,0.926820789765893,1.07974454712821,1.07200311704127,1.21257332882054,1.5208381325048,0.865717693493569
"cin-miR-4004-5p_st",0.861119512201703,0.993839726203193,0.993839726203193,1.03143649322647,1.43467178380175,0.805442307662066,1.08404980385084,0.993839726203193,0.917119765541064
"cin-miR-4005a-3p_st",1.39413204293461,1.00747032905721,0.977375339764336,0.725330730101535,0.868398372607978,0.930363068030696,0.950668057062392,0.751125998830844,0.950668057062392
"cin-miR-4005a-5p_st",0.977375339764336,0.977375339764336,0.877987197937188,0.847269184611627,1.07200311704127,1.13339467230821,1.09764056251191,0.913072924553037,0.891248442441544
"cin-miR-4005b-3p_st",1.17848666789583,1.15695348061009,1.40332115903987,0.785068814796688,1.15695348061009,1.15695348061009,0.789087112101894,1.53518499626541,1.41769543705059
"cin-miR-4005b-5p_st",0.777347521440688,1.43631610218439,1.07200311704127,1.03143649322647,1.07200311704127,1.07200311704127,0.929415960474042,0.883272231609894,0.929415960474042
"cin-miR-4005c-5p_st",0.826329392926399,0.836358757953178,0.993864304232767,1.1313840887634,0.836358757953178,0.513205587055886,1.19486553150922,0.836358757953178,0.96918753964551
"cin-miR-4006a-1-3p_st",0.848002988160828,0.943356682123855,0.680724559517311,0.687841687908192,1.14706452353201,0.878876016326991,0.646309652459441,0.848002988160828,0.759638797291049
"cin-miR-4006a-2-3p_st",0.915449895981572,1.09754734831881,0.893916708695839,0.652651979750068,1.12956106778393,0.893916708695839,0.957670923017406,0.836587817203592,0.722990256740608
"cin-miR-4006a-3-3p_st",1.24835931415435,0.836358757953178,0.792525777508723,0.814621878876863,0.836358757953178,0.718816161745223,0.96918753964551,0.878977461997859,0.859586392827977
"cin-miR-4006a-5p_st",0.994137479286824,1.19583081498821,0.875225630651497,1.66160422337553,1.11088045141939,1.19583081498821,1.19583081498821,1.68544706640954,1.21448463648297
"cin-miR-4006b-3p_st",1.40332115903987,1.38024988394206,0.937551167671546,0.913072924553037,1.0108799799741,0.906582102709806,1.15695348061009,1.35971665354278,1.27126277971931
"cin-miR-4006b-5p_st",1.10866556343929,1.15695348061009,1.10398435107579,1.15695348061009,1.2086684920175,1.08666437067909,1.06956944401792,1.09962458911785,1.27126277971931
"cin-miR-4006c-3p_st",0.836358757953178,1.26205222253501,0.836358757953178,0.892869766379188,0.836358757953178,1.10443637992758,0.873391766461041,0.743723054078393,0.766675985820828
"cin-miR-4006c-5p_st",1.1577950521107,1.33575860207911,1.15695348061009,1.0934926368994,0.94076235652282,1.13108776940875,0.869239944108582,1.25522508528771,1.04965965645494
"cin-miR-4006d-3p_st",0.858661877405383,0.950668057062392,1.39968060637489,1.03143649322647,0.72773776541325,0.950668057062392,0.863284020470219,0.950668057062392,1.1979953662229
"cin-miR-4006d-5p_st",1.17249640097154,1.25218540611785,0.850950012184918,1.45842737220393,1.13787610700864,1.2145902736085,1.2145902736085,1.2145902736085,1.17075729316404
"cin-miR-4006e-3p_st",0.646309652459441,0.902362719116999,0.902362719116999,0.58964135556397,1.15695348061009,0.902362719116999,1.05225430626694,0.845033827624753,1.08578062792624
"cin-miR-4006e-5p_st",1.56371398402686,1.05214488100227,1.10866556343929,0.958919857049003,0.702866790391445,0.880191738397633,0.902408848622993,0.913072924553037,0.913072924553037
"cin-miR-4006f-3p_st",1.08902995093084,1.18365772820778,1.25394683813878,1.26442616437186,1.18365772820778,1.01315767366908,0.981964392506391,1.10222256475695,1.29602543705933
"cin-miR-4006f-5p_st",1.11400359113453,1.40332115903987,1.36851031456824,1.45315704980323,1.40332115903987,2.62789712046437,1.10055964421233,1.40332115903987,1.2781015851099
"cin-miR-4006g-3p_st",1.07200311704127,0.911841816788634,0.836358757953178,1.09845898036735,1.07200311704127,1.24364130764273,1.07200311704127,1.39503151272154,1.61905383273959
"cin-miR-4006g-5p_st",0.795874990374261,0.950668057062392,0.742595527549508,1.14870846207455,0.950668057062392,1.03030906405102,1.05880345271815,1.27245618595,0.950668057062392
"cin-miR-4007-5p_st",1.11055453900948,0.995288950441411,0.869239944108582,1.03143649322647,1.11256974085607,1.07200311704127,1.23922316506451,1.07200311704127,1.07200311704127
"cin-miR-4008a-3p_st",1.14609381824392,0.811839267405155,1.24072159552085,1.43691033507956,0.803137926509212,0.728669732329309,1.30987356487253,1.50279214661351,1.44506974668611
"cin-miR-4008a-5p_st",0.839076231317813,1.1577263286128,0.839076231317813,1.13410156212803,0.73641116241625,0.721533635109859,0.839076231317813,0.933704008594747,0.839076231317813
"cin-miR-4008b-3p_st",4.17312074593536,4.09857068276151,3.31628852407333,3.37031214213614,4.16951526904017,4.09857068276151,4.09857068276151,4.53880081590664,3.40983396989715
"cin-miR-4008b-5p_st",0.977375339764336,1.07200311704127,0.77073240424784,0.826251011962356,0.850720461525464,0.950668057062392,1.12247566753416,0.990567953590441,0.994028807579804
"cin-miR-4008c-3p_st",1.99695894946124,1.29602543705933,1.31101220734763,1.60978354436879,1.13344847702593,0.931712451916205,1.55585821548732,1.29602543705933,1.21459732410552
"cin-miR-4008c-5p_st",1.05291941491918,1.14870846207455,1.06794002591047,1.14870846207455,1.14870846207455,1.50936653004996,1.08359216833322,1.18927508588935,1.25998525417912
"cin-miR-4009a-3p_st",1.15086519581925,1.24364130764273,1.18688995927618,1.02075904066654,1.15086519581925,0.943943043208834,1.36206310584997,1.07200311704127,1.15086519581925
"cin-miR-4009a-5p_st",0.977375339764336,0.977375339764336,0.701587850298403,1.16979838709492,0.977375339764336,0.763092576082674,0.977375339764336,1.07200311704127,0.977375339764336
"cin-miR-4009b-3p_st",0.920573067769515,0.977375339764336,0.956597831226443,0.836605108681583,1.15695348061009,1.34399816023206,1.26506282410139,0.996766408934219,0.977375339764336
"cin-miR-4009b-5p_st",1.09674155769838,1.09674155769838,0.898953045654979,1.25017568496037,1.09674155769838,0.950668057062392,1.21992586214638,1.09674155769838,1.09674155769838
"cin-miR-4009c-3p_st",1.0595852809403,1.41492863774244,0.950668057062392,0.73343504042883,0.614900457047239,0.950668057062392,0.983549243217796,0.892365232917062,1.18186285813394
"cin-miR-4010-3p_st",0.781855907516409,0.983549243217796,0.869239944108582,0.83836691594242,0.826979528030363,0.747904884129704,0.679190838614845,1.12260916672512,0.869239944108582
"cin-miR-4010-5p_st",1.32417352863333,0.876041995594005,1.1556450261852,1.35203121588338,1.20603932435545,1.04795600056133,1.33257961152259,0.99802328812186,1.07200311704127
"cin-miR-4011a-3p_st",0.997433978067627,1.07200311704127,0.977128989035931,0.936562365221131,0.977128989035931,0.836358757953178,1.33164607221208,1.01769561285073,0.950668057062392
"cin-miR-4011a-5p_st",0.977375339764336,1.06375809850573,1.42831149266574,1.14870846207455,1.14870846207455,1.14870846207455,1.23922316506451,1.22542262867441,1.14870846207455
"cin-miR-4011b-3p_st",1.07200311704127,1.04620784831196,0.726696660672603,1.09720611634862,1.07200311704127,1.22981469197553,0.818285849222817,1.30160032037274,0.950668057062392
"cin-miR-4011b-5p_st",0.72226743865906,0.709703879714305,0.950668057062392,1.06270221951259,0.950668057062392,1.24972959243357,0.950668057062392,0.994501037506847,1.06516111161743
"cin-miR-4012-3p_st",1.28209160939983,1.14321735870979,0.992909742943596,1.01548081397729,0.878600443834382,0.6611102520895,0.992909742943596,1.25989950998879,0.950668057062392
"cin-miR-4012-5p_st",1.08629256364224,1.09869820140184,1.33706618184262,1.37710908047788,0.953463781949911,0.971983264533029,0.977375339764337,1.0819328016843,1.20762762362112
"cin-miR-4013a-3p_st",1.04317907970575,1.00190768161234,1.16344430245332,0.913072924553037,1.15179926876229,1.2738033901007,1.15179926876229,1.27313432874117,1.16344430245332
"cin-miR-4013a-5p_st",0.829743157525083,0.87343898684957,1.03143649322647,1.03143649322647,1.6054580807239,1.06903162573582,1.03143649322647,1.13736120339568,0.87343898684957
"cin-miR-4013b-3p_st",0.715304788671683,0.929415960474042,0.929415960474042,0.770485767985809,0.788399378662883,1.25002114481076,1.2171034448111,1.07200311704127,0.869239944108582
"cin-miR-4013b-5p_st",0.914009434210516,0.885452907039451,0.932233033686377,0.876976425702653,1.0171833972552,0.699726670528854,0.914009434210516,0.65633901748622,0.932233033686377
"cin-miR-4014-1-5p_st",0.977375339764336,0.950668057062392,1.40332115903987,1.05814074082416,0.744382633514691,1.22865453735442,0.920612911962465,0.913072924553037,0.808030151313589
"cin-miR-4014-2-5p_st",1.10866556343929,1.07200311704127,0.895940176313508,0.945776067076865,1.12255766703971,0.96266694040647,0.921288452278121,0.828228627463541,0.977375339764336
"cin-miR-4014-3p_st",2.55602074592151,2.7303415489907,1.55680543155122,2.37648312566503,2.439166235033,2.439166235033,2.439166235033,3.10694321061905,2.439166235033
"cin-miR-4015-3p_st",0.821066744896029,0.73641116241625,0.924420923422708,0.913072924553037,0.913072924553037,0.950668057062392,0.859011771090904,0.913072924553037,1.00842661851606
"cin-miR-4015-5p_st",1.06789004275429,1.09168463887355,0.923314186302203,0.977375339764336,0.977375339764336,0.977375339764336,0.977375339764336,1.2145902736085,1.09168463887355
"cin-miR-4016-3p_st",1.18895763254381,0.743582646129697,0.857891945238911,1.36029075485402,0.725063163546579,0.717321733459638,0.857891945238911,0.887947090338838,0.950668057062392
"cin-miR-4016-5p_st",0.836358757953178,0.950668057062392,0.967648981628133,0.711941712853142,0.930986535230111,0.671111781586648,0.836358757953178,0.65633901748622,0.576626880327091
"cin-miR-4017-3p_st",1.26103818563447,1.07200311704127,0.848339021842928,1.1754157447765,1.01794196357914,0.850004792308187,1.09871039974321,1.21532852990028,1.09871039974321
"cin-miR-4017-5p_st",1.00033317513445,0.950668057062392,0.836358757953178,0.997836948309897,0.997836948309897,1.14391044894589,0.910452911717724,1.14641765514323,0.893110106319731
"cin-miR-4018a-3p_st",1.46129327930426,1.72873041701531,2.57184261603213,2.24782018045626,1.62125773325354,1.58771383520415,1.90811487233165,1.5559210565812,1.54939465967587
"cin-miR-4018a-5p_st",1.23922316506451,1.83513935605309,1.23922316506451,1.03143649322647,1.37251565632536,1.23922316506451,1.23922316506451,0.705803603393837,1.21251588236256
"cin-miR-4018b-3p_st",0.867601031041235,1.05883190674883,0.668058972809687,1.26442616437186,1.4130302448422,0.922782010355361,0.79006179635387,0.779029866460931,1.07200311704127
"cin-miR-4018b-5p_st",0.899600157499755,1.2006717430963,1.21611560708535,1.30656881733148,1.07093327980997,1.21611560708535,0.869239944108582,0.82456498723447,1.06369815147512
"cin-miR-4019-3p_st",0.785077022217549,1.07200311704127,1.54939465967587,1.14871728364113,1.28131703770146,1.05701634675296,1.07200311704127,1.54939465967587,1.07200311704127
"cin-miR-4019-5p_st",4.64635228607436,5.29215799928713,4.9336016464806,5.04966601962478,5.34774148999543,4.70309215007892,4.34252657851134,5.92660369653126,5.06099118393971
"cin-miR-4020a-5p_st",0.88368721396822,1.07066571325501,1.09389334812981,0.857891945238911,0.834664310364112,0.728669732329309,1.02511199326215,0.698316070962681,0.848393386982369
"cin-miR-4020b-3p_st",1.09896275443692,1.40332115903987,1.40332115903987,1.36275453522507,1.77520582485328,1.40332115903987,1.92876065530554,1.24439096655164,1.5319897850949
"cin-miR-4020b-5p_st",3.36613076031118,3.63836998594883,3.37679483624122,3.63836998594883,3.79913305222052,3.70359320478874,3.63836998594883,3.80497908814961,3.86683640486239
"cin-miR-4021-3p_st",0.977375339764336,0.950668057062392,0.79779719891858,1.03388634819035,0.977375339764336,0.88430219311949,0.977375339764336,1.14147354295637,0.892424976195514
"cin-miR-4021-5p_st",0.748974721361005,0.950668057062392,0.869239944108582,1.06166299143917,0.846012309233783,0.728669732329309,0.869239944108582,0.811911052616336,0.869239944108582
"cin-miR-4022-3p_st",0.831184662536967,0.950668057062392,0.880985284930042,0.923226970811246,0.950668057062392,1.05701634675296,1.31624684337859,1.2145902736085,0.950668057062392
"cin-miR-4023-3p_st",0.472718496529597,0.873953890462532,0.836358757953178,0.836358757953178,0.981541085228554,0.950668057062392,0.792525777508723,0.65633901748622,0.693720852204375
"cin-miR-4024-3p_st",1.07200311704127,1.07200311704127,1.52086773191988,1.00770070182997,1.07974454712821,1.07200311704127,1.07200311704127,1.00256721396243,1.07200311704127
"cin-miR-4024-5p_st",1.33998526354304,0.942975255677001,1.10055964421233,1.14870846207455,1.30332281714502,1.04292285121393,1.10055964421233,1.0733654270147,1.18198775716614
"cin-miR-4025-5p_st",0.520669944693527,0.913072924553037,1.31401101512311,0.872506300738237,0.913072924553037,0.664367317118009,0.941629451724102,1.29130444020836,0.869239944108582
"cin-miR-4026-3p_st",0.895487077748266,0.950668057062392,0.829332997083513,1.03143649322647,1.07200311704127,0.988263189571746,1.07588763099237,0.858032353187607,0.950668057062392
"cin-miR-4026-5p_st",0.992362110052643,1.21565851338461,1.68268715093672,1.0552750975651,1.07200311704127,1.07200311704127,0.977375339764336,1.10260621299865,1.07200311704127
"cin-miR-4027-3p_st",1.20130126731408,1.68897773182897,1.10866556343929,1.07119511216137,1.10866556343929,1.10866556343929,1.09863619841251,0.990301994765859,1.24773751988853
"cin-miR-4027-5p_st",0.952742448308329,0.830070190249036,0.825913220230035,1.07110601698176,0.685979176214733,1.14279155380207,0.977375339764336,0.855865458978345,1.03417761175916
"cin-miR-4028-3p_st",0.733831943941684,1.17104477351772,0.769856707398611,0.711941712853142,0.947943115744042,1.26475151740727,0.869239944108582,0.967334184913925,1.25524405784295
"cin-miR-4029-3p_st",1.36319237056339,1.28356035961894,1.03355667358503,0.711941712853142,1.23134518562844,0.963267563654032,1.35969060137833,1.03355667358503,0.842527413813691
"cin-miR-4029-5p_st",1.51984413413226,1.07200311704127,0.990575004087461,0.954460520833316,1.07200311704127,1.07453369687562,1.09871039974321,1.01720480538337,1.22060719751161
"cin-miR-4030-3p_st",1.10866556343929,1.29251516880845,0.869642184408676,1.28221011142685,1.20144167526277,1.40772709881047,1.35133326241272,1.03517791669839,0.913842856719509
"cin-miR-4030-5p_st",0.977375339764336,0.977375339764336,1.18366076331204,0.977375339764336,0.895105655309923,0.950668057062392,0.977375339764336,0.977375339764336,0.933542359319881
"cin-miR-4031-3p_st",0.869239944108582,0.836358757953178,0.869239944108582,1.26897368482213,0.856676385163827,0.956623980700755,1.35969060137833,0.869239944108582,0.737069127792748
"cin-miR-4031-5p_st",2.71870086594638,2.40581125888405,2.63461809353869,2.7319427119343,3.33508868762182,3.44650764286575,2.38755455461919,3.43047269256888,3.09268107158444
"cin-miR-4032-3p_st",0.912827039713696,1.07200311704127,1.03143649322647,1.07200311704127,1.0029285496705,0.88538595346255,1.36707703146659,1.07938954712953,1.29602543705933
"cin-miR-4032-5p_st",1.1414733337397,1.34423650667239,1.28934189441524,0.982794071161005,1.42083932563655,0.891101955839418,0.977375339764337,1.07474656964674,1.1414733337397
"cin-miR-4033-3p_st",1.10055964421233,1.2006717430963,1.04759051467803,0.976142599112299,1.52398473667488,1.0790264569266,1.08929954353504,0.994076093357779,1.47146763599238
"cin-miR-4033-5p_st",1.08506436538821,0.944047783577047,0.944047783577047,0.894250183420364,0.944047783577047,0.836358757953178,0.878415723183346,0.957966314089245,1.14669719952062
"cin-miR-4034-3p_st",0.732159968149148,1.08806954998482,0.869239944108582,1.51172597975799,0.719596409204393,0.814520048019016,0.852425190896726,0.672405450429768,0.852425190896726
"cin-miR-4034-5p_st",0.646309652459441,0.988263189571746,1.16840459953568,1.00472921052453,1.49417389637647,0.923960774360447,0.755202264215399,0.567715544556102,0.950668057062392
"cin-miR-4035-3p_st",1.07200311704127,1.05808458652907,1.15277155320535,0.913072924553037,1.40332115903987,1.13872988113423,0.977375339764336,1.07200311704127,1.07200311704127
"cin-miR-4035-5p_st",1.20162782333849,1.24183214082395,1.34656981067332,1.01414110367919,1.40332115903987,0.9512564454382,1.20162782333849,1.24183214082395,0.860706976417201
"cin-miR-4036-3p_st",0.774612166831649,0.73641116241625,1.06483258299484,0.869239944108582,0.877484962644124,0.776166797463736,1.20210714337602,0.612506037041765,1.02653817536402
"cin-miR-4036-5p_st",1.32346652331047,1.29602543705933,1.96586588739929,1.48264260063805,1.5654306814764,1.734173217604,1.48264260063805,1.48264260063805,1.48264260063805
"cin-miR-4037-3p_st",3.27428176959241,1.79586812974205,1.89941084476516,2.13994609913277,1.88832753951373,1.40332115903987,4.2114422854862,2.30310813775345,1.67901361885354
"cin-miR-4037-5p_st",1.22195591222894,0.942707047643749,0.975588233799154,0.935021609984354,0.854253173820275,1.05701634675296,0.931755253354699,1.30437569596341,0.975588233799154
"cin-miR-4038-3p_st",1.13165057505742,0.879889058636083,1.40332115903987,1.12911999522307,1.2154810132611,1.05701634675296,0.971314696358818,0.800332533058815,0.950668057062392
"cin-miR-4038-5p_st",0.836358757953178,1.02640786344691,0.779064969434535,0.805485729787015,0.836358757953178,0.918718837823046,0.864915285124243,0.779029866460931,0.662847824038212
"cin-miR-4039-3p_st",1.2427086215314,1.2006717430963,0.713530866321489,1.03143649322647,0.805600240791274,0.950668057062392,0.689776521221073,0.913072924553037,0.922074245816682
"cin-miR-4039-5p_st",0.857110117016759,1.05880345271815,1.12231732709917,0.940342331256473,0.977375339764336,1.05701634675296,0.977375339764336,1.07200311704127,0.977375339764336
"cin-miR-4040-3p_st",0.977375339764336,0.88430219311949,1.07200311704127,0.977375339764336,0.977375339764336,0.977375339764336,0.933744782102789,0.977375339764336,0.977375339764336
"cin-miR-4040-5p_st",0.881116125378966,0.991243415408922,0.635383781012959,0.937627133804976,0.894633098900121,0.873700819200968,0.748974721361005,0.911171270478892,0.911171270478892
"cin-miR-4041-3p_st",0.977375339764336,0.950668057062392,1.3225527228758,0.950668057062392,0.950668057062392,0.538100130044217,1.10055964421233,1.05847792196491,0.869239944108582
"cin-miR-4041-5p_st",0.995894822347455,0.836358757953178,0.96918753964551,1.02324869310764,0.96918753964551,1.1785014603057,0.96918753964551,0.79754934904405,0.681367306621331
"cin-miR-4042-3p_st",1.5310369597944,1.16400929669828,0.699748716018228,1.22543724430326,1.07200311704127,1.0284598195819,1.07200311704127,1.11583609748573,1.07200311704127
"cin-miR-4042-5p_st",0.748974721361005,1.09326226412664,0.977375339764336,0.805485729787015,0.73641116241625,0.747904884129704,0.869239944108582,0.779029866460931,0.950668057062392
"cin-miR-4043-3p_st",0.748314182696618,0.950668057062392,1.15695348061009,0.913072924553037,1.28131703770146,1.15695348061009,1.10055964421233,0.886365641851092,0.950668057062392
"cin-miR-4043-5p_st",0.859011771090904,0.953639548367837,1.35160614763246,0.913072924553037,0.628993639946262,0.71135371981613,0.726094425266244,1.07200311704127,0.950668057062392
"cin-miR-4044-3p_st",1.00483752478283,0.746684510774299,0.784315561878305,1.14870846207455,1.07200311704127,0.738943080687358,0.95322584436902,0.666612365844269,0.893916708695839
"cin-miR-4044-5p_st",0.879891381859673,1.34322190324792,0.815714824764562,0.884789392135327,0.859586392827977,0.777316708373563,1.00015660460725,0.878977461997859,0.717386211485363
"cin-miR-4045-3p_st",1.04680011773392,1.07200311704127,1.15918310030188,0.854512925296388,1.07200311704127,1.13537278333858,1.23922316506451,0.96373459273712,1.09240321879215
"cin-miR-4045-5p_st",1.17241977776086,0.73641116241625,0.682622780529863,0.805485729787015,0.613186877451024,0.950668057062392,0.869239944108582,0.869239944108582,0.869239944108582
"cin-miR-4046-3p_st",1.15695348061009,1.21428237210234,1.67732995639418,1.15695348061009,1.15695348061009,1.32859167121155,1.23922316506451,0.978632218951977,1.13756241144021
"cin-miR-4046-5p_st",0.843774064131176,0.836358757953178,0.831210505186421,1.00787226732321,0.797123864197822,1.16815824880727,0.836539145012994,0.873829209231102,1.16680245981144
"cin-miR-4047-3p_st",0.963867721385516,1.00146285389487,1.26822612598847,0.827503306551847,0.963867721385516,1.10781114358544,0.869239944108582,0.963867721385516,0.963867721385516
"cin-miR-4047-5p_st",1.07200311704127,1.2006717430963,1.05046992975554,1.24554766502883,1.23848829008657,1.05046992975554,1.1914865115667,0.913072924553037,0.950668057062392
"cin-miR-4048-3p_st",1.31837079547105,1.44389399773486,0.977375339764336,1.04456203079012,1.07200311704127,1.69037304228076,0.852487693936,1.07200311704127,1.04755839781428
"cin-miR-4048-5p_st",1.2145902736085,1.05442897335586,1.28047208514245,1.2145902736085,1.08129778234764,1.23294797348996,1.31725534251006,1.2145902736085,1.3277767052601
"cin-miR-4049-3p_st",1.04375737221751,1.10055964421233,1.34778333948073,1.15415137418245,0.836358757953178,1.05701634675296,1.10055964421233,1.2200331857164,1.10055964421233
"cin-miR-4049-5p_st",0.950668057062392,0.950668057062392,1.18462502235181,0.826118248795769,0.836358757953178,1.02010396014123,0.989219479030597,0.833939066625712,0.915374230076541
"cin-miR-4050-3p_st",1.23168296843841,0.819596490275731,0.893916708695839,0.711941712853142,0.639957910011697,0.886325588441478,0.768365790530887,0.698957721530902,0.784903962109659
"cin-miR-4050-5p_st",0.819241881777246,0.990575004087461,0.971418788230262,0.990575004087461,1.19333817702015,0.990575004087461,0.990575004087461,0.921139101008622,1.07200311704127
"cin-miR-4051-3p_st",1.13123584001746,1.2006717430963,1.2006717430963,1.26442616437186,1.2489596602671,1.17135301772701,1.2006717430963,1.41478291489866,0.992350119158641
"cin-miR-4051-5p_st",1.55698753929514,1.2969728693493,1.2969728693493,1.40332115903987,1.40332115903987,1.89981863175131,1.58552797735142,1.22330721263519,1.40332115903987
"cin-miR-4052-3p_st",1.66160422337553,1.85840543405421,1.70989214054633,1.78471606615497,1.59311685422927,1.66160422337553,1.66160422337553,1.52831173211467,1.66160422337553
"cin-miR-4052-5p_st",1.4904703359796,0.601285463693094,1.29535870977258,1.14870846207455,0.950668057062392,1.33537819116359,1.03143649322647,0.663741962238671,0.950008380272661
"cin-miR-4053-3p_st",1.08213546507418,1.19345925985762,0.559565011162366,1.14870846207455,0.960800405095301,1.00542129847432,1.08213546507418,1.08213546507418,0.960800405095301
"cin-miR-4053-5p_st",1.42141585387168,0.931618856640688,1.51263673780521,1.34451146076601,0.967730862520002,0.959989432433061,1.10055964421233,1.02536765551841,1.18198775716614
"cin-miR-4054-3p_st",0.71061206767074,0.900661173164477,0.759638797291049,1.14870846207455,0.977375339764336,0.977375339764336,0.977375339764336,1.07200311704127,1.01025652591974
"cin-miR-4054-5p_st",0.748974721361005,0.742001197641952,1.07200311704127,0.950668057062392,1.10481447502926,0.971521983768407,1.08373154746807,0.684672306149705,0.950668057062392
"cin-miR-4055-3p_st",1.07457205122861,0.836358757953178,1.21553537182569,0.965654827350699,0.965654827350699,0.950668057062392,0.965654827350699,1.12975303054273,0.879527930027906
"cin-miR-4055-5p_st",2.00172120562894,1.97202302341924,2.00172120562894,2.33535675963159,3.11720801277629,2.47570294015778,1.41959369890455,1.54939465967587,2.439166235033
"cin-miR-4056-3p_st",0.662954520560881,0.634397993389817,0.869239944108582,0.662954520560881,0.851888185134699,0.950668057062392,0.662954520560881,0.460600646195108,0.776283665392489
"cin-miR-4056-5p_st",0.663741962238671,0.65646369871765,0.950668057062392,1.06903162573582,0.988263189571746,0.854063134977572,0.683904784968795,0.950668057062392,1.13939894249377
"cin-miR-4057-3p_st",0.646309652459441,0.808307782406839,0.808307782406839,0.86481879083285,0.649131705079265,0.788002793375143,0.808307782406839,0.913072924553037,0.808307782406839
"cin-miR-4057-5p_st",1.01020841758596,1.50343435825843,0.816222706240503,0.887536159526672,1.1048361948629,1.03435568036769,1.23922316506451,0.807854543220191,0.655661011531685
"cin-miR-4058-5p_st",1.05701634675296,0.929829273300675,0.939473750545009,0.790498959498708,1.14196671032179,1.05701634675296,1.18020065120096,0.742850774013882,1.2006717430963
"cin-miR-4059-3p_st",1.03143649322647,1.01887293428172,1.06230952139263,1.03253643551006,1.15695348061009,0.901330338073761,1.03143649322647,1.03143649322647,1.01887293428172
"cin-miR-4059-5p_st",0.882212801620251,0.857746222395128,1.07200311704127,0.859229349025169,1.13872988113423,1.07200311704127,1.08456667598603,1.07200311704127,1.2048318987336
"cin-miR-4060-3p_st",0.922097141925374,0.950668057062392,0.950668057062392,1.40079057920553,0.950668057062392,0.733177865317509,0.906835076617937,0.950668057062392,1.08797694356089
"cin-miR-4060-5p_st",1.10866556343929,1.20861315897622,0.777347521440688,1.03143649322647,1.15695348061009,0.904035727683006,1.16925766765272,1.40079057920553,0.948881281350133
"cin-miR-4061-3p_st",0.872251272184728,1.00571714938193,1.08636244398709,0.873588675970985,1.08636244398709,1.11746923202804,1.16473600766395,0.913072924553037,1.2006717430963
"cin-miR-4061-5p_st",0.990567953590441,0.978004394645686,0.88230539097844,0.952972821081087,0.990567953590441,1.19226128929183,0.990567953590441,0.990567953590441,1.07200311704127
"cin-miR-4062-3p_st",0.646309652459441,1.26931815435738,1.28547244312976,1.26442616437186,1.15695348061009,0.836358757953178,0.977375339764336,0.950668057062392,0.842532661406637
"cin-miR-4062-5p_st",0.977375339764336,0.962607496857466,1.2873994024098,0.954460520833316,1.07200311704127,1.07200311704127,1.09230810607297,1.07200311704127,1.19333817702015
"cin-miR-4063-3p_st",1.44091629154923,0.999985558112636,0.950668057062392,0.950668057062392,0.950668057062392,0.616120070633151,0.760963998764852,0.950668057062392,0.625944381377336
"cin-miR-4063-5p_st",0.950668057062392,1.53667010955834,0.893916708695839,0.711941712853142,0.82918727423973,1.13068779752935,1.23922316506451,0.950668057062392,0.808467875719778
"cin-miR-4064-3p_st",1.07731247362147,0.805005668135352,1.07731247362147,1.0253580141663,1.07731247362147,1.15695348061009,1.20253204755144,1.07731247362147,1.35337139077647
"cin-miR-4064-5p_st",1.093536304327,1.1673568110043,1.07200311704127,1.06375809850573,0.957693817932056,1.07200311704127,0.881954011547533,1.11583609748573,1.07200311704127
"cin-miR-4065-3p_st",1.13957188888222,1.2006717430963,1.48027150869,1.03143649322647,0.717678385917006,0.728669732329309,1.03143649322647,1.03143649322647,0.881544906076527
"cin-miR-4065-5p_st",1.35758673373794,0.910101433247592,1.20128846952336,0.913072924553037,1.24075041388666,1.28131703770146,1.02542181829298,1.03143649322647,0.910101433247592
"cin-miR-4066-3p_st",1.18092034091918,1.07200311704127,0.909275417454723,1.26442616437186,1.30764747612936,1.31079627024313,1.28971334268193,0.779029866460931,0.950668057062392
"cin-miR-4066-5p_st",1.10866556343929,1.02371519987047,1.02902455645066,0.93677595346197,1.82048753878116,1.10866556343929,1.10866556343929,1.10866556343929,1.32722376469343
"cin-miR-4067-3p_st",0.759638797291049,0.523637394400148,0.886689408223704,0.772427023061656,0.759638797291049,1.05701634675296,0.652732442934286,0.759638797291049,0.759638797291049
"cin-miR-4067-5p_st",1.03143649322647,1.11583609748573,1.10866556343929,1.07526947367093,0.808506201577329,0.950668057062392,1.23922316506451,0.994774046828448,0.8250443731561
"cin-miR-4068-3p_st",0.872878715527218,1.1534382804921,1.03912193088587,1.07200311704127,0.950668057062392,0.808080900495163,1.07200311704127,1.08698988732958,1.08698988732958
"cin-miR-4068-5p_st",1.32838754385083,0.886913635786836,1.2006717430963,1.2006717430963,1.2006717430963,1.52172638543285,1.13717143884869,1.46874936507071,1.2006717430963
"cin-miR-4069-3p_st",0.977375339764336,0.950668057062392,0.926460267909986,1.478683059018,0.836358757953178,1.08396054832325,0.869239944108582,0.913072924553037,0.950668057062392
"cin-miR-4069-5p_st",0.810021331327342,0.889662338315968,0.978093317224792,1.21753132818952,0.920535366482131,0.618868566208295,0.986938980327615,0.799452260668317,0.889662338315968
"cin-miR-4070-3p_st",1.54835180327081,0.836358757953178,0.759638797291049,0.800961957918535,1.06747934517279,0.922145705919831,1.05225186107254,1.08025492594259,1.03968830212779
"cin-miR-4070-5p_st",2.12351809250375,2.12351809250375,1.98250151069259,2.07111187705186,2.12351809250375,2.31634865333505,2.34305593603699,2.17869907181788,2.12351809250375
"cin-miR-4071-3p_st",2.34501719418223,1.72873041701531,1.52854073296985,2.05307803832533,1.40332115903987,1.76030156142403,1.82094606272668,1.67140152552306,2.441766318738
"cin-miR-4071-5p_st",1.05880345271815,1.15343122999508,1.00474229925601,1.05880345271815,1.04623989377339,0.928697297565437,1.06922783363855,1.09937007653295,0.950668057062392
"cin-miR-4072-3p_st",1.07200311704127,1.05046992975554,1.07200311704127,1.14870846207455,1.07200311704127,0.950668057062392,1.07200311704127,1.07200311704127,1.29602543705933
"cin-miR-4072-5p_st",0.857891945238911,0.73641116241625,0.893916708695839,0.934606111838771,0.857891945238911,1.07214883988505,1.10055964421233,0.672616967577455,0.784328606860874
"cin-miR-4073-3p_st",1.10866556343929,0.950668057062392,0.73641116241625,1.26442616437186,0.817839275370059,0.950668057062392,0.948209164957549,1.01533535859733,0.950668057062392
"cin-miR-4073-5p_st",0.863284020470219,0.986636262931074,0.989792885215166,0.772302693470284,1.36572602653052,0.950668057062392,0.902408848622993,0.906564118001045,0.913072924553037
"cin-miR-4074-3p_st",0.993450734445055,1.2145902736085,1.07200311704127,1.2145902736085,0.81172586649717,1.28131703770146,1.48202741131954,1.33406381511256,0.805434980605441
"cin-miR-4074-5p_st",10.3641868601982,9.86962873431927,9.80063108799739,10.106053127832,10.3416574504297,10.2169902642842,10.0988145715893,10.7574895524478,10.2619279098035
"cin-miR-4075-3p_st",1.34814017972575,1.74867853903681,1.22665939690309,1.38246723233386,1.7715652721883,1.64720171509693,1.80922743810386,1.36572602653052,1.40332115903987
"cin-miR-4075-5p_st",1.10866556343929,1.2006717430963,0.958924559549796,0.747537192263326,1.07200311704127,1.65428573714179,0.59716101550001,1.43631610218439,1.2006717430963
"cin-miR-4076-3p_st",0.857891945238912,1.18092034091918,0.785505051231179,0.761994465252907,0.615064723523158,0.583785846494271,0.793435592788487,0.509587838487368,0.681226029088828
"cin-miR-4076-5p_st",1.42859401681996,1.14995193642333,1.2939101048019,0.71244638467188,1.25724765840388,1.24226088811557,1.25724765840388,1.25724765840388,1.40332115903987
"cin-miR-4077a-5p_st",1.09663600849728,1.29602543705933,1.01436632404286,0.888849336659242,1.07200311704127,1.18631241615048,1.07200311704127,1.07200311704127,0.898492183126305
"cin-miR-4077b-5p_st",0.977375339764336,0.977375339764336,1.00112617089216,0.929678255326429,0.887273829807528,1.05409530042647,0.977375339764336,1.01847531759153,0.977375339764336
"cin-miR-4077c-5p_st",1.16058291319202,1.00258540681512,0.812599990129857,1.05355299696213,1.03033653260314,0.728669732329309,1.12664710006792,1.3294102730006,0.869239944108582
"cin-miR-4077d-5p_st",1.24807962772373,1.18377721251243,0.94558485555585,1.07596734760991,1.18377721251243,0.97873564851766,1.23581806485495,1.48529456156789,1.29602543705933
"cin-miR-4078-3p_st",2.14482751013677,2.30305376258128,1.97330636693849,2.34717101010838,2.243497829053,1.9808715171436,1.84718079599856,2.14482751013677,1.81941825216134
"cin-miR-4078-5p_st",1.09731756456962,1.23280287931825,1.35160614763246,0.750158789883251,0.975836781746959,1.1900936763931,1.10866556343929,0.680722886804412,1.10866556343929
"cin-miR-4079-3p_st",0.857891945238911,1.29602543705933,0.840970059320131,0.913072924553037,0.840970059320131,0.68812608494133,0.977375339764336,0.913072924553037,0.913072924553037
"cin-miR-4079-5p_st",0.750985590882148,0.857891945238911,1.01588945161581,0.883765267738997,1.03791168570587,0.826922880277171,0.750985590882148,0.857891945238911,0.950668057062392
"cin-miR-4080-3p_st",1.09007456282658,0.982778840846031,0.73641116241625,0.95117956815856,1.16235698169179,0.875089815222162,0.982778840846031,1.35181865648301,0.982778840846031
"cin-miR-4080-5p_st",0.881945189980955,1.47411772004998,0.881945189980955,1.14870846207455,1.14870846207455,1.33648486471893,1.14870846207455,1.14870846207455,1.06258156475176
"cin-miR-4081-3p_st",0.893916708695839,0.893916708695839,1.31445902688968,1.08899444396913,1.15695348061009,0.788439823660049,0.932468130664044,1.12351391202731,0.662847824038212
"cin-miR-4081-5p_st",0.782515322927823,0.745852876529801,0.897096049726111,0.913072924553037,1.06026920387993,0.99802328812186,1.10055964421233,0.913072924553037,0.869239944108582
"cin-miR-4082-3p_st",1.05215455501328,1.28116651498668,1.19361592700811,1.10866556343929,0.444286146650016,0.76533217872733,1.04303350304559,1.36203478605583,1.10866556343929
"cin-miR-4082-5p_st",0.747595099480255,1.00804158769555,0.756758260187434,0.805485729787015,1.25823892763091,0.878243096520924,0.829955179350123,0.836403397094094,1.30195719011711
"cin-miR-4083-3p_st",1.01403778616236,0.950668057062392,1.36981651883011,1.02120832020879,0.74991878079507,0.977375339764336,0.882747562487403,1.07200311704127,0.977375339764336
"cin-miR-4083-5p_st",0.792518018820376,1.39509404996871,1.10055964421233,0.673528981550091,1.39509404996871,1.10055964421233,1.10055964421233,1.10055964421233,1.10055964421233
"cin-miR-4084-3p_st",0.991093458113437,0.869612675290775,0.977375339764336,0.953498325604082,0.991093458113437,1.29015499348462,0.991093458113437,1.40079057920553,1.08386956993692
"cin-miR-4084-5p_st",0.977741451447159,1.37245528659429,1.07200311704127,1.2006717430963,1.1350396827026,1.69982676207011,1.07864584630484,0.956791187039245,1.2006717430963
"cin-miR-4085-3p_st",1.21750545625287,0.764852354275389,1.17742028129356,0.844533970581871,0.950668057062392,1.36137475135591,0.967206228641163,1.35964740770694,0.967206228641163
"cin-miR-4085-5p_st",1.16767679995178,0.836358757953178,1.16767679995178,1.24438214498506,1.16767679995178,1.24731780694041,1.29289637388176,0.865861225200058,1.49899484195039
"cin-miR-4086-3p_st",1.55069735210625,1.89347714996364,1.90661116665537,2.18625362686494,2.37549255780406,1.86086884671761,1.89347714996364,1.89347714996364,1.89347714996364
"cin-miR-4087-3p_st",0.950668057062392,0.988263189571746,1.03143649322647,0.94242303852685,0.950668057062392,0.728669732329309,1.23922316506451,0.746204186804123,0.950668057062392
"cin-miR-4087-5p_st",1.05902315693881,1.19809511338804,1.15437685090183,0.913072924553037,1.05902315693881,1.05902315693881,1.23922316506451,0.681099542789646,1.2006717430963
"cin-miR-4088-3p_st",0.993608622714041,1.08371013267085,0.782422334274843,1.26442616437186,1.18365772820778,1.18365772820778,1.18365772820778,1.30499278818666,1.18365772820778
"cin-miR-4088-5p_st",0.825688887960864,0.913072924553037,0.913072924553037,1.08440604686325,0.73641116241625,0.913072924553037,1.03625722900104,1.06650705181503,0.913072924553037
"cin-miR-4089-5p_st",0.929087422593536,0.977375339764336,1.44389399773486,0.8529582946643,0.977375339764336,1.29797006242125,1.18011246053257,0.584972359904826,0.755103013491693
"cin-miR-4090-3p_st",0.729731212062967,0.904644000177596,1.07200311704127,1.19884835852234,1.07200311704127,1.01444516629861,1.26315077373364,1.24026577683973,1.57911275191155
"cin-miR-4091-3p_st",0.71061206767074,0.841066910244858,0.977375339764336,0.977375339764336,1.08467106174488,0.863066040655122,0.977375339764336,1.09871039974321,0.759638797291049
"cin-miR-4091-5p_st",1.48799424925533,1.33806838606801,1.28131703770146,1.33806838606801,1.33806838606801,1.80558888575744,1.23922316506451,1.32136674158199,1.3602784485008
"cin-miR-4092-3p_st",1.18266357024009,0.499657566106524,1.14831107640429,0.711941712853142,1.2842886743895,0.836358757953178,0.751946358049042,1.12770490505413,0.831457056960621
"cin-miR-4092-5p_st",1.12533467874784,0.638259635378178,0.779029866460931,0.731332782023024,0.859102011390961,0.841066910244858,0.536708505641907,0.779029866460931,0.759638797291049
"cin-miR-4093-3p_st",0.839184799008656,0.881645581868174,0.769851802281434,1.00328300220069,0.950668057062392,0.950668057062392,0.799804041029744,0.975164654277789,0.753057901685864
"cin-miR-4093-5p_st",0.748974721361005,0.836358757953178,1.17239981382355,0.509951342330389,0.700260089545692,0.903039228460632,1.02825880239061,0.913072924553037,0.795743506480085
"cin-miR-4094-3p_st",1.10866556343929,0.654927618075103,1.16958272215797,1.01349012006183,1.04436314822799,1.12931351179681,1.07291967539906,1.22751692861002,0.645429059818561
"cin-miR-4094-5p_st",1.13271295723112,0.923399036570929,1.60982451875466,0.975414725975678,1.01123217440846,1.13271295723112,1.18759992283009,1.40079057920553,1.13271295723112
"cin-miR-4095-5p_st",2.8911085484665,1.7586908927573,0.82038014851144,1.66406311548037,1.40332115903987,1.41535750804534,1.66406311548037,1.69000653159526,1.97583505513
"cin-miR-4096-3p_st",0.881232153983553,1.2006717430963,0.950668057062392,0.832304488388959,1.05060519091952,0.90712475960302,1.43235913506643,0.806724634862466,0.950668057062392
"cin-miR-4097-3p_st",1.08384270867837,1.36286829221419,0.921835346408937,1.03143649322647,1.11286460618028,1.17661882050185,1.03143649322647,0.818535566604108,0.921835346408937
"cin-miR-4097-5p_st",0.977375339764336,1.00215425646196,1.24546330177466,0.805485729787015,0.764884698221212,1.15695348061009,0.779847749527167,0.913072924553037,0.662847824038212
"cin-miR-4098-3p_st",1.14532800983731,1.23733418949432,1.23995578711425,0.843231936528097,1.05102877044089,0.730434047783971,1.06756558561209,1.10866556343929,1.07200311704127
"cin-miR-4098-5p_st",1.03143649322647,0.817179598580328,0.956934176406434,1.03143649322647,1.20522684724855,1.03143649322647,1.04278449209614,0.998446012544803,1.07200311704127
"cin-miR-4099-3p_st",1.43843922301304,1.73130390590254,1.52854073296985,1.52854073296985,1.40332115903987,1.60818173995848,1.52854073296985,1.56601951364593,1.20048695268101
"cin-miR-4099-5p_st",0.97245989297091,1.2006717430963,1.1577950521107,1.26442616437186,1.23922316506451,1.6187687389499,1.90822925916919,1.23922316506451,1.04819390529316
"cin-miR-4100-3p_st",1.10866556343929,0.911091601341448,1.15075943607625,1.10616933661474,1.14673596042954,1.05701634675296,1.17529248760061,1.10616933661474,0.903406163682053
"cin-miR-4100-5p_st",0.972065983184141,0.944624896932995,0.972065983184141,0.770934771484245,1.07200311704127,1.07841427287471,0.972065983184141,0.972065983184141,0.865717693493569
"cin-miR-4101-3p_st",2.14893090560938,2.16027890447905,1.90990752657876,2.58676908968136,1.9808715171436,2.16027890447905,2.16027890447905,2.2579816275171,2.16027890447905
"cin-miR-4102-3p_st",0.805485729787015,0.892869766379188,0.675802433652853,0.805485729787015,0.628823967650227,0.949429151986941,0.805485729787015,0.969583932979048,0.770191902801164
"cin-miR-4102-5p_st",1.19887564108694,0.869239944108582,0.869239944108582,0.804937528897283,0.983549243217796,0.950668057062392,1.06758541741199,0.689220203641625,0.869239944108582
"cin-miR-4103-3p_st",1.00029123906451,0.700664371028483,0.586355071919269,0.805485729787015,1.24365572417915,1.05701634675296,0.835676964930061,1.40079057920553,0.950668057062392
"cin-miR-4104-5p_st",0.862303866192613,0.636966539231756,0.759638797291049,0.557284922925275,0.759638797291049,0.836358757953178,0.788195324462114,0.65633901748622,0.759638797291049
"cin-miR-4105-5p_st",1.89808343630525,4.0317172762895,1.70823931423426,2.85178201352783,1.56249148168023,2.06402788166504,1.68428208953372,1.89808343630525,1.89347714996364
"cin-miR-4106-3p_st",1.15998197772258,1.29602543705933,1.04567267861337,1.40720567299097,0.950668057062392,1.15998197772258,0.979224584233457,1.28131703770146,1.36167531342397
"cin-miR-4107-5p_st",0.977375339764336,0.836358757953178,1.08272643638296,0.618868566208295,0.716885216449113,0.836358757953178,0.844205893169152,0.836358757953178,0.759638797291049
"cin-miR-4108-5p_st",1.07200311704127,1.37875815144173,1.07200311704127,1.32679487041998,1.07200311704127,1.27828854058897,0.589827449423858,1.07200311704127,1.07200311704127
"cin-miR-4109-3p_st",1.13890296210805,1.26442616437186,1.26442616437186,1.26442616437186,0.892535283678265,1.26442616437186,1.18299805141805,1.17947580080303,1.39994854688237
"cin-miR-4109-5p_st",1.88264455646095,1.44389399773486,1.13953559313191,1.60366477084248,1.69259960516989,1.66677879694543,1.47060128043681,1.34285112667248,1.47060128043681
"cin-miR-4110-3p_st",0.726546844718298,0.682567586888381,1.13570213772136,0.523637394400148,0.847881904697177,0.596440689565589,0.711124114059446,0.940109498835101,0.823337817971135
"cin-miR-4110-5p_st",0.6028859705819,0.895341354904482,1.07200311704127,1.35977985833488,2.104864271009,0.746593859065837,1.19591333817536,1.07200311704127,1.29602543705933
"cin-miR-4111-3p_st",1.40332115903987,1.19735238615863,0.630860776083266,0.799529806148651,0.950668057062392,1.33555093345764,0.863284020470219,0.967306820309212,0.841066910244858
"cin-miR-4112-3p_st",1.16868029060854,0.950668057062392,1.45630496747645,1.1754157447765,1.03561842063121,0.977375339764337,1.24157622602349,0.977375339764337,0.977375339764337
"cin-miR-4112-5p_st",0.920573067769515,0.847269184611627,1.42233361951262,0.8529582946643,1.23074456238088,1.10015120861527,0.977375339764336,0.977375339764336,1.09871039974321
"cin-miR-4113-5p_st",1.01301005841017,0.734783906782624,1.6231325862816,1.0670712118723,1.21929548195787,1.15695348061009,0.811316722708779,0.975414925900812,0.943327286277817
"cin-miR-4114-5p_st",0.857891945238911,1.02802026883413,1.10866556343929,0.618868566208295,0.950668057062392,0.748948852325484,0.763689557775599,1.07200311704127,1.16492495170853
"cin-miR-4115-3p_st",0.881330217619796,1.46452996478875,1.07200311704127,1.62023429873442,1.21452627875484,1.34758976916051,1.35969060137833,0.920197239178666,1.21452627875484
"cin-miR-4115-5p_st",1.23922316506451,0.856040279785458,0.977375339764336,0.759885148019454,0.998611492228704,0.977375339764336,0.977375339764336,1.0540895063642,0.977375339764336
"cin-miR-4116-5p_st",2.01033166085215,2.66705896082618,1.51710572017968,2.01033166085215,1.77468730176405,1.66699827614019,2.01033166085215,2.13717057375569,1.89347714996364
"cin-miR-4117-5p_st",0.857891945238911,0.824399194475337,0.353698838826347,1.18218158070933,1.07200311704127,0.950668057062392,1.07093327980997,1.07200311704127,0.950668057062392
"cin-miR-4118-3p_st",0.748974721361005,0.778862526602106,1.05928904960232,1.11990324504675,1.0145068856902,1.09317024482161,0.939023826854742,0.939023826854742,0.64641076307325
"cin-miR-4119-3p_st",0.869239944108582,1.2006717430963,0.90526470756551,0.81771923059001,0.738927203011107,0.836358757953178,0.988723338634007,1.2145902736085,0.451213666509597
"cin-miR-4119-5p_st",0.759638797291049,0.62953264213834,0.62953264213834,0.454619854023711,1.08263534684944,0.618868566208295,0.759638797291049,0.789693942390975,0.840866890941378
"cin-miR-4120-5p_st",0.857891945238911,0.950668057062392,1.27126277971931,1.26301776118376,0.950668057062392,1.05701634675296,0.983549243217796,0.692997640338096,0.983549243217796
"cin-miR-4121-3p_st",0.577985711320247,0.920765509177636,0.58896601832354,0.675092915646332,0.950668057062392,0.480015180373039,0.719072173476249,0.712563366924257,0.759638797291049
"cin-miR-4122-3p_st",1.10866556343929,0.869239944108582,0.850083728251384,1.28153724376688,1.07200311704127,0.869239944108582,0.869239944108582,0.779029866460931,0.869239944108582
"cin-miR-4123-3p_st",2.15509081160733,1.70701050228329,1.48478555493887,1.54808030979506,1.28131703770146,1.65380997259124,1.63295604588523,1.86920625795977,1.28979724545941
"cin-miR-4123-5p_st",1.0411295540859,0.869239944108582,0.869239944108582,0.74372295672496,0.769292348571654,0.869239944108582,0.869239944108582,1.26168112317436,0.785830520150426
"cin-miR-4124-5p_st",2.31634865333505,5.57925112137485,4.26716897866695,5.7290804048946,4.55595832491417,4.1855576209257,3.17814672478545,3.33971413892647,4.26716897866695
"cin-miR-4125-5p_st",1.02672761799358,1.06432275050293,1.40332115903987,1.37310719166145,0.88571103618242,0.864150657960178,1.02672761799358,1.05678276309351,0.877080160335972
"cin-miR-4126-5p_st",0.950668057062392,1.04529583433933,1.11518911927297,1.12421260504995,0.923960774360447,0.950668057062392,0.850555958178426,0.775755268947763,0.994386319548599
"cin-miR-4127-3p_st",0.913072924553037,0.66270154665275,0.913072924553037,1.18487062048846,0.799743779721429,0.883612780844489,0.965113776895556,0.913072924553037,1.02532114909994
"cin-miR-4127-5p_st",0.670578272999777,1.12103073610767,1.12597942023468,0.746450550261545,1.07200311704127,1.05701634675296,0.977375339764336,0.977375339764336,0.977375339764336
"cin-miR-4128-3p_st",0.868754347224409,1.20398577999352,1.13957188888222,1.09018448369311,0.950668057062392,0.872186289139426,0.977375339764337,1.07526947367093,1.17311275182736
"cin-miR-4129-3p_st",0.743100625712277,0.933149731206014,0.833202135669086,1.58372628583871,0.833202135669086,1.00585360993125,0.833202135669086,0.740566431794301,0.759638797291049
"cin-miR-4130-3p_st",1.52873223311483,1.14870846207455,1.14870846207455,1.14870846207455,1.56925078026839,1.14870846207455,1.03979123819664,1.16786467793175,1.01443055066976
"cin-miR-4131-3p_st",1.23922316506451,1.25948983670057,1.10055964421233,1.40079057920553,0.73641116241625,0.836358757953178,1.28276646252388,1.42934710637659,1.10055964421233
"cin-miR-4131-5p_st",0.856040279785458,0.950668057062392,0.950668057062392,1.40079057920553,0.881232153983553,0.950668057062392,0.977375339764336,1.27945551922665,0.728395730789748
"cin-miR-4132-3p_st",1.10866556343929,0.937382424285258,0.788656563469479,1.01815086044934,0.964932113493955,0.803868096767674,1.22913299975311,1.01815086044934,0.969056971634408
"cin-miR-4132-5p_st",0.977375339764336,0.825694682023133,1.40332115903987,0.996531555621535,1.16707939806188,0.741730980676244,0.966711263834292,1.16707939806188,0.977375339764336
"cin-miR-4133-3p_st",0.977375339764336,0.700299156536936,0.913072924553037,0.805485729787015,0.836358757953178,0.913072924553037,1.00833736155951,0.955691628597719,0.715023697974299
"cin-miR-4134-5p_st",1.03396707306082,1.27297616336718,1.38027188534773,1.03143649322647,1.21354521390657,1.03396707306082,0.885913302719881,0.755980592768787,0.816230530587531
"cin-miR-4135-3p_st",0.702140293953395,0.966547371477418,0.807617178989185,0.877053082068024,0.730903012389326,0.864368527355738,0.942742091032604,0.750288287496939,0.759638797291049
"cin-miR-4136-3p_st",1.72973043493304,1.07200311704127,0.721923851592779,1.2760305469227,1.32836032169778,1.08755267254294,1.10270507833465,1.16723428884942,1.53509426982366
"cin-miR-4137-3p_st",1.68135131415845,1.83022602972387,0.95129203574765,1.56952140762827,1.40739073463338,1.15695348061009,1.45686812871445,1.7526751880103,1.89691049613092
"cin-miR-4138-5p_st",1.04149566576873,1.23013188680485,1.51303606284652,1.2006717430963,1.2006717430963,0.949886677719904,1.55917851665234,1.13612344304566,1.2006717430963
"cin-miR-4139-3p_st",0.748974721361005,1.07200311704127,0.893916708695839,0.913072924553037,0.950668057062392,0.880191738397633,1.10055964421233,0.913072924553037,0.913072924553037
"cin-miR-4139-5p_st",1.11505135729232,0.950668057062392,0.638318352941018,0.809897825979638,0.950668057062392,1.15695348061009,0.886650738888991,1.40561953337984,0.950668057062392
"cin-miR-4140-3p_st",0.972201244348125,0.809651475251233,1.36783443680367,0.950668057062392,1.15695348061009,0.950668057062392,1.20103943496268,1.40380260789537,0.908426371181187
"cin-miR-4140-5p_st",1.30393227392128,1.0720739649775,1.0315073411627,1.2006717430963,1.6780632857309,1.17674616958532,0.850749947673576,1.40086142714176,1.42674985561923
"cin-miR-4141-3p_st",0.977375339764336,0.950668057062392,0.950668057062392,0.826251011962356,0.837338912230784,1.14169731683373,0.911263898869737,1.01654986859634,0.829332997083513
"cin-miR-4141-5p_st",1.10866556343929,0.574475620902268,0.755824783199827,0.854052866473968,0.836358757953178,0.624902035326993,1.10866556343929,0.869239944108582,0.869239944108582
"cin-miR-4142-3p_st",1.11912048858357,1.16283875106978,0.869239944108582,1.08824746041741,1.15695348061009,1.15695348061009,1.04139125722761,1.35476484767166,1.04139125722761
"cin-miR-4142-5p_st",1.39016130785662,1.35061321001889,0.971896090826826,1.22619616491885,1.29328431852664,1.27854361307653,1.23922316506451,1.7934275775149,1.22954816732497
"cin-miR-4143-3p_st",1.23995578711425,1.10866556343929,1.10866556343929,1.26442616437186,1.28131703770146,1.28824370428505,1.06657169080234,0.782422334274843,1.07200311704127
"cin-miR-4143-5p_st",0.949687902784786,1.02640786344691,0.977375339764336,0.710961558575536,0.836358757953178,1.03204798265465,0.852810913454802,0.892359011292539,0.949687902784786
"cin-miR-4144-3p_st",0.908387296651499,0.897305190445341,0.840726865784344,0.9740193570452,0.683048295799198,1.66539880323193,1.10055964421233,1.02006262312378,0.956603739904842
"cin-miR-4144-5p_st",0.869239944108582,0.73641116241625,0.869239944108582,0.987752964000389,1.1898346667655,0.63359558502049,0.781855907516409,1.17090674438242,0.770986256839215
"cin-miR-4145-3p_st",0.895487077748266,0.950668057062392,1.64285003207906,1.50878768211527,1.10959824955062,0.950668057062392,0.760618951568655,0.929209316933545,0.990872374547854
"cin-miR-4146-3p_st",1.56899675663423,1.15695348061009,1.15695348061009,1.15695348061009,1.15695348061009,1.2099226101444,1.15695348061009,1.02990286967744,1.07552536765628
"cin-miR-4147-3p_st",1.17751802544431,1.29602543705933,1.03143649322647,1.23922316506451,1.07024331050162,1.23922316506451,1.45678255691192,1.56801062722876,1.27739810159558
"cin-miR-4148-5p_st",0.906016147495718,1.2006717430963,1.28562210666512,0.946059046130977,1.2006717430963,1.47865822338833,1.89989789061994,1.2006717430963,1.40332115903987
"cin-miR-4149-5p_st",0.766999423917045,1.136369327885,0.836435326995883,1.0205456083148,0.913072924553037,0.950668057062392,0.869239944108582,0.913072924553037,0.945954110708442
"cin-miR-4150-5p_st",1.58616714977897,1.12461806217957,1.35034318334321,0.845984770945247,1.00328300220069,1.08564308207056,0.959652444539141,0.913072924553037,0.844264143918662
"cin-miR-4151-3p_st",0.857891945238911,1.29602543705933,0.970274927806868,1.14309110439298,0.950668057062392,0.873953890462532,0.786569853870359,0.950668057062392,1.10959824955062
"cin-miR-4151-5p_st",0.748974721361005,0.880973857269927,1.25036895684297,0.880973857269927,0.880973857269927,0.96592422083875,0.798613777400059,1.00986389780587,0.759638797291049
"cin-miR-4152-5p_st",1.36869433466138,0.743175874736662,1.13557885459617,0.954758167516133,1.4801085914403,0.935113717148824,1.15711204188191,1.21474883488031,0.950668057062392
"cin-miR-4153-3p_st",0.739719354044266,0.805714918280988,1.24185509333816,0.630802130166359,1.13212233390378,0.938843755558318,1.33329340531372,0.965876218533623,1.07200311704127
"cin-miR-4154-3p_st",1.19539248621964,1.22246575299781,1.25740343860645,1.03143649322647,0.950668057062392,1.11638685679529,0.855749136140192,1.03143649322647,0.837398295287167
"cin-miR-4155-3p_st",1.268509412937,1.46805243557811,1.07200311704127,1.11829298396738,1.75152063870578,1.25090155959429,1.14940233828312,1.17025626498913,1.04892120501025
"cin-miR-4155-5p_st",0.65903380994699,0.869239944108582,0.869239944108582,0.869239944108582,0.846012309233783,0.906835076617937,0.869239944108582,0.612506037041765,0.869239944108582
"cin-miR-4156-3p_st",0.881099926354068,0.836358757953178,0.657012795349686,1.0135687209797,0.854392643652123,0.819210127314037,1.07732293530126,1.27234467814701,1.15100961816813
"cin-miR-4156-5p_st",0.785077022217549,0.86268919638108,1.07200311704127,1.14871728364113,1.07200311704127,1.15695348061009,1.64987579294873,1.07200311704127,1.04732635245401
"cin-miR-4157-5p_st",0.804704081500313,0.65646369871765,1.06903162573582,1.03143649322647,0.950668057062392,1.18156473246381,0.672123966617564,1.19655150275212,0.874887139550252
"cin-miR-4158-5p_st",0.818767117086137,0.950668057062392,0.763689557775599,0.930459104826273,0.911543228909617,0.649001256788556,0.873948096400263,0.904003241500189,0.873948096400263
"cin-miR-4159-3p_st",0.894157048636381,0.73641116241625,1.22297486254851,0.977171686563909,0.881593489691626,1.06497735617161,0.940003981132347,0.832230118307028,1.00877095925138
"cin-miR-4160-3p_st",0.748974721361005,1.2006717430963,1.18970381759758,0.943158318433839,1.08834064570922,0.748080583160546,0.977375339764336,0.892445027369687,0.86238988226976
"cin-miR-4161-3p_st",0.690142632903896,0.913072924553037,0.913072924553037,0.913072924553037,1.12238684521323,0.913072924553037,0.913072924553037,0.989787091152897,0.869239944108582
"cin-miR-4162-3p_st",0.977375339764336,0.73835196073372,1.15695348061009,1.14870846207455,0.950668057062392,1.15695348061009,0.86845811588643,0.977375339764336,0.933542359319881
"cin-miR-4162-5p_st",0.63681669972163,0.836358757953178,0.836358757953178,0.618868566208295,1.11214624741911,0.836358757953178,0.836358757953178,1.36441743187218,0.824326014394932
"cin-miR-4163-3p_st",1.23922316506451,1.2006717430963,1.35948838781208,1.19865654124971,1.25611403839411,1.19567986760513,1.23922316506451,1.60857725104356,1.23922316506451
"cin-miR-4163-5p_st",1.18794368080451,1.07428517979491,1.35160614763246,1.93107391698692,1.18794368080451,1.07428517979491,1.10055964421234,1.2145902736085,1.31661230685954
"cin-miR-4164-3p_st",0.977375339764336,0.913072924553037,0.73641116241625,0.913072924553037,0.913072924553037,1.35803120430132,1.03333814730061,0.769129502353111,1.03333814730061
"cin-miR-4165-3p_st",1.53414347624132,1.07200311704127,1.2873994024098,1.07544336923971,0.995288950441411,0.693622150167575,1.19277162513286,1.07200311704127,0.662847824038212
"cin-miR-4166-5p_st",1.09871039974321,1.07200311704127,1.47294120761134,0.759281753488241,0.991234680877192,1.05701634675296,0.977375339764336,0.779029866460931,1.2006717430963
"cin-miR-4167-5p_st",0.988400340691714,0.994356264330078,0.73641116241625,1.14085122967211,1.10866556343929,1.10866556343929,1.22087512713895,1.2145902736085,1.10866556343929
"cin-miR-4168-3p_st",0.950668057062392,0.950668057062392,1.09674155769838,0.860740154807484,0.596731106093886,0.950668057062392,0.837252896153636,1.02738222366225,0.950668057062392
"cin-miR-4169-3p_st",1.11055453900948,1.07200311704127,1.07200311704127,1.52614859760872,1.07200311704127,1.03829544348222,0.981901607084461,0.937960058949164,1.2006717430963
"cin-miR-4170-5p_st",0.950668057062392,1.28823006684635,0.950668057062392,0.950668057062392,0.950668057062392,1.15236139276378,0.819377833387436,0.847368277257563,0.950668057062392
"cin-miR-4171-5p_st",1.31837079547105,1.07200311704127,1.07200311704127,0.787034621737259,1.07200311704127,1.07200311704127,1.47273274601317,1.00256721396243,1.32237449494156
"cin-miR-4172-3p_st",1.14124185992386,1.0002252781127,0.92350531745057,0.969352249946536,0.879960055365121,0.772271029741252,0.748974721361005,0.822631163872875,0.758624995386243
"cin-miR-4173-3p_st",0.857891945238911,1.26902234315941,0.950668057062392,0.981423524616144,1.16509215776149,1.14035371710438,1.24370632911999,1.07648628109675,1.30050860111481
"cin-miR-4173-5p_st",1.10866556343929,1.38903277220489,1.40332115903987,1.03941295838336,1.27895760194851,1.97063571763493,1.66958068853242,1.44442113686707,1.68830562201363
"cin-miR-4174-3p_st",0.748974721361005,0.879532322986219,0.879532322986219,0.904735322293569,0.993841622095433,0.864545552697912,0.879532322986219,0.822203431493972,0.879532322986219
"cin-miR-4175-3p_st",1.06133904111123,0.836358757953178,0.861796982879678,0.805485729787015,1.46931780036031,1.07200311704127,1.1816042638588,1.38436743679149,1.07200311704127
"cin-miR-4176-5p_st",0.748974721361005,0.727441534075271,0.922519269348563,0.748974721361005,0.987701065570255,0.814796629652101,0.748974721361005,0.552528745960642,0.748974721361005
"cin-miR-4177-3p_st",0.893916708695839,0.970636669357968,0.893916708695839,0.974685144859917,0.697693699748642,0.588897765428501,0.920623991397784,0.801281004821054,0.893916708695839
"cin-miR-4177-5p_st",0.863284020470219,0.743031435901594,0.689544904176534,1.26442616437186,0.950668057062392,0.842979031438523,0.842979031438523,0.842979031438523,0.670631190404609
"cin-miR-4178a-5p_st",1.10866556343929,1.20329334071623,1.10866556343929,1.10866556343929,1.10866556343929,1.22297486254851,1.08810097880424,1.07200311704127,1.10337166109702
"cin-miR-4178b-5p_st",0.549432663129457,0.540370661335783,1.26643549373115,1.228618661213,1.03079113464306,0.950668057062392,0.965654827350699,1.50855346131731,0.857280200728092
"cin-miR-4179-3p_st",1.18943399960337,1.07515475571268,1.03143649322647,1.00056346506031,1.15944678046594,0.710841770569555,1.23922316506451,0.737107453650299,0.869239944108582
"cin-miR-4179-5p_st",1.40404707572597,0.977375339764336,1.43567005765374,0.939780207254982,0.977375339764336,0.836358757953178,0.933542359319881,0.977375339764336,1.20139765978239
"cin-miR-4180-3p_st",0.784740040364773,1.83025624898472,1.05080975536144,0.950668057062392,0.950668057062392,1.06497735617161,0.587027795638811,0.89066475053398,0.950668057062392
"cin-miR-4180-5p_st",1.16521402468133,1.27952332379054,1.16784595295499,1.16521402468133,1.15265046573657,1.16521402468133,1.19809521083673,0.913072924553037,1.12666260271312
"cin-miR-4181-3p_st",0.939023826854742,1.04111626280478,1.01625289706756,0.805485729787015,0.836358757953178,1.02640786344691,0.845650469957789,1.04494853702395,0.766675985820828
"cin-miR-4181-5p_st",0.948794401808803,0.950668057062392,1.03022251476261,1.14121744913939,0.948794401808803,0.948794401808803,0.839877177930896,0.65633901748622,0.85054125386094
"cin-miR-4182-3p_st",0.895048221996997,1.8748039176513,1.54939465967587,1.05914642518903,0.763973510311817,1.01531344474457,1.01531344474457,0.737326964452543,1.14398207079961
"cin-miR-4182-5p_st",0.977375339764336,0.948818812593272,0.985620358299878,0.977375339764336,0.948818812593272,0.977375339764336,0.977375339764336,0.897303194834307,1.01931026241209
"cin-miR-4183-3p_st",1.03143649322647,0.767514276680363,1.57527481884297,0.860587423325209,0.836358757953178,1.15695348061009,1.05606938468248,0.913072924553037,1.31375030058777
"cin-miR-4183-5p_st",2.54364048749832,3.04127040105277,1.40332115903987,2.75370239759011,1.75570697073191,2.05056073610603,1.89641431813916,2.32402925558079,2.09000893475591
"cin-miR-4184-3p_st",1.59085102426721,1.76456845302595,0.893916708695839,1.40079057920553,1.52892409393786,1.47128730093945,1.77668889206965,1.13652111407835,1.71405647097219
"cin-miR-4185-3p_st",0.922443155769707,1.07200311704127,0.787576636066783,1.07358194147265,0.776106755698554,1.2609514891037,1.01707093304664,0.858140740558408,0.973237952602186
"cin-miR-4185-5p_st",0.81311650744953,0.73641116241625,0.953686719228804,0.900485928412856,0.73641116241625,0.610762633083757,1.04151712585286,0.82314587247631,0.823780583379575
"cin-miR-4186-5p_st",1.66406311548037,1.99038152489837,1.35448097755205,1.55647592071435,1.28131703770146,1.74470841008553,1.72836553069167,1.53381673489149,1.66406311548037
"cin-miR-4187-5p_st",1.10014717455663,1.10721027639736,1.25814468093353,1.17096469767292,1.06349201391116,0.878148849823543,1.19702416388661,1.10014717455663,1.01871906160282
"cin-miR-4188-5p_st",0.837252896153636,1.41492863774244,0.807300657405326,0.906688799232475,1.02423139544043,0.829332997083513,0.979224584233456,0.731776011117846,0.950668057062392
"cin-miR-4189-5p_st",0.76249169488216,0.836358757953178,0.688928356504122,0.921667772209734,0.779029866460931,0.41070220487658,0.811911052616336,0.779029866460931,0.779029866460931
"cin-miR-4190-5p_st",1.24248185179229,1.07200311704127,0.893916708695839,0.996514989558358,0.950668057062392,0.836358757953178,0.950668057062392,0.632874728134777,1.07200311704127
"cin-miR-4191-5p_st",0.86042252507326,0.834664310364112,0.953198636896741,0.92732784831775,1.03731372630769,1.18920998723752,0.748974721361005,0.78156044629528,0.814058964794456
"cin-miR-4192-3p_st",0.992424248556581,0.714198096929038,1.32348993586148,0.83512601730114,1.00314756789827,0.756779889468488,1.10055964421233,1.41811771313841,0.992424248556581
"cin-miR-4193-5p_st",1.51312232516089,0.633438560521162,0.823297509606242,0.717172610537656,0.823297509606242,0.728669732329309,0.885967963584749,0.728669732329309,0.679575843514379
"cin-miR-4194-3p_st",1.09219745364854,1.61930004732536,0.950668057062392,1.14870846207455,1.18226348308817,1.60953893187917,1.7986845026417,1.55781300589603,1.29389078934993
"cin-miR-4194-5p_st",1.09308604460247,1.07200311704127,1.07200311704127,1.23419966615916,0.73641116241625,1.07200311704127,0.752195836062145,1.37056408099283,1.54939465967587
"cin-miR-4195-3p_st",0.895818665038274,1.08799608526758,1.56617519645983,1.04742946145278,1.18794368080451,1.41613716866533,1.10055964421234,1.18794368080451,1.27815375845216
"cin-miR-4196-5p_st",1.66716584169939,1.30865906814334,1.20394370274479,1.63210684393923,1.84674398254514,1.27401641403366,1.23922316506451,1.40173221478819,1.35263832597326
"cin-miR-4197-5p_st",0.913072924553037,0.73641116241625,0.913072924553037,0.913072924553037,1.00045696114521,0.913072924553037,0.831644811599228,1.08973468668982,0.913072924553037
"cin-miR-4198-5p_st",0.78785335062306,1.25063493433699,1.14994452565501,0.780401822319613,0.776847382769433,0.728669732329309,0.913072924553037,0.913072924553037,0.913072924553037
"cin-miR-4199-3p_st",1.35948838781208,0.844942853440536,0.795145790344036,0.936703918701858,0.844942853440536,0.859887921244151,0.869239944108582,0.977270542516658,0.78311304678579
"cin-miR-4200-3p_st",1.40332115903987,1.12316900860978,0.96458658757459,0.817996954828968,1.03131335166755,0.950668057062392,0.817947843060901,0.950668057062392,0.845902914916194
"cin-miR-4200-5p_st",1.44009736242701,1.1677905569409,1.01289534045192,1.52854073296985,0.977741451447159,1.2006717430963,1.2643369074153,1.05672832089637,1.2006717430963
"cin-miR-4201-5p_st",0.867182656462042,1.2487365285627,1.03979945217655,1.03143649322647,1.27544381126464,1.15410875128576,1.07268063833195,1.16532881903391,1.29602543705933
"cin-miR-4202-5p_st",0.992543140580847,0.965835857878902,1.03143649322647,0.805485729787015,1.0755554228748,0.743755932020709,0.869239944108582,0.776604240233798,0.634404058891184
"cin-miR-4203-3p_st",1.1415467495947,1.02830004100086,0.983549243217796,1.15488236552801,0.946886796819775,0.950668057062392,1.25482033227801,1.27567425898403,0.586234559898753
"cin-miR-4204-3p_st",0.85215576583436,0.877427744227408,1.17245307503763,0.913072924553037,0.977375339764336,1.11755224790029,1.10793294138955,0.690449244940616,1.01025652591974
"cin-miR-4204-5p_st",1.2291233377972,1.39596257091646,1.15695348061009,0.987718230740262,1.14041530903132,1.15695348061009,1.35969060137833,1.15695348061009,1.15695348061009
"cin-miR-4205-5p_st",0.748974721361005,0.869239944108582,0.869239944108582,0.913072924553037,0.599319747319206,1.04087813471004,1.10055964421233,0.799804041029744,0.869239944108582
"cin-miR-4206-3p_st",0.989342620589516,0.954722326626611,0.82903350709263,1.03143649322647,1.08876538471872,0.737232134881728,1.19865654124971,1.03143649322647,1.06903162573582
"cin-miR-4207-3p_st",0.949166403843003,1.47664829988433,1.71544145308619,1.14870846207455,1.1361449031298,1.14870846207455,1.14870846207455,1.04540868226972,1.14870846207455
"cin-miR-4208-3p_st",0.700686804190204,0.73641116241625,0.748974721361005,0.721533635109859,0.839076231317813,0.748974721361005,0.748974721361005,0.81182281323003,0.748974721361005
"cin-miR-4209-5p_st",0.987575241373074,0.913072924553037,0.913072924553037,1.06650705181503,0.836358757953178,0.913072924553037,0.902408848622993,0.838106433411694,0.808343194488348
"cin-miR-4210-5p_st",1.10866556343929,1.07200311704127,1.10866556343929,0.678589035850042,0.977375339764336,0.96238856947603,0.977375339764336,0.758483293819791,0.950668057062392
"cin-miR-4211-5p_st",0.995342609007451,0.813125329016109,0.913072924553037,1.10815065982633,0.822971414596228,0.805383898929168,0.869239944108582,0.855744033060791,0.945954110708442
"cin-miR-4212-3p_st",0.857891945238911,1.31498104220551,0.950668057062392,1.00971325940638,0.940638692035612,0.950668057062392,0.863284020470219,0.950668057062392,0.950668057062392
"cin-miR-4213-5p_st",0.679190838614845,0.869239944108582,1.13316216065469,0.751697347900628,0.990575004087461,0.861498514021641,1.00206872580091,1.21792872073796,0.869239944108582
"cin-miR-4214-5p_st",1.07200311704127,0.879580069710684,1.07200311704127,1.00770070182997,1.15695348061009,1.12029103421207,1.07200311704127,1.1666308943182,1.07200311704127
"cin-miR-4215-3p_st",0.881892067185664,1.13764655634918,0.935953220647797,0.734822008947902,0.73641116241625,1.07989664284772,0.756716151447946,0.935953220647797,0.935953220647797
"cin-miR-4216-3p_st",1.24334947545735,0.94333449098624,1.07200311704127,1.03497010853341,1.03912193088587,1.1487230777034,1.07200311704127,1.07200311704127,1.07200311704127
"cin-miR-4216-5p_st",0.572442537839863,1.4475247958578,0.649156704439722,0.959299263622427,0.936082799263443,0.686191316477819,0.797809011257917,1.16592355202096,1.2006717430963
"cin-miR-4217-3p_st",0.978841090926116,0.978841090926116,0.869239944108582,1.01888398956137,1.4314941929036,1.16040131379831,0.978841090926116,0.886205387051331,1.31015913292472
"cin-miR-4218-5p_st",0.951737894293692,0.821631739140983,1.23419966615916,1.34449848832983,0.925030611591748,1.35971665354278,0.842820670415786,0.859102190418908,1.07200311704127
"cin-miR-4219-5p_st",0.55544727293709,0.851067157311044,0.601746842996587,0.618868566208295,0.836358757953178,0.878600443834382,0.977375339764336,0.913072924553037,0.884055842391085
"cin-miR-4220-3p_st",1.06956944401792,0.928552862206761,0.928552862206761,0.992340373805098,0.895671676051356,1.02003523314272,0.748974721361005,1.12867169831599,0.722160742136391
"cin-miR-4220-5p_st",1.14970573996881,0.857891945238911,0.97922700521779,1.05593235025107,0.711818444602919,0.857891945238911,0.767790435282103,0.779029866460931,0.97922700521779
"cin-miR-672_st",0.913072924553037,0.965036205574787,1.11597061011095,0.805485729787015,0.950668057062392,0.836358757953178,0.977375339764336,0.913072924553037,0.831644811599228
"cin-miR-7-star_st",1.20162803255515,1.00507910421005,0.893916708695839,0.913072924553037,0.843998357182272,1.24439096655164,0.939780207254982,0.913072924553037,0.831644811599228
"cin-miR-7_st",0.884599227940856,0.977375339764336,1.2145902736085,0.977375339764336,0.977375339764336,0.950668057062392,0.673016935161386,0.92004644827209,1.07200311704127
"cin-miR-78_st",1.33389533264902,1.29602543705933,1.20117511864753,1.33389533264902,1.37547359512547,1.33389533264902,1.35969060137833,1.33389533264902,1.33642591248337
"cin-miR-9-5p_st",0.869239944108582,1.42360203474544,1.22468950073167,0.711941712853142,0.836358757953178,0.869239944108582,0.869239944108582,0.772362954778598,0.869239944108582
"cin-miR-92a-star_st",0.972271124692969,1.2006717430963,1.2006717430963,1.66160422337553,1.28244261930433,1.02936887925546,1.60313908710293,2.17221419466146,1.94953953689922
"cin-miR-92a_st",6.3669669004124,6.37819374214539,5.50680090071349,5.41834753488349,5.47187133754078,5.6965328602389,6.62925686905048,6.0461235265433,5.34432928100095
"cin-miR-92b-star_st",0.977375339764336,0.986584120529662,4.45565744380867,1.27118511049947,1.19757769636904,0.878895094905793,1.10259491369431,0.913072924553037,0.909864159867533
"cin-miR-92b_st",11.8833526054992,11.7898700192642,11.6390228832857,11.5599457908407,11.7075954031651,11.5834629931865,11.9143071011177,11.6995458817397,11.6170613369372
"cin-miR-92c-star_st",0.968230469064461,1.38178364102406,1.40332115903987,1.28378561023758,0.956090176442235,1.17902046809138,1.0198443907638,1.94958526344523,1.17902046809138
"cin-miR-92c_st",3.32893875910973,2.42868555410306,2.82962364467313,2.46921405208873,3.24622926051581,3.32664909333718,2.99736073227981,2.99736073227981,3.36608912742391
"cin-miR-92d-3p_st",6.14996261379056,5.29000851945407,5.29943052447749,4.90960917374053,4.76905058752029,5.50048084426131,6.02792580212939,5.50048084426131,5.58024346441342
"cin-miR-92d-5p_st",0.686253754637451,1.19469396601598,0.779029866460931,0.833091019923065,0.73641116241625,0.657382806654053,0.779029866460931,0.779029866460931,0.699317729301802
"cin-miR-92e-3p_st",0.872878715527218,0.816610644980487,0.93928290303978,1.20604617513338,1.15695348061009,1.12933200853352,1.23922316506451,1.07200311704127,1.07200311704127
"cin-miR-92e-5p_st",3.35226746012325,3.5144553226426,1.61380807175679,2.86110869581642,1.97887761530601,3.08588435105128,3.25405517897026,3.02813317630358,2.5834596673074
"cin-miR-96-3p_st",0.66960084988736,1.06200382974687,0.979224584233456,1.14870846207455,1.10055964421233,0.870816041155936,1.10055964421233,1.2145902736085,1.14992297207356
"cin-miR-96-5p_st",1.40332115903987,1.27023016833002,1.85525833736916,1.27913456372972,1.29602543705933,1.2456653029277,1.21508516337485,1.29602543705933,1.29602543705933
"cla-miR-1992_st",1.10866556343929,1.11257595573626,0.910524926684551,1.14871728364113,1.07200311704127,0.964314091417401,1.33620400330043,0.913072924553037,1.07453369687562
"cla-miR-1994_st",0.76256039228042,1.11848010194584,1.24185509333816,1.08292490084993,1.65660494358573,1.08015502878253,1.35406465703782,1.24185509333816,1.24185509333816
"cpa-miR162a_st",0.748974721361005,1.086583858468,0.896534752974266,1.16329802506786,0.799657763644282,0.961360841723838,0.86944236689149,1.17466818594283,0.913072924553037
"cqu-bantam-star_st",0.92248565527597,0.695588526870424,0.783389628418875,0.78866167351527,0.921309121522,1.05701634675296,0.722943597044422,0.722943597044422,0.836358757953178
"cqu-bantam_st",0.651606521691211,0.873953890462532,1.31891217021081,0.950668057062392,0.988263189571746,0.958913075597933,1.10055964421233,0.779029866460931,1.09798503204717
"cqu-let-7-star_st",1.05737346239161,0.950668057062392,1.2145902736085,0.855436885254245,0.836358757953178,1.28246754791649,0.817947843060901,0.549432663129457,0.950668057062392
"cqu-let-7_st",3.96240287764293,4.6520629433101,3.1879954289246,3.28919359080804,2.84353970476833,2.48143304864543,3.3399924296869,3.28919359080804,3.40386204661254
"cqu-miR-1_st",0.857891945238911,1.20170427839316,1.0723067453751,1.31953044064349,1.40332115903987,1.15695348061009,1.20049677806946,1.1719402508984,0.950668057062392
"cqu-miR-10-star_st",2.07336972601012,1.49300082327811,1.03143649322647,1.45540569076875,1.54939465967587,1.33542689642257,1.41121228432542,1.86004729978896,1.94247366514998
"cqu-miR-10_st",0.980915409674966,0.980915409674966,1.5053775113968,1.40079057920553,1.40332115903987,0.929266192988637,0.662265312379975,0.785322770788711,0.822917903298066
"cqu-miR-100-star_st",1.12486130207631,1.32160529058582,1.05701634675296,1.10516516461518,1.0284598195819,0.928522685724769,1.05701634675296,1.40079057920553,0.90712475960302
"cqu-miR-100_st",11.639850854365,11.7348396050011,11.6437098076838,11.6133765982445,11.6358364369556,11.607501513529,11.6046782739435,11.6594839391431,11.6038820821202
"cqu-miR-1000_st",0.748974721361005,0.569132733772733,0.783389628418875,0.745794495909521,0.783389628418875,0.883337223955803,0.926880521415175,0.61353765212198,1.12000855688835
"cqu-miR-11-star_st",1.06956944401792,1.15695348061009,1.15695348061009,1.14870846207455,1.15695348061009,1.47754820326701,1.23922316506451,1.09962458911785,1.13024619790815
"cqu-miR-11_st",0.950668057062392,1.03210322051322,1.07841821082672,0.724024663174222,0.950668057062392,0.950668057062392,0.650437122069201,0.950668057062392,0.755623935861693
"cqu-miR-1174_st",0.727371653730428,1.03173005833338,1.64807975027134,1.03143649322647,0.950668057062392,0.728669732329309,0.950668057062392,0.996462451285625,0.854262269943011
"cqu-miR-1175-star_st",0.72773776541325,0.917786870906987,1.29601838656231,0.832304488388959,0.991234680877192,0.950668057062392,0.788471507944504,1.2145902736085,0.950668057062392
"cqu-miR-1175_st",1.19918026642925,1.53324863211766,1.2412741390662,1.23922316506451,1.44198633799719,0.950668057062392,1.23922316506451,1.36074768057027,1.47794950927376
"cqu-miR-12-star_st",1.25230717457312,1.29602543705933,1.13799787546391,1.3330756107372,1.02009056920665,1.63101315314491,1.41868458059791,1.21471204206376,1.1627371445668
"cqu-miR-12_st",0.700689685160484,0.913072924553037,0.913072924553037,0.913072924553037,0.913072924553037,0.96604205408734,0.945954110708442,0.913072924553037,0.913072924553037
"cqu-miR-124_st",1.6329128022421,1.40079057920553,1.3008429836686,1.00406672861938,1.53859096704996,1.25471707856953,1.40079057920553,1.40079057920553,1.7448730694933
"cqu-miR-125-star_st",1.07200311704127,1.12396639806302,1.67072971965475,1.12183900780463,1.07200311704127,0.780633013351058,0.890653954743712,0.90111549327106,0.79073805212945
"cqu-miR-125_st",11.1818301565725,11.1364525647246,11.2121168213134,11.2070377915474,11.0916703671566,11.0392995247496,11.24815352618,11.1439609824997,11.1916869886398
"cqu-miR-13_st",0.853791067732408,1.04344416888587,0.869239944108582,0.805485729787015,0.950668057062392,1.07618504444601,1.08122565868761,0.950668057062392,1.19818916578443
"cqu-miR-133_st",1.27895760194851,0.950668057062392,0.829309395184296,0.99802328812186,1.15695348061009,1.75983548865187,0.954190307677405,1.4250311025845,1.29602543705933
"cqu-miR-137_st",1.1690255787366,0.820004606650623,0.783389628418875,0.679228581505601,1.12101946419898,0.896718773250483,1.1917926876758,0.896718773250483,0.896718773250483
"cqu-miR-14_st",0.857891945238911,1.05701634675296,0.92418756506063,1.03143649322647,0.721424392127943,1.14196671032179,0.977375339764336,1.53440788938756,0.86598708698162
"cqu-miR-184_st",1.10866556343929,1.39560608056406,1.21680095909505,1.41143232433645,1.02630548356942,1.10866556343929,0.988400340691714,0.92942849423944,1.13963462840103
"cqu-miR-1889-star_st",0.850787463575293,0.764815076598441,0.779607409586625,1.01175497139419,0.947664452905277,1.2569307545527,0.93683989122604,1.13960306415873,1.07200311704127
"cqu-miR-1889_st",0.987330503460413,0.950668057062392,1.36589055699624,0.913072924553037,0.950668057062392,1.13024619790815,0.950668057062392,0.913072924553037,0.63830373731217
"cqu-miR-1890_st",0.857891945238911,1.19152881282221,0.926939868989352,0.636836703318463,1.07200311704127,0.952519722515845,0.952519722515845,0.808576300315919,0.952519722515845
"cqu-miR-1891_st",0.646309652459441,0.844549168094804,0.869239944108582,0.858692891851994,0.745277730943238,0.958640487388922,0.871256450796749,0.858692891851994,0.858692891851994
"cqu-miR-190_st",0.884812842527879,0.959341454065391,1.12260916672512,0.837640671421111,0.950668057062392,0.950668057062392,0.869239944108582,0.689220203641625,0.759638797291049
"cqu-miR-2_st",0.715304788671683,0.618868566208295,1.09926793677094,1.04642326351478,0.836358757953178,0.957693817932056,1.97832899893024,1.07200311704127,1.2006717430963
"cqu-miR-210-star_st",1.19665046182791,1.45888076802317,1.07200311704127,0.820472500075322,0.824396060804872,1.15695348061009,0.923404658155772,0.836367579519756,1.29217223478678
"cqu-miR-210_st",4.87082043782452,4.90348515091702,4.59911936041839,4.96363933452731,5.02341966953291,5.50048084426131,5.69331814638177,4.16120291761047,4.90348515091702
"cqu-miR-252-star_st",0.913072924553037,0.843998357182272,0.913072924553037,0.861109643531288,1.33276988412867,0.882103859591297,1.32150978345137,0.913072924553037,0.913072924553037
"cqu-miR-252_st",0.7230238190593,0.813125329016109,0.913072924553037,1.03143649322647,0.913072924553037,0.772056342741879,0.945954110708442,1.1502878583972,1.37273960365919
"cqu-miR-263_st",1.19361592700811,1.23838864406092,1.24190384417891,1.15695348061009,1.15695348061009,1.03747993910603,1.11585350278289,1.15695348061009,1.4882715226087
"cqu-miR-275_st",1.13316216065469,1.17792782721048,1.2145902736085,0.698140476750497,0.942283468122385,1.13316216065469,1.55302231628148,0.748248959417602,1.53475069972288
"cqu-miR-276-star_st",0.827483752614393,1.00799694855464,0.917786870906987,1.25258167905959,0.741354136402201,0.950668057062392,0.950668057062392,0.950668057062392,1.14613384990938
"cqu-miR-276_st",1.19400723837968,0.912984258759244,1.47074111488795,1.11310309486847,0.869265996273036,1.26170717533881,1.07200311704127,1.34008073901568,1.07200311704127
"cqu-miR-277_st",0.977375339764336,1.35714316465555,1.15695348061009,0.949166808772057,1.66561698175312,0.93561483266674,1.27742091692391,1.19752010442489,1.07618504444601
"cqu-miR-278_st",1.05409530042647,0.685115584756868,0.836358757953178,0.980140915567088,0.836358757953178,1.00799694855464,0.646309652459441,0.836358757953178,0.976736437595959
"cqu-miR-279-star_st",1.41136721990499,1.07200311704127,0.893916708695839,1.19816166794032,1.07200311704127,1.30315840839424,0.769077193462952,0.828483072326704,0.812271239415183
"cqu-miR-279_st",1.5310369597944,1.58081031967248,1.50409035901035,1.38508672740863,1.40955617697174,1.80564605521584,1.65052035431983,1.40079057920553,1.27387496825949
"cqu-miR-281-star_st",0.911493528230389,0.562477158783448,0.87816017798083,0.830463093542922,0.73641116241625,0.923911073681218,0.836527037089045,0.913072924553037,0.84719111301909
"cqu-miR-281_st",1.10866556343929,0.950668057062392,1.32255893775598,0.950668057062392,0.923960774360447,0.618868566208295,0.78680153690287,1.25218540611785,1.07200311704127
"cqu-miR-283_st",1.15695348061009,0.954599606244319,0.997777403282518,1.15695348061009,1.15695348061009,1.31109989857696,1.15695348061009,0.9467473464485,1.15695348061009
"cqu-miR-285-star_st",0.785385435953129,0.757944349701983,1.23612346089423,0.913072924553037,0.975434541446866,0.746274250458813,1.04409225083594,0.89899192306611,0.576626880327091
"cqu-miR-285_st",0.551542972859689,0.833979255722125,0.751594734196318,1.40079057920553,0.933926851259053,0.730866106241494,1.35969060137833,0.855744033060791,0.87019307015468
"cqu-miR-2941-1-star_st",0.939780207254982,0.724768606100044,1.17699514109914,0.913072924553037,0.937542374116145,0.828162512474883,0.939780207254982,1.36547367183681,0.869239944108582
"cqu-miR-2941-2-star_st",1.13019875072503,0.798880708726421,0.804922815704609,0.857891945238911,0.59621903830981,0.950668057062392,0.857891945238911,1.093536304327,0.759638797291049
"cqu-miR-2941_st",1.23922316506451,0.836248433363967,1.25844820846805,1.14870846207455,1.16954859015169,0.894805563296482,1.10908832697814,1.13914347207807,1.36729267110554
"cqu-miR-2951-star_st",1.28494184244113,1.44389399773486,1.35540894833041,2.02467018486004,1.99922921702506,1.58930024704408,1.54939465967587,1.56775235955733,1.54939465967587
"cqu-miR-2951_st",2.439166235033,3.93601670008704,1.88469507429532,4.35724394523305,2.84681471762066,3.87858087393955,2.95428232758503,2.48805456225426,3.12574228306683
"cqu-miR-2952_st",1.8040222109156,1.2006717430963,0.796215627575337,0.83327677283202,1.08384833635094,1.10959824955062,1.18572302838734,1.33592533358738,0.57836401770839
"cqu-miR-305-star_st",1.2145902736085,1.02586643867414,1.4208756971562,1.23979327291585,1.2145902736085,1.43039121865672,1.2145902736085,1.2145902736085,1.13316216065469
"cqu-miR-305_st",0.857891945238911,0.944672197240508,1.00328300220069,0.913072924553037,1.08823336576951,0.929963797882641,0.883017779453111,0.913072924553037,1.00328300220069
"cqu-miR-306_st",0.857891945238911,0.831184662536967,0.831184662536967,0.691974232898902,1.06991100674622,0.897006570828063,0.814646490958195,0.619020090536031,0.831184662536967
"cqu-miR-308_st",1.10866556343929,1.27196721419471,0.98735638180628,1.02349770971115,0.946783543111293,0.946783543111293,0.748974721361005,1.09285704374729,1.07200311704127
"cqu-miR-309_st",0.977375339764336,1.42478871907818,1.1914865115667,1.00257833907169,0.654175352204767,0.654175352204767,0.748974721361005,1.2145902736085,1.2006717430963
"cqu-miR-31-star_st",0.748974721361005,0.73641116241625,0.748974721361005,0.814606781754705,0.561996222074212,0.748974721361005,0.748974721361005,0.938678779658545,0.748974721361005
"cqu-miR-31_st",10.5539280200632,10.1883661481193,10.1674082831554,10.0983365675341,9.92551998234327,9.91780829714878,10.7117696418087,10.241801807082,10.2659652358261
"cqu-miR-315_st",0.893916708695839,0.893916708695839,0.893916708695839,0.748734381420462,1.07200311704127,0.867209425993894,0.98412678634349,0.893916708695839,0.950668057062392
"cqu-miR-316_st",0.977375339764336,0.80162387469218,0.817590727422254,1.5674766575212,0.950668057062392,1.05701634675296,1.05701634675296,1.07200311704127,1.07200311704127
"cqu-miR-317-star_st",0.704997756544447,0.836358757953178,0.832201787934176,1.10018772269365,1.13069122112628,1.25042697034541,1.25748595394909,1.06169608491403,1.07200311704127
"cqu-miR-317_st",0.93031632490967,1.0249441021866,1.00118382782229,1.26794709991588,1.0249441021866,1.00118382782229,1.35969060137833,0.963588695312931,0.822180929253916
"cqu-miR-33_st",0.786800226643117,1.07200311704127,1.26141604398149,1.28699854098187,1.10982862232338,1.38344495819487,0.971570287384901,0.587258168411569,1.01520084504645
"cqu-miR-375_st",1.01682213772714,1.12875446540782,1.07200311704127,0.711941712853142,0.91415706882558,1.12875446540782,1.15037668071814,1.07200311704127,1.07200311704127
"cqu-miR-7_st",1.70943793212881,1.25040408937567,1.41478233652822,1.26442616437186,1.19879410397816,1.72779563201027,1.80380380315747,1.78234506302862,1.91363349981271
"cqu-miR-71-star_st",0.857891945238911,0.77260454363161,1.09319926628853,0.805485729787015,0.836358757953178,0.664915518007741,0.805485729787015,0.805485729787015,0.76165274934256
"cqu-miR-71_st",0.646309652459441,1.07200311704127,1.23000062341817,1.07200311704127,0.886485090899608,0.957693817932056,1.1997532708056,1.33592533358738,1.07200311704127
"cqu-miR-79_st",0.646309652459441,0.821222440574069,1.1682913674528,0.661271834505275,0.954140411861004,0.751786537495231,0.751786537495231,0.915884740687263,0.538174256803687
"cqu-miR-8-star_st",0.982227485556913,1.42820850265267,1.53339287876243,1.26927831016443,1.54864430206128,1.17970828015811,1.23922316506451,1.26927831016443,1.26927831016443
"cqu-miR-8_st",1.21635458906316,0.957693817932056,0.977375339764336,1.60325141609562,1.07200311704127,0.836358757953178,1.10055964421233,1.54939465967587,1.05835708268626
"cqu-miR-87_st",2.30830197998802,2.15418177205924,1.89347714996364,1.89347714996364,1.89347714996364,1.68268715093672,1.95365958294339,1.72873041701531,1.89347714996364
"cqu-miR-9-star_st",0.950668057062392,0.938104498117637,1.2145902736085,1.12696204255871,0.848002988160828,1.02738801772452,0.950668057062392,0.913072924553037,0.950668057062392
"cqu-miR-9_st",1.12301589809631,0.836358757953178,0.950668057062392,0.793369825806951,0.813906844375227,0.908733134414643,1.12301589809631,1.2145902736085,0.813906844375227
"cqu-miR-92_st",11.0664593539153,10.7783901400148,10.682522544242,10.6225596659131,10.5634552492041,10.4259332632075,11.0155790112199,10.6243295782746,10.7234456238734
"cqu-miR-932-star_st",1.2145902736085,1.07200311704127,1.0877610455302,1.09191801554921,1.28131703770146,1.53607260341249,1.56504242825105,1.01223639924272,1.30520964982306
"cqu-miR-932_st",1.06998791519468,1.11286460618028,1.36464351079526,0.86220124335664,0.998555307071066,1.05701634675296,0.941334983269661,1.07405519727115,0.792111322251551
"cqu-miR-957_st",0.977375339764336,0.870454220508356,1.44389399773486,1.26442616437186,1.06475937635651,1.40332115903987,0.977375339764336,0.913072924553037,1.04529583433933
"cqu-miR-965_st",1.098856122587,0.977375339764336,0.965307474363724,0.977375339764336,0.977375339764336,0.88430219311949,1.22459903503273,0.768061419104146,1.2006717430963
"cqu-miR-970_st",0.94643195886535,0.933868399920595,1.03143649322647,1.01058256652045,0.933868399920595,1.03143649322647,1.72361846824314,0.753848659453637,1.26519526348578
"cqu-miR-980_st",1.08057635204871,0.913860837487601,1.05487741929876,0.870978601864043,1.10959824955062,1.02817013659681,0.805239844947674,1.07200311704127,0.821884713049114
"cqu-miR-981_st",0.921178843779994,0.73641116241625,0.926272588876161,1.07693944471256,1.35808469230999,0.904950141477013,0.681753224449285,0.618743884976866,0.804937528897283
"cqu-miR-988-star_st",0.742437461187249,0.929415960474042,1.0704325422852,0.811873364266087,0.829468364937113,0.811873364266087,1.1936168467332,1.07200311704127,0.612126132105294
"cqu-miR-988_st",0.96963231016079,1.05701634675296,1.71587661799371,0.913072924553037,1.05701634675296,1.79866469883206,0.885683224442749,1.2145902736085,1.20433332173774
"cqu-miR-989_st",0.608079715061225,0.950668057062392,1.37106465241245,1.11785004953724,1.19400723837968,1.04793373774369,0.748974721361005,1.07200311704127,1.07200311704127
"cqu-miR-993-star_st",0.803830791776778,1.38983284427273,0.767169205602744,0.977375339764336,0.782297604491044,1.15695348061009,0.977375339764336,1.01794196357914,0.977375339764336
"cqu-miR-993_st",1.07200311704127,1.07200311704127,1.2145902736085,0.911841816788634,1.07200311704127,1.07200311704127,0.957972487645106,1.07200311704127,1.07200311704127
"cqu-miR-996_st",1.03333814730061,0.835297742288456,1.19226833978885,1.38469138711943,1.19226833978885,1.11297915428924,0.869239944108582,0.977884898855684,0.78311304678579
"cqu-miR-998_st",1.00231727374872,0.950668057062392,1.15695348061009,0.950668057062392,1.15695348061009,1.0320961700162,0.871027050073765,0.779029866460931,0.762891654418011
"cqu-miR-999_st",1.03143649322647,0.911535313945265,1.03143649322647,0.886254165951094,1.03143649322647,1.03143649322647,1.2598371116298,1.03143649322647,1.11098991788589
"cqu-miR-iab-4_st",0.857891945238911,0.836358757953178,0.869239944108582,0.805485729787015,0.477329797896551,1.05701634675296,0.869239944108582,1.43752056525764,0.759638797291049
"cre-miR1142_st",3.31278886522002,2.47733731966753,2.53577115711782,2.38399137169174,1.56567100087883,1.28131703770146,2.36344392948978,3.72223590784357,2.4126700181326
"cre-miR1143-star_st",1.29644196608367,1.13844445970677,1.05701634675296,0.806644968852676,1.05701634675296,1.05701634675296,1.05701634675296,0.990289582660001,1.03326551562514
"cre-miR1143_st",1.6034399951491,1.2721219531505,1.52630756658915,1.40079057920553,1.39345701312937,1.32002214304145,0.846428488568666,1.44135720302033,1.40079057920553
"cre-miR1144a.1_st",6.96621647298178,6.42333397503719,6.28795813432245,6.42573536461141,6.62059331764694,6.92339912435821,6.73385028675639,7.41762069511417,6.89291568319629
"cre-miR1144a.2_st",1.76584351545816,1.80977074368264,1.81581375185084,1.89808343630525,2.45298307627947,2.2335605724967,2.24557161841625,1.89808343630525,2.21792248021432
"cre-miR1144b_st",11.2961923765425,11.161506429067,11.0719658415675,11.3436776149516,11.7374083492841,11.6149119618596,11.1410475220336,11.7167816585563,11.3555317430005
"cre-miR1145.1_st",1.23922316506451,1.15208020300496,1.07200311704127,1.14870846207455,1.23922316506451,1.30771053421076,1.32162572061841,1.61936271615944,1.4950195244744
"cre-miR1145.2_st",1.00424227602884,0.950668057062392,1.03143649322647,1.03143649322647,1.09816325731943,1.03143649322647,0.944052456634297,1.03143649322647,1.20307468382793
"cre-miR1146_st",1.3344914528897,1.2145902736085,1.2145902736085,1.28366484097926,1.15695348061009,1.15695348061009,1.18366076331204,1.2145902736085,1.25830853609471
"cre-miR1147.1_st",1.22177426954174,1.31455038136522,1.27083211887901,1.51466921747445,1.5324579829144,1.49412852221098,1.31455038136522,0.993514059087104,0.869239944108582
"cre-miR1147.2_st",1.01648996535349,1.0602082278397,1.01648996535349,0.900454470118949,1.23060113715585,0.894485844015074,1.26519557278852,0.844851774752027,0.950668057062392
"cre-miR1148.1_st",2.41268387346348,1.88695666945982,1.4747971535247,2.01033166085215,1.76945274912528,1.76945274912528,2.48869204461068,3.4268603660345,1.7868333192043
"cre-miR1148.2_st",1.76973539746968,1.44389399773486,1.32751867930856,0.994067694659392,1.07200311704127,1.26455824039542,1.25950132157059,0.743387264019178,0.95628819064154
"cre-miR1149.1_st",1.58605710607389,1.59543792575445,0.984220526423796,1.51363393160353,2.5525986807205,1.65277094384501,1.25758086494597,1.54939465967587,1.76018465870278
"cre-miR1149.2_st",1.26371230405755,1.54467546753574,1.40332115903987,1.65136802384747,2.38669187596224,2.24964955202342,1.1971989394933,1.34599226754763,1.66406311548037
"cre-miR1150.1_st",1.21371577453098,1.33268788345735,1.10866556343929,1.14870846207455,1.06494730095308,0.965010167095955,1.26768442172132,0.851931656372474,0.917636303667949
"cre-miR1150.2_st",0.981901607084461,1.07200311704127,0.869964212644574,1.07200311704127,1.07200311704127,1.09758297056776,1.15664985227626,1.11256974085607,1.11256974085607
"cre-miR1150.3_st",9.48899439128435,9.17412040198253,9.00379966767305,9.16844994468919,9.6390249484415,9.34531205203948,9.24198508612313,9.87713858952177,9.27149066857645
"cre-miR1151a-star_st",4.1009680808383,3.87392329830985,1.85964213874452,3.27428176959241,3.55307235821782,3.87392329830985,3.8281460918125,4.00664179929313,3.87392329830985
"cre-miR1151a_st",0.977375339764337,1.03255631907846,1.17514347564569,0.968802104756895,1.03255631907846,1.28131703770146,1.36042530895201,0.660206676786131,0.879122191816474
"cre-miR1151b-star_st",3.36613076031118,2.41009927612505,2.14482751013677,2.74205345602614,1.86519340083984,2.15618356585805,2.48847283980192,3.85970045155033,2.37944128931057
"cre-miR1151b_st",1.08804483086349,1.21078925638145,1.76720083978282,1.05014324164416,1.16768583785212,1.26763343338904,1.10055964421233,1.16768583785212,1.77473260657952
"cre-miR1152_st",0.924448728507943,1.04926445498622,1.28114705687753,1.17879225447244,0.93495515587701,0.728669732329309,1.01722484033142,0.992591948875416,1.1385599003103
"cre-miR1153.1-star_st",0.977375339764336,0.977375339764336,0.856040279785458,0.805485729787015,1.58805937365979,0.869686314140467,0.977375339764336,1.10533067322856,1.25226183597158
"cre-miR1153.1_st",0.94333449098624,1.19333817702015,0.759638797291049,1.30086196650119,1.07453369687562,1.28131703770146,1.11055453900948,0.94333449098624,1.07200311704127
"cre-miR1153.2-star_st",0.959857173167658,1.30236839659167,1.40332115903987,1.26442616437186,1.40332115903987,1.23922316506451,0.875582903640926,1.23922316506451,0.950668057062392
"cre-miR1153.2_st",1.02260143969509,1.05701634675296,1.15695348061009,1.03143649322647,1.22429477539648,1.17132564586218,1.08372362945491,1.19960350332019,0.802577643766546
"cre-miR1154-star_st",0.877962957829619,0.523637394400148,0.924885773657579,0.828713364661814,1.09523075191607,0.759638797291049,0.748974721361005,0.467183412968466,0.68291883662892
"cre-miR1154_st",1.10055964421233,1.08799608526758,1.10055964421233,1.21980648111505,0.901017585980787,0.760351575352155,1.11341654528124,1.4235880398926,0.807946580430844
"cre-miR1155_st",2.01033166085215,3.80532766987732,1.78707566008786,2.93558236899673,3.90979799071456,3.83955596419748,3.05481976092596,3.15811934997304,3.74843172522133
"cre-miR1156.1_st",1.4549703757262,1.2746697498971,1.18266357024009,1.40332115903987,2.02899196322363,1.40332115903987,1.2580071814146,1.64715825763531,1.40332115903987
"cre-miR1156.2_st",1.03561842063121,1.11704653358502,1.03561842063121,1.43080464089449,1.15695348061009,0.895048208851941,1.03561842063121,0.963970663215616,0.926051425141683
"cre-miR1157-star_st",0.857891945238911,1.07989026997199,0.847862580212132,0.817325321424112,1.08219263618741,0.857891945238911,0.857891945238911,0.857891945238911,0.690671897215675
"cre-miR1157_st",3.4480445730629,2.08617866408276,1.35785124789474,3.03991140107778,2.6921743664851,2.96788655040183,2.94246512549348,3.18599588108656,3.26198698081627
"cre-miR1158_st",4.81159538355891,4.03163796562934,3.21514841821014,3.73986589666662,4.47831845870022,4.03163796562934,3.8049899907324,4.57692824281048,4.76594544943906
"cre-miR1159.1_st",1.11116179026384,1.07200311704127,1.27391253980582,1.10866556343929,1.04303350304559,1.40332115903987,1.02630548356942,1.0363348485962,1.19703573549217
"cre-miR1159.2_st",0.819755320809694,2.09042378243623,1.39312985864739,1.07363507827406,1.691961274514,1.10959824955062,1.43580079422632,1.07200311704127,1.2309333095295
"cre-miR1160.1_st",0.857891945238911,0.950668057062392,0.951559230423008,0.741731515465448,0.646309652459441,0.77260454363161,1.04815342876044,0.702185949982186,0.805485729787015
"cre-miR1160.2_st",1.2006717430963,1.12002644849114,1.5805040139916,1.66160422337553,0.928364937610186,1.2006717430963,1.27904530677317,1.32014528460037,1.2006717430963
"cre-miR1160.3_st",2.32266774364185,1.56363132905095,1.80242853670741,1.20927672673155,1.88242338773867,1.74487058596475,2.56539478812427,2.07317975272117,1.90657065052039
"cre-miR1161a_st",0.856040279785458,0.950668057062392,0.935681286774085,1.54026916339665,0.935681286774085,0.988650416308388,0.701724321484667,0.688911247320579,1.07933668311742
"cre-miR1161b_st",1.30979677513919,1.64204139569102,1.2145902736085,0.711941712853142,0.863979035738108,1.35808469230999,0.913072924553037,0.913072924553037,0.863979035738108
"cre-miR1162-star_st",0.977375339764336,1.32273271976127,0.995733039645801,1.1331359406969,0.977375339764336,0.775021465398563,0.977375339764336,0.939780207254982,0.977375339764336
"cre-miR1162_st",1.19240325332943,1.19240325332943,1.24185509333816,1.26911741992929,1.33847675396542,1.19240325332943,0.905477158505707,1.0334730608412,1.08148243724244
"cre-miR1163.1_st",1.10866556343929,1.10866556343929,1.29564406272608,1.10866556343929,0.89440866879315,1.09392485798918,1.30820762167084,1.40286992178403,1.06642387755809
"cre-miR1163.2_st",1.36825948298591,0.950668057062392,1.20103943496268,1.52890842483623,0.978109143313537,1.41035335562287,0.911721867057333,1.20103943496268,1.53235747696128
"cre-miR1164_st",0.869239944108582,0.945959904770711,0.935672437755948,0.805485729787015,0.869239944108582,1.01531344474457,0.772362954778598,0.765940164303753,0.869239944108582
"cre-miR1165-star_st",0.977375339764336,0.772302693470284,0.665026059745442,0.958919857049003,0.913072924553037,0.889176053475985,0.977375339764336,0.889176053475985,1.40332115903987
"cre-miR1165_st",2.26709131879555,3.23984026767899,3.11020351781237,3.3546803872614,3.03063602791898,1.88469619360603,3.23984026767899,3.72962412296186,3.57038920154016
"cre-miR1166.1_st",2.01033166085215,0.991234680877192,0.950668057062392,0.805485729787015,1.01436632404286,1.07200311704127,1.4748675241526,1.76929704083011,0.991234680877192
"cre-miR1166.2_st",0.857891945238911,0.769292348571654,0.869239944108582,0.917388761970798,0.679190838614845,0.950668057062392,0.869239944108582,1.04590170624537,0.759638797291049
"cre-miR1167_st",0.871027050073765,0.950668057062392,0.950668057062392,1.12421260504995,0.84431976737182,0.766264864838663,0.977375339764336,0.950668057062392,0.931276987892509
"cre-miR1168.1_st",1.10659755267394,0.836358757953178,1.22359053869938,1.39741406950958,0.836358757953178,0.758483293819791,0.977375339764336,0.863960178855581,0.997492384126155
"cre-miR1168.2_st",1.10379475376632,1.90472332974064,1.22534850768356,1.55202498291512,1.29077325305311,0.822290776222605,1.19537784075403,1.2006717430963,1.2006717430963
"cre-miR1169-star_st",1.28131703770146,1.31075689467083,0.855623573119631,1.28131703770146,1.44541503167683,1.28131703770146,1.30987356487253,1.32188366151626,1.20054860153738
"cre-miR1169_st",0.839076231317813,0.988259419302939,0.964362548225887,0.708970076165104,0.73641116241625,1.09765503948674,1.25368011613123,1.00217794981514,0.964362548225887
"cre-miR1170.1_st",1.16567965821733,1.26030743549426,1.05754426256158,0.711941712853142,1.5136766581108,1.2455990361364,1.62588622181046,1.36507257764046,1.97461365928708
"cre-miR1170.2_st",0.977741451447159,0.950668057062392,0.86507978847128,1.59585796335957,1.2006717430963,1.5319897850949,1.2006717430963,1.66370395878508,1.2006717430963
"cre-miR1171_st",3.88740556360146,2.81293829367609,2.16786766839176,2.76330051885266,2.76330051885266,2.74199110121964,2.68374709419324,2.439166235033,3.25210111028586
"cre-miR1172.1_st",8.03193966338284,8.08082672266182,7.24790777525937,7.6987366099331,7.39081788652299,7.66027163591976,7.62970409179518,8.16874375198218,7.6987366099331
"cre-miR1172.2_st",0.857891945238911,1.05808458652907,1.07200311704127,0.805485729787015,1.28131703770146,1.07200311704127,0.860420824261799,1.13912931068105,1.29602543705933
"cre-miR1173_st",0.923678097180775,1.04394331992835,1.04394331992835,1.14870846207455,1.00022505744214,1.04394331992835,1.23922316506451,0.75634450138509,0.948589625965326
"cre-miR905-star_st",0.847677815807505,1.2993748375428,0.850111488830856,1.31534903807374,0.935061852399679,0.935061852399679,0.935061852399679,0.935061852399679,0.869239944108582
"cre-miR905_st",1.29602543705933,0.993145069483067,1.25755697011942,1.40079057920553,1.40332115903987,1.53692296201627,1.44591702420927,0.913072924553037,1.29602543705933
"cre-miR906-3p_st",1.06747684972115,1.21628530137297,0.736411162416249,0.963368297354556,1.17256703888677,1.80744288257837,1.53107028173791,1.6357574708702,1.12093160740995
"cre-miR906-5p_st",2.69606542661486,2.22026003847587,1.48514087200616,2.19045268317855,1.54939465967587,2.19045268317855,1.72610504935425,3.24908489474412,2.16137264203306
"cre-miR907_st",6.94251758417127,6.68463145198117,6.24280079747439,6.74360658721281,6.57579297008477,6.74360658721281,6.49892055629816,6.90573328187849,7.19750606852016
"cre-miR908.1_st",1.15695348061009,1.27126277971931,0.922157845107366,1.25899583482918,1.07200311704127,1.15695348061009,0.852595076007142,1.29928211449021,1.38097580062815
"cre-miR908.2_st",0.867332284370915,1.2006717430963,1.07200311704127,0.954460520833316,1.07200311704127,1.26604131498057,1.01549210861526,1.19147665854533,1.07200311704127
"cre-miR908.3_st",0.883471798765404,0.980302180153104,1.13524353706547,1.05701634675296,1.28131703770146,0.976247910588885,1.07597021345409,1.24017012713499,0.898874067199294
"cre-miR909.1_st",1.23922316506451,1.43941284910996,0.880194205007879,1.23922316506451,1.39336958303138,1.21768997777877,1.23474201643961,1.16036108628653,1.00670786915398
"cre-miR909.2_st",1.29081282192607,1.57329153075292,0.893916708695839,1.39839924239208,1.23922316506451,0.990517557629478,1.41735310909321,1.18189427357226,1.23922316506451
"cre-miR909.3_st",0.892728604529346,1.44389399773486,0.84891663820096,1.65814648172329,1.44389399773486,1.23760857418716,1.40026344007331,1.64408368178032,1.44389399773486
"cre-miR910_st",0.923619976809626,0.936574829023145,1.33159585508843,1.13600321620218,1.29493340869041,1.53668054546892,0.869239944108582,1.06927645210922,1.48008570648995
"cre-miR911_st",1.09491769822644,1.05825525182841,1.17959031180729,0.913072924553037,0.925426470136081,0.91768504004914,1.05825525182841,1.25184986844516,1.05825525182841
"cre-miR912_st",6.35932189839678,5.62842436492861,4.72373553362912,4.27775910549133,7.34915022552476,6.54327203376481,6.14897351964712,7.49236645842344,5.96080560224742
"cre-miR913-star_st",1.23922316506451,0.826655238046331,1.52854073296985,1.69810555630108,1.09663600849728,0.836358757953178,1.23922316506451,1.07200311704127,1.29602543705933
"cre-miR913_st",0.913072924553037,0.880191738397633,0.836358757953178,0.792060182377894,1.24439096655164,0.880191738397633,0.934848773297961,1.0325464660571,0.913072924553037
"cre-miR914_st",2.08240424930543,1.28528009107787,1.28528009107787,1.26442616437186,1.20301040662346,1.34167392747563,1.28528009107787,1.61406755324213,1.03191086846133
"cre-miR915_st",1.27157969810908,0.81784175274489,0.913072924553037,1.09969008813176,0.791068803214623,1.05701634675296,0.923897584906956,0.913072924553037,0.80577720257249
"cre-miR916_st",0.972201244348125,0.950668057062392,0.936876299863599,0.950668057062392,0.950668057062392,0.929134869776658,0.896606903600258,0.991234680877192,1.06497735617161
"cre-miR917_st",0.748974721361005,0.748974721361005,0.576626880327091,0.643497836325215,0.806611514359411,0.748974721361005,0.683342660967304,0.806611514359411,0.662847824038212
"cre-miR918_st",1.07200311704127,1.12880538903609,1.07200311704127,1.14870846207455,1.07200311704127,1.11409698967822,0.748974721361005,1.07200311704127,1.05261204787139
"cre-miR919.1_st",1.36055822504338,1.07200311704127,0.752274727959219,1.24444226217475,1.09871039974321,1.09157686342107,1.78671657335257,1.03440798453192,1.09871039974321
"cre-miR919.2_st",1.28294142755071,1.2006717430963,1.29808504736182,1.01007379735543,1.2006717430963,1.2006717430963,0.91295820659479,1.25830853609471,1.11327737591634
"crm-let-7_st",13.4074749105538,13.394513743673,13.428481353397,13.394513743673,12.9676663449201,12.8914610102691,13.4782521176283,13.2735298495199,13.5008478153354
"crm-lin-4-star_st",1.40332115903987,1.50983240007698,1.35160614763246,1.0427407812514,0.950668057062392,1.40332115903987,1.53909286729176,0.913072924553037,1.51635288058079
"crm-lin-4_st",1.10866556343929,0.950668057062392,0.967839430210845,1.12701550753842,1.15788853570458,1.05019951008071,1.10055964421233,1.10055964421233,1.2721978348138
"crm-miR-1-star_st",1.37077445406243,1.26442616437186,1.10296009867015,1.12553116970384,1.26442616437186,1.37077445406243,1.46716328514009,1.07200311704127,1.07339690460051
"crm-miR-1_st",1.07200311704127,1.05808458652907,1.26073400247265,1.07200311704127,1.07200311704127,1.02035390035494,0.977375339764336,1.23346918274298,1.1534382804921
"crm-miR-124_st",0.857891945238911,1.31029269252269,1.24659442554221,1.18895763254381,1.18895763254381,1.18895763254381,1.21566491524575,0.769047238420462,1.15199975092675
"crm-miR-2-star_st",1.07200311704127,0.911509313755615,1.07200311704127,1.38576122435073,1.07200311704127,0.964314091417401,1.80922743810386,1.07200311704127,1.07200311704127
"crm-miR-2_st",1.30670596845145,1.14870846207455,0.6844478813945,1.14870846207455,1.52059312788795,1.96590356514459,1.16480632383752,1.14870846207455,1.14870846207455
"crm-miR-2227_st",1.37043997288447,0.943890759077718,1.21987932437499,1.03912193088587,1.03912193088587,0.931432905261996,0.88874575412255,1.03912193088587,1.07200311704127
"crm-miR-2228_st",0.832926816038161,1.02877615981869,0.861497731175178,0.805485729787015,1.2350615833664,0.806777835085612,1.42584032864323,0.782635652397198,0.872845730044849
"crm-miR-2229_st",0.909405608260464,0.950668057062392,1.10588203670042,1.06828690419107,0.814695000424647,1.09386675771756,0.96458658757459,0.96458658757459,0.869239944108582
"crm-miR-2230-star_st",0.821044553613789,0.911146063570598,1.12540295821674,0.911146063570598,0.911146063570598,1.05701634675296,1.17534694982975,0.65633901748622,0.554510276254701
"crm-miR-2230_st",1.23922316506451,1.36055822504338,0.934864760461555,1.23922316506451,1.15695348061009,1.23922316506451,1.30352558027581,1.23922316506451,1.23922316506451
"crm-miR-2231-star_st",3.01148836326655,3.81442902431548,3.23696427461031,3.08343518312906,2.60558208420257,2.73978884125925,3.01148836326655,3.75516685149,1.8651087492009
"crm-miR-2231_st",0.857891945238912,0.945275981831085,0.986904421815095,1.1500469849178,1.19247198985932,2.33063809993602,1.08629256364224,1.81115068611116,1.08629256364224
"crm-miR-228_st",0.780440963528988,1.20506660744694,1.45908978451164,1.66160422337553,0.753793289338622,0.969422248358852,1.00230343451426,1.20506660744694,1.27437777490353
"crm-miR-230-star_st",1.02789712727521,1.36312556157078,0.950668057062392,0.950668057062392,0.950668057062392,0.836358757953178,1.10055964421233,0.63498503786501,0.991234680877192
"crm-miR-230_st",1.07200311704127,1.11425768799979,0.869964212644574,0.864216445203234,1.07200311704127,1.17835140673184,1.15664985227626,1.23357053118229,1.32779947645116
"crm-miR-231_st",0.669494684546372,0.753107850034781,0.936450090514201,1.31333333597502,1.18013851269702,0.863210813831891,0.977375339764336,1.2145902736085,1.02120832020879
"crm-miR-232_st",1.79958763358869,1.66160422337553,1.66160422337553,1.66160422337553,1.75613683353238,1.60396743037712,1.35969060137833,1.66160422337553,1.99640860944289
"crm-miR-233_st",0.977375339764336,1.09491793597229,0.977375339764336,0.977375339764336,0.977375339764336,0.977375339764336,0.977375339764336,1.30140823145844,0.782331218563637
"crm-miR-235-star_st",1.14859682369997,1.28131703770146,1.37152711534911,1.18463393964437,1.28131703770146,1.28131703770146,1.46880375736076,1.28131703770146,1.45295522830292
"crm-miR-235_st",2.63161041054983,1.57329153075292,1.96653485795669,1.45173901579715,2.17331569266044,1.85242521339846,2.50375465223726,1.85242521339846,2.88571081488314
"crm-miR-236_st",1.40332115903987,1.02794781508492,1.38125417155859,0.987112679356719,1.28131703770146,1.28131703770146,1.95359712536479,1.28131703770146,1.36275220115229
"crm-miR-237-star_st",1.02789712727521,0.950668057062392,0.764467751465365,1.03143649322647,1.07200311704127,0.976247910588885,0.603455404468954,0.950668057062392,0.869239944108582
"crm-miR-237_st",0.857891945238911,1.07200311704127,1.32801412386958,1.09871039974321,1.04107360674481,0.697740222032847,1.09871039974321,1.25764059223145,1.28744128517459
"crm-miR-238_st",2.70061988039821,1.47857845746479,1.80922743810386,2.27193932374969,1.80922743810386,2.21396503666551,1.80922743810386,1.72873041701531,1.7285821434987
"crm-miR-239a-star_st",0.896313338493349,1.2006717430963,0.896313338493349,0.868872252242204,0.698594615425979,1.02716080918134,1.22737902579825,1.00747928734905,0.516358419758869
"crm-miR-239a_st",1.15427280149568,1.07200311704127,1.07200311704127,1.22543724430326,1.07200311704127,1.07200311704127,0.958673972209662,1.07200311704127,1.07200311704127
"crm-miR-239b_st",1.21294262678029,1.38544357832768,1.49483919851149,1.12242792379034,1.0362808646435,1.18623534407835,1.10055964421233,1.21294262678029,0.962717526265466
"crm-miR-241_st",1.06133904111123,1.67953835682295,1.07200311704127,1.32112242033298,1.18631241615048,0.947659925356229,1.55158748481473,1.07200311704127,1.07200311704127
"crm-miR-242_st",1.05701634675296,0.813794092114403,1.35067865904238,0.882868659485168,0.950668057062392,1.22966782101513,1.35353246417372,0.975581183302135,1.50659949898174
"crm-miR-244-star_st",0.74409175568039,0.921278504103157,1.10866556343929,0.83686786750387,0.626661733342278,0.83686786750387,0.83686786750387,0.772565452292571,0.83686786750387
"crm-miR-244_st",0.949735370951059,0.913072924553037,1.07057847083263,0.913072924553037,0.994501037506847,0.715032519540878,0.80415570067513,0.913072924553037,0.913072924553037
"crm-miR-245_st",1.12316950919393,1.06566248207954,1.44389399773486,1.49599663179604,1.2066790638907,1.63262488316624,1.11929502729853,1.2066790638907,1.17997178118875
"crm-miR-246-star_st",1.5310369597944,1.83990232617546,1.5310369597944,1.50995403223321,1.29539260070631,1.5160501895061,1.8785251419054,1.5310369597944,1.39774446853355
"crm-miR-246_st",0.710857952510081,0.836358757953178,0.967682278904903,1.46986514657629,0.805485729787015,0.687943133579061,0.938314511479348,0.715275652139364,0.670170897260964
"crm-miR-247_st",0.868307977192524,0.790506756809756,1.09853661773793,1.14870846207455,0.950668057062392,0.950668057062392,1.52854073296985,0.66595410282675,0.950668057062392
"crm-miR-248_st",0.663741962238671,0.950668057062392,1.22297486254851,0.950668057062392,0.950668057062392,0.950668057062392,1.17359834871153,0.80206397659205,0.950668057062392
"crm-miR-249_st",1.23379036759224,1.4384612002626,1.89309115645351,1.03143649322647,1.26516007451028,1.12217267281215,1.23379036759224,1.2776233480367,1.18373196155647
"crm-miR-250-star_st",1.68700169088849,1.34599226754763,1.08644282546784,1.38747830368681,1.40332115903987,1.18583096729499,2.05692843386076,1.34599226754763,1.15496300777628
"crm-miR-250_st",1.03143649322647,0.836358757953178,1.35577646458208,0.813946301481588,1.03143649322647,1.49953337055469,0.87255317782084,0.651437251757903,1.07200311704127
"crm-miR-252_st",1.21301969885243,1.56522905771374,0.939174335348937,1.01587968038222,1.07200311704127,1.15695348061009,0.984619080449097,0.913072924553037,1.07200311704127
"crm-miR-253_st",0.862624441033921,0.862624441033921,1.15695348061009,0.93933860763378,0.852595076007142,0.862624441033921,0.879302358709086,0.805295549541674,0.96592422083875
"crm-miR-259_st",0.910962614822805,0.789627554843927,1.22113410943417,0.805485729787015,0.910962614822805,0.803273589198936,1.21491172085884,1.22113410943417,0.875668787836954
"crm-miR-34_st",0.827146071471628,1.03181690414198,0.783389628418875,0.869239944108582,0.869239944108582,0.728669732329309,1.1643138585339,0.842784080782498,1.13575733136284
"crm-miR-355_st",0.992855486634724,0.954304064666519,0.825635438611488,0.788164987333564,0.802407803736689,1.15695348061009,0.731007661334555,0.825635438611488,0.745923301452359
"crm-miR-356_st",0.748974721361005,1.13000381440183,0.928571955694252,1.23811370155667,1.18939440127164,0.829020997255514,1.17579565096264,0.913072924553037,1.05396783686722
"crm-miR-357_st",1.42242367074876,1.26442616437186,0.983161099460036,1.26442616437186,1.47071158791956,1.26442616437186,1.26442616437186,1.2268310318625,1.00469428674577
"crm-miR-35a_st",0.950668057062392,0.93946328886521,1.08023351994796,1.10642865799496,0.966904375116356,1.15695348061009,0.747904884129704,0.91400561066437,0.950668057062392
"crm-miR-35b_st",0.916865720623637,0.765761276390062,0.71732366239209,1.14870846207455,0.972046699937763,1.05701634675296,1.21301087728585,0.891974555007734,1.111118656387
"crm-miR-35c-star_st",0.756110818580454,0.761550918484713,0.795965825542584,0.730677890318551,0.851652428441522,0.728669732329309,0.761550918484713,0.964314091417401,0.794432104640118
"crm-miR-35c_st",1.31867442380488,1.28012300183668,1.44389399773486,2.0261688402316,1.48640842538438,2.65660090398654,1.05682659850471,1.72873041701531,1.99351806025465
"crm-miR-35d_st",1.03384554241534,1.07439468070702,0.798607191241085,1.32466205925098,0.477329797896551,0.851638724103795,0.770036276104067,0.784911960010833,0.866625494392102
"crm-miR-35e_st",5.23279129804952,4.89545977687822,4.14267263190584,4.56575868992805,3.35096947016217,4.09857068276151,4.90643140804607,5.0921180726871,3.45185256674322
"crm-miR-35f_st",1.716888819128,1.59151721246319,1.11520124711172,1.39679795580133,1.55094437376821,1.55094437376821,1.80922743810386,1.89326360706464,1.16428265989081
"crm-miR-35g_st",1.07200311704127,1.54250018868173,0.950668057062392,1.07200311704127,1.05943955809652,1.07200311704127,1.23922316506451,0.953639548367837,0.985876219718478
"crm-miR-38_st",0.977375339764336,1.09877452386492,1.04681124284317,1.04681124284317,0.946863647306247,1.04681124284317,1.167278679157,1.12352540944303,0.970091282181046
"crm-miR-39_st",1.17902046809138,1.29602543705933,0.913648947095898,1.05701634675296,0.950668057062392,1.05701634675296,1.04047817517419,0.990289582660001,1.20433332173774
"crm-miR-40_st",1.02696120165304,0.935681286774085,1.09367879315098,0.989928193145174,1.130579685131,1.05701634675296,1.16922591045262,1.05701634675296,1.05701634675296
"crm-miR-41_st",0.868055875586336,0.869239944108582,0.737949720433627,0.913072924553037,0.65498304946244,1.19804141985705,0.869239944108582,0.582313849284861,1.2048318987336
"crm-miR-42_st",0.748974721361005,0.991234680877192,0.950668057062392,0.950668057062392,0.806595633943506,1.3225527228758,0.925991292475135,0.816624998970286,1.06533651286689
"crm-miR-43_st",1.07200311704127,1.1487230777034,0.910524926684551,1.26442616437186,0.958673972209662,1.05701634675296,1.55158748481473,1.06395905394654,1.07200311704127
"crm-miR-44-star_st",0.557945461589662,0.759638797291049,0.656973728389485,0.306504246458074,0.885155784674671,1.2919811136315,0.646309652459441,0.923737000483081,0.983661117309106
"crm-miR-44_st",0.822971414596228,1.09240868189248,0.720306345694665,0.993841360717116,0.913072924553037,0.913072924553037,0.646309652459441,1.09240868189248,0.913072924553037
"crm-miR-45-star_st",0.949773918861933,0.949773918861933,0.836358757953178,0.832231322653979,0.949773918861933,1.15242333480551,0.836358757953178,1.03644562785623,1.16403081350808
"crm-miR-45_st",0.978157167986489,0.929916697998811,0.956623980700755,1.38460506945827,0.689860708607159,0.956623980700755,0.869239944108582,0.956623980700755,1.07093327980997
"crm-miR-46-star_st",0.977375339764336,0.977375339764336,1.13957188888222,1.14870846207455,0.977375339764336,0.933832042304965,1.01025652591974,0.977375339764336,0.861193297341618
"crm-miR-46_st",0.873021204351199,0.745622578367503,0.816967688783295,0.679060526697737,1.15695348061009,0.836358757953178,1.01856557626472,0.836358757953178,0.576626880327091
"crm-miR-47_st",0.950668057062392,0.950668057062392,0.910912422014905,0.793369825806951,0.950668057062392,0.976247910588885,0.950668057062392,0.991234680877192,0.841066910244858
"crm-miR-48-star_st",1.10866556343929,1.00136984145874,1.10866556343929,1.16272671690143,1.07200311704127,1.31797948409948,1.65546869304718,0.966078406872063,1.28030375404075
"crm-miR-48_st",1.40332115903987,0.950668057062392,0.959164968566688,1.14870846207455,1.18782650877626,1.15695348061009,1.09168463887355,1.11082935731503,1.32065529046859
"crm-miR-49_st",1.09219745364854,1.17958149024071,0.989532384746977,1.14870846207455,1.59196850970802,1.14870846207455,1.27645861583888,1.11204601567653,1.64139503283266
"crm-miR-50-star_st",1.26442616437186,1.29602543705933,1.58370574421892,1.26442616437186,1.07200311704127,1.54939465967587,1.26442616437186,1.0688335254856,1.26442616437186
"crm-miR-50_st",0.667546608407195,0.836358757953178,1.11246219874714,0.741489790344257,1.46796654672206,1.53614994073221,0.869239944108582,0.68226144482179,1.23021982058742
"crm-miR-52-star_st",0.743582646129697,0.836358757953178,0.762795419575141,0.685115584756868,0.836358757953178,0.836358757953178,1.07732293530126,0.756286613023148,0.762795419575141
"crm-miR-52_st",1.08456667598603,0.854286375039217,1.01436632404286,1.26442616437186,1.28131703770146,1.05701634675296,0.907904913849237,1.07200311704127,1.07200311704127
"crm-miR-55-star_st",1.29087363702594,1.29602543705933,1.29087363702594,1.29087363702594,1.39816935900648,1.05522927793784,1.24704065658148,1.29087363702594,1.16953857704706
"crm-miR-55_st",1.82401021037474,1.07200311704127,0.947639559949902,1.00491496343348,1.07200311704127,1.07200311704127,1.04194797194134,1.07200311704127,1.07200311704127
"crm-miR-57_st",1.23922316506451,1.29602543705933,1.5829659541841,1.48264260063805,1.23846748631667,1.29602543705933,1.10055964421233,1.45618673731196,1.54939465967587
"crm-miR-58a_st",0.909494067317585,1.11804638311985,1.16043409595009,1.07200311704127,1.07200311704127,1.19642016214131,1.07200311704127,1.00527635294831,1.03345169507306
"crm-miR-58b-star_st",1.03657471009007,0.99802328812186,1.09079939994534,1.15987396731611,0.693664883518909,0.99802328812186,0.90403014866257,0.913072924553037,1.58418486422985
"crm-miR-58b_st",0.90843238231704,1.29602543705933,1.28936018034308,1.26442616437186,0.888549252148975,0.880991296065895,1.13136267396618,1.14677302377585,1.10280614679512
"crm-miR-59_st",0.75399867808331,0.836358757953178,0.8401727720444,0.913174755410884,1.02333725723997,0.942707047643749,0.645081454205403,0.809179657397436,0.949773918861933
"crm-miR-60-star_st",1.06582921358781,0.707690131898147,1.08592164755347,1.39987210691482,0.957693817932056,0.836358757953178,0.957693817932056,0.957693817932056,0.957693817932056
"crm-miR-60_st",0.994446571981311,1.08183060857348,1.41289616093576,1.11471179472889,1.18439456686124,1.15695348061009,0.906168415233696,0.935474725529036,1.11471179472889
"crm-miR-61_st",1.0463310128191,0.741559415183006,1.11801285894704,0.955816309829149,0.959049606927889,1.35650250743046,1.43750738783319,0.779029866460931,0.846215163011615
"crm-miR-62_st",0.950668057062392,0.950668057062392,0.950668057062392,0.898261841610495,1.08396054832325,0.950668057062392,0.977375339764336,0.970059126232274,0.950668057062392
"crm-miR-63-star_st",0.949312089038612,0.845032154956177,0.959341454065391,1.35452767432866,0.949312089038612,1.0648421160064,0.869239944108582,0.959341454065391,1.06917115072064
"crm-miR-63_st",1.04636541581389,1.07200311704127,1.15690472976934,1.14870846207455,1.07200311704127,0.836358757953178,0.870898894292981,0.913072924553037,1.07200311704127
"crm-miR-64a-star_st",1.23922316506451,0.987082064936214,1.04309406632438,1.35538558468387,1.15695348061009,1.1100009521549,1.23922316506451,1.23922316506451,1.43357859965774
"crm-miR-64a_st",0.966711263834292,1.03034446929864,0.977375339764336,0.936808715949537,1.05880345271815,1.14465376840785,1.0557489034412,0.779029866460931,0.977375339764336
"crm-miR-64b-star_st",0.87723364146529,1.22259102146223,0.977375339764336,0.839638508955936,0.87723364146529,1.08351906501299,0.87723364146529,0.907288786565217,0.686204381693947
"crm-miR-64b_st",1.08451925345023,1.06239953319682,1.25417112133711,1.26442616437186,0.962451937659891,1.00224956899581,1.36638068503677,1.26251836930604,1.17670883230603
"crm-miR-64c-star_st",0.966186634936028,0.944653447650294,1.26403510240342,0.913072924553037,1.51161584873699,1.15695348061009,1.76466755449144,1.46208432898216,0.944672197240508
"crm-miR-64c_st",1.10866556343929,0.836358757953178,0.983549243217796,0.826251011962356,0.950668057062392,0.950668057062392,0.856040279785458,1.32889957271771,0.690936179436305
"crm-miR-64d-star_st",0.616789108266926,1.19937366449742,0.836358757953178,0.867574173643323,0.977375339764336,0.977375339764336,0.977375339764336,1.2145902736085,1.19937366449742
"crm-miR-64d_st",0.944052456634297,0.836358757953177,0.834788183197108,1.05663949253382,0.744289788412447,1.05701634675296,1.06353585115972,1.07200311704127,1.40680750310864
"crm-miR-64e_st",1.35969060137833,1.32548729072486,0.987436200355285,1.35969060137833,1.54939465967587,1.06548624303358,1.35969060137833,1.16409796249207,1.6460332668095
"crm-miR-66-star_st",1.33311728417483,0.861584516929575,1.03143649322647,1.00696704366336,1.31915002972798,1.18558291119334,1.03143649322647,1.2145902736085,0.809164166953827
"crm-miR-66_st",1.23922316506451,1.15343122999508,1.54939465967587,1.14870846207455,0.73641116241625,0.691715931367205,1.15250013812982,0.981793039393619,1.07200311704127
"crm-miR-67-star_st",0.920864331338326,0.950668057062392,0.977375339764336,0.977375339764336,0.646309652459441,1.0082483679305,0.869239944108582,1.08496253453036,1.21393676280827
"crm-miR-67_st",1.14870846207455,1.07200311704127,1.14870846207455,0.845528628422274,1.17041409695841,1.32135993633672,1.14060254284759,1.14870846207455,0.957679202303208
"crm-miR-70_st",0.904870411241537,1.29602543705933,0.783389628418875,0.977375339764336,0.870331972477498,0.836358757953178,0.977375339764336,1.34691804309973,0.997646523065017
"crm-miR-71-star_st",1.02120832020879,0.880191738397633,1.09657093520494,0.755774693297597,1.21743132915599,0.805383898929168,0.913072924553037,0.913072924553037,0.929611096131809
"crm-miR-71_st",1.07200311704127,1.20722633649881,1.52465621901875,1.27004352205343,1.07200311704127,0.65602701765822,1.5503635007998,0.779029866460931,0.697961940305969
"crm-miR-72-star_st",1.5425909775796,1.56509879124558,1.20725728661945,1.98200946160626,1.15695348061009,1.14876074110275,0.939338513648184,1.39259783969818,1.15776195448079
"crm-miR-72_st",11.1891603347297,10.7606294365272,10.8460811927114,10.6958230260168,10.5496261518122,10.5034244158195,11.2945843265515,11.0565492189028,10.8928406849403
"crm-miR-73_st",1.69100864337693,1.35969060137833,1.93434465500461,1.94862264635305,1.35969060137833,1.23768648003991,1.35969060137833,1.35716002154398,1.66406311548037
"crm-miR-74a_st",0.646309652459441,0.869239944108582,0.700004694238752,1.07199640576651,1.07093327980997,0.954190307677405,0.869239944108582,0.945954110708442,0.869239944108582
"crm-miR-74b_st",0.684900367430207,1.30962649395045,1.07200311704127,1.2841761663753,0.684900367430207,0.754336270509045,0.953048992729887,0.914497570761681,0.914497570761681
"crm-miR-75_st",0.92347598095966,1.06763807478429,1.34280273907842,0.709486652868475,1.49639430568472,0.897667703071245,1.21096125173047,1.04374120370724,1.04374120370724
"crm-miR-76_st",0.748974721361005,1.10959824955062,0.549432663129457,0.913072924553037,0.950668057062392,0.950668057062392,0.977375339764336,1.00011989707113,0.950668057062392
"crm-miR-77_st",0.895844770297033,1.00182005899133,1.12258409395149,1.30227974820793,1.02828485455506,1.09255623857701,0.869239944108582,1.08592164755347,1.07200311704127
"crm-miR-784-star_st",0.748974721361005,1.24532365266297,1.13101435355376,0.904735322293569,0.962861880797509,0.913524161808878,1.17645909865392,1.04363031696159,1.30821926079444
"crm-miR-784_st",0.896534752974266,0.780401822319613,0.838978770788491,1.31280666526658,1.33901964860222,1.33649801701559,0.804938433670926,0.913072924553037,0.913072924553037
"crm-miR-785_st",1.07200311704127,1.05808458652907,1.3364828706151,1.24333623935148,1.07200311704127,1.07200311704127,0.549432663129457,1.07200311704127,0.869239944108582
"crm-miR-786_st",1.29602543705933,1.26858435080818,1.16919620898103,1.32122843636668,1.40332115903987,1.40332115903987,1.29602543705933,1.30605480208611,1.23422715996711
"crm-miR-787_st",0.977375339764336,0.956145434313601,0.874710270862773,0.874710270862773,1.15660684259397,0.524116013714335,0.853627343301576,0.874710270862773,0.891248442441544
"crm-miR-788_st",0.760618951568655,1.0320961700162,0.869239944108582,1.32576553280264,0.917786870906987,0.950668057062392,1.07064759198441,0.950668057062392,0.950668057062392
"crm-miR-79-star_st",1.03143649322647,1.03143649322647,0.928771424324906,0.907714463394323,1.03143649322647,1.40332115903987,1.03143649322647,0.941226415578819,0.945309595903678
"crm-miR-79_st",1.20167603071283,1.31128542210795,1.10286152957858,1.14870846207455,1.14870846207455,1.28131703770146,1.10055964421233,1.08198169798159,1.14870846207455
"crm-miR-790_st",0.857746222395128,1.29587971421554,0.89440866879315,0.817179598580328,0.73641116241625,0.727640067242419,0.885187308646273,0.857746222395128,0.950668057062392
"crm-miR-80-star_st",1.29602543705933,1.29602543705933,1.66791631775292,1.26442616437186,0.97282139598893,1.00182107871459,1.53698961440741,1.29602543705933,0.958555272952502
"crm-miR-80_st",1.27113560890469,1.07200311704127,1.28949330878615,1.2375300277644,1.43556680942214,1.34326422290234,1.75042578906538,1.36620747538601,1.28949330878615
"crm-miR-81-star_st",0.799804041029744,0.836358757953178,0.869239944108582,0.869239944108582,0.792525777508723,0.979041110229596,0.869239944108582,0.869239944108582,0.913219201938499
"crm-miR-81_st",1.07200311704127,1.07200311704127,1.01903398750697,1.15277155320535,1.07200311704127,1.13787610700864,1.07200311704127,1.2145902736085,0.995283156379141
"crm-miR-82_st",1.10866556343929,0.73641116241625,1.03143649322647,0.907019448126434,1.03143649322647,1.03143649322647,1.07795731403428,1.19198794343044,1.56782313299475
"crm-miR-83_st",1.67087544249853,1.44389399773486,0.760940561917372,1.44101628594184,1.54939465967587,1.84863159629651,1.92922693057117,1.61527647120981,1.54939465967587
"crm-miR-84-star_st",1.01301005841017,0.852848758157531,1.1313736270836,1.26541668517571,0.936295891810307,1.15695348061009,1.01301005841017,0.984453531239102,1.01301005841017
"crm-miR-84_st",0.977375339764336,1.21301969885243,0.520837979396241,1.0540895063642,0.977375339764336,0.675708539490501,0.869239944108582,1.08330004993354,0.93152840726837
"crm-miR-85_st",1.03143649322647,1.07200311704127,0.889897724914726,1.03143649322647,1.15580005031784,0.865492047866681,0.74372295672496,1.48457104405944,0.869239944108582
"crm-miR-86-star_st",0.869239944108582,0.443955778093667,1.07200311704127,0.832206935600719,1.00184851973549,0.564221000841245,1.10055964421233,0.869239944108582,0.869239944108582
"crm-miR-86_st",0.927613640426701,0.661445969838549,0.699531534274004,1.26442616437186,1.16815824880727,0.836358757953178,1.42446943590763,0.786367627158595,0.958005817760056
"crm-miR-87-star_st",1.36859627729952,0.950668057062392,1.61671777910366,0.796685829222757,0.79170702239465,1.00596391704079,0.646309652459441,0.924535804086983,0.602315882277412
"crm-miR-87_st",0.857891945238911,1.07933668311742,0.987330503460413,0.950668057062392,0.950668057062392,0.859594563516716,0.869239944108582,0.779029866460931,1.10959824955062
"crm-miR-90_st",1.23922316506451,1.76842294556563,1.11774238224184,1.29261454708032,1.99668823888379,1.75384687615096,1.6205543848901,1.39653206487204,1.6205543848901
"crt-miR166a_st",1.00915206424533,0.802866640697633,1.21084539994672,1.00915206424533,1.56179936961749,1.28493955371127,0.748974721361005,0.990610514135095,0.943330155954238
"crt-miR166b_st",0.934864551244891,1.23922295584784,1.20162782333849,1.20162782333849,1.08261973986029,1.40332115903987,1.38911454299778,1.00208576510694,1.11550092601569
"crt-miR168_st",2.91341103814196,1.8773973231323,1.35160614763246,1.65034073913975,1.8773973231323,2.01068981439316,2.40283681939797,1.8773973231323,1.53112877776053
"crt-miR171_st",0.963231616007147,0.811457627424327,0.950668057062392,0.913072924553037,0.950668057062392,0.942926626975451,0.896606903600258,1.17734278780951,1.17734278780951
"csa-let-7a_st",3.41701540031838,3.50354346572252,3.23557829767946,3.36779067311491,2.56424065065158,2.91993015515021,3.49264530155128,2.88307999361998,3.67775735675888
"csa-let-7b_st",6.28010930788952,5.74249957766817,4.89107131381923,4.77197055819206,3.51024434053672,3.79633135315492,5.88477683837684,5.03424490362776,4.91216674611609
"csa-let-7c_st",5.819771917846,5.92369649426426,5.80490895853676,5.51394137302563,4.00855267824251,5.09420521925286,5.65798687728401,4.64993174419631,5.79709729053289
"csa-let-7d_st",1.920303348701,1.82272988892765,1.35160614763246,2.15528744702614,1.7988330178506,2.06638782870978,2.53577115711782,1.73148762944793,2.37295645067849
"csa-miR-124_st",1.35353246417372,0.981541085228554,0.783389628418875,0.853984959005301,1.18631241615048,0.950668057062392,0.91992082856656,0.549432663129457,0.950668057062392
"csa-miR-126_st",1.5310369597944,0.980291718473305,1.15695348061009,1.24686277291348,1.15695348061009,1.15695348061009,1.15695348061009,0.985315290008632,0.96592422083875
"csa-miR-133_st",1.36458497969735,1.06380684934648,1.15695348061009,1.06380684934648,1.15695348061009,1.11341018315072,1.15695348061009,1.17087201112229,1.15695348061009
"csa-miR-141_st",1.80215337292238,2.2736479940449,1.79001248362495,2.16887692857773,2.22433049299465,1.9808715171436,3.2093807451575,3.15811934997304,3.47415425197013
"csa-miR-1473_st",1.53010427368307,1.33196196677126,1.10866556343929,1.07107043092994,1.07107043092994,0.758720726808564,0.884091931643144,0.914147076743071,1.21838740591471
"csa-miR-1497_st",0.99439094287774,1.63518598159821,1.18931085804445,1.52854073296985,1.15695348061009,1.28131703770146,1.28131703770146,1.38608217984766,1.28131703770146
"csa-miR-153_st",0.96312237302523,0.976247910588885,1.09787783589197,0.935681286774085,0.935681286774085,0.977775159411039,0.870049226380384,0.866245383695246,0.935681286774085
"csa-miR-155_st",1.15695348061009,1.57329153075292,1.15695348061009,1.13248403104698,1.01624613320284,1.07468379615568,1.65976548325835,1.25207870959518,0.906728380095268
"csa-miR-183_st",1.05701634675296,1.41707775094109,0.975588233799154,1.13778478291704,0.935535563930301,1.05701634675296,0.855323011051576,0.764043096172624,1.21704252678227
"csa-miR-200_st",7.45114532840266,7.35169557977864,7.23152278343435,7.14422510323912,6.74181141548983,6.86683827075292,7.59239826902963,6.77373811024159,7.63257196507309
"csa-miR-216a_st",0.853692098213501,0.950668057062392,1.17703369496809,1.1559507674069,1.04374120370724,1.12338221069586,0.881232153983553,1.04374120370724,1.07662238986264
"csa-miR-216b_st",0.977375339764336,1.0320961700162,0.950668057062392,0.845191172026602,0.836358757953178,1.15695348061009,0.920612911962465,0.950668057062392,0.950668057062392
"csa-miR-217_st",0.930388937066216,1.26598089169124,1.88163653173879,0.905919487503108,0.836358757953178,0.728669732329309,0.930388937066216,0.721648166081156,1.07402711232624
"csa-miR-219_st",1.13416165129423,0.993145069483067,1.20245899014326,0.875602473275113,0.993145069483067,1.09652135365221,1.28235922145465,0.913072924553037,0.993145069483067
"csa-miR-281_st",0.779138434151774,0.950668057062392,0.897698927528089,0.556518580555553,0.950668057062392,0.950668057062392,0.679190838614845,1.2145902736085,0.662847824038212
"csa-miR-31_st",8.81419700316826,8.21585817183144,8.2486809585563,8.20484519223976,8.10459670587106,8.28333278067406,9.04391716322972,8.75746213350305,8.27303525808622
"csa-miR-34_st",1.07200311704127,1.11572137952748,1.01903398750697,1.07200311704127,0.950668057062392,0.964314091417401,0.963867721385516,1.07200311704127,1.29529952037323
"csa-miR-7_st",2.01033166085215,1.75694921869066,1.50344800393873,1.6109206877005,1.53441939699999,1.74981568236852,1.38027297903312,1.74981568236852,2.0487916108107
"csa-miR-92a_st",6.3758391956554,5.21101180241165,5.02208159584845,4.70468511094948,4.4406893267705,4.26863460033314,6.40642564125328,5.01135697125096,4.76125967205512
"csa-miR-92b_st",6.77368358344942,5.98774357164566,5.82955661850807,5.09535192160513,5.52920494261989,5.57479572904146,6.38549409989767,6.13847368586467,5.7796952676657
"csa-miR-92c_st",6.58520917332522,6.35602568676722,6.08138992061921,6.00856368980091,5.81801215378671,5.76888428237206,6.67546048174782,5.85380420589444,6.01848889218222
"csi-miR160_st",1.36582182291267,1.26442616437186,1.07437705887812,1.26442616437186,1.26442616437186,1.23184576356072,1.26442616437186,1.17451687206847,1.50007052345995
"csi-miR162.5_st",1.19400723837968,1.03912193088587,1.07200311704127,0.713496343485229,1.07200311704127,0.870283912304363,1.10055964421233,1.11583609748573,0.962401970223737
"csi-miR162_st",0.857891945238911,0.950668057062392,0.789189866705672,1.19789175233078,0.950668057062392,0.950668057062392,0.788159007338707,1.070129156205,1.06497735617161
"csi-miR164_st",1.15220886089866,0.836358757953178,1.10866556343929,1.18605038752834,0.890375214874463,0.766011657783095,1.36039242264033,0.92358558463863,2.25383350272454
"csi-miR166_st",2.17610464404072,2.06026692437546,1.4546272926171,2.29409014184814,2.15418177205924,2.439166235033,1.41253341998015,2.15418177205924,2.20452011184182
"csi-miR166a_st",2.06977113545996,2.12767363011384,1.6981838831002,2.06977113545996,2.33996259757446,1.50338375950519,2.38755455461919,2.63494526871203,1.88684142663139
"csi-miR166b_st",0.792518018820376,1.25948983670057,1.40332115903987,1.10399989641077,1.11554641450064,1.10055964421233,1.10055964421233,0.956616222012409,1.10055964421233
"csi-miR169_st",0.977375339764336,1.29602543705933,0.977375339764336,1.62389442693288,1.07200311704127,0.847269184611627,1.07272903372736,0.977375339764336,0.869239944108582
"csi-miR172_st",0.943111338844373,1.05336987746904,1.48396645364503,1.05069775931038,1.05336987746904,1.15331747300597,1.5059958063239,0.954111265073113,1.40332115903987
"csi-miR390_st",1.29665410150953,1.2006717430963,0.759638797291049,1.05548941582092,1.34674524373229,1.2006717430963,1.22306586199586,1.31192186019725,0.895905642072281
"csi-miR398_st",1.28131703770146,1.14460223653493,1.03131335166755,1.40079057920553,1.28131703770146,1.68268715093672,0.977375339764336,1.72873041701531,1.36311284252165
"cte-bantam_st",0.940712893366315,1.2006717430963,0.876925381767978,1.14870846207455,1.11256974085607,1.22614953500814,0.977375339764336,1.07200311704127,0.839487821130746
"cte-let-7_st",11.8553196631512,11.9478572514911,11.8534127694965,11.9122792617644,11.4929897306361,11.371408431464,11.8966363585662,11.6450004393061,12.0729452436702
"cte-miR-1_st",1.05701634675296,1.57329153075292,1.05701634675296,1.01644972293816,0.954351277851399,1.05701634675296,1.05701634675296,1.19960350332019,1.05701634675296
"cte-miR-100_st",1.13949097422567,1.74309071051056,1.41768145253513,1.40079057920553,1.41768145253513,1.41768145253513,1.41768145253513,1.42283325256852,1.41768145253513
"cte-miR-10a_st",1.28131703770146,1.60626996432581,1.19417407564192,0.974131024861531,1.25808940282666,1.00063033256745,1.52854073296985,1.4480437118813,1.28131703770146
"cte-miR-10b_st",1.23922316506451,1.00421164232943,0.865139685880196,1.02630774369757,0.957233176326805,1.37777549452065,0.875805063372996,0.919638043817451,1.53801606866346
"cte-miR-10c-as_st",0.800963280095405,1.07200311704127,1.07200311704127,1.05701634675296,1.17132564586218,1.05701634675296,0.876258953263838,0.999687455260717,1.05701634675296
"cte-miR-10c_st",1.40306880434617,0.99135782243611,1.07200311704127,1.05511224371167,1.07200311704127,0.950668057062392,1.39815335755274,1.20472333104276,1.44388778285467
"cte-miR-1175-star_st",1.08040652034872,1.2006717430963,1.34561373043113,1.36286829221419,1.15695348061009,1.1803667540646,1.42907236149963,1.12396639806302,1.24551729676343
"cte-miR-1175_st",1.02922506754913,1.23609249866672,1.14870846207455,1.14870846207455,1.14870846207455,1.32828660292031,1.60524607800313,0.950362988771146,1.48351284814192
"cte-miR-12_st",1.0461962636919,1.7875474514113,1.49639430568472,0.711941712853142,1.05754426256158,0.957607128704446,1.05754426256158,1.05754426256158,1.05754426256158
"cte-miR-124_st",0.810996863241705,1.07200311704127,0.913855043425332,1.13321290983626,0.990575004087461,0.86241913772859,0.974036832508689,1.03440798453192,0.990575004087461
"cte-miR-125_st",11.2986882383368,11.19772380322,11.209772214877,11.2162738360406,11.082398875347,10.9846106506305,11.1893192581392,11.1893192581392,11.1893192581392
"cte-miR-133_st",2.15837400353297,1.07747424727885,0.892067464226719,0.859984055533965,1.79051014900154,1.09871039974322,1.09871039974322,0.804381360167043,1.07200311704127
"cte-miR-137_st",1.15331747300597,0.917786870906987,1.03205039934759,0.950668057062392,0.836358757953178,0.700664371028483,0.977375339764336,1.25218540611785,0.950668057062392
"cte-miR-153_st",1.10899479295849,1.66864522471595,1.29034395525604,1.4153825537018,1.25287350397812,1.32230940705696,1.55585821548732,1.35977985833488,1.29602543705933
"cte-miR-182_st",5.66923610933342,5.41094574122898,4.81607283600484,5.22869038358359,3.79529351397819,4.13863551452683,5.56216961354798,5.40078109928327,5.58639531164599
"cte-miR-184a_st",1.18271899483987,1.09557603278033,1.72145317050543,1.26442616437186,1.4262250134194,1.28131703770146,1.0113726364238,0.936645840292099,1.09557603278033
"cte-miR-184b_st",1.2251676001209,1.87074988546592,1.14870846207455,1.14870846207455,1.68626685449539,1.54939465967587,1.35649513391259,1.4341257543671,1.31794371194438
"cte-miR-190_st",1.5310369597944,0.950668057062392,1.10866556343929,1.16209400916951,0.700664371028483,0.790506756809756,0.920612911962465,0.950668057062392,0.886182397170145
"cte-miR-193_st",1.40332115903987,1.74506513481844,1.56063886337969,1.66406311548037,2.2195327268135,2.53491323652103,1.32457088453488,1.06632318672527,1.74941083495074
"cte-miR-1987_st",0.748974721361005,0.950668057062392,0.977375339764336,1.1331359406969,0.950668057062392,1.15695348061009,1.03293774151681,0.888524316755796,0.869133247585913
"cte-miR-1989_st",1.60597057498345,1.72197125633487,1.14016807944686,1.28577856283192,1.40332115903987,1.39656199835943,1.6599283111512,1.32324901410984,1.10677566426355
"cte-miR-1990a_st",1.18166521432184,0.950668057062392,0.836358757953178,0.471781986872119,0.836358757953178,0.836358757953178,0.748974721361005,0.836358757953178,0.880077020439386
"cte-miR-1990b_st",0.951737894293692,0.964707395060723,1.42551403795686,1.33028618137692,1.07200311704127,1.35136910893812,1.07200311704127,0.779029866460931,1.07200311704127
"cte-miR-1990c-star_st",1.00275670887951,1.24298929156023,0.950668057062392,1.04279960751477,0.795575912246383,1.17790440996623,1.33320570726835,1.04529583433933,1.17790440996623
"cte-miR-1991_st",0.846543946369241,0.950668057062392,0.857891945238911,1.09040724114944,1.3919731601702,1.14560548174042,0.84135377366014,0.793589530027612,0.857891945238911
"cte-miR-1992_st",0.950668057062392,1.02738801772452,0.977375339764336,1.06634838220468,0.868307977192524,0.950668057062392,1.32255796894542,0.913072924553037,0.950668057062392
"cte-miR-1993_st",1.03954241245343,1.50416837976705,1.03143649322647,1.03143649322647,1.03143649322647,0.836358757953178,1.03143649322647,0.710400170948354,0.954731148193189
"cte-miR-1994_st",1.68268715093672,0.761831622429909,1.56800533384963,1.98775446388699,1.40332115903987,1.42795405049588,1.23922316506451,0.799302073707834,1.23922316506451
"cte-miR-1995_st",1.28286113608489,1.07200311704127,1.25471707856953,1.41389315589711,1.25471707856953,1.14040777946032,0.959650385971193,1.40079057920553,1.36804622340114
"cte-miR-1996a_st",1.23922316506451,1.04118276005235,2.14482751013677,1.17645683990522,0.950668057062392,1.37183174069142,1.12519253566834,1.2145902736085,1.29602543705933
"cte-miR-1996b_st",1.46122148979759,1.05880345271815,1.03143649322647,1.19461069437504,1.05880345271815,0.950668057062392,1.09168463887355,1.63246068160735,0.888921465940863
"cte-miR-1997_st",1.54939465967587,0.969025756943856,0.884237049196825,1.63309786292185,1.71380659036931,1.54939465967587,1.74109034909863,1.54939465967587,1.2006717430963
"cte-miR-1998_st",1.2145902736085,1.33592533358738,1.42998655897702,1.26977125292262,1.09310949078584,1.0853680606989,1.23922316506451,1.2145902736085,1.2145902736085
"cte-miR-1999_st",1.05701634675296,0.847702426092773,1.37761106940988,1.05701634675296,1.05701634675296,1.05701634675296,1.05701634675296,1.07200311704127,0.77476821441744
"cte-miR-2000_st",1.10425146684366,1.04879803378017,0.565290838072545,0.813387563720109,0.837857013283217,0.730167987659348,0.870738199438621,0.755824783199827,1.07200311704127
"cte-miR-2001_st",1.31495098698699,1.29602543705933,1.15695348061009,1.26442616437186,0.765043334398061,0.792901778154968,1.15695348061009,0.99802328812186,1.1719402508984
"cte-miR-210_st",1.01403778616236,1.07015145158782,0.977375339764336,0.936808715949537,0.977375339764336,0.848153126854734,0.977375339764336,1.31421332948615,0.909833814322364
"cte-miR-210b_st",1.0606551181716,0.930986535230111,0.779390053259779,1.17676825918747,1.07200311704127,1.25977951968565,1.45431837865526,1.07200311704127,1.07200311704127
"cte-miR-216a_st",0.977375339764336,0.990958497394801,0.990958497394801,1.06766384242808,0.910190061230723,1.14051845866636,1.10055964421233,1.0315251212096,0.990958497394801
"cte-miR-216b_st",0.987701065570255,1.02423139544043,0.950668057062392,0.950668057062392,1.09585038433777,1.20054860153738,0.565541216295362,0.924212193736308,0.950668057062392
"cte-miR-216c_st",1.49106955826003,0.836358757953178,1.30805818061757,1.29602543705933,0.98825755561177,1.58384567008351,1.3065369157742,1.33659206087413,1.29602543705933
"cte-miR-219_st",1.0606551181716,0.962401970223737,1.67248250430537,0.914704885785829,0.646309652459441,0.940284739312322,0.962401970223737,0.859102190418908,1.07200311704127
"cte-miR-242_st",0.857891945238911,0.836358757953178,1.20861315897622,0.833899865848335,0.721690302148676,0.728669732329309,0.836358757953178,0.779029866460931,0.836358757953178
"cte-miR-252a_st",0.810222562485643,1.88695666945982,0.997201061772435,0.997201061772435,0.839203555395535,0.946840927640813,1.13002984346477,1.40748417654459,0.948628125648944
"cte-miR-252b_st",1.0606551181716,1.15343122999508,0.93928290303978,0.865832411451816,1.07200311704127,1.22060719751161,1.07200311704127,1.07200311704127,1.07200311704127
"cte-miR-2685-star_st",1.59889443218081,1.05837735910241,0.950668057062392,0.977375339764336,0.977375339764336,0.950668057062392,0.613735078340756,0.977375339764336,1.07200311704127
"cte-miR-2685_st",0.992519634960963,1.156617838153,1.35160614763246,1.156617838153,1.27092713726221,1.156617838153,1.30650942530294,0.869691743329275,1.2006717430963
"cte-miR-2686a-star_st",1.47464312339664,1.01560928064351,1.10055964421233,0.861833300003085,1.62629331453897,1.15695348061009,1.16486205942363,0.928921453610874,0.950668057062392
"cte-miR-2686a_st",0.977375339764336,1.19333817702015,1.2145902736085,1.17466818594283,1.07200311704127,1.07200311704127,0.907904913849237,1.03440798453192,1.07200311704127
"cte-miR-2686b_st",1.10866556343929,0.869649242675496,1.1260642705034,1.07200311704127,0.879580069710684,0.950668057062392,1.07200311704127,1.40079057920553,1.22695397151309
"cte-miR-2686c_st",1.07200311704127,0.799696311555156,0.689867337884765,1.16369523236286,0.808080900495163,1.15695348061009,1.2171034448111,1.07200311704127,1.10959824955062
"cte-miR-2687_st",1.1900936763931,0.820561901909682,0.966116933438566,0.725330730101535,1.40332115903987,1.03805209365456,0.646309652459441,0.737767130440029,0.946061770720782
"cte-miR-2688-star_st",0.857891945238911,0.836358757953178,0.869239944108582,0.836358757953178,0.950668057062392,0.857891945238911,0.857891945238911,0.913072924553037,0.788209173106562
"cte-miR-2688_st",2.52757358791568,1.44389399773486,2.17140733652737,1.18036469437419,1.54939465967587,2.22858220936751,1.66160422337553,1.72873041701531,1.78929221130914
"cte-miR-2689_st",1.46969469848664,1.10866556343929,1.10866556343929,1.07107043092994,1.28131703770146,0.902380139891591,0.977375339764336,0.949735370951059,1.03994544859871
"cte-miR-2690_st",1.83092396406483,1.44859546634498,1.28131703770146,1.41100033383562,1.44859546634498,1.58188795760583,1.67677754609796,1.3718901213117,1.62147611664569
"cte-miR-2691-star_st",1.41595544542665,0.877928036198061,1.03143649322647,0.902340764898754,0.958409487149333,0.950668057062392,0.933940037586225,0.703015248083433,0.933940037586225
"cte-miR-2691_st",1.16272671690143,1.03143649322647,0.950668057062392,1.03143649322647,1.00472921052453,1.05701634675296,1.03143649322647,1.07200311704127,1.00472921052453
"cte-miR-2692_st",1.23922316506451,1.23922316506451,1.12491386595529,1.20162803255515,1.44550858861221,1.12701360136485,1.23922316506451,1.36055822504338,1.28406871873163
"cte-miR-2693_st",0.748974721361005,1.29602543705933,0.791879098579374,0.919068784374921,0.950668057062392,0.950668057062392,1.23922316506451,1.07200311704127,1.17009056084516
"cte-miR-2694_st",1.5310369597944,0.836358757953178,0.952042803328983,1.1313840887634,1.27656641603877,1.12839695343903,0.955441907810757,1.06947253720692,0.964707395060723
"cte-miR-2695_st",1.04783101559924,1.29846904676257,1.80484252217968,1.08781163673328,1.07200311704127,1.10866556343929,0.869239944108583,1.01792938385362,1.15060048608704
"cte-miR-2696_st",0.748974721361005,1.17466818594283,0.910681378522928,0.908150798688579,1.07200311704127,0.745434402156398,0.920714357633334,0.779029866460931,0.971905013010146
"cte-miR-2697_st",2.0313759275661,2.17369703236475,1.89808343630525,2.01029300000491,2.44745725780628,2.13552209583368,3.1227327412781,1.54939465967587,2.13552209583368
"cte-miR-2698_st",0.857891945238911,0.950668057062392,1.40332115903987,0.897934843874171,0.736556885260033,0.836358757953178,0.857891945238911,0.779175589304715,0.725721128923077
"cte-miR-2699-star_st",1.59401889933119,1.45734235463977,1.28153724376688,1.21025161646197,0.934451567428409,1.14870846207455,0.984610468099183,1.11583609748573,1.07200311704127
"cte-miR-2699_st",0.977375339764336,1.23527072635813,1.09817401435312,0.805485729787015,0.931002717170637,1.01327240162505,1.01327240162505,1.11919711179426,1.12758170073427
"cte-miR-2700_st",1.14923218725409,1.16400929669828,0.759638797291049,1.07200311704127,0.950668057062392,1.07200311704127,1.06389719781431,1.20441316656822,1.04523984815992
"cte-miR-2701_st",2.09514465544511,1.44389399773486,1.44389399773486,1.44389399773486,1.15695348061009,1.46131188521304,1.70217706207051,1.40079057920553,1.0753053285466
"cte-miR-2702-star_st",0.913072924553037,1.10312203004677,0.9690849259412,0.913072924553037,0.913072924553037,0.738160136438409,0.913072924553037,1.07464033869406,0.836352963890908
"cte-miR-2702_st",1.14459538778757,0.872288582301458,1.54074051411997,1.2803231428917,0.951535680727449,0.895889780352545,1.23922316506451,1.23922316506451,1.52682198360777
"cte-miR-2703-star_st",0.857891945238911,1.02640786344691,0.869239944108582,1.1562907687161,0.836358757953178,0.869239944108582,0.869239944108582,1.2145902736085,0.869239944108582
"cte-miR-2703_st",0.950668057062392,0.950668057062392,0.950668057062392,1.10960354292975,0.990130001425687,0.942926626975451,0.950668057062392,0.950668057062392,1.1121341227641
"cte-miR-2704_st",1.00749542156692,1.31252857866257,0.869239944108582,0.859394027829596,0.966116933438566,1.07688421957448,1.3751394777545,0.604586981745218,0.966116933438566
"cte-miR-2705_st",0.894796697776323,1.02236026942016,1.15695348061009,0.60990276491177,0.760182409635413,0.660208945062964,0.869239944108582,1.54939465967587,0.874491708744627
"cte-miR-2706_st",1.23922316506451,1.05808458652907,0.805239844947674,1.03143649322647,1.07200311704127,1.40332115903987,1.1971499911597,1.2145902736085,0.950668057062392
"cte-miR-2707_st",0.814997162546748,1.18277635601008,1.13802555822701,1.64281292530782,1.15887948493303,0.836358757953178,1.42840944485255,1.01027540446269,1.13802555822701
"cte-miR-2708_st",1.1460900306493,1.03137730382713,1.30130684116763,0.95049739176305,0.844398804540334,0.87378322516319,1.60924997973459,1.07200311704127,1.05808458652907
"cte-miR-2709_st",0.756980636508275,0.767644712438319,0.550713974403217,0.787035781608202,0.646309652459441,0.602632589384473,1.10856555935961,0.787035781608202,0.78956636144255
"cte-miR-2710_st",0.975747357390644,1.07200311704127,0.885024617754477,1.40079057920553,0.64442931539204,1.1719507125782,1.37729051969843,1.40759507166629,1.16310723101068
"cte-miR-2711_st",0.511218064309841,0.913072924553037,1.07831990091957,0.89634490507687,0.836358757953178,0.913072924553037,0.913072924553037,1.61160290518762,1.40332115903987
"cte-miR-2712_st",2.439166235033,2.30337552123988,1.758428599225,2.45337126061746,3.34737538031216,2.67944937314039,1.98111957670829,2.0327312571221,2.439166235033
"cte-miR-2713_st",1.66970048064657,1.00438121434574,1.21369513500593,1.08108655937902,1.08933157791456,0.981858894152799,1.23922316506451,1.91541189717854,1.00790346496075
"cte-miR-2714_st",1.09871039974321,0.929585129501195,0.627768552872748,1.05092018948007,1.07200311704127,0.853333715190822,1.00728963181853,1.61535201073242,0.771135952529813
"cte-miR-2715_st",1.10055964421233,1.10055964421233,1.33044751046749,0.913072924553037,1.12141357091835,0.986250345103121,1.10055964421233,1.06296451170298,1.10055964421233
"cte-miR-2716_st",1.23922316506451,1.29597451343106,1.23922316506451,1.79070706419905,1.06256140292772,1.66805773924536,1.04951910676697,1.23922316506451,1.23922316506451
"cte-miR-2717_st",2.96466733926363,2.8675755815118,2.79775219966243,1.80818838726882,2.49956783345556,3.09241131705516,3.23984026767899,2.88307999361998,2.88307999361998
"cte-miR-2718_st",1.10866556343929,1.2145902736085,1.07200311704127,1.19012082404539,1.2145902736085,1.31308021307375,1.45555445095659,0.842240631316167,1.46095795203828
"cte-miR-2719_st",0.646309652459441,0.950668057062392,1.24185509333816,0.950668057062392,0.950668057062392,1.13024619790815,0.950668057062392,0.752322583758986,0.732931514589104
"cte-miR-2720-star_st",0.549432663129457,0.688293686875256,0.873657643737865,0.711941712853142,0.72166770667814,0.795757885937098,0.779029866460931,0.911750080462422,0.674300136396242
"cte-miR-2720_st",1.12159937602478,0.790281334026177,0.894732478523915,1.01466540398244,0.980582794213623,1.33475626730911,0.991930793083293,0.779029866460931,0.668946274047299
"cte-miR-2721_st",0.856040279785458,0.894656055674229,0.950668057062392,1.08127321925295,0.950668057062392,0.950668057062392,1.25316282923027,1.18886041401897,0.950668057062392
"cte-miR-277a_st",1.40332115903987,1.28346187811457,0.910711611482585,1.41549897856339,1.29602543705933,1.15695348061009,1.35969060137833,1.20338973318454,1.41802955839774
"cte-miR-277b_st",1.26379957040515,1.12782184902649,1.15695348061009,1.94540757836859,1.0356293747243,1.28131703770146,1.01477544801828,0.956183658425025,1.05885700959909
"cte-miR-278_st",1.24251689452216,1.14256929898523,1.15666657883245,0.925729527320283,1.24251689452216,1.35682619363137,1.66160422337553,0.916366654010692,1.60682987966528
"cte-miR-279_st",1.28844549899467,1.3830732762716,0.947098149298272,1.66160422337553,1.15695348061009,1.38782724553485,2.05901819012467,1.2145902736085,1.03246041697272
"cte-miR-281_st",0.954731148193189,0.954731148193189,1.15642448389458,1.03143649322647,0.954731148193189,1.07909470528456,0.898337311795432,0.917136015683835,0.954731148193189
"cte-miR-29a_st",1.78091750426939,0.858521307754458,1.28131703770146,1.77842127744484,0.701686610181573,1.20054860153738,1.10055964421233,0.966593600934623,1.13943279277055
"cte-miR-29b_st",1.28672130410359,2.15544637758464,1.63830622695492,1.93107391698692,1.27415774515884,1.84863159629651,1.63830622695492,1.633723812876,1.93255282360518
"cte-miR-2a_st",1.23922316506451,1.03259047735463,1.31612208645139,1.1539255373335,1.1539255373335,1.52581020314691,0.840693446794664,1.17477946403952,1.1539255373335
"cte-miR-2b_st",1.14870846207455,1.14870846207455,1.54964655264462,1.02319147469093,1.14870846207455,0.936325222681998,1.43726357007667,1.40079057920553,1.27208345346688
"cte-miR-2c_st",1.23922316506451,1.2006717430963,1.11150736430998,0.798786000756948,1.11150736430998,1.40332115903987,0.921458258816241,1.11150736430998,1.03478740364785
"cte-miR-2d_st",0.989938898709091,0.759885148019454,0.977375339764336,1.15403710190112,0.7873262342706,1.55472329950244,0.889991303172163,0.977375339764336,0.903812001386299
"cte-miR-2e_st",1.66916376293351,0.771200223699387,1.3058046525002,1.26442616437186,1.23154497821645,1.3058046525002,1.14668477203176,1.38389970587592,1.1837808697667
"cte-miR-2f_st",0.965479140004934,0.9439459527192,1.61194122546556,0.913072924553037,0.733737167213597,1.19081297503534,0.80415570067513,1.07200311704127,0.710423508609463
"cte-miR-2g_st",0.646309652459441,1.22929867296637,1.44389399773486,1.29535870977258,1.10028097449928,1.2145902736085,1.01289693790711,1.41477995765395,0.982074977697975
"cte-miR-31_st",9.77541444146913,9.27097282125695,9.16697502860158,9.24254549260142,9.04749874183476,9.1200520335887,9.902720876019,9.39074917718859,9.23210872593732
"cte-miR-315_st",1.03033526879222,0.900664999180678,1.01872016181075,0.972307200405953,0.73641116241625,1.10331441512425,0.727573753964678,1.30469178356531,0.926460267909986
"cte-miR-317_st",1.10866556343929,0.699149188136794,1.19302791089506,0.694729396294047,0.977375339764336,1.0597354196342,0.787811831154773,1.0540895063642,0.869239944108582
"cte-miR-33_st",0.977375339764336,1.17875346821125,0.900146269551515,1.03143649322647,0.950668057062392,0.950668057062392,0.977375339764336,0.913072924553037,0.770931354944822
"cte-miR-34_st",1.03440798453192,1.02184442558716,1.03703991280557,0.767890597277661,1.00770070182997,0.740203626187174,1.60441225757127,1.03440798453192,1.07200311704127
"cte-miR-36_st",0.748974721361005,1.08786409720647,1.44139715156971,0.958671745971904,1.03590081618473,1.03590081618473,1.06878200234013,1.11349671370882,0.959180855522597
"cte-miR-365_st",0.950668057062392,1.27369645274266,0.950668057062392,0.805485729787015,1.23928154568479,0.728669732329309,0.894157048636381,1.23928154568479,1.63082277262968
"cte-miR-375_st",1.10866556343929,0.805485729787015,0.805485729787015,0.53896834253276,0.646309652459441,1.01479965044721,0.935591884939724,1.09969008813176,0.754339758631841
"cte-miR-67_st",0.913587828165999,0.913587828165999,0.836358757953178,0.913587828165999,1.20824342376658,0.80589880254213,0.869239944108582,0.990301994765859,1.591755583931
"cte-miR-7_st",1.33298331867638,1.93999382048865,1.64953635797491,1.56122844872544,1.25626915207652,1.33298331867638,1.35969060137833,0.931747924743447,1.17954919141439
"cte-miR-71_st",1.19030883801382,1.11434523824521,1.05701634675296,1.9684715199061,0.809409290516565,1.05701634675296,0.87825221375843,1.05701634675296,0.792125316435638
"cte-miR-745a_st",1.1017388968557,1.28131703770146,1.28131703770146,1.14870846207455,1.1538337156474,1.32883464475394,1.7707881560154,1.11409698967822,1.50533935771952
"cte-miR-745b_st",2.33289063970272,1.95803414114167,1.03362056778796,1.42721306795985,1.53826484232457,1.6710936240169,1.6710936240169,1.72873041701531,1.58614326044808
"cte-miR-750_st",0.857891945238911,1.1765420425339,0.836358757953178,0.805485729787015,0.792259884845211,0.950668057062392,0.978157167986489,0.913072924553037,0.722577112712861
"cte-miR-79_st",1.14661058963417,1.2006717430963,1.11923657964547,1.42907236149963,0.986414848450158,1.2006717430963,1.2006717430963,1.71980261026979,1.59545941858475
"cte-miR-8_st",1.5310369597944,1.5310369597944,1.21499309374871,1.5310369597944,1.85999686578975,1.5310369597944,1.7951515283924,0.922949812908766,1.19960516080668
"cte-miR-87a_st",1.15695348061009,1.44389399773486,1.13542029332436,1.39258901813161,1.08024813557681,0.862749122265351,1.15695348061009,1.15695348061009,1.32170021355842
"cte-miR-87b_st",0.869239944108582,0.869239944108582,0.792525777508723,0.924420923422708,0.792525777508723,0.869239944108582,0.977375339764336,0.869239944108582,0.869239944108582
"cte-miR-9_st",0.842722791626445,1.04421207399627,0.929902774887051,0.805485729787015,0.843885884507497,0.85961366495605,0.817519792319095,0.567075170787703,0.670374950592532
"cte-miR-92a_st",6.37927159649489,6.09648239200519,5.78876667891302,5.29072387911471,5.78876667891302,5.52344214017037,6.10150372995495,5.90000601734089,5.65798687728401
"cte-miR-92b_st",6.34107193707904,5.38241310405243,4.89480200228037,4.84410792005702,4.33152983589988,5.1332122286025,6.20389674591282,5.48589383428526,4.89480200228037
"cte-miR-92c_st",12.7613187343725,12.6702630386129,12.6746074086241,12.5748655774617,12.6008359194335,12.5774457048895,12.753950538267,12.607771104084,12.5948120258215
"cte-miR-96_st",1.1105538170373,0.950668057062392,1.10866556343929,1.66160422337553,0.806965494874911,1.10866556343929,0.869239944108582,1.03333814730061,0.906262577305451
"cte-miR-981_st",1.23922316506451,0.836358757953178,0.950668057062392,0.913072924553037,0.950668057062392,0.715023697974299,1.23111724583755,1.09325521362962,0.829332997083513
"cte-miR-993_st",0.96558097086278,0.913174755410884,1.03522828132338,0.861211474389135,1.17969214266514,0.836358757953178,0.95172617737909,0.927093285923082,0.759638797291049
"cte-miR-996_st",0.962375599168538,1.24178653327524,1.40332115903987,0.865236244638077,0.949812040223783,1.23912960812913,1.19703573549217,1.31837079547105,1.25383800748699
"ctr-miR156_st",1.97202778927191,1.8118628091005,1.52671735201527,1.93107391698692,1.67279085265126,1.67279085265126,1.47732505980427,1.77755599479746,1.67279085265126
"ctr-miR164_st",1.34983967377445,1.3231323910725,1.33068345791725,1.14870846207455,0.849973870567262,1.36819737365591,1.24170427811869,1.5308731419627,2.33024389918505
"ctr-miR166_st",1.62193907768807,2.08692076661326,1.82048753878116,2.96980310180482,3.15186604290933,2.79576756389436,1.95012428864777,2.54362646376607,2.32348218965719
"ctr-miR167_st",0.857891945238911,0.909812782803569,1.22070769493166,0.869239944108582,0.869239944108582,0.950668057062392,0.812728935682572,1.07200311704127,0.823393011612616
"ctr-miR171_st",0.839117259354563,0.927535427728937,0.735632968726484,1.0042495943288,0.802454812956541,0.978805584619579,1.07337274531466,1.40079057920553,1.05544024970561
"ctr-miR319_st",1.0059318669354,1.26979489408217,0.896195443004053,1.10055964421233,1.10055964421233,0.978555522873921,1.10055964421233,1.42934710637659,1.10055964421233
"dan-bantam_st",0.994356264330078,0.957693817932056,0.622101863307036,1.03439916296534,0.836358757953178,0.957693817932056,1.11462148707766,1.10028097449928,0.876265704978247
"dan-let-7_st",11.9531366002859,12.0306384510038,11.8834451472815,11.9099702339729,11.5892211280386,11.3593182027743,12.0254637109078,11.5831310217834,12.107041809552
"dan-miR-1_st",1.23922316506451,1.25393156442237,1.23922316506451,1.45693339070517,1.61110783087791,1.09820658325335,0.956761393199041,1.6626384045057,1.40845841493434
"dan-miR-10_st",2.30128469827399,1.32707633181788,1.17021862792629,1.52215406709117,1.40332115903987,1.43647195200168,1.3159371224477,1.8290146236217,1.19425100244
"dan-miR-100_st",7.64780156612066,7.34915022552476,7.14127836585568,7.2037404905474,6.88905945716184,6.76521672701169,7.63229988016557,7.14016410966814,7.46895970229052
"dan-miR-11_st",1.01287073686414,1.06990338163172,0.948568321652837,0.948568321652837,0.836358757953178,0.915687135497432,0.948568321652837,0.992401302097292,1.04319609892977
"dan-miR-12_st",0.755910799276974,1.31027288991383,0.922577581828895,0.869239944108582,0.846012309233783,0.838270879146842,0.578093536262513,0.869239944108582,0.869239944108582
"dan-miR-124_st",1.00377256136481,1.17056278242765,0.858870203219458,1.29254905925889,1.16732948532891,1.0530201862197,1.17867748419858,1.40079057920553,1.16732948532891
"dan-miR-125_st",11.2223908265461,11.1278807121164,11.2058357477862,11.2252361783805,11.0942191503091,10.9896216129354,11.1825523311656,11.0914300621796,11.1147600366066
"dan-miR-133_st",1.15778800161368,1.43861259362656,1.2145902736085,1.67552275388772,1.2145902736085,1.2145902736085,1.11996249633156,1.2145902736085,1.2145902736085
"dan-miR-13a_st",1.10866556343929,1.51304338510584,0.950668057062392,1.03143649322647,0.744382633514691,0.890419911415311,1.15462079767447,1.40097919656187,0.994386319548599
"dan-miR-13b_st",0.921096221324826,0.913072924553037,0.976827138874604,0.913072924553037,0.913072924553037,1.12238684521323,0.812960825669072,0.913072924553037,0.808343194488348
"dan-miR-14_st",1.01915051125427,1.08080492904167,1.46746664291906,1.0492056563542,1.0492056563542,0.997617323968535,0.748974721361005,1.17054071633307,1.13959765304551
"dan-miR-184-star_st",1.88685042253082,1.63994084503863,1.10911977185681,0.711941712853142,0.951122265479911,0.85083670752116,1.10101385262985,1.10911977185681,1.57103364098504
"dan-miR-184_st",1.40332115903987,1.40079057920553,1.16620757363502,1.40079057920553,0.927452320039684,1.40079057920553,1.16357564536136,1.40079057920553,1.5221256391844
"dan-miR-210_st",7.60023385545628,7.85859423316063,7.85481938873928,7.85080951460465,8.53610871233623,8.27104809679992,8.21508662402722,7.62819650735624,7.55074724250388
"dan-miR-219_st",0.800623938047333,0.642626431670433,0.646309652459441,0.63143212515305,0.748974721361005,0.748974721361005,0.646309652459441,1.09230810607297,0.881803503053337
"dan-miR-263a_st",1.29602543705933,1.29680825540798,1.23927408869277,1.59793905905653,1.37745355001314,1.25545259836434,1.23922316506451,1.68651803884378,1.00341237327784
"dan-miR-263b_st",1.12990251938705,0.939023826854742,1.21133063234086,1.08917698185823,0.776827277736854,1.15695348061009,0.748974721361005,0.950150593700169,1.05333312596396
"dan-miR-274_st",1.13630553225257,1.35894363416604,1.89592115357478,1.07200311704127,0.751408394384355,1.07200311704127,0.77177218204808,1.07200311704127,0.871884280932045
"dan-miR-275_st",0.950668057062392,1.03805209365456,0.778320216028478,0.913635048554529,1.36274515065527,1.14169731683373,0.977375339764336,0.65633901748622,0.950668057062392
"dan-miR-276a_st",1.08384270867837,1.1260642705034,0.985589560730504,1.03143649322647,1.4511334528021,1.27016283743572,1.12813690324371,1.00498062990039,0.950668057062392
"dan-miR-276b_st",1.15695348061009,1.2006717430963,1.15695348061009,0.764550500750582,1.15695348061009,1.15695348061009,1.11312050016564,1.50072771306265,1.31865354516573
"dan-miR-277_st",1.04990790723552,1.07057847083263,0.893916708695839,1.14728381586591,1.04387118813068,1.07882348936817,1.61991218027487,1.07057847083263,0.870459634723401
"dan-miR-278_st",1.32896026261567,1.43462800990075,0.853335948943944,0.875222317251478,1.09325521362962,0.797792883315173,1.10055964421233,1.2145902736085,1.14112626802713
"dan-miR-279_st",1.45883752860361,0.836358757953178,1.09890737189835,1.40079057920553,1.28032952429906,1.38027711983599,1.29289308324382,1.85806721649589,1.38752086052075
"dan-miR-280_st",0.920573067769515,1.1222664034709,0.977375339764336,0.977375339764336,0.940712893366315,0.893865785067571,0.977375339764336,1.40079057920553,1.09764056251191
"dan-miR-281-1-star_st",1.05701634675296,0.966280167167288,1.28131703770146,1.05701634675296,1.67927786968371,1.05701634675296,0.761379106964824,0.868285461321588,1.06836434562263
"dan-miR-281-2-star_st",0.8753224425629,0.73641116241625,1.58802225043923,1.11029237551777,1.82961292673671,1.15695348061009,1.57016474480451,1.80758629930661,1.2006717430963
"dan-miR-281_st",0.950668057062392,0.950668057062392,1.05362499207386,1.14870846207455,0.760618951568655,0.950668057062392,1.09168463887355,0.858032353187607,0.864541159739599
"dan-miR-282_st",0.748974721361005,1.0320961700162,1.28173374436729,1.14058165274488,0.72773776541325,1.14311223257923,0.853791067732408,1.29601838656231,0.950668057062392
"dan-miR-283_st",1.23922316506451,0.954509210828864,1.00103080810793,1.23922316506451,1.23922316506451,1.54939465967587,1.36697331882883,1.23922316506451,1.20368234938536
"dan-miR-284_st",1.01497047227369,1.17396446039436,0.73641116241625,0.918465607065628,0.950668057062392,1.03030906405102,0.653740537880175,0.950668057062392,1.04529583433933
"dan-miR-285_st",1.42099189363636,1.16210462699808,0.945173888962976,1.50343421432677,1.07200311704127,1.34864114763864,1.44162022631437,1.87514052872077,1.59277286264371
"dan-miR-286_st",0.781177778639052,0.836358757953178,1.1403004558903,0.711941712853142,0.836358757953178,1.16588030941679,0.836358757953178,0.836358757953178,1.21931127045947
"dan-miR-287_st",1.07214883988505,0.821999431007361,0.950668057062392,0.913072924553037,0.821963537151803,0.833125460854437,0.977375339764336,0.63498503786501,0.950668057062392
"dan-miR-288_st",0.805368557758762,0.995417663252499,0.805368557758762,0.699891672722972,0.817434268930927,0.805368557758762,0.748974721361005,0.523120425423239,1.06878200234013
"dan-miR-289_st",1.68065371963719,2.01033166085215,1.09513465152736,2.06977113545996,2.65145351627327,2.19534890791353,2.70206986994476,2.06977113545996,2.12138281587376
"dan-miR-2a_st",1.04862637550473,1.03650012487966,1.03650012487966,0.918136556206228,1.027093188219,1.23914954082323,1.03650012487966,1.2145902736085,0.950373227556869
"dan-miR-2b_st",1.2006717430963,1.2006717430963,1.4647863116943,1.07056558794359,1.09800667419474,1.2175626164259,1.2006717430963,1.25585272241043,1.1361345034721
"dan-miR-2c_st",1.10613498360494,1.40079057920553,1.26807036520403,1.06571649083826,1.43838571171488,1.71338080246067,1.57185355655396,1.40079057920553,1.40079057920553
"dan-miR-3_st",1.05717303379976,1.09298271747243,0.910143747696239,1.42085170734598,0.745646923320075,0.728669732329309,0.992870618588466,1.1518008110767,0.964314091417401
"dan-miR-304_st",1.13524353706547,1.28131703770146,1.32188987639645,1.21756282337989,0.935959657704525,1.28131703770146,1.48405415846969,1.32515001814592,1.42740701978557
"dan-miR-305_st",0.944112888950033,0.91765487012259,1.08217593233317,0.913072924553037,0.950561360539723,1.19844391568876,1.30826137074612,0.779029866460931,0.662847824038212
"dan-miR-306_st",0.939320058192721,1.0320961700162,1.01525176867472,0.950668057062392,1.07200311704127,0.950668057062392,0.869239944108582,0.760941206026652,1.04529583433933
"dan-miR-307_st",1.5310369597944,1.40064319048355,1.47125727856549,1.70458150778196,1.5793248769652,1.19892398574664,0.971804059484568,1.58621793910853,1.70187807428345
"dan-miR-308_st",0.977375339764336,0.836358757953178,0.927440422187592,0.996514989558358,1.09674155769838,0.950668057062392,1.29158890398368,0.950668057062392,0.950668057062392
"dan-miR-309_st",0.818445147276104,0.913072924553037,0.913072924553037,0.882199896386875,0.970401816045284,1.02738222366225,1.00328300220069,0.913072924553037,0.80577720257249
"dan-miR-310_st",1.57329153075292,1.57329153075292,1.26577869583497,1.99212542972787,1.57329153075292,1.57329153075292,1.66550717646429,1.89314299835364,1.46259225948742
"dan-miR-311a_st",1.40079057920553,1.1885016117449,0.997926172094197,1.40079057920553,1.40079057920553,1.11223547120341,1.52125801551935,2.36733482569286,1.45759285120035
"dan-miR-311b_st",2.08865757527662,2.54035459701192,1.98599250637506,2.38845418213304,2.72565910666393,2.39669920066858,3.00843005598423,2.64053629926402,2.53577115711782
"dan-miR-312_st",1.15695348061009,1.25706557949406,1.12839695343903,0.937590262257593,0.934023188960951,1.15695348061009,1.65976548325835,1.2593783911452,1.25706557949406
"dan-miR-314_st",0.857891945238911,0.869239944108582,1.46796654672206,0.744822899008546,0.769292348571654,0.869239944108582,0.869239944108582,0.831644811599228,1.09326226412664
"dan-miR-315_st",1.22297486254851,0.950668057062392,0.783389628418875,0.87141031319716,0.850720461525464,1.03030906405102,0.890460684858012,1.01351614893142,1.00890986258981
"dan-miR-316_st",0.902380139891591,0.857594910417545,0.783389628418875,0.645649113795054,1.03805209365456,1.03805209365456,0.885035996668691,1.15179926876229,0.950668057062392
"dan-miR-317_st",1.20869503986809,1.13215891689981,1.03718096641182,1.10055964421233,0.908136596881749,1.23945463888035,1.10055964421233,1.2200331857164,1.08089922889803
"dan-miR-318_st",0.950668057062392,0.950668057062392,0.985082964120262,0.950668057062392,0.950668057062392,0.809651475251233,0.950668057062392,0.913072924553037,1.14613384990938
"dan-miR-31a_st",9.39691549060249,8.4211625791426,8.4211625791426,8.1807959767795,7.91406230286962,8.00447444548078,9.28171537241341,8.90184880906722,8.15955140003491
"dan-miR-31b_st",1.89541229618261,1.73795795632857,1.89541229618261,2.06674541849282,1.99004007345954,1.9808715171436,1.78727690052685,2.13262723002677,1.80801792900265
"dan-miR-33_st",0.950668057062392,0.950668057062392,0.938104498117637,1.04236017238398,0.950668057062392,0.950668057062392,0.963231616007147,0.980723202162318,0.869239944108582
"dan-miR-34_st",0.821066744896029,1.24450472354076,0.472343828316462,0.805485729787015,1.11583609748573,0.578524938123797,0.977375339764336,0.833000779623008,0.913072924553037
"dan-miR-4_st",1.53132072373537,1.07866762175789,1.04107248924853,1.04107248924853,1.28131703770146,1.22261104395781,1.23941796255194,1.04107248924853,1.05173635596191
"dan-miR-5_st",1.20188123961072,1.02466629679034,1.26598089169124,1.34268623672452,0.93775518916991,0.728669732329309,1.06321771875855,1.36344865375174,0.953616571941016
"dan-miR-6_st",1.24409644266963,0.833330260840688,1.15695348061009,0.808429130311838,0.947639559949902,1.12115049386487,1.23619466795202,1.09022671651713,0.947639559949902
"dan-miR-7_st",1.49671332306999,2.116778176646,1.24699340097704,1.5433922928601,1.15695348061009,1.28131703770146,1.04315784513048,2.21353764746438,2.40484259830858
"dan-miR-79_st",0.783374410146397,0.985067745847784,0.985067745847784,1.14870846207455,0.984135778931726,1.06649585880159,1.01362427301885,1.10640280582666,0.662847824038212
"dan-miR-8_st",1.10866556343929,0.920535366482131,0.977375339764336,1.26442616437186,0.73641116241625,0.618868566208295,0.977375339764336,1.2145902736085,0.769292348571654
"dan-miR-87_st",0.958773976289348,1.03805209365456,1.32489886493052,0.913635048554529,0.950668057062392,0.923960774360447,0.950668057062392,1.02777645446968,0.750449840445482
"dan-miR-92a_st",12.046837118982,11.8276357922247,11.767284623054,11.7166393716918,11.6855030791214,11.6498711046367,12.019937550908,11.8494647019252,11.8212660354741
"dan-miR-92b_st",8.82791666082562,8.71822051792318,8.71822051792318,8.61912866029826,8.21958367498556,8.53930766644695,8.94809806858262,8.74594212930371,8.81029160403035
"dan-miR-9a_st",1.10866556343929,1.48014026106227,1.39999560182227,1.14870846207455,0.828901181095425,1.3150939890942,0.747960907410948,0.956285414743965,1.23014362552538
"dan-miR-9b_st",0.928994461827962,0.836358757953178,0.836358757953178,0.891961453320099,0.59322686181281,0.805389692991437,1.35969060137833,0.779029866460931,0.836358757953178
"dan-miR-9c_st",0.691645829868758,1.11551224111908,0.836358757953178,0.711941712853142,0.665614705552176,0.671340840837062,0.92004644827209,0.665614705552176,1.02903355249484
"dan-miR-iab-4-3p_st",0.977375339764336,0.73641116241625,1.08330004993354,0.710857952510081,0.977375339764336,0.977375339764336,1.01025652591974,0.977375339764336,1.02109360225054
"dan-miR-iab-4-5p_st",1.07200311704127,0.987052753472448,1.07200311704127,0.713496343485229,1.07200311704127,1.07200311704127,1.23922316506451,1.22957704389681,0.939832300725435
"ddi-miR-1176_st",0.950668057062392,0.950668057062392,1.07200311704127,0.950668057062392,0.950668057062392,1.05701634675296,0.786570063087023,1.01775621067018,0.777157123147426
"ddi-miR-1177_st",0.974387652034502,0.759638797291049,1.0139808668965,0.642096201083095,0.60213325101146,0.759638797291049,0.759638797291049,0.923737000483081,0.759638797291049
"der-bantam_st",1.11055453900948,0.972055521504342,0.851915756722076,1.01617276903144,1.07200311704127,0.930986535230111,1.18764615860804,1.45023463269659,0.995283156379141
"der-let-7_st",11.8912307048573,11.9993516991571,11.7986556126091,11.9354818135675,11.5341684386942,11.340711184941,11.8992541159548,11.6281767783975,12.09925096235
"der-miR-1_st",1.22763656185773,1.13011071362696,0.674880567596458,0.793899126580239,0.728875319694024,0.939081453855616,0.939081453855616,1.38791646931915,1.02050956680942
"der-miR-10_st",1.18030773476202,1.08855061299617,1.68814005794153,1.14870846207455,1.18030773476202,1.40332115903987,1.36614560256447,0.984715095875767,1.26306492693311
"der-miR-100_st",7.7383983018707,7.31719629433139,7.11243599652603,7.20557496812067,6.77307287475748,6.86437519960095,7.40602000036558,7.20130211522898,7.31806490152167
"der-miR-11_st",1.13537284614124,0.847269184611627,1.26797303775355,0.897693723457855,1.30802432040341,1.03376917616209,0.977375339764337,0.805737149162876,1.17906867546572
"der-miR-12_st",1.03954241245343,1.35446488890674,0.928771424324906,1.03143649322647,0.931488897689542,1.01113150419477,1.03143649322647,1.03143649322647,1.13154859211044
"der-miR-124_st",0.977375339764336,1.2006717430963,0.880973857269927,1.15277155320535,1.07200311704127,1.07200311704127,0.977375339764336,1.07200311704127,1.07200311704127
"der-miR-125_st",11.2624944204695,11.1337973382194,11.2157376824804,11.099283272595,11.1162273891152,10.9456412907065,11.1819631010583,11.1684012910496,11.1735554768262
"der-miR-133_st",0.977375339764336,0.64742509337936,1.43187768621094,1.26442616437186,1.10055964421233,1.26806070328331,1.10396270930794,0.900785902948276,0.950668057062392
"der-miR-13a_st",1.05701634675296,0.90712475960302,1.05701634675296,0.971718719021961,1.22966782101513,1.05701634675296,1.05701634675296,1.16294105692217,0.950668057062392
"der-miR-13b_st",1.21205477393028,1.2006717430963,1.10866556343929,0.959877989549153,1.17539232753225,0.688929932495394,1.36947920760929,1.10866556343929,0.917636303667949
"der-miR-14_st",0.960860295975474,0.93932710868974,0.836358757953178,0.805485729787015,0.857891945238911,0.857891945238911,0.886448472409976,0.779029866460931,0.857891945238911
"der-miR-184-star_st",0.977375339764336,1.40332115903987,1.07200311704127,1.66160422337553,1.54939465967587,1.51271677922368,1.40332115903987,0.820437011461588,1.36476973707167
"der-miR-184_st",1.21838773964751,1.1089921194637,1.04264887130622,1.72687775491741,0.929832631645393,1.40332115903987,1.09896275443692,1.08509524838665,1.1089921194637
"der-miR-210_st",7.69814514852423,7.58040756607653,7.91450422702508,7.98151664302545,8.41568677577682,8.43232996323272,8.21091137004678,7.59434483349426,7.44438312540043
"der-miR-219_st",1.06328621229809,1.36248110960762,1.07554059248285,0.89139660232077,0.749998059445194,0.869255168935153,1.0191467560851,1.07200311704127,1.34467137858991
"der-miR-263a_st",1.07200311704127,1.40343491602899,1.36319015331704,1.73845309346135,1.07200311704127,0.995288950441411,0.549432663129457,1.07200311704127,0.987052753472448
"der-miR-263b_st",0.977375339764336,0.977375339764336,1.68268715093672,0.946502311598174,0.7873262342706,0.977375339764336,1.13152175773121,0.974844759929988,0.977375339764336
"der-miR-274_st",1.17402131572091,1.17402131572091,1.18591808133187,0.88642249717765,1.28131703770146,1.17402131572091,1.29350471024634,0.972468387968222,1.26602749537792
"der-miR-275_st",0.857891945238911,1.04794105073265,1.11025982542061,1.01706802256649,1.20682436613828,0.940252025108779,1.50447866666123,0.876302860131188,1.16225034984186
"der-miR-276a_st",0.977375339764336,1.31260377405991,1.34999048899392,1.05814377592841,0.944494153608932,0.925726123078008,0.94732019466441,1.15164501569051,0.977375339764336
"der-miR-276b_st",0.992362110052643,1.07200311704127,0.851345528241485,1.07200311704127,1.07200311704127,1.21089811170929,1.31296729438936,1.00527635294831,1.29602543705933
"der-miR-277_st",0.877438205907207,0.855905018621473,0.65970166343392,1.05098275389477,1.05701634675296,1.05701634675296,0.748974721361005,0.898523722666155,0.882998066765883
"der-miR-278_st",1.17866776110193,1.13073696516805,1.00631992006802,1.00631992006802,1.09807704183387,0.873648817834592,0.869239944108582,1.00631992006802,1.00631992006802
"der-miR-279_st",1.32065127801832,0.618868566208295,0.950668057062392,0.96982427291959,0.836358757953178,1.48474927199368,0.950668057062392,0.852554400690091,0.950668057062392
"der-miR-280_st",1.24412346545745,0.911206112699096,1.21211931352373,1.48266369482111,1.07200311704127,1.03254117267797,1.03254117267797,0.968238757466675,0.846903697487797
"der-miR-281-1-star_st",1.02595985096269,1.07200311704127,1.00386374959455,1.02595985096269,1.02595985096269,0.949143853504979,1.02595985096269,1.07200311704127,1.02595985096269
"der-miR-281-2-star_st",1.29130444020836,1.33440785873769,1.2145902736085,1.15494002537469,1.22895197718078,1.32889957271771,1.18238721633045,1.29130444020836,1.2474714597639
"der-miR-281_st",0.951737894293692,0.777238793834956,0.990575004087461,1.02802385921135,0.952529575537205,1.07200311704127,1.09871039974321,1.07200311704127,1.07200311704127
"der-miR-282_st",0.838456774135036,0.908005251083717,0.955909650545773,0.931232885958516,0.789694117646772,1.21894642246003,0.849804773004707,0.861796982879678,1.07200311704127
"der-miR-283_st",0.963231616007147,0.950668057062392,0.987330503460413,0.806724634862466,0.950668057062392,0.950668057062392,0.977375339764336,0.924212193736308,1.29602543705933
"der-miR-284_st",0.977375339764336,0.950668057062392,1.18939440127164,0.950668057062392,0.788159007338707,0.950668057062392,0.788159007338707,1.15179926876229,0.908426371181187
"der-miR-285_st",1.11485960797314,1.64058899103004,1.02828485455506,1.28217305454007,1.15695348061009,1.15695348061009,0.789087112101894,1.2145902736085,1.15695348061009
"der-miR-286_st",1.05701634675296,1.05701634675296,0.980296386090834,1.13778478291704,1.05701634675296,1.05701634675296,0.948099122875056,1.17835140673184,1.05701634675296
"der-miR-287_st",0.950668057062392,1.10959824955062,1.03805209365456,1.02737340209567,1.00517090749916,1.15998197772258,0.869239944108582,0.950668057062392,0.923960774360447
"der-miR-288_st",0.987330503460413,1.12230624766385,1.02281868546821,0.791737864574159,0.950668057062392,0.950668057062392,0.498971035327096,1.07200311704127,0.662847824038212
"der-miR-289_st",6.29861812186602,5.65241872330159,5.55264095087727,4.96060658242697,5.48879445936001,5.45882751396427,5.85363322263666,6.48054513145871,6.21362324490454
"der-miR-2a_st",1.45315704980323,0.88353494384275,0.830278709264179,1.43207412224203,1.26442616437186,1.54939465967587,1.57837662373321,1.17947580080303,1.40332115903987
"der-miR-2b_st",0.857891945238911,0.870414576655157,1.00283393257375,1.14035371710438,1.14035371710438,1.0595852809403,1.23086842009433,1.46914117926863,1.3949664140697
"der-miR-2c_st",0.951737894293692,0.854512925296388,0.930204707007959,1.07200311704127,1.07200311704127,1.07200311704127,1.4804399759396,1.45023463269659,1.10488430319667
"der-miR-3_st",1.10866556343929,0.904149076697242,1.00962596173303,1.41091086421921,1.04414542979121,1.264803018591,1.23922316506451,1.23922316506451,1.78030596379225
"der-miR-304_st",1.06599927446242,1.34395686387773,1.05343571551767,1.13928603120738,0.895448932611944,1.05701634675296,1.13928603120738,1.18038600903458,1.34204920414006
"der-miR-305_st",0.963231616007147,0.950668057062392,0.8891374622426,0.833125460854437,1.32470923379769,1.28131703770146,1.24328112084388,0.923473839864758,0.904373835801826
"der-miR-306-star_st",0.789541345175805,1.07878454843662,1.40723155133684,1.00770070182997,1.07200311704127,1.05701634675296,1.35969060137833,1.6440224369528,0.82878086240271
"der-miR-306_st",0.920504224795606,1.1642579348134,0.985541309253434,0.768476227766027,0.701027354370032,1.13289013594177,0.968792141966407,0.944159250510399,0.950668057062392
"der-miR-307_st",1.07200311704127,1.07200311704127,1.01312122780457,1.04753366747816,1.10959824955062,1.07200311704127,1.13630553225257,0.99193097211124,1.07200311704127
"der-miR-308_st",0.911171270478892,0.780906803576002,1.03143649322647,1.03143649322647,0.97034298251036,1.20307468382793,1.08255254621002,0.933052890890507,1.20778164203879
"der-miR-309_st",1.28305614550896,1.27738590969616,1.19243891644989,0.913072924553037,0.806724634862466,0.913072924553037,0.79280770180546,1.07064685140857,0.836352963890908
"der-miR-310a_st",1.85154328123726,1.29939097364196,1.5347037089002,1.61314908095142,1.61314908095142,2.23177128417509,2.15795035468342,1.58369473378401,1.54939465967587
"der-miR-310b_st",3.4480445730629,2.50123050680533,2.76681521670971,2.42437483740894,2.24786128418879,2.77516436618912,2.33217587933301,3.32731082606931,2.72525282682339
"der-miR-311a_st",3.63836998594883,4.14053271214652,2.7231163763869,3.27428176959241,2.95868502047311,4.0527746284037,3.5886172635534,2.09403367942719,2.46149697701563
"der-miR-311b_st",1.54198467989205,0.875074683268421,0.953131946981053,1.05173644540521,1.41998055855363,1.54198467989205,1.23922316506451,1.84938708353738,1.24732908429146
"der-miR-311c_st",1.63262488316624,1.48446062154966,1.44389399773486,1.31614384397054,1.48598787037182,1.28632007087933,1.44389399773486,1.44389399773486,1.82684651024115
"der-miR-312_st",0.984302006347924,1.15695348061009,1.13373701625111,0.99802328812186,1.15695348061009,1.15695348061009,1.31314440358656,1.27642702211416,1.15695348061009
"der-miR-314_st",0.758930122802937,0.73641116241625,0.999872242473714,0.923028325994969,0.836358757953178,0.981522826237708,0.734375913550998,0.896572462668885,0.957672316882962
"der-miR-315_st",0.960722315044546,0.839241532221884,1.05082382500135,0.908316099592649,0.836358757953178,0.921285291614191,1.16850898688258,1.03743648164441,1.05349842686803
"der-miR-316_st",0.749756549583157,1.07200311704127,0.765325766248819,0.666886069742809,0.842045726910948,1.10803309731044,0.977375339764336,0.772362954778598,0.869239944108582
"der-miR-317_st",1.35414779723722,1.16541691180584,1.10866556343929,0.580388742766701,1.36818008473853,1.01577336995517,1.05138628240968,1.1628863319715,1.16541691180584
"der-miR-318_st",0.838735729381713,1.03909903597122,0.893916708695839,0.893916708695839,1.15695348061009,0.728669732329309,1.09878419339266,0.893916708695839,0.850083728251384
"der-miR-31a_st",9.20345801467386,8.52862603246568,8.26799944795008,7.94833722391209,7.84564004025399,7.93331640697306,9.30342251320754,8.66237568733653,8.06852509592112
"der-miR-31b_st",1.69661360675795,1.23235891217834,1.5917173027884,1.03143649322647,1.15695348061009,0.996714553090251,1.5200463965154,1.72873041701531,1.07200311704127
"der-miR-33_st",0.949735370951059,1.17375769096912,1.32162625164465,1.06809893962449,0.738153078171588,0.928202183665325,1.27588561146253,0.913072924553037,0.699510270436234
"der-miR-34_st",1.07200311704127,1.07200311704127,0.767644712438319,1.31288202876813,1.07200311704127,1.27828854058897,1.09871039974321,0.886631974035731,0.990575004087461
"der-miR-4_st",0.907904913849237,0.831038939693183,1.07200311704127,1.07200311704127,1.07200311704127,1.25158125788703,1.07200311704127,1.20836753187494,1.37476463186881
"der-miR-5_st",0.896756272923496,0.88223666276643,1.27199415661244,1.14870846207455,1.25447671809057,0.962091298495831,0.781333905006706,0.886232604942148,0.989532384746977
"der-miR-6_st",0.950668057062392,0.950668057062392,1.03143649322647,0.711941712853142,0.850720461525464,0.950668057062392,1.21486894332155,0.893339165570145,1.14168781184548
"der-miR-7_st",1.17238996080219,1.37408329650358,0.705680729978174,2.14051892162444,1.49541835648246,1.13686836265942,1.52854073296985,1.40079057920553,2.72197146271484
"der-miR-79_st",1.23922316506451,1.45333433686686,0.610169160298137,1.22088323413714,1.40332115903987,1.21768997777877,1.07666331996514,1.21515939794442,1.21768997777877
"der-miR-8_st",1.10866556343929,0.950668057062392,1.16929145589204,0.913072924553037,1.28030375404075,1.27127324139911,0.869239944108582,1.61131412419465,1.14562871567632
"der-miR-87_st",1.25975639546378,0.876427787340951,0.71968241853607,1.29003358592985,1.50855239831426,0.970467483912467,1.24057626913704,0.65633901748622,0.869239944108582
"der-miR-92a_st",12.035180635574,11.8602554824747,11.7959394429241,11.7049329112202,11.7671121351008,11.6095370876139,12.029839343037,11.7638347426439,11.8579995315617
"der-miR-92b_st",8.83145829557686,8.58514167627528,8.58514167627528,8.55698373632683,8.31918259571631,8.39408590617252,8.87312181508839,8.44603020612849,8.77529066152729
"der-miR-9a_st",0.859210579081803,0.624199056346728,1.10175524001911,0.831769492830658,1.04881808495434,0.831769492830658,0.869239944108582,0.913072924553037,0.78311304678579
"der-miR-9b_st",0.961527794210981,1.05162930416779,1.44389399773486,0.838855536151688,0.848198649379373,1.30085175135686,0.646505313677986,1.02200931653372,0.961527794210981
"der-miR-9c_st",0.828031322956089,0.736287821493644,1.01133596398119,0.76372890774479,0.801324040254144,0.733681090689062,0.485502756117248,0.76372890774479,0.719895927300335
"der-miR-iab-4-3p_st",0.759638797291049,0.759638797291049,0.950668057062392,0.57426765428551,0.76738022737799,0.751897367204108,0.969837736157814,0.735005905835041,0.59985451520189
"der-miR-iab-4-5p_st",1.16463882091605,1.32810145279526,1.11451080078979,1.16369523236286,0.849072825392129,0.728669732329309,0.951737894293692,1.07200311704127,0.869239944108582
"dgr-bantam_st",1.01442227138396,0.825260686278665,0.867209425993894,0.950668057062392,0.950668057062392,0.950668057062392,1.01442227138396,0.965654827350699,0.869239944108582
"dgr-let-7_st",11.9038044959635,11.9298369658817,11.8095613915857,11.8691377536035,11.4013248212958,11.3125003814765,11.9839236027097,11.5759111568971,12.0690999511135
"dgr-miR-1_st",1.07200311704127,1.07200311704127,1.07200311704127,1.03143649322647,1.07200311704127,1.07200311704127,0.891245723552144,1.49541835648246,1.07200311704127
"dgr-miR-10_st",1.31848090892974,1.15845472890043,1.2063419789091,1.23922316506451,1.27978978887931,1.52693670156602,1.18516201160237,1.07200311704127,1.23922316506451
"dgr-miR-100_st",7.79634984371054,7.47811525759787,7.20132767096531,7.2547018921796,6.60320289393635,6.89097055406378,7.53101553264218,7.2848156139571,7.46708855484179
"dgr-miR-11_st",1.23922316506451,1.10287614520743,0.992290979882141,1.07200311704127,1.13463314424563,0.928347720697933,1.13575733136284,1.07200311704127,0.846919607744124
"dgr-miR-12_st",0.755647615769556,1.27584126014845,1.09573890843777,1.03143649322647,0.75479410160359,1.03683216984208,0.748974721361005,1.07200311704127,1.18048756618542
"dgr-miR-124_st",1.08551073542009,1.30880713875205,1.03810862727802,1.2568438577303,1.24439405082572,0.944494153608932,0.977375339764336,1.1594436872569,0.867774192946803
"dgr-miR-125_st",11.3506745282921,11.1445521461737,11.231730911837,11.2064330324635,11.026523645859,11.0254802156664,11.193720337258,11.2214586367401,11.1755090357135
"dgr-miR-133_st",0.857891945238911,1.26303237681261,0.884226714396889,1.04642326351478,1.74378219374788,1.85220289108857,1.28298525634505,1.1271840963554,1.07200311704127
"dgr-miR-13a_st",0.967493092056445,0.846012309233783,1.10068262195532,0.805485729787015,0.869239944108582,0.975588233799154,0.895947226810527,0.765940164303753,0.869239944108582
"dgr-miR-13b_st",1.26179211592349,1.06601554072919,1.20860269729642,1.09457206790026,0.973091285077595,1.15695348061009,1.32981202546436,0.653539122095006,0.782207748150036
"dgr-miR-14_st",0.977375339764336,0.836358757953178,1.18986967886876,1.18421268074093,0.895341354904482,1.28131703770146,1.21657696157071,1.07200311704127,0.735557072815324
"dgr-miR-184-star_st",1.46711046209384,1.17855535409173,1.44389399773486,1.46711046209384,1.91057444796606,1.62330138507031,1.88697061772064,1.14096022158238,1.01411005275267
"dgr-miR-184_st",1.44825710461364,2.36841813523096,1.758428599225,2.01969069775434,1.13979782250419,1.44825710461364,1.10706119573982,1.89808343630525,1.35389162086901
"dgr-miR-210_st",7.40460158771875,7.51423485003226,7.77610713144227,7.82614538356419,8.33535523959472,8.43513864386138,8.15988798656353,7.73182222587531,7.02416869176056
"dgr-miR-219_st",1.05743400347046,1.28289317414249,1.31499720127517,0.899940661636199,1.34814799423698,0.919864245956195,0.748974721361005,1.07200311704127,1.06878200234013
"dgr-miR-263a_st",1.10866556343929,1.23022936948578,1.24185509333816,1.28623553152515,1.07200311704127,1.09758297056776,0.909806567923382,0.670767723108335,0.950668057062392
"dgr-miR-263b_st",0.858769114403217,0.858769114403217,1.04074411024591,0.858769114403217,1.15695348061009,0.858769114403217,0.793137054009516,0.858769114403217,0.660966237693681
"dgr-miR-274_st",1.86925786762455,1.12775151652765,1.12775151652765,0.805485729787015,1.45077991220792,1.12775151652765,0.977375339764336,0.968821324039419,1.61790750745142
"dgr-miR-275_st",0.772531456673195,0.618868566208295,0.910330051067911,0.885860601504803,1.15695348061009,0.970810965073625,0.675654467343211,0.795650523857152,0.885860601504803
"dgr-miR-276a-star_st",0.857891945238911,1.16815824880727,0.646309652459441,0.805485729787015,1.15254754083949,0.836358757953178,0.977375339764336,0.857891945238911,1.2006717430963
"dgr-miR-276a_st",0.857891945238911,1.2006717430963,0.950668057062392,1.03143649322647,1.02413516059756,0.812678437971374,1.10055964421233,1.07200311704127,1.10471343119087
"dgr-miR-276b-star_st",0.770507908646738,0.950668057062392,1.27439792524925,1.17184240460026,0.836358757953178,0.807531811107289,0.857891945238911,0.857891945238911,0.781171984576783
"dgr-miR-276b_st",0.665465868316639,1.31518165291653,0.998549513008796,1.41994679506272,0.73641116241625,0.634846772925495,0.913072924553037,0.989787091152897,0.836352963890908
"dgr-miR-277_st",0.977375339764337,1.04268040423625,1.12344884040033,0.921094966034555,0.950668057062392,1.12344884040033,1.19257199138619,1.47213761702971,1.63055847527061
"dgr-miR-278_st",0.63093427738046,0.863952046786502,0.73641116241625,1.05803404430149,1.27551978790683,0.820366179616457,0.662847824038212,0.843317516773013,0.849826323325005
"dgr-miR-279_st",1.34246490842826,0.913072924553037,0.738160136438409,0.982147491923803,0.822971414596228,0.913072924553037,0.925636483497792,0.913072924553037,0.808343194488348
"dgr-miR-280_st",1.22840837092525,1.49609727086335,1.53728062110522,1.26442616437186,1.73397013967894,0.950668057062392,1.29440393516197,1.40079057920553,1.40332115903987
"dgr-miR-281-1-star_st",1.56154799524197,0.902454125665636,1.18462732717328,1.40079057920553,1.22724603121797,0.805068911145692,1.22492906677249,1.40234234763389,1.15052607055584
"dgr-miR-281-2-star_st",1.23922316506451,1.40919353677755,1.19865654124971,1.23922316506451,1.03968110683296,1.26007709177052,1.23922316506451,1.23922316506451,1.03657374912093
"dgr-miR-281_st",1.51763045814909,1.04529583433933,0.950668057062392,1.03873022253192,0.950668057062392,1.04360984510765,0.983549243217796,0.785203769914391,0.885296095269934
"dgr-miR-282_st",0.977375339764336,0.939904888486412,1.42970188571741,0.913072924553037,1.03470423125658,1.03470423125658,1.01025652591974,0.977375339764336,0.870079617783789
"dgr-miR-283_st",0.857891945238911,1.07200311704127,1.27828854058897,1.03440798453192,1.07200311704127,0.693622150167575,1.13988486956771,1.07200311704127,1.03031787407817
"dgr-miR-284_st",0.646309652459441,0.950668057062392,0.840866890941378,1.07588763099237,0.950668057062392,0.950668057062392,1.09123826884167,0.779029866460931,1.06379718259052
"dgr-miR-285_st",0.862857704825131,0.992083739122203,0.817214039511701,0.772343001835176,0.985116769851277,0.977375339764336,0.977375339764336,1.34672942574339,0.950668057062392
"dgr-miR-286_st",0.912059640892329,0.875397194494307,1.4645433860498,1.0847111151545,1.90543604250106,1.0847111151545,1.0847111151545,0.913072924553037,1.20604617513338
"dgr-miR-287_st",1.20332610320379,1.63707612498483,1.04210056915651,1.03143649322647,1.03143649322647,1.03143649322647,0.989342620589516,0.787555937169415,0.825151069678769
"dgr-miR-288_st",0.913072924553037,1.62847251006704,0.7125886308425,0.835824528793941,0.913072924553037,0.913072924553037,1.35969060137833,0.913072924553037,0.913072924553037
"dgr-miR-2a_st",1.01682213772714,1.10266679659676,1.07200311704127,1.07200311704127,1.09647256660438,0.978929970396424,1.07200311704127,1.27219280108673,1.07200311704127
"dgr-miR-2b_st",0.748974721361005,1.27128616078538,1.37678682272639,1.03143649322647,1.16404506885338,1.28604919019179,0.859686664250429,0.843949773567172,1.03143649322647
"dgr-miR-2c_st",1.14111098505868,1.41349328393963,1.24185509333816,1.06996548336084,1.6678009126137,0.911206112699096,1.24185509333816,1.36416984170559,1.12567305091545
"dgr-miR-3_st",1.57280819022524,1.10604396581937,0.977375339764336,1.08520495632082,0.944494153608932,0.713174453505179,0.977375339764336,0.977375339764336,0.977375339764336
"dgr-miR-304_st",0.97373933216021,1.31837079547105,1.40332115903987,1.15944060298282,0.909348251155117,1.11866217181531,0.995342399790786,1.54575865207174,1.38673979378971
"dgr-miR-305_st",1.45152303115656,1.21127848270363,1.0826098566486,0.961274796669725,1.0826098566486,0.728669732329309,0.797176593477692,0.961274796669725,0.961274796669725
"dgr-miR-306_st",1.04331930514191,1.06038989953781,0.646309652459441,0.913072924553037,0.937542374116145,1.40717858112492,0.913072924553037,0.913072924553037,0.733737167213597
"dgr-miR-307_st",0.977375339764336,1.48380183970371,0.988723338634007,1.14870846207455,0.855894556941675,0.899442419897428,0.737209065773838,1.40079057920553,0.903582219490975
"dgr-miR-308_st",0.80732350209409,0.986560571293942,0.803549193651489,1.07120730652893,0.950668057062392,0.764562246560859,1.07120730652893,0.779029866460931,1.2006717430963
"dgr-miR-309_st",0.810755835318794,0.880191738397633,1.11476626025442,0.913072924553037,1.72191175850271,0.880191738397633,0.913072924553037,0.820437220678253,0.913072924553037
"dgr-miR-314_st",0.861414195853925,0.869239944108582,0.710353209081972,1.18158964822996,0.869239944108582,0.954190307677405,1.20289591511243,0.99802328812186,0.869239944108582
"dgr-miR-315_st",1.30037188932273,0.945275981831085,0.869239944108582,0.711941712853142,0.825010759083507,0.950668057062392,0.977375339764336,0.552873001971574,0.759638797291049
"dgr-miR-316_st",0.966157560166633,1.03559346324547,1.03143649322647,1.16081303717545,1.6131438213492,1.03559346324547,0.948209426653298,1.07669344107267,1.03559346324547
"dgr-miR-317_st",0.894157048636381,1.05835708268626,1.0320961700162,0.94817183023784,0.917786870906987,0.950668057062392,0.950668057062392,1.07200311704127,1.12406186091838
"dgr-miR-318_st",0.977375339764336,0.805485729787015,0.805485729787015,0.805485729787015,0.836358757953178,0.787535911317889,0.805485729787015,0.625465989320057,0.721714003026793
"dgr-miR-31a_st",9.30394059465148,8.28459496994244,8.14723413754132,7.92208137406334,7.78205445359661,7.71206166036114,9.52512499625766,8.97016201355548,8.18250513911669
"dgr-miR-31b_st",1.40332115903987,1.4357391545274,1.30225069604534,1.51650759069148,1.35000600860186,1.51650759069148,1.63856111660398,1.57414438368989,1.90894876975725
"dgr-miR-33_st",0.913072924553037,1.22445709002565,0.565661094330235,0.618868566208295,0.798763625443823,1.21213445992422,0.774409403700866,0.913072924553037,1.29581900233195
"dgr-miR-34_st",1.05880345271815,0.950668057062392,0.759638797291049,0.994501037506847,0.84431976737182,0.950668057062392,0.994211354521763,0.950668057062392,0.950668057062392
"dgr-miR-4_st",0.977375339764336,0.913072924553037,1.50504027489445,0.958919857049003,0.913072924553037,0.913072924553037,0.85667908815528,0.766469010507629,0.828122560984215
"dgr-miR-5_st",0.748974721361005,1.28562210666512,0.65757476771752,1.15695348061009,1.15695348061009,1.15695348061009,1.15695348061009,1.52649618394549,1.15695348061009
"dgr-miR-6_st",1.34430992252738,0.950668057062392,0.725675364428937,1.02430603260336,1.07200311704127,1.10959824955062,1.02817013659681,1.38436743679149,1.07200311704127
"dgr-miR-7_st",2.98677848792079,1.55953204755695,1.95806833674463,1.9545265816348,1.42677382368776,1.54939465967587,1.40569089612656,1.23804293825638,2.49428524016112
"dgr-miR-79_st",1.48942015712473,1.89065555105767,1.72932447349602,1.8248458652163,1.48942015712473,1.54939465967587,1.80922743810386,1.74907813129506,1.69962629128632
"dgr-miR-8_st",1.17848666789583,1.36162431328045,1.35054809722684,1.40079057920553,1.15695348061009,1.15695348061009,1.07922424925413,1.2145902736085,0.983442546695127
"dgr-miR-87_st",1.14532800983731,1.10866556343929,1.10866556343929,1.20536823663341,1.10866556343929,0.776866072585195,1.10866556343929,1.14976554126649,1.2006717430963
"dgr-miR-92a_st",11.9027662620989,11.7793366944501,11.7587982736221,11.6669167453802,11.7019617030549,11.664335174655,11.9456524400039,11.7603362323273,11.7587982736221
"dgr-miR-92b_st",8.77017759230112,8.67420641590826,8.71401570593164,8.56980044366056,8.2417657401326,8.35580585652971,8.70094794021619,8.27926620079406,8.76026322046093
"dgr-miR-9a_st",1.09820658325335,1.2006717430963,0.836358757953178,0.81188930839007,0.703529976260845,0.836358757953178,0.836358757953178,0.938401112172261,0.832336777245197
"dgr-miR-9b_st",0.787289162805628,0.99135782243611,1.53179965106685,1.14870846207455,1.07200311704127,1.2159465392412,1.44198633799719,1.07200311704127,0.939832300725435
"dgr-miR-9c_st",0.977375339764336,0.836166223653664,1.40332115903987,0.869239944108582,0.746064713696855,0.795168521452794,0.746064713696855,0.869239944108582,0.869239944108582
"dgr-miR-iab-4-3p_st",0.748974721361005,0.607728735592957,1.64953635797491,0.558265077202881,1.15331747300597,1.43268346490281,0.559112760603241,0.723210963795274,0.950668057062392
"dgr-miR-iab-4-5p_st",0.98377603391798,0.957068751216035,0.583678087587122,1.03783718738011,0.842759452106821,1.05701634675296,1.12428879923927,0.957068751216035,0.70684365070121
"dme-bantam_st",1.07200311704127,1.05943955809652,1.07200311704127,1.2361013202333,1.07200311704127,0.991234680877192,0.977375339764336,1.2145902736085,1.07200311704127
"dme-let-7_st",11.8741382095829,11.9422085184349,11.8959123493529,11.8736983089351,11.5508112355962,11.335044729315,11.9545857580594,11.6695617286444,12.1147702437633
"dme-miR-1_st",1.23922316506451,0.950668057062392,1.2145902736085,0.950668057062392,0.950668057062392,0.935681286774085,0.760618951568655,1.02738222366225,0.747904884129704
"dme-miR-10-3p_st",0.72773776541325,1.07200311704127,1.48474927199368,0.886365641851092,0.917786870906987,1.05701634675296,0.950668057062392,0.913072924553037,0.718152761151868
"dme-miR-10-5p_st",1.19767545928484,1.2006717430963,1.31715885381027,1.2006717430963,1.32200680307518,1.67388202594278,1.09175451921839,1.60135794069762,1.00263133808414
"dme-miR-100_st",7.88361351582652,7.39995970289119,7.24595987643731,7.11668497510219,6.73721425677068,6.57855074213684,7.61784060032512,7.29763739236395,7.46178672118009
"dme-miR-1000_st",1.20799484397461,1.2006717430963,1.04999733759771,0.904815010322331,1.04999733759771,1.17200145893612,0.869239944108582,1.01240220508835,1.04999733759771
"dme-miR-1001_st",1.40332115903987,1.57329153075292,1.40332115903987,1.04481438548383,1.40332115903987,1.40332115903987,1.09527953364792,1.40332115903987,1.43620234519528
"dme-miR-1002_st",1.40332115903987,1.35241927345708,1.18366076331204,1.36986106890906,1.04264418150088,1.04881808495434,1.07552536765628,1.17015314493322,0.92563378050634
"dme-miR-1003_st",1.00288259641688,0.833125460854438,1.312540772108,1.2403475591357,0.950668057062392,1.03293774151681,1.03293774151681,1.03293774151681,1.11436585447061
"dme-miR-1004_st",1.10866556343929,0.73641116241625,0.728378377765226,1.27023297758031,1.27276355741466,0.958773976289348,1.10055964421233,0.782515322927823,1.23000062341817
"dme-miR-1005_st",0.813277136572304,1.07200311704127,0.79120539875969,0.913621125442769,1.06475937635651,0.977375339764336,0.977375339764336,1.00743048486426,0.64092929553839
"dme-miR-1006_st",0.881232153983553,0.950668057062392,1.8141785294977,0.950668057062392,0.950668057062392,0.699882991685995,0.950668057062392,0.988138508340316,0.971521983768407
"dme-miR-1007_st",1.18943399960337,1.25545881324453,1.03143649322647,0.913072924553037,1.03143649322647,0.910101433247592,0.867338290034438,1.1903666857147,1.03143649322647
"dme-miR-1008_st",0.977375339764336,0.817214039511701,0.977375339764336,0.977375339764336,0.917161635048629,1.09168463887355,0.977375339764336,1.07200311704127,0.803864405849371
"dme-miR-1009_st",1.00295519329083,1.39224478104853,1.5387325483719,1.5506993098684,1.05701634675296,1.05701634675296,1.08989753290837,0.681918871012713,0.948880951097209
"dme-miR-1010_st",1.07200311704127,1.16753019694064,1.32277673524165,0.737748566202507,1.28611428884363,1.15282179758277,0.646309652459441,0.99314103826329,1.39503151272154
"dme-miR-1011_st",1.03748996965307,1.05219836901094,1.03748996965307,0.913072924553037,1.15949409099149,1.15179926876229,1.03748996965307,0.824589043030711,1.03748996965307
"dme-miR-1012_st",1.0847076712433,1.33203588638641,1.21237663009895,1.03143649322647,1.29881884304566,1.05701634675296,1.01338578909142,1.43753654832741,1.15274534240967
"dme-miR-1013_st",0.977375339764336,0.73641116241625,0.763852248667395,1.26442616437186,1.60967400116318,0.977375339764336,0.896681030359728,1.03061552076099,0.977375339764336
"dme-miR-1014_st",1.10866556343929,1.15695348061009,1.03143649322647,1.26442616437186,1.15695348061009,1.15695348061009,1.1815863720661,1.03705230132889,1.15695348061009
"dme-miR-1015_st",1.2834815609148,0.905794661032016,0.836358757953178,1.55135225919558,1.00404780897988,1.27742661568954,1.15393939612982,1.11626151289157,0.946777635050473
"dme-miR-1016_st",0.977375339764336,0.950668057062392,1.76449918207157,1.03143649322647,1.05701634675296,1.05701634675296,1.08557287392403,0.976944201822934,1.2006717430963
"dme-miR-1017_st",1.68268715093672,1.50206815898125,1.52529579385605,1.63489694067358,1.74039760261459,1.78350102114392,1.66160422337553,1.34056790109741,1.63489694067358
"dme-miR-11_st",1.14926494974166,0.896730045159176,0.907692567631987,0.977375339764336,0.977375339764336,0.728669732329309,1.20030563141348,0.939348749203858,0.977375339764336
"dme-miR-12_st",0.983014845967686,1.33255360778958,0.73641116241625,0.987196227792646,1.1667743686384,0.960847169910417,1.23922316506451,0.788850754489241,1.2112185478107
"dme-miR-124_st",1.11788810508563,0.950668057062392,0.950668057062392,0.77687770304031,0.829332997083513,1.15695348061009,1.15731099257889,0.649313256616556,1.06229536332415
"dme-miR-125_st",11.1108043982262,11.1108043982262,11.2194218841993,11.1446587513325,11.0256340093912,11.0123434483357,11.2134329267331,11.1108043982262,11.0695136571933
"dme-miR-133_st",1.36209242827981,1.14959688120888,1.25509754314989,1.36209242827981,1.52619042225518,1.68268715093672,0.882482393920304,1.90423522120658,1.00172832053335
"dme-miR-137_st",0.97492548480046,1.03917792331341,0.780096558793712,1.03143649322647,1.52381480614937,1.03143649322647,1.03143649322647,0.887493071026544,1.08823876522129
"dme-miR-13a_st",0.977375339764336,1.10604396581937,1.14722731606123,0.64557584891024,0.977375339764336,0.865757644984238,1.23922316506451,0.977375339764336,0.977375339764336
"dme-miR-13b_st",1.10898009222918,0.911841816788634,1.23419966615916,0.933108122373252,0.836358757953178,1.44992673119043,1.07200311704127,1.07200311704127,1.07200311704127
"dme-miR-14_st",1.28868530390625,0.836358757953178,0.836358757953178,0.764910842387444,0.836358757953178,0.828617327866237,0.836358757953178,0.96604205408734,0.694158576610564
"dme-miR-184-star_st",1.22121243835977,1.40079057920553,1.3158402156367,1.36502464720977,2.49542963925948,1.35707231671932,1.77237783156528,1.40079057920553,1.85505163209504
"dme-miR-184_st",0.899351642779101,1.29602543705933,0.988544485972772,2.56384182936566,1.37069643302595,1.04529583433933,1.15037668071814,1.07200311704127,1.07200311704127
"dme-miR-190_st",0.967874703996982,1.1872539360252,1.17254553666734,1.03266751908599,0.950668057062392,1.03266751908599,0.963231616007147,0.549432663129457,0.963231616007147
"dme-miR-193_st",1.64501142087799,1.03432738698254,1.03235604968463,1.00491496343348,1.24364130764273,0.853111071096725,1.35969060137833,1.07200311704127,1.37230993369776
"dme-miR-210_st",7.74851284984408,7.80752385018002,7.88055577582149,7.88055577582149,8.5056003108536,8.14603358205403,8.17155448471516,7.50716524188657,7.29254507750347
"dme-miR-219_st",0.934606111838771,0.913072924553037,0.870831238671833,1.16721117617919,0.813125329016109,0.913072924553037,0.913072924553037,0.913072924553037,0.808343194488348
"dme-miR-2279-star_st",1.230713824038,0.990575004087461,0.99169044500738,1.01913153125853,0.975413268772318,0.754930644999368,1.24206182290767,1.35364478442764,0.869239944108582
"dme-miR-2279_st",0.93412988548362,0.929134869776658,1.20054860153738,0.950668057062392,0.950668057062392,0.906688799232475,1.23922316506451,0.698261430296853,0.950668057062392
"dme-miR-2280-star_st",0.857891945238911,1.12316900860978,0.94817183023784,0.826251011962356,0.985134327367986,1.27127324139911,0.860566547105583,1.12732981919918,0.950668057062392
"dme-miR-2280_st",1.12131876196426,1.05701634675296,0.86598708698162,1.13778478291704,1.17132564586218,0.808429136238959,1.01318336630851,1.13373051335282,1.2006717430963
"dme-miR-2281-star_st",0.971221090070519,0.759638797291049,1.00724585352745,0.732197711039903,0.759638797291049,1.05701634675296,0.580060656445293,0.759638797291049,0.803357059777257
"dme-miR-2281_st",0.852636708044413,0.801545556024276,0.959543062401176,0.999585961036435,0.950668057062392,1.36022039166792,1.10055964421233,1.11297718966316,0.959543062401176
"dme-miR-2282_st",0.984302006347924,1.15695348061009,1.15695348061009,0.93946328886521,1.15695348061009,1.15695348061009,1.23532704428696,0.947639559949902,1.15695348061009
"dme-miR-2283_st",0.958643957642817,0.831328435660317,0.860774719507618,1.50968600559153,0.998548483683553,1.28131703770146,0.998548483683553,1.15833276577271,0.969991956512488
"dme-miR-2489_st",0.82850649815736,0.897220543672218,0.731629508827376,1.20957024779359,1.13286490276031,1.03019983385875,1.39837325891755,0.549432663129457,0.986791402124318
"dme-miR-2490_st",1.18943399960337,1.03143649322647,1.03143649322647,1.12100652323279,1.05887757947762,0.917127194117256,0.977375339764336,1.32564085157121,0.910101433247592
"dme-miR-2491_st",1.17856551015157,1.27134162197505,2.06339234668594,0.939542131120955,1.40695011614698,1.15695348061009,1.35969060137833,1.03865427910021,1.11923657964547
"dme-miR-2492_st",0.836358757953178,0.923742794545351,1.12933200853352,0.676197457700542,0.836358757953178,0.718816161745223,0.836358757953178,0.836358757953178,0.917786870906987
"dme-miR-2493-star_st",2.88276781595356,4.31903866495883,1.99497495693712,4.11705066716758,4.60985112589285,4.06094726855496,3.35202732051765,4.18639928233759,3.00561368756578
"dme-miR-2493_st",0.870169994680271,0.73641116241625,1.08428116648263,1.03143649322647,1.15695348061009,0.618868566208295,1.10055964421233,1.05701634675296,1.29602543705933
"dme-miR-2494-star_st",0.857891945238911,0.913072924553037,1.54939465967587,0.860666709101141,0.921317943088579,0.776490100572188,1.23922316506451,0.913072924553037,0.950668057062392
"dme-miR-2494_st",1.52854073296985,1.57329153075292,1.64704013115036,1.52854073296985,1.29289637388176,1.52854073296985,1.34156223368306,1.52854073296985,1.52854073296985
"dme-miR-2495-star_st",0.977375339764336,1.21931127045947,1.29602543705933,1.31100201128985,1.29602543705933,1.07402711232624,1.46791504703665,1.2145902736085,1.80154171856216
"dme-miR-2495_st",1.10866556343929,1.10866556343929,1.10866556343929,0.998458181749709,0.861058507202894,1.31495098698699,1.13206692686809,1.50110674250507,1.19142275561038
"dme-miR-2496-star_st",0.970402402636458,1.56736705788801,1.06050391259327,1.66160422337553,1.00701738086821,0.899328355244338,0.882038211766679,1.08373154746807,1.08373154746807
"dme-miR-2496_st",2.46763683254078,1.88001859622104,1.53104662175031,1.83541130315322,1.97177571798689,1.97430629782124,1.66160422337553,2.12721460424927,2.01629378816229
"dme-miR-2497-star_st",0.99890852705007,0.896606903600258,0.977375339764336,0.818445147276104,1.30869338176294,1.54456675680047,0.882747562487403,0.92004644827209,0.977375339764336
"dme-miR-2497_st",0.850153500281004,0.759638797291049,0.740247728121167,0.759638797291049,0.682933452257768,0.759638797291049,0.66953728733424,1.01172091442202,0.759638797291049
"dme-miR-2498-star_st",0.977375339764336,0.943424316377631,1.10866556343929,0.895524126486679,1.26740879230008,1.06475937635651,1.35244686069357,0.893121185755049,1.19778553204248
"dme-miR-2498_st",1.16272671690143,1.1106942370917,1.03143649322647,1.03143649322647,1.07200311704127,0.973878542483809,0.794957280296747,0.793858802016851,0.950668057062392
"dme-miR-2499-star_st",1.10866556343929,1.1666308943182,0.812271239415183,0.947586071941234,0.985181204450588,1.07200311704127,1.4748675241526,1.07200311704127,1.07200311704127
"dme-miR-2499_st",1.07200311704127,1.41736049703821,0.674880567596458,1.07200311704127,1.07200311704127,1.32183464855499,0.977375339764336,1.07200311704127,0.950668057062392
"dme-miR-2500-star_st",1.4601234310347,1.29602543705933,1.50533935771952,1.45759285120035,1.27948726548056,1.21375575260491,1.29602543705933,1.28951663050733,1.29602543705933
"dme-miR-2500_st",0.663741962238671,1.07200311704127,0.558265077202881,0.919795028896229,1.2187456790368,0.950668057062392,1.35969060137833,0.950668057062392,1.06497735617161
"dme-miR-2501-star_st",0.570293126695648,0.913072924553037,1.03143649322647,0.913072924553037,0.847440864159337,0.869354662066829,0.977375339764336,1.17699514109914,0.702964228929072
"dme-miR-2501_st",0.950668057062392,0.950668057062392,0.790883774973233,1.23771888166991,0.950668057062392,1.08396054832325,1.08349683875472,1.02986211610279,0.697298834445852
"dme-miR-252_st",0.857891945238911,0.950668057062392,0.950668057062392,1.14574579233568,0.950668057062392,1.05701634675296,1.07015145158782,0.615863670995023,0.950668057062392
"dme-miR-263a_st",1.5109083538059,1.12400960123416,1.17959031180729,0.913072924553037,0.657019857895479,0.913072924553037,0.856561916127027,0.913072924553037,0.733737167213597
"dme-miR-263b_st",0.836358757953178,0.836358757953178,1.34700258610383,0.805485729787015,1.11825532968438,0.759644591353318,0.836358757953178,0.866413903053104,0.873953890462532
"dme-miR-274_st",0.977375339764336,1.44937735053133,1.14722731606123,1.16177853198807,0.977375339764336,0.741730980676244,0.923314186302203,0.797355599297379,0.950508403499837
"dme-miR-275_st",1.03143649322647,1.52016652346963,1.06230952139263,1.03143649322647,0.965804432832769,0.965804432832769,0.808506201577329,0.732673824414272,1.04614489258434
"dme-miR-276-star_st",0.967366578340108,0.890652411740248,1.2145902736085,0.967366578340108,0.950668057062392,1.04700758532873,0.603726316916528,0.911763882973186,0.717141477825283
"dme-miR-276a_st",0.987141047933532,1.07200311704127,1.58977247420499,1.14870846207455,0.987141047933532,0.698585939931417,0.987141047933532,0.956285414743965,0.939193451592584
"dme-miR-276b_st",1.10866556343929,0.950668057062392,1.00668005845055,0.950668057062392,0.950668057062392,0.842979031438523,0.835820294756907,0.770648316595434,0.950668057062392
"dme-miR-277_st",1.30880713875205,1.2006717430963,0.880864462117175,1.28233124056584,0.950668057062392,1.36476973707167,1.2006717430963,1.19814116326195,1.2006717430963
"dme-miR-278_st",1.09871039974321,1.07200311704127,0.910524926684551,1.13354627142869,1.19634630872631,1.01687321637512,1.4748675241526,1.07200311704127,1.02976143116007
"dme-miR-279_st",0.977375339764336,1.29529952037323,0.743050452624905,1.26974631046707,1.1677905569409,1.05701634675296,1.2006717430963,1.40343491602899,1.17827762419674
"dme-miR-280_st",0.922194360450211,0.977375339764336,1.2643158568891,1.0464499071351,1.22062040304953,1.28131703770146,0.813277136572304,0.798039582424896,0.903812001386299
"dme-miR-281-1-star_st",1.27230656478615,0.852978322409602,1.50070718318949,1.40079057920553,1.09548971511917,1.83708214401292,1.35969060137833,1.35969060137833,1.35969060137833
"dme-miR-281-2-star_st",1.16733304197736,1.25471707856953,1.0646679730758,1.52854073296985,1.25471707856953,0.80206397659205,1.25471707856953,1.40079057920553,1.25471707856953
"dme-miR-281_st",0.950668057062392,0.950668057062392,1.44389399773486,0.913072924553037,0.950668057062392,1.05701634675296,1.10055964421233,0.980723202162318,0.829332997083513
"dme-miR-282_st",0.687670362003314,0.77260454363161,1.17280681878389,0.741731515465448,0.843080862296369,0.836358757953178,0.935591884939724,1.15083605928693,0.662847824038212
"dme-miR-283_st",0.882245200027972,0.936306353490106,0.936306353490106,0.974339339678903,0.836358757953178,0.936306353490106,0.936306353490106,1.1719507125782,0.96918753964551
"dme-miR-284_st",1.04680011773392,1.07200311704127,1.07200311704127,1.07200311704127,0.932931160592035,1.15695348061009,1.07200311704127,1.14871728364113,0.96012537778967
"dme-miR-285_st",1.03906604539386,1.16225034984186,1.20343370008373,1.56878456897481,0.950668057062392,1.36489976578544,1.77575582831728,0.779029866460931,1.01235876269192
"dme-miR-286_st",1.10866556343929,0.903009845004305,0.712960739510568,1.02434490498318,1.15695348061009,1.03258992351872,1.31203238932024,1.02434490498318,0.903009845004305
"dme-miR-287_st",1.02035082919474,0.927440422187592,1.21039993468848,0.745635719133231,1.07200311704127,0.950668057062392,0.950668057062392,0.847368277257563,0.950668057062392
"dme-miR-288_st",0.75399867808331,0.995288950441411,1.13787610700864,0.913174755410884,0.646309652459441,0.836358757953178,0.75399867808331,0.558372277661146,0.682924630691189
"dme-miR-289_st",6.62391397976557,5.69213739700092,4.68736818029223,5.53703001298582,5.88079589198435,6.04835247290582,6.07282919610345,6.67099748332141,6.51907574177982
"dme-miR-2a_st",1.159152293981,1.00472921052453,0.836358757953178,1.19363304234436,0.790472315878383,0.954722326626611,1.68553534481491,1.03143649322647,1.03143649322647
"dme-miR-2b_st",1.40332115903987,1.44389399773486,0.89704000767431,0.913072924553037,1.88715404536833,1.35092051296786,1.56831939953411,1.80479861246383,1.64654341367843
"dme-miR-2c_st",1.1183919215755,0.977375339764337,1.00060297463914,0.805485729787015,1.19163223441048,0.977375339764337,1.43565345993607,1.64175475655361,0.755103013491693
"dme-miR-3_st",1.0606551181716,1.07200311704127,0.880983362258183,1.7155243472765,0.939174335348937,1.28131703770146,1.48859779480648,1.2145902736085,1.07200311704127
"dme-miR-303_st",1.2006717430963,1.2006717430963,1.6780632857309,1.26011121770411,1.17121159938775,1.18568497280799,1.10604396581937,1.16307661058695,1.2006717430963
"dme-miR-304_st",0.691297084971827,1.34624974672322,1.01445025586912,1.20106741944784,1.23447102744835,1.231940447614,1.35969060137833,1.17461155612175,1.26482163376941
"dme-miR-305_st",0.857891945238911,1.2006717430963,0.950668057062392,0.63498503786501,0.950668057062392,1.05061565259932,1.10055964421233,0.913072924553037,0.950668057062392
"dme-miR-306-star_st",1.48741664256699,1.17096995638108,1.09425578978122,1.10388180277329,1.45033594827793,1.50577434244845,0.977375339764337,1.17096995638108,1.12713697593663
"dme-miR-306_st",0.977375339764336,1.0596984065605,1.07200311704127,1.15277155320535,1.27718859830538,1.02828485455506,1.21450140654362,0.812435581203308,0.998439778663233
"dme-miR-307-as-star_st",0.963956225812584,1.17958149024071,1.21472984401296,1.14870846207455,1.05565125955369,1.26301776118376,1.14870846207455,1.29129561864178,0.826488540264979
"dme-miR-307-as_st",1.16453071364898,0.983181551351418,1.11840205864189,1.2006717430963,1.29435125522585,1.38940262852768,1.35969060137833,1.2145902736085,1.2335529292517
"dme-miR-307_st",1.30801446738205,1.26796179751319,1.55878808558243,1.15041920130524,1.40079057920553,1.40079057920553,1.55980943748755,1.40079057920553,1.40079057920553
"dme-miR-308_st",0.977375339764336,1.07200311704127,0.977375339764336,0.977375339764336,1.26927810094777,0.922973288660857,0.977375339764336,0.779029866460931,1.26234383506835
"dme-miR-309_st",0.748974721361005,1.07200311704127,1.63167040037924,1.21619242408054,1.35167194235355,1.00536713006663,1.10055964421233,0.93865277807953,1.07200311704127
"dme-miR-310_st",2.21308812251007,2.5505582866169,2.50253870149683,2.21308812251007,2.13231968634599,1.9808715171436,2.69986624217842,2.21055754267572,2.21308812251007
"dme-miR-311_st",3.10533663298133,3.40283333908946,2.2234594121863,2.61532458177723,3.06395814485298,3.20563695702552,2.61532458177723,2.42141661123262,1.93150814677504
"dme-miR-312_st",1.49816395993102,1.55357883364413,1.50882803586107,1.50882803586107,1.50882803586107,1.5855479965232,1.32747887356351,1.50882803586107,1.54939465967587
"dme-miR-313_st",2.33936013101651,2.43225938439891,2.26485781419647,2.51290467900407,2.51290467900407,2.75039275624541,2.33214728551494,2.61422495112684,2.46747633079616
"dme-miR-314_st",0.902408848622993,1.00045696114521,0.548924442756952,0.913072924553037,0.832304488388959,1.20674238469291,1.10055964421233,1.01804158921632,0.913072924553037
"dme-miR-315_st",1.10866556343929,0.809651475251233,0.950668057062392,0.950668057062392,0.755590321789099,1.16492495170853,0.950668057062392,1.07200311704127,1.11990330693222
"dme-miR-316_st",1.20055798610719,0.869239944108582,0.905902390506604,0.744822899008546,0.987330503460413,0.655531012606317,0.586095109527478,1.07200311704127,0.796301243689071
"dme-miR-317_st",1.23945463888035,1.1152680435702,1.07385236151039,1.10055964421233,0.780752363233209,1.08557287392403,1.10055964421233,1.49300082327811,1.10055964421233
"dme-miR-318_st",1.07200311704127,0.726400567332836,1.23419966615916,1.07200311704127,1.15695348061009,1.27369645274266,0.881954011547533,0.876410478155016,1.16400929669828
"dme-miR-31a_st",9.42543255235511,8.49865491477355,8.25958838110289,8.02139906010773,7.83748223530434,7.91536951282861,9.30883610463885,8.82355743382196,8.02139906010773
"dme-miR-31b_st",1.16492495170853,1.1433326887258,1.29621517538349,1.2843984932126,0.950668057062392,1.16492495170853,1.53050373802473,0.955611031048343,1.33656314230999
"dme-miR-33_st",1.23922316506451,1.2006717430963,0.950668057062392,1.12608045244393,0.797924520553466,1.15695348061009,1.01828995975792,1.2145902736085,1.15695348061009
"dme-miR-34_st",0.950668057062392,0.950668057062392,0.836358757953178,0.805485729787015,1.24364130764273,0.950668057062392,1.10055964421233,0.870595912132362,1.09674155769838
"dme-miR-375_st",0.869788144998314,0.816405526506571,0.761506471957098,0.805485729787015,0.879049068165052,0.931002717170637,0.643289180669127,0.687122161113582,0.973934313265887
"dme-miR-4_st",1.08168738334529,1.13686836265942,1.44389399773486,1.42618593056476,0.822968908040125,1.13686836265942,1.10245345560155,1.40079057920553,1.13686836265942
"dme-miR-5_st",0.89386578506757,1.47042128355133,1.05796377904294,1.33743229700891,1.05796377904294,0.835965454309856,1.16609917469869,1.17929883902182,0.950668057062392
"dme-miR-6_st",0.857891945238911,0.651606521691211,1.1780615996449,0.857891945238911,1.28131703770146,0.836358757953178,0.857891945238911,0.915528738237318,0.771765047916119
"dme-miR-7_st",1.40332115903987,1.29602543705933,1.29602543705933,0.870741271044412,1.17700441428205,1.15545522528005,1.29602543705933,0.913072924553037,2.06450200457331
"dme-miR-79_st",1.07200311704127,1.2110750734905,0.950668057062392,1.03143649322647,1.37594481497839,1.04529583433933,1.05114919033525,1.12963991003968,1.07200311704127
"dme-miR-8_st",1.23922316506451,1.25393156442237,0.74942616783351,1.43726357007667,1.12491386595529,1.23922316506451,1.33582808714933,1.50314538161061,1.34336933333208
"dme-miR-87_st",1.10866556343929,0.869239944108582,0.829197045473323,1.33017242438781,1.2699261417099,0.836358757953178,0.869239944108582,1.15785343273098,0.845489112980756
"dme-miR-927_st",0.898969085774128,0.950668057062392,0.950668057062392,0.711941712853142,1.15998197772258,0.950668057062392,0.869239944108582,0.96458658757459,0.759638797291049
"dme-miR-929_st",0.72773776541325,0.860457979414741,0.941226415578819,0.829584951248578,1.0320961700162,0.950668057062392,0.950668057062392,0.822365542690184,0.950668057062392
"dme-miR-92a_st",11.9471691645259,11.8888790686786,11.7861874660652,11.6794580348836,11.6924667809218,11.696806426832,12.0027224866016,11.8119735398573,11.7653230906435
"dme-miR-92b_st",8.84045360036289,8.60730666698631,8.62841180903715,8.61587200742669,8.32345495161538,8.31113891031206,8.82430788262809,8.33287162702294,8.79907623818616
"dme-miR-932_st",1.25673042857641,1.14870846207455,0.987230271717832,1.11783543390839,0.950668057062392,1.63895669656139,1.52854073296985,1.25419984874206,1.14870846207455
"dme-miR-954_st",1.18948190902908,0.967730862520002,1.17038027846358,1.02333355788692,0.967730862520002,0.717727176486094,1.10055964421233,0.967730862520002,0.858163867030471
"dme-miR-955_st",1.23922316506451,1.44389399773486,0.751477141835205,1.28131703770146,1.28131703770146,1.05931871296838,1.28131703770146,1.34719884923541,1.28131703770146
"dme-miR-956_st",1.69026504648719,1.44389399773486,1.07958101259174,0.824968315626415,1.35894700448859,1.64654341367843,1.03574803214728,1.04291856619372,1.07200311704127
"dme-miR-957_st",0.978459100107397,1.10712772616243,0.951018013856251,0.711941712853142,0.978459100107397,1.06340946367622,0.98198135072241,0.779029866460931,0.985792666183548
"dme-miR-958_st",0.857891945238911,0.990575004087461,0.707761753751863,0.83836691594242,0.869239944108582,1.15695348061009,0.69000287490873,0.831644811599228,0.869239944108582
"dme-miR-959_st",0.895487077748266,1.47180539151198,1.03143649322647,1.4815590153696,0.587027795638811,0.766264864838663,0.897151337885698,0.65633901748622,0.950668057062392
"dme-miR-960_st",0.977375339764336,1.23172302184803,0.913072924553037,0.913072924553037,0.717995189279745,0.710719050187263,0.941629451724102,0.913072924553037,0.843390152420687
"dme-miR-961_st",1.10866556343929,1.04436314822799,1.10866556343929,1.12513158439207,1.08195828073735,0.746750617518376,0.716964672307641,1.04436314822799,1.04436314822799
"dme-miR-962_st",0.869239944108582,0.856676385163827,0.906835076617937,0.739133788955873,1.27721870335767,0.92563378050634,0.869239944108582,1.07200311704127,0.759638797291049
"dme-miR-963_st",0.977375339764336,1.06037528390897,1.14414180921066,0.872506300738237,0.836358757953178,1.15695348061009,0.9095393092461,0.709997251014553,0.836352963890908
"dme-miR-964_st",1.10866556343929,0.948504263186656,0.956622711437074,1.185481560897,0.92942849423944,1.28824370428505,1.56885886204287,0.92942849423944,1.13963462840103
"dme-miR-965_st",1.07200311704127,1.39065321433626,1.35160614763246,1.07200311704127,0.935959657704525,1.40332115903987,0.933339596189099,1.03038019422152,0.950668057062392
"dme-miR-966_st",2.20516109261358,1.5681417192918,1.30349499520073,1.51617843827005,1.52442345680559,0.898752652621829,2.02907419957102,1.91491605859004,2.12351809250375
"dme-miR-967_st",1.14571217826309,1.12417899097736,1.50241050663268,1.31925672625065,1.13314861931834,1.12540718923139,1.15706017713276,1.20089315757722,0.950668057062392
"dme-miR-968_st",2.01033166085215,2.01033166085215,1.42634228128277,2.01033166085215,1.82048753878116,2.34164970285075,2.01033166085215,1.89808343630525,2.01033166085215
"dme-miR-969_st",0.748974721361005,0.982267329749863,0.910625158427132,0.950668057062392,0.73641116241625,0.967558930391996,1.23922316506451,0.893339165570145,0.950668057062392
"dme-miR-970_st",1.17929883902182,1.72873041701531,1.07200311704127,1.04753366747816,1.07200311704127,1.03912193088587,0.881954011547533,0.776477126511743,1.07200311704127
"dme-miR-971_st",0.950668057062392,0.950668057062392,1.2187456790368,1.00472921052453,0.923960774360447,0.711644678031776,0.962016055932063,1.04529583433933,0.845938326997702
"dme-miR-972_st",0.857891945238911,0.937532952227538,0.776054761870819,1.3091202045873,0.937532952227538,0.94577797076308,0.866136963774453,1.04303361416854,1.15770206997305
"dme-miR-973_st",0.939780207254982,0.950668057062392,1.10772559157541,0.913072924553037,1.27313432874117,0.913072924553037,0.913072924553037,0.857470229186116,0.913072924553037
"dme-miR-974_st",0.902408848622993,0.9439459527192,1.19496949628423,0.913072924553037,1.10410218432438,1.15695348061009,0.799743779721429,1.02066011931906,0.816281951300201
"dme-miR-975_st",0.898458569053711,1.07200311704127,0.783389628418875,1.15444543773167,0.873962712029111,1.32188366151626,1.23922316506451,1.07200311704127,1.02817013659681
"dme-miR-976_st",1.03900817389675,1.02738801772452,0.783389628418875,0.81188930839007,0.836358757953178,0.917004052558338,0.746257247996369,0.756286613023148,0.836358757953178
"dme-miR-977_st",0.881803503053337,0.869239944108582,0.869239944108582,0.913072924553037,0.869239944108582,1.14722642440061,0.869239944108582,0.869239944108582,0.715805816846594
"dme-miR-978_st",1.10866556343929,1.19256582386934,0.931324394342505,1.26442616437186,0.864915285124243,1.30320906015591,1.10055964421233,1.10055964421233,1.10055964421233
"dme-miR-979_st",0.686876276274241,1.16868621509836,1.07200311704127,1.03143649322647,1.1022170844197,1.19752010442489,1.10055964421233,1.40079057920553,0.703414447853012
"dme-miR-980_st",1.76987132955171,1.49886106338704,1.24778477107435,1.93107391698692,1.68268715093672,1.758428599225,1.758428599225,1.80226157966946,1.758428599225
"dme-miR-981_st",0.748974721361005,0.841750833184485,0.963085893163363,0.963085893163363,0.963085893163363,1.00068102567272,0.872984383206554,1.26460324221882,0.986313528038163
"dme-miR-982_st",0.811202125130151,1.07200311704127,1.07200311704127,1.66160422337553,1.28131703770146,1.09758297056776,1.15250013812982,1.2145902736085,1.07200311704127
"dme-miR-983_st",0.910095218367405,1.07933668311742,0.950668057062392,1.12732981919918,0.950668057062392,1.05701634675296,1.15845472890043,0.950668057062392,0.576626880327091
"dme-miR-984_st",1.39353112229817,1.2006717430963,0.932594121121894,1.2006717430963,1.32618873047992,1.06588661238275,1.35969060137833,1.2006717430963,1.04723761583431
"dme-miR-985_st",1.03143649322647,0.924140771245923,1.18943399960337,1.20028662481799,0.836358757953178,1.03143649322647,1.18421268074093,1.07200311704127,0.622413948910535
"dme-miR-986_st",0.950668057062392,1.2006717430963,0.950668057062392,0.827995799003099,0.950668057062392,0.839050362282293,0.869239944108582,1.10410218432438,0.852414909114529
"dme-miR-987_st",1.11857945528601,0.792413114195854,1.03143649322647,1.03143649322647,1.01887293428172,0.744495976101702,1.09573890843777,1.24554766502883,1.0762954669558
"dme-miR-988_st",1.28285372272605,0.997552202390799,1.2038376259385,1.19559260740296,1.34166610803895,1.19559260740296,1.23922316506451,0.825914011789339,1.19559260740296
"dme-miR-989_st",1.10866556343929,0.862619670623237,1.17200670500574,1.05364313633231,0.976928969732451,0.836358757953178,0.976928969732451,0.976928969732451,1.09123826884167
"dme-miR-990_st",1.28131703770146,0.952529575537205,1.10230781811179,1.14870846207455,1.28384761753581,1.35364775254455,1.40450134214946,1.28131703770146,1.20160490054233
"dme-miR-991_st",1.12153043015257,1.23814856030963,1.24358395606507,1.12153043015257,1.12153043015257,0.885886071064477,1.10055964421233,1.12153043015257,1.00834399850096
"dme-miR-992_st",0.816062874968794,0.779029866460931,0.688928356504122,0.620099673972698,0.477329797896551,0.601780111287132,0.816062874968794,0.92161702302816,1.26927810094777
"dme-miR-993_st",1.02003983601952,1.02003983601952,1.19167802662098,0.902497239811566,1.02828485455506,1.01229840593258,0.911122612141614,1.02003983601952,1.07200311704127
"dme-miR-994_st",0.857891945238911,1.08195828073735,1.10866556343929,0.776866072585195,1.10866556343929,1.26904954180173,1.10866556343929,1.1663023564377,1.02371519987047
"dme-miR-995-star_st",1.31710836462052,1.72873041701531,1.03143649322647,1.52854073296985,1.29602543705933,1.29602543705933,0.935401814884111,1.30994396757153,1.29602543705933
"dme-miR-995_st",0.913587828165999,0.611021430992321,0.873953890462532,0.836358757953178,0.73641116241625,0.836358757953178,0.836358757953178,1.00045696114521,1.03805209365456
"dme-miR-996_st",1.31109989857696,0.917930101579476,1.03173390668012,1.15695348061009,1.03173390668012,1.40332115903987,1.18551000778116,1.27828854058897,1.15695348061009
"dme-miR-997_st",1.07200311704127,0.92025852597588,1.03912193088587,1.35147163500724,1.02828485455506,1.02828485455506,1.44359036940103,1.07200311704127,1.30764747612936
"dme-miR-998_st",1.08498699769691,1.37191309252063,1.01340631896458,1.20848405423788,1.15695348061009,1.13971450141788,1.00404672401243,1.15442290077574,1.15442290077574
"dme-miR-999_st",1.14870846207455,1.24071464173156,1.22947689823863,1.00139148708977,0.934451567428409,0.950668057062392,1.23922316506451,1.11204601567653,1.14870846207455
"dme-miR-9a_st",1.37868826758387,1.27139254560332,1.17090159574583,1.12407557061854,1.15695348061009,1.2145902736085,1.2145902736085,1.2145902736085,1.1160234006522
"dme-miR-9b_st",0.825010759083507,0.73641116241625,0.844100188040119,1.03143649322647,0.722943597044422,0.836358757953178,0.819820586374406,1.04650317417396,0.836358757953178
"dme-miR-9c_st",0.697906821798368,0.869239944108582,1.07200311704127,0.805485729787015,0.869239944108582,0.962016055932063,0.869239944108582,0.924420923422708,0.728780384753734
"dme-miR-iab-4-3p_st",1.62081135078476,0.722049458843964,1.02606281625072,0.706252602800468,0.803477571797773,0.836358757953178,0.836358757953178,0.443955778093667,0.869239944108582
"dme-miR-iab-4-5p_st",0.950668057062392,0.605065507353958,0.950668057062392,0.805485729787015,0.917786870906987,0.950668057062392,1.18198775716614,0.860457979414741,0.950668057062392
"dme-miR-iab-4as-3p_st",1.49099406115914,1.07200311704127,0.791787229867261,1.07779253527313,1.42926028609621,1.10866556343929,1.23922316506451,1.2145902736085,0.920889160794911
"dme-miR-iab-4as-5p_st",0.817996954828968,0.836358757953178,0.950668057062392,1.14309110439298,0.950668057062392,0.950668057062392,1.10055964421233,0.950668057062392,0.938635313504146
"dmo-bantam_st",0.977375339764336,1.13571652466234,1.28032800124786,0.908443335434458,0.949009959249258,0.934023188960951,0.646309652459441,0.875906855790915,0.82767489927038
"dmo-let-7_st",11.898595086262,11.9302089510038,11.8879295293713,11.9027908467571,11.4886043152105,11.3170230706695,11.9928452731886,11.5644368804247,12.0905895013222
"dmo-miR-1_st",0.857110117016759,1.02120832020879,1.02120832020879,1.02120832020879,1.02120832020879,1.14557187730016,0.977375339764336,1.1267089821498,1.07317160123054
"dmo-miR-10_st",1.5310369597944,1.44389399773486,0.950668057062392,1.11209450688076,1.89654709971234,1.44389399773486,1.35969060137833,1.87272857191571,1.8251821491418
"dmo-miR-100_st",7.66077710381339,7.46929315920277,7.07137803266441,7.19453550466653,6.54752190064775,6.95695106209049,7.58391889749667,7.4193336487145,7.53261532824389
"dmo-miR-11_st",1.10866556343929,1.28562210666512,0.950668057062392,0.913072924553037,1.15695348061009,0.923226970811246,0.950668057062392,0.950668057062392,0.906835076617937
"dmo-miR-12_st",1.2006717430963,1.2006717430963,0.710863298689287,1.2006717430963,0.944618676438742,1.14303495009789,1.22530463455231,1.2145902736085,1.10241859514844
"dmo-miR-124_st",1.2006717430963,1.42396814642826,1.00668603175084,1.19202588830224,1.68268715093672,1.20891676163184,1.15704118543475,0.965036205574787,1.2006717430963
"dmo-miR-125_st",11.1634251631938,11.1634251631938,11.2186650919326,11.1929798934907,11.019869109412,10.9928147826847,11.2087626098044,11.1422438901315,11.1979285286169
"dmo-miR-133_st",1.31645223527733,1.15845472890043,1.10866556343929,1.10866556343929,1.28131703770146,0.941506465879097,0.956761393199041,1.12782177929649,0.974387652034502
"dmo-miR-13a_st",0.857891945238911,0.757944349701983,0.857891945238911,1.0653017628578,0.73641116241625,1.05701634675296,0.752657942150012,0.857891945238911,0.728855718631858
"dmo-miR-13b_st",0.977375339764336,1.07200311704127,1.07200311704127,1.07200311704127,1.07200311704127,1.07200311704127,1.14112626802713,0.987052753472448,0.865717693493569
"dmo-miR-14_st",1.07200311704127,1.29602543705933,1.07200311704127,1.35905394164879,1.07200311704127,0.783747600386949,0.907904913849237,1.07200311704127,1.07200311704127
"dmo-miR-184-star_st",1.35969060137833,1.35969060137833,1.25221791761656,1.35969060137833,1.49858559604634,1.35969060137833,1.35969060137833,1.65181561714456,1.16866134160698
"dmo-miR-184_st",1.80805875760153,2.05592611501326,1.44389399773486,2.52242423743744,1.20971180803087,1.18132283430679,1.90955144995278,1.40079057920553,1.10241608605032
"dmo-miR-210_st",7.50464620663234,7.66309950851721,7.86337878434684,7.87256823189777,8.22777128042403,8.36337029106274,8.1775542370067,7.73162858548619,7.39050326460633
"dmo-miR-219_st",0.895058014001033,0.807966176324871,0.683475721221563,1.05593106657576,0.950668057062392,0.870454220508356,0.717864666368062,0.913072924553037,0.648181894235712
"dmo-miR-263a_st",1.09537647475985,0.973895691937191,1.09523075191607,1.46814382628059,0.950668057062392,0.96615426185025,0.886511655345018,0.973895691937191,0.814111409848032
"dmo-miR-274_st",1.57986654059963,1.40079057920553,1.22135976704358,1.50826326296729,1.40079057920553,1.40079057920553,1.10055964421233,1.33230321005927,1.53986253565476
"dmo-miR-275_st",1.0612244205414,0.893995550951584,1.2145902736085,0.970709717551443,0.849228934728781,1.10331829317835,0.922560899689227,0.970709717551443,0.970709717551443
"dmo-miR-276a_st",1.05701634675296,0.950668057062392,1.10064690441451,1.02957526050182,1.05954692658731,1.48044143921551,1.05701634675296,1.07200311704127,1.07200311704127
"dmo-miR-276b_st",1.15344061456488,0.737232134881728,1.39968060637489,1.22947689823863,0.954722326626611,1.03143649322647,0.950008380272661,0.913072924553037,1.1903666857147
"dmo-miR-277_st",1.2006717430963,1.2006717430963,1.2006717430963,1.58762415545916,1.20891676163184,0.836358757953178,1.43199144320005,0.975237086897797,1.2006717430963
"dmo-miR-278_st",0.959341454065391,1.16103478976678,0.95827161683409,1.0158524624914,0.73641116241625,0.925390430678686,0.877427744227408,0.989396599165318,1.12885234148202
"dmo-miR-279_st",1.41018291249475,1.11036643367344,1.4421244949677,1.02955656794953,1.36135605880362,1.66059299542427,1.54074051411997,1.2145902736085,1.32390822212481
"dmo-miR-280_st",1.02696120165304,1.2006717430963,1.28131703770146,0.920651931919294,1.05701634675296,0.725216855898867,1.05701634675296,1.05701634675296,0.856897510643738
"dmo-miR-281-1-star_st",1.07200311704127,1.01184862744249,1.24185509333816,1.26442616437186,0.784315632704213,1.07200311704127,1.3004037354446,1.07200311704127,1.07200311704127
"dmo-miR-281-2-star_st",0.848706713709306,1.07200311704127,1.39987210691482,1.03143649322647,1.82048753878116,1.28131703770146,0.977375339764336,1.07200311704127,1.1903666857147
"dmo-miR-281_st",0.748974721361005,0.950668057062392,1.15695348061009,0.791737864574159,1.16151866274717,0.942926626975451,1.11788810508563,0.664940146683419,0.950668057062392
"dmo-miR-282_st",0.96963231016079,0.900557742790025,1.2573458466623,1.13182885927868,0.543938845578961,1.05701634675296,0.861496914505036,0.789612569693832,0.96963231016079
"dmo-miR-283_st",1.20705465892309,1.08557387610043,1.03573798533707,1.00834480588761,1.34018657306575,0.793599383048972,1.1808383131069,0.913072924553037,1.10880151097523
"dmo-miR-284_st",0.857891945238911,1.02423139544043,1.13550680364759,0.805485729787015,1.17496874801089,0.950668057062392,1.00332466897115,0.944159250510399,0.930240719998201
"dmo-miR-285_st",0.894104132063308,0.981488168655481,0.795145790344036,0.832206935600719,0.877484962644124,0.869239944108582,0.869239944108582,0.869239944108582,0.786360003104753
"dmo-miR-286_st",1.15695348061009,1.44389399773486,0.977375339764336,1.15695348061009,1.08023931401023,0.999379553754557,0.955260144908705,1.15695348061009,1.16830147947976
"dmo-miR-287_st",0.646309652459441,0.836358757953178,0.852595076007142,1.14870846207455,1.04264418150088,1.12228518848951,1.12491386595529,1.28648128009631,1.01593689879893
"dmo-miR-288_st",1.43947091412297,0.859102011390961,1.03143649322647,1.17286011870043,0.859102011390961,0.965450301081532,0.748974721361005,0.779029866460931,0.839710942221078
"dmo-miR-2a_st",1.07200311704127,1.17555800074551,0.994774046828448,1.31922681230966,0.950668057062392,0.937216096085787,1.23922316506451,1.03534067064325,1.04529583433933
"dmo-miR-2b_st",0.896606903600258,0.991234680877192,0.950668057062392,1.18365772820778,1.15461268986476,0.914964603481722,0.894110676775707,1.16932108922262,1.16932108922262
"dmo-miR-2c_st",0.850992920040648,1.28099704875398,1.04535268966588,0.907503928466658,1.2744180125032,1.04535268966588,1.35969060137833,1.40966567480901,1.29602543705933
"dmo-miR-3_st",1.18013851269702,1.27476628997396,0.834832056328357,1.20534151200437,1.18013851269702,1.26156662565083,0.977375339764337,1.34170592683804,1.18013851269702
"dmo-miR-304_st",0.779029866460931,1.4198249051814,0.779029866460931,0.779029866460931,0.646309652459441,0.779029866460931,0.791593425405686,0.936603793316467,0.709347094328581
"dmo-miR-305_st",1.21652762059108,0.885209578592471,1.02622616040363,0.739259346206701,0.885209578592471,0.95464548167131,0.885209578592471,1.40778003250428,1.07200311704127
"dmo-miR-306-star_st",1.87915246695432,1.17192141751766,1.23302912053066,1.28131703770146,2.05033156147113,1.28131703770146,1.35470490995058,2.03779612179773,1.66406311548037
"dmo-miR-306_st",1.11788810508563,0.950668057062392,0.994298614723939,0.913072924553037,1.51763045814909,0.950668057062392,0.950668057062392,0.642208774952937,0.950668057062392
"dmo-miR-307_st",0.905909101781367,0.913587828165999,1.10866556343929,1.21613824720106,1.10866556343929,1.10866556343929,1.53961116065904,1.40079057920553,1.02789712727521
"dmo-miR-308_st",0.718389724743629,0.970916130781958,1.68268715093672,0.856606831672744,0.856606831672744,0.950668057062392,0.979791136120742,0.913587239289711,0.683095897757779
"dmo-miR-309_st",1.1900936763931,0.950668057062392,0.975344821649648,0.699137440096444,0.72773776541325,0.90712475960302,0.950668057062392,0.994501037506847,0.950668057062392
"dmo-miR-313_st",1.47334393521599,1.57329153075292,1.0154490198328,1.35580133900804,1.65283164104875,1.89025806022229,1.31919751724912,1.60788345613901,1.39978059683795
"dmo-miR-314_st",1.10866556343929,1.2006717430963,1.12438459839012,1.2446149789175,1.16384654275342,1.16384654275342,1.16384654275342,0.842316765002014,1.28585066409183
"dmo-miR-315_st",0.836358757953178,0.836358757953178,0.646309652459441,0.836358757953178,0.968967333580087,0.836358757953178,1.10055964421233,0.8867188920848,0.836358757953178
"dmo-miR-316_st",0.977375339764336,0.745635719133231,1.23074456238088,1.00257833907169,0.96266694040647,0.950668057062392,0.977375339764336,0.913072924553037,0.981637122024132
"dmo-miR-317_st",0.990720726931244,0.656466176092481,0.869239944108582,0.996723266162646,0.692578181971795,1.07093327980997,0.869239944108582,0.869239944108582,0.879904020038627
"dmo-miR-318_st",0.783389628418875,0.688158456610728,0.783389628418875,0.783389628418875,0.907806673518911,1.1284642623187,0.680724559517311,0.616382727773365,0.648074795892824
"dmo-miR-31a_st",9.80188819987689,8.90111081347907,8.72738676178698,8.5551106907024,8.07809261038284,8.05299755681754,9.61377498828124,9.30176803077473,8.53759794009974
"dmo-miR-31b_st",0.986267270518868,1.10055964421233,1.10055964421233,1.06968661604617,1.15809861702461,1.26444690671518,1.15809861702461,1.22611603056905,0.99333386775015
"dmo-miR-33_st",0.736519730107092,0.769292348571654,0.869239944108582,1.11011885583545,0.582313849284861,1.14722642440061,0.839184799008656,0.945954110708442,0.869239944108582
"dmo-miR-34_st",0.760895829657779,1.0436611065647,1.32510674299908,1.22632577902039,0.942707047643749,1.05701634675296,1.32159021602686,1.25320405485689,1.17648988825703
"dmo-miR-4_st",0.907904913849237,1.07200311704127,0.977375339764336,0.805485729787015,0.895341354904482,0.977375339764336,0.748974721361005,1.07200311704127,1.2006717430963
"dmo-miR-5_st",0.857891945238911,1.1562951791916,0.860103795018734,0.84931871023147,1.07200311704127,1.01942121424361,0.869239944108582,0.903936775463189,0.913072924553037
"dmo-miR-6_st",1.07200311704127,1.18631241615048,0.910524926684551,1.17958953750728,1.07200311704127,1.07200311704127,1.07200311704127,0.913072924553037,1.07200311704127
"dmo-miR-7_st",2.22498970148673,2.02857677650357,1.24226681834803,2.06977113545996,0.816573353766206,0.920353909101015,1.61253588411769,1.70634492912334,2.21649157727076
"dmo-miR-79_st",1.40332115903987,1.37661387633793,1.32609208882705,1.24439096655164,1.68268715093672,1.40332115903987,1.40332115903987,1.40332115903987,1.40332115903987
"dmo-miR-8_st",1.07453369687562,1.04456203079012,1.03143649322647,0.890028121198573,1.12875446540782,0.950668057062392,1.40306880434617,1.64028373819033,1.07200311704127
"dmo-miR-87_st",1.07901736991283,0.950668057062392,1.03333814730061,0.758926506586166,0.99802328812186,0.913072924553037,0.646309652459441,0.820437220678253,0.894448889096683
"dmo-miR-92a_st",11.9712775838479,11.8219701027505,11.7993459037975,11.6761528780566,11.7252886580408,11.7020008893898,11.9362096245998,11.6947868099157,11.8246678226709
"dmo-miR-92b_st",9.01826653365073,8.86092663812116,8.78995323365257,8.80206588934414,8.52069691621093,8.58791879590442,9.03034086387418,8.78995323365257,8.82458020909201
"dmo-miR-9a_st",0.863284020470219,0.922111529891327,1.23760857418716,0.94242303852685,1.07200311704127,0.950668057062392,0.950668057062392,1.18631241615048,0.950668057062392
"dmo-miR-9b_st",0.748974721361005,0.862566054822161,1.23027108765358,0.781432807192561,0.950668057062392,0.618868566208295,1.23922316506451,1.2145902736085,0.991234680877192
"dmo-miR-9c_st",0.977375339764336,0.977375339764336,1.12902553090666,1.04300740015804,0.763118445118194,0.977375339764336,1.00408262246628,1.07200311704127,0.950668057062392
"dmo-miR-iab-4-3p_st",0.857891945238911,0.950668057062392,1.22571619954994,0.711941712853142,0.950668057062392,0.726367366113894,0.950668057062392,0.881232153983553,1.2006717430963
"dmo-miR-iab-4-5p_st",1.17533080365256,1.07200311704127,1.03143649322647,0.793002305932713,1.08818784159302,1.08818784159302,1.18667880252224,1.53202913202215,0.765967919783451
"dpe-bantam_st",1.14571217826309,0.655903733856078,1.36338656917469,0.805485729787015,0.950668057062392,1.03561842063121,1.23922316506451,0.950668057062392,0.931276987892509
"dpe-let-7_st",11.9183026120623,11.9837695261006,11.9165226803492,11.9467612848735,11.5046220058064,11.3493638178276,11.940895448054,11.6972537793564,12.0924792781042
"dpe-miR-1_st",0.892918143560931,1.04614346208889,0.880354584616176,1.26442616437186,1.14196671032179,1.05701634675296,1.2242363947762,0.972065983184141,1.1516441240299
"dpe-miR-10_st",1.11857945528601,0.896581130552929,1.03143649322647,1.27434005621858,1.11857945528601,1.01089042966214,1.28579950330925,1.68301127653836,1.22198331155386
"dpe-miR-100_st",2.51796131776819,2.74682454788018,2.02771308328136,2.08443493533735,1.66407282185777,1.7490231854266,2.90453873374882,2.14955122907868,1.69639504128275
"dpe-miR-11_st",1.09219745364854,1.20974004985649,0.959368671956208,1.14870846207455,1.26484892791071,1.09219745364854,1.09219745364854,1.13824071972712,0.934199947271641
"dpe-miR-12_st",1.10866556343929,1.00871796790236,1.11129749171295,1.26442616437186,1.1900936763931,1.10866556343929,1.04705058785438,1.10866556343929,1.10866556343929
"dpe-miR-124_st",0.970401816045284,1.06575551000831,1.07200311704127,0.917995600593387,1.0847111151545,0.970401816045284,0.638970017057566,0.913072924553037,0.970401816045284
"dpe-miR-125_st",11.0801464701511,11.0674465617512,11.2307572629873,11.2329824152702,11.0384157549866,10.9453428188943,11.1308094023271,11.0438242474781,11.1880067527221
"dpe-miR-133_st",0.800623938047333,1.14923218725409,1.40115736516414,0.964722141239366,1.52583194318057,0.948504263186656,0.977375339764336,1.10866556343929,1.40332115903987
"dpe-miR-13a_st",1.41460952896232,0.964357690578505,1.2842570230812,1.09809202251034,1.28131703770146,1.2842570230812,1.18620891055898,1.22692813158896,1.10008201323619
"dpe-miR-13b_st",0.988198127125471,1.32342656142104,0.759074392255455,0.951535680727449,0.863759882314891,1.03648604429627,1.23922316506451,0.951535680727449,0.951535680727449
"dpe-miR-14_st",0.857891945238911,0.618868566208295,0.950668057062392,0.949584060560499,0.857891945238911,0.857891945238911,0.775531865369044,0.857891945238911,0.814058964794456
"dpe-miR-184-star_st",1.44286077273112,1.61551224699329,0.702278710123724,1.33918960648334,2.104864271009,1.34743462501888,1.52854073296985,2.26548429355169,1.71286034580596
"dpe-miR-184_st",1.15946717120859,1.71430811256408,0.951795486237843,1.7106325644141,0.951795486237843,0.950668057062392,0.551681875182507,0.92004644827209,0.977375339764336
"dpe-miR-210_st",7.53657087029781,7.66014425783132,7.84439489097557,7.84439489097557,8.28233124014076,8.34470474702912,8.02320108898665,7.51091002668729,7.41106576225348
"dpe-miR-219_st",0.843602498637938,1.07200311704127,0.759638797291049,1.52854073296985,1.02846478508967,1.25158125788703,1.07200311704127,1.07200311704127,1.05261204787139
"dpe-miR-263a_st",1.12519253566834,1.44389399773486,1.10055964421233,1.10055964421233,1.10055964421233,0.749965387063898,1.0464984907502,1.10055964421233,1.10055964421233
"dpe-miR-263b_st",0.858575868178538,0.950668057062392,0.869239944108582,1.15078689317162,1.15695348061009,0.728669732329309,0.940003981132347,0.950668057062392,0.950668057062392
"dpe-miR-274_st",0.87145062959513,0.977375339764336,0.977375339764336,0.913072924553037,0.71345312321823,0.91973854676593,0.977375339764336,1.54939465967587,1.16610622519571
"dpe-miR-275_st",1.10866556343929,0.950668057062392,0.950668057062392,1.19086282599382,0.688464016378709,1.05061565259932,0.682749284091122,1.07200311704127,0.877104718684354
"dpe-miR-276a_st",0.945930928422343,0.950668057062392,0.950668057062392,0.950668057062392,0.917786870906987,0.950668057062392,1.19937366449742,1.02738222366225,1.01346369315005
"dpe-miR-276b_st",1.21501385312986,1.05701634675296,1.05701634675296,0.913072924553037,0.583678087587122,1.05701634675296,1.24947819369019,1.2145902736085,1.10687845747411
"dpe-miR-277_st",1.84863159629651,1.14848825600913,1.40332115903987,1.28131703770146,1.45407252702189,1.24843585154606,1.0460937677728,0.913072924553037,1.4793176183271
"dpe-miR-278_st",0.743582646129697,0.836358757953178,0.836358757953178,0.805485729787015,1.07200311704127,1.05701634675296,0.836358757953178,0.836358757953178,0.514138836143606
"dpe-miR-279_st",0.986560571293942,1.2006717430963,1.12395178243417,1.27737708812958,1.46874936507071,1.2006717430963,2.15021792445322,1.2006717430963,1.2006717430963
"dpe-miR-280_st",0.751125998830844,0.938104498117637,0.759638797291049,1.03143649322647,0.950668057062392,0.954722326626611,0.950668057062392,0.991234680877192,0.950668057062392
"dpe-miR-281-1-star_st",0.857891945238912,1.24297453618127,0.844181163785745,0.786475254130022,1.40533555911017,1.0039654458749,1.13679422756724,0.816986946588111,1.37055897833621
"dpe-miR-281-2-star_st",1.07656829917835,1.51657325193675,1.03293774151681,1.21913804711383,0.873761664189231,0.950668057062392,1.03293774151681,1.03293774151681,0.987090809020839
"dpe-miR-281_st",0.857891945238911,1.07385478249472,0.952519722515845,1.2813071846801,0.952519722515845,1.17317731131563,0.765541223229052,0.952519722515845,1.06682902162506
"dpe-miR-282_st",0.977375339764336,1.07200311704127,0.977375339764336,0.859011771090904,0.977375339764336,0.817214039511701,1.12726692691428,0.977375339764336,0.774972353630496
"dpe-miR-283_st",0.884239240874153,0.936153863558624,0.762294748482968,0.895587239743824,0.73641116241625,0.950668057062392,0.895587239743824,1.11098352511235,0.623789543808403
"dpe-miR-284_st",0.798300348040288,1.2006717430963,0.977375339764336,0.652306020455178,0.586718055260818,0.836358757953178,0.92248565527597,0.558372277661146,0.980014154296515
"dpe-miR-286_st",1.07324364314302,0.750063299404045,0.999499513818168,1.03143649322647,0.962837067420146,0.921849962037785,1.20380124476823,0.974122217363072,0.954731148193189
"dpe-miR-287_st",1.07838385781692,0.950668057062392,0.783389628418875,0.950668057062392,0.950668057062392,1.05061565259932,0.950668057062392,0.860457979414741,0.950668057062392
"dpe-miR-288_st",1.06183932909534,0.689584928072298,0.984610258882518,1.14870846207455,0.599483418115489,1.26650683061372,0.984610258882518,0.984610258882518,0.965219189712636
"dpe-miR-289_st",6.79125686227552,5.67583185373299,5.58305519130483,5.45102556230888,6.05346824085574,5.36880257429584,5.57389712597067,6.80719650806857,6.3987616882803
"dpe-miR-2a_st",1.13970552783629,1.02789712727521,0.893916708695839,0.907534351739396,1.85031391551838,1.13424541696578,1.10866556343929,1.14923218725409,0.858440462924467
"dpe-miR-2b_st",0.846068683613636,0.821631739140983,1.35971665354278,0.700118451227866,1.24465459130344,1.7083248521641,1.13630553225257,1.07200311704127,1.36665871264185
"dpe-miR-2c_st",0.870309781339883,1.57329153075292,1.28131703770146,1.03143649322647,0.798206916106977,0.939745684418722,0.821218051664873,1.07200311704127,1.07200311704127
"dpe-miR-3_st",1.8277776695905,1.46446836800785,1.24727566805803,1.58372171228398,1.66183322423071,1.60671222460671,1.52854073296985,1.54939465967587,1.24466075249594
"dpe-miR-305_st",1.07200311704127,1.51013660886169,0.973749969093407,1.14870846207455,1.07200311704127,1.38217461165263,0.890992776922322,1.07200311704127,0.91400561066437
"dpe-miR-306_st",0.803403867388523,1.1516441240299,0.845497740025477,1.13372169178624,1.40332115903987,1.05701634675296,0.738366249457972,1.30664687060703,0.860206139383344
"dpe-miR-307_st",1.04998667701348,1.16045699086474,1.01332423061546,1.27004352205343,0.957693817932056,0.836358757953178,0.882950565298292,0.854394038127227,0.957693817932056
"dpe-miR-308_st",0.910510538718598,0.722328128557014,1.53550572857875,1.06968661604617,1.28929052964371,1.10055964421233,1.10055964421233,1.17727381081219,0.869239944108582
"dpe-miR-309_st",1.07107043092994,0.836358757953178,0.913072924553037,0.913072924553037,0.816195935223053,0.913072924553037,1.32209546886897,0.913072924553037,0.869239944108582
"dpe-miR-314_st",1.06094374797401,1.22087783260669,0.950668057062392,0.711941712853142,1.05943955809652,1.07200311704127,1.31922681230966,1.34008073901568,1.26030743549426
"dpe-miR-315_st",0.96918753964551,0.984117812159397,0.944554648189503,0.932154531137647,0.81172586649717,1.01128141228246,1.46629177938889,1.13328574283754,0.93389371265966
"dpe-miR-316_st",0.978157167986489,0.841798857857437,1.32189304608606,0.934872004502283,0.755910799276974,1.27061005734384,0.869239944108582,0.779029866460931,0.869239944108582
"dpe-miR-317_st",1.20864140046715,1.067624818656,1.17492054063654,1.03602554596852,1.2739102422037,1.173125480597,0.748974721361005,0.913072924553037,1.067624818656
"dpe-miR-318_st",0.708652647682697,0.908194705914244,0.926736256024483,1.35831722805738,1.07200311704127,1.10988804161563,0.539867044329893,0.828122560984215,0.918858781844289
"dpe-miR-31a_st",9.48905164876536,9.05219727016042,8.7671500113428,8.46582381604062,8.11635179066202,8.26244087809745,9.534935995449,9.19965860110863,8.455426633613
"dpe-miR-31b_st",1.81959206779652,1.36723133834347,1.24185509333816,1.26442616437186,0.950668057062392,0.823247065681456,1.31042906634865,0.913072924553037,0.950668057062392
"dpe-miR-33_st",0.950668057062392,0.950668057062392,0.733177865317509,0.950668057062392,0.981541085228554,1.20219867402834,0.646309652459441,0.779029866460931,0.950668057062392
"dpe-miR-34_st",0.950668057062392,1.17997178118875,1.15695348061009,0.948137477228043,0.950668057062392,1.14979245857644,0.950668057062392,0.84623718774133,0.950668057062392
"dpe-miR-4_st",1.39110341267358,1.10055964421233,0.886302749566193,0.913072924553037,1.15764231879697,1.14419020187388,1.10055964421233,1.14165962203953,1.10055964421233
"dpe-miR-5_st",0.857891945238911,1.4153374705638,1.19501152599622,1.1271840963554,1.42072603362084,1.27465253298484,0.977375339764336,0.996666052692812,1.07200311704127
"dpe-miR-6_st",0.694180878608492,0.884363786600454,1.2145902736085,1.07944152187375,0.913072924553037,1.24063686770959,1.31593733166437,0.73305318408608,0.836352963890908
"dpe-miR-7_st",2.39305560853112,1.44389399773486,0.954757495180508,1.06806140663475,0.89967887507598,1.54939465967587,1.54939465967587,1.81971488313636,2.12351809250375
"dpe-miR-79_st",1.2669964890604,1.29601838656231,1.05312420790679,1.2145902736085,1.28131703770146,1.2145902736085,1.15807926518249,0.957856366541681,1.16874334111253
"dpe-miR-8_st",0.857549162000893,0.889050392360999,0.781515274509701,1.03143649322647,1.31897621022624,0.865153521283947,1.12498629971194,0.998446012544803,0.998446012544803
"dpe-miR-87_st",0.859832743556382,0.618868566208295,0.859832743556382,1.1468835681639,0.954460520833316,0.832391657305237,0.859832743556382,0.926958937196164,0.786269405178345
"dpe-miR-92a_st",11.9612295726852,11.822365497535,11.7540642633393,11.6669674079151,11.6672080127467,11.710914852213,11.9428577580175,11.8134575700342,11.8333422768363
"dpe-miR-92b_st",8.80133656385855,8.57529556253546,8.58221695120005,8.32667137548368,8.2771536716282,8.3491513800286,8.83690219670335,8.53864886950962,8.74636163918384
"dpe-miR-9a_st",0.904360460558794,0.950668057062392,0.904360460558794,0.919795028896229,0.904360460558794,1.1071648179901,0.895523052107223,0.904360460558794,0.744576178469636
"dpe-miR-9b_st",0.871128882392237,0.947795580825823,1.03143649322647,0.783326815523949,0.728404960566287,1.05905394120536,1.09405917404138,0.992327177112393,0.984458027223845
"dpe-miR-9c_st",0.760618951568655,0.950668057062392,1.09325521362962,0.886913842740824,0.950668057062392,0.906949794576184,1.05880345271815,0.865717693493569,0.950668057062392
"dpe-miR-iab-4-3p_st",1.08351729591357,1.2006717430963,1.68268715093672,1.15756832456696,0.942500714102414,0.725010522357532,0.825008988067565,0.762480973635456,0.975381900257819
"dpe-miR-iab-4-5p_st",0.870979051916083,1.39923901480733,0.669235825957604,0.913072924553037,0.780244142860705,0.913072924553037,0.799743779721429,1.08336229130864,0.913072924553037
"dps-bantam_st",0.977375339764336,0.843998357182272,0.893916708695839,0.913072924553037,1.15695348061009,0.913072924553037,1.20814683897836,0.913072924553037,0.886365641851092
"dps-let-7_st",11.9101192367635,12.0187346169052,11.8379339381826,11.912144368291,11.4991029312347,11.3354621598356,11.9879159797103,11.735633915653,12.0692510695941
"dps-miR-1_st",0.99890852705007,0.977375339764336,0.836358757953178,0.977375339764336,0.61834637970771,0.869686314140467,1.26506282410139,0.977375339764336,0.900655379102208
"dps-miR-10_st",1.54939465967587,1.54939465967587,1.28547244312976,1.59923055043922,1.54939465967587,1.20678398716227,1.51864743118004,1.54939465967587,1.88419904574323
"dps-miR-100_st",3.72901545715027,2.84021123623845,2.08885615898747,2.364379928324,2.81111727654684,2.84021123623845,3.55461249985699,2.84021123623845,3.13605359242923
"dps-miR-1000-star_st",8.20943570208375,7.63287390649471,7.49248969363717,7.5594056988037,7.84108166458739,7.82032174060537,8.02588317983123,8.57158937576569,7.85614573602356
"dps-miR-1000_st",1.62126441618184,1.32995639626747,1.56592074430305,0.839416688995156,0.77806508637586,1.13202220799959,1.25355656900557,0.913072924553037,1.23460270230444
"dps-miR-1002-star_st",0.756399252887656,1.22220493038203,0.857891945238911,0.913072924553037,0.834664310364112,0.750202919615042,0.857891945238911,0.800563053746665,1.29602543705933
"dps-miR-1002_st",1.09608430219549,0.913072924553037,1.39508833239346,0.857060923164874,0.787625020086036,0.801455229772938,0.869239944108582,0.913072924553037,1.42018255942331
"dps-miR-1006-star_st",0.755716282313703,1.03948616874364,1.6043173781466,1.03382755327697,1.07200311704127,0.849424361053242,1.22131427293627,0.777093646210153,0.584478051248094
"dps-miR-1006_st",1.23000062341817,0.957693817932056,0.768158001023194,1.03143649322647,1.07200311704127,1.07200311704127,1.10055964421233,0.670767723108335,1.07200311704127
"dps-miR-1010-star_st",0.950668057062392,0.950668057062392,1.23256462879359,0.950668057062392,0.94560505501783,0.836358757953178,1.23922316506451,0.950668057062392,0.950668057062392
"dps-miR-1010_st",0.825010759083507,0.836358757953178,1.15695348061009,0.954055795052181,0.836358757953178,0.728669732329309,0.646309652459441,0.779029866460931,0.836358757953178
"dps-miR-11_st",0.913072924553037,0.900509365608282,0.913072924553037,0.913072924553037,1.24487241540713,0.913072924553037,0.90496700532608,0.876410478155016,0.957052182382954
"dps-miR-12_st",0.977375339764336,1.07200311704127,0.958219123907138,1.15664985227626,0.844546558072004,0.977375339764336,0.977375339764336,1.02120832020879,0.977375339764336
"dps-miR-124_st",1.20139765978239,1.29602543705933,1.09326226412664,1.48844848438991,1.29602543705933,1.17080586312935,1.29602543705933,1.44209893769532,1.29602543705933
"dps-miR-125_st",11.190869035337,11.1207419998637,11.1722791595929,11.1286275809966,10.9901377922148,10.9709776786074,11.133834480144,11.1898566725773,11.1301651380367
"dps-miR-133_st",0.88394129296943,1.27139254560332,1.32697325617645,1.17699514109914,1.18788299090655,1.2145902736085,1.30985471061497,1.2145902736085,1.22929867296637
"dps-miR-137-star_st",0.889991303172163,1.2649741583076,1.09764056251191,1.0540895063642,0.782297604491044,1.46762357425117,0.977375339764336,1.05155871731318,0.891248442441544
"dps-miR-137_st",0.880973857269927,0.957693817932056,0.880973857269927,0.748272234183855,1.07200311704127,0.957693817932056,0.961470878358478,0.880973857269927,0.701638099930487
"dps-miR-13a_st",1.23922316506451,0.892457545095738,1.29795388048073,1.07200311704127,0.788896830371041,1.07200311704127,1.13630553225257,1.07200311704127,0.821778016526445
"dps-miR-13b_st",1.39727905206169,1.07200311704127,1.08024813557681,1.02003983601952,0.950668057062392,1.15695348061009,1.22782650785756,0.784404298498007,1.32661581400659
"dps-miR-14_st",0.999064416621758,0.748144837831739,1.35160614763246,0.924806599968527,1.28622975223354,1.59779101923523,0.999064416621758,0.949228525858401,0.759638797291049
"dps-miR-184_st",1.2145902736085,1.44389399773486,1.52476176821986,2.06977113545996,0.978945914520406,0.81172586649717,1.50227775794556,1.2145902736085,0.902225953858277
"dps-miR-190-star_st",0.857891945238911,0.767284190582412,0.684219869155382,0.836358757953178,0.873953890462532,0.678361251576278,1.27009619323067,0.9439459527192,0.607499908493254
"dps-miR-190_st",0.917744711455332,1.17977288469065,1.49768664278451,1.00368420793136,0.896211524169598,0.730499099010244,0.842116793790343,0.811261160600776,1.40332115903987
"dps-miR-193-star_st",0.93615596818305,1.02816214784006,0.842045726910948,0.736568841875158,1.46159546444872,0.884506751496721,1.20603652924812,0.779029866460931,0.869239944108582
"dps-miR-193_st",0.734707640790913,0.857891945238911,0.990720726931244,0.93866038140299,0.773733354077954,1.28131703770146,0.870455504183666,0.779029866460931,0.784328606860874
"dps-miR-210-as_st",1.83364482600821,0.858975941740804,1.05701634675296,0.91624611567021,1.05701634675296,1.05701634675296,1.43684861764826,1.2145902736085,1.05701634675296
"dps-miR-210_st",7.53066023646194,7.58627469329253,7.749222472719,7.94133972360726,8.49555016043832,8.50726472363807,8.21896618810333,7.68838645928481,7.46708855484179
"dps-miR-219_st",0.911962951722405,0.952535790417392,0.87250100735911,1.03143649322647,1.05248338595432,0.787599394631037,0.684617017446122,1.178726223816,0.928501123301177
"dps-miR-2502_st",5.80604281708698,6.72122950064227,5.65030716612795,5.90134761194317,5.24671159559807,5.85085843072384,5.85085843072384,5.99767223259157,5.60465875544696
"dps-miR-2503_st",1.05701634675296,1.09643923424622,0.96238856947603,1.00461013130107,1.65485177600582,1.05701634675296,1.26365928226946,1.04517675511587,1.05701634675296
"dps-miR-2504_st",0.918628442407591,0.917793921404006,0.778721964954772,1.0225590635502,0.836358757953178,1.04264418150088,1.16742444525807,0.831998995995234,0.662847824038212
"dps-miR-2505_st",1.10613498360494,0.780917429204807,1.06947253720692,1.06947253720692,1.07200311704127,1.06947253720692,1.06947253720692,1.06947253720692,1.02000808628215
"dps-miR-2506_st",1.09352748276043,0.999964062098436,1.8927453930058,1.14870846207455,1.04394331992835,0.915787453569482,1.05650687887311,1.22060508206514,0.869239944108582
"dps-miR-2507a_st",0.913072924553037,0.578818373714274,0.885631838301892,0.913072924553037,1.23934678297245,0.755498997697502,1.05817325232287,0.968253903867163,0.814819776605175
"dps-miR-2507b-star_st",2.47840181674434,2.43985039477614,2.7267909119009,1.89083899034702,2.20080412088598,2.78441880922724,2.47840181674434,2.43985039477614,2.35842228182233
"dps-miR-2507b_st",1.14341389220282,1.31505208280428,1.55372708511323,1.52854073296985,1.07841821082672,1.09969562971661,0.691716870467526,1.14341389220282,0.893410206168913
"dps-miR-2508_st",0.892655395416993,1.17958149024071,1.17958149024071,1.14870846207455,1.29389078934993,1.05824643026184,1.17958149024071,1.36573674955082,1.17958149024071
"dps-miR-2509_st",0.856040279785458,0.836358757953178,1.09325521362962,0.950668057062392,0.950668057062392,0.950668057062392,0.869239944108582,1.17906867546572,1.07200311704127
"dps-miR-2510_st",0.652976256633818,0.964707395060723,1.19722269097125,0.832917616136732,0.811261160600776,0.957334661236768,0.984041943938713,0.913072924553037,1.07200311704127
"dps-miR-2511_st",0.939929786655806,1.2006717430963,1.36476973707167,1.04174155060807,1.40332115903987,1.2006717430963,0.661703635028264,1.24671500917488,1.2006717430963
"dps-miR-2512_st",1.42970188571741,0.987330503460413,1.52330067565555,1.10866556343929,0.950668057062392,0.917294037259508,1.10866556343929,1.10866556343929,0.950668057062392
"dps-miR-2513a_st",1.14537127855139,0.950668057062392,0.950668057062392,0.883579903454602,0.950668057062392,0.791887788133014,1.10055964421233,1.09325521362962,0.700442956547567
"dps-miR-2513b_st",0.977375339764336,0.727003961864049,0.977375339764336,0.805485729787015,1.07732293530126,1.07732293530126,0.977375339764336,1.40079057920553,0.759638797291049
"dps-miR-2514_st",0.836358757953178,0.836358757953178,0.981541085228554,0.711941712853142,0.836358757953178,0.893687649445424,0.977375339764336,0.836358757953178,0.759638797291049
"dps-miR-2515_st",0.911171270478892,1.14677783702385,1.03143649322647,1.02038192994728,1.24571042717864,1.05701634675296,0.711629212247345,1.27577440200806,0.976548949502821
"dps-miR-2516_st",0.943265112309941,0.943265112309941,0.943265112309941,0.798082785034564,1.12221979910134,0.943265112309941,1.5211377882174,0.65633901748622,0.976146298465346
"dps-miR-2517a-star_st",1.25029788633731,0.950668057062392,0.783015963252213,1.25447926816227,1.11775301940712,0.782954881945382,0.977375339764337,1.02120832020879,1.03035865222716
"dps-miR-2517a_st",0.99403181117203,0.996172892684517,1.13718947449568,0.748974721361005,0.907904913849237,0.778682700939635,1.02738830837466,1.07200311704127,0.786569853870359
"dps-miR-2517b_st",0.950668057062392,0.836358757953178,0.741354136402201,0.820561901909682,1.04529583433933,1.12218920026067,0.863284020470219,1.2187456790368,0.662847824038212
"dps-miR-2518_st",4.72863561389443,4.74228674518595,2.24557161841625,4.25677754999592,3.33689903380086,4.57405154090256,4.55088064436098,5.18660107546608,5.12209021201105
"dps-miR-2519_st",0.869239944108582,0.869239944108582,0.836358757953178,0.945954110708442,0.917527861279383,0.983549243217796,0.869239944108582,1.13316216065469,0.869239944108582
"dps-miR-252-star_st",1.40332115903987,1.48005081754655,1.38469712358352,1.38469712358352,1.44144847195007,1.38469712358352,1.38469712358352,0.831544476695869,1.38469712358352
"dps-miR-252_st",0.606152327211555,1.1260642705034,1.2145902736085,1.03143649322647,1.03143649322647,1.33537819116359,1.03143649322647,1.72873041701531,1.03143649322647
"dps-miR-2520_st",1.27034859034468,1.07200311704127,1.11318646728313,0.911841816788634,1.35971665354278,0.821631739140983,1.07200311704127,1.11583609748573,1.07200311704127
"dps-miR-2521_st",1.22839080999859,1.13787610700864,0.908572382882277,0.842802192583319,1.13787610700864,1.13787610700864,1.13787610700864,1.2145902736085,1.24337676894965
"dps-miR-2522a_st",0.748974721361005,0.73641116241625,1.03061304338616,0.913072924553037,0.949184930432351,1.03061304338616,0.949184930432351,0.845885150627522,0.949184930432351
"dps-miR-2522b-star_st",0.748974721361005,0.728469713025829,1.07552536765628,1.19802740627284,0.747904884129704,1.08989753290837,0.869239944108582,0.869239944108582,0.869239944108582
"dps-miR-2522b_st",1.06417736878661,0.950668057062392,0.836358757953178,1.03143649322647,0.836358757953178,1.15695348061009,1.27853704693594,0.821999431007361,0.950668057062392
"dps-miR-2523_st",0.972201244348125,0.850720461525464,0.950668057062392,1.24279307282863,1.28131703770146,0.675807673410835,0.920612911962465,0.950668057062392,1.14613384990938
"dps-miR-2524_st",1.23922316506451,1.10897678447563,1.33828050860199,1.04467436926433,0.98764172449675,0.989503242971564,0.94740937033461,1.10897678447563,1.11150736430998
"dps-miR-2525_st",1.74642330213839,2.32348218965719,1.53661365030073,1.79489671463638,1.68268715093672,1.41460952896232,2.61864495819721,0.789631508747076,2.17968251340059
"dps-miR-2526-star_st",1.53208080288048,1.42526002876863,1.42805539893519,1.25218649873518,0.735632968726484,1.05701634675296,1.52776253928009,1.40079057920553,1.89269895627387
"dps-miR-2526_st",1.40332115903987,1.44389399773486,1.52854073296985,1.40332115903987,1.27895760194851,1.9753404789514,1.71559489420066,1.19400723837968,1.40332115903987
"dps-miR-2527_st",0.987330503460413,0.873953890462532,0.893916708695839,0.913635048554529,0.848002988160828,1.31891217021081,0.950668057062392,0.950668057062392,0.985922888352847
"dps-miR-2528_st",1.40332115903987,1.34862956072839,1.34862956072839,1.26442616437186,1.22180746032717,0.921092779659895,1.23437101927193,1.30552614219905,1.26442616437186
"dps-miR-2529_st",0.944494153608932,1.30880713875205,0.891525024074629,0.896797069171025,1.13552341338027,0.944494153608932,0.977375339764336,0.764474413141974,0.839729011462734
"dps-miR-2530_st",1.30639306273507,1.50538985477852,1.51015308406733,1.39839924239208,1.14234617573452,1.47904453699724,1.23922316506451,1.39839924239208,1.39839924239208
"dps-miR-2531_st",1.40332115903987,1.24562158028268,1.22212529038123,1.08323029571321,1.37661387633793,1.40332115903987,1.55371271796536,1.42596256420104,1.56857276892943
"dps-miR-2532_st",6.44530003911124,5.84602078311921,6.03103858892208,6.57228622051565,6.81794899906513,5.72653702989783,5.99364554860279,6.67850781926362,6.70491806968197
"dps-miR-2533_st",2.10937355273701,2.4423542215009,1.43520426602044,1.66406311548037,1.20752575511227,1.95871871108095,1.74199465700101,1.53631321727653,1.66406311548037
"dps-miR-2534_st",0.97922700521779,0.851644976948058,0.759638797291049,1.07200311704127,1.11256974085607,1.15695348061009,1.27978978887931,1.07200311704127,1.11256974085607
"dps-miR-2535-star_st",2.44360189486347,2.32348218965719,2.104864271009,2.06176085247966,1.9422873109756,1.83984667923725,1.30727992573358,2.19766667921441,2.439166235033
"dps-miR-2535_st",1.15695348061009,0.94269658596395,0.852595076007142,1.57682865014065,1.15695348061009,1.73097506810752,1.15695348061009,1.44907849637633,0.954304064666519
"dps-miR-2536-star_st",1.10604396581937,1.2006717430963,0.898176970928422,1.31927208700268,1.06784296140397,1.28031275008493,0.997908570163613,1.2006717430963,1.38940262852768
"dps-miR-2536_st",0.977375339764336,1.20740196412921,0.950668057062392,0.818410624439843,1.15695348061009,0.546620846995231,0.748974721361005,0.913072924553037,0.833360787393908
"dps-miR-2537-star_st",0.977375339764336,1.07093327980997,1.90148125020542,1.07093327980997,0.878510232479383,1.21953736028031,0.869239944108582,1.19040682131403,1.10253255249744
"dps-miR-2537_st",0.977375339764336,0.950668057062392,2.39279953114022,1.14870846207455,1.07200311704127,1.05701634675296,0.869239944108582,1.20168641317543,1.07200311704127
"dps-miR-2538-star_st",0.977375339764336,0.988723338634007,1.11248393345871,0.561692675971764,0.991253918468356,1.13266676083393,0.79867423314027,0.988723338634007,0.988723338634007
"dps-miR-2538_st",1.07200311704127,1.33659206087413,1.07200311704127,0.946486129657648,1.07200311704127,1.09758297056776,1.24780359999757,0.766984173773932,0.880973857269927
"dps-miR-2539-star_st",1.10866556343929,1.03143649322647,0.654770224154014,0.813946301481588,1.48072220609993,1.13321359524966,1.09183510712131,1.26708085231456,0.950668057062392
"dps-miR-2539_st",0.631702752512924,1.13367997402635,0.715659539461132,1.03143649322647,1.50011213229271,1.19122504422388,1.35969060137833,0.981911123563692,0.759638797291049
"dps-miR-2540-star_st",1.07200311704127,1.07200311704127,1.15277155320535,1.07200311704127,1.07200311704127,1.07200311704127,1.07200311704127,1.30921805088543,1.07200311704127
"dps-miR-2540_st",0.913072924553037,0.677428565464945,1.10866556343929,0.754142732064804,1.07200311704127,1.02789712727521,1.13600321620218,0.856258936673753,0.913072924553037
"dps-miR-2541-star_st",0.977375339764336,0.848706713709306,0.783389628418875,0.8529582946643,1.1414733337397,1.05701634675296,0.977375339764336,1.07200311704127,0.977375339764336
"dps-miR-2541_st",0.857891945238912,1.0204009949626,1.13876456363603,1.0204009949626,1.38046239915072,1.46571143221923,1.0204009949626,0.964798299595675,0.68395495073665
"dps-miR-2542-star_st",0.977375339764336,1.2006717430963,0.831538446281091,1.14870846207455,1.35499388562225,1.13372169178624,1.14870846207455,1.18927508588935,1.07200311704127
"dps-miR-2542_st",1.64720171509693,1.31588367309833,0.869239944108582,1.15695348061009,0.980291718473305,1.08387291226094,0.955260144908705,1.15695348061009,1.40332115903987
"dps-miR-2543a-star_st",1.19348389986393,1.07200311704127,0.885024617754477,1.03143649322647,1.07200311704127,0.950668057062392,1.4553317251641,1.07200311704127,1.51213399715892
"dps-miR-2543a_st",1.10866556343929,0.978559408286582,1.31333639610965,1.36694862777494,1.4505047829694,1.10866556343929,0.944567569463924,1.05133667194705,0.950668057062392
"dps-miR-2543b-star_st",0.860566547105583,0.615076102437371,0.950668057062392,0.618868566208295,0.950668057062392,1.15998197772258,1.0602036255594,1.12732981919918,0.973895691937191
"dps-miR-2543b_st",3.11030768315737,1.88695666945982,2.05680864575672,1.66160422337553,1.65131231037173,1.65131231037173,2.17464415379688,2.10142934512747,1.88695666945982
"dps-miR-2544-star_st",0.821115741851776,1.1781872324012,1.40332115903987,0.994660289839335,1.16389553970916,1.16389553970916,0.859537135106214,1.07200311704127,1.19677672586457
"dps-miR-2544_st",0.748974721361005,0.939023826854742,1.01368846783476,0.808414195968813,1.09863883140358,1.05701634675296,0.869239944108582,0.949386052623459,0.759320307153884
"dps-miR-2545a-star_st",0.887165262116685,1.16876650595353,0.714817421082772,0.887165262116685,1.07200311704127,0.582146318849348,0.977375339764336,0.887165262116685,0.714817421082772
"dps-miR-2545a_st",1.59432427302948,1.0114401254512,1.09151227038123,1.0114401254512,1.46457467628417,0.856647058763066,0.86106394868788,1.0114401254512,0.869239944108582
"dps-miR-2545b_st",0.899122310677299,1.0320961700162,0.950668057062392,1.14870846207455,0.950668057062392,0.733177865317509,0.950668057062392,0.994501037506847,0.744224072242877
"dps-miR-2546-star_st",0.978098299858168,1.05701634675296,1.32561753307386,1.25973572153991,1.40332115903987,1.05701634675296,1.10055964421233,0.890057125926289,1.27002866777902
"dps-miR-2546_st",1.23922316506451,1.44389399773486,1.01872242578752,1.03143649322647,1.11638685679529,1.03143649322647,0.828673320293782,1.03143649322647,0.985589560730504
"dps-miR-2547-star_st",0.833732951055595,1.03542628675698,0.759638797291049,1.39508691335558,0.938549297426998,1.22245365967797,1.03542628675698,1.03542628675698,1.32975532633315
"dps-miR-2547_st",0.909494067317585,1.07200311704127,1.11256974085607,1.07200311704127,0.950668057062392,0.978929970396424,1.0224732678558,1.67072971965475,1.11118740301897
"dps-miR-2548-star_st",1.44389399773486,1.44389399773486,1.47677518389027,1.19236338076891,1.44389399773486,1.59554418887718,1.73244910573698,1.5085612992698,1.33754570804429
"dps-miR-2548_st",1.84863159629651,1.56707161321868,1.56309193214749,1.24334323681066,2.11393500754927,1.66160422337553,1.66160422337553,1.34765376401417,1.53638464944555
"dps-miR-2549-star_st",0.808506201577329,1.20810358218506,1.03143649322647,1.07526947367093,1.06903162573582,1.21268734218888,1.40141971418239,0.710400170948354,1.1903666857147
"dps-miR-2549_st",1.23922316506451,1.23922316506451,1.19865654124971,1.39498376599707,0.980940100728855,1.61110783087791,1.23922316506451,0.791382147973519,1.58795060254113
"dps-miR-2550-star_st",1.42318024125258,1.79585661065509,1.01779425070217,1.93863168426343,1.28131703770146,1.72873041701531,1.72873041701531,2.39872228812521,1.54939465967587
"dps-miR-2550_st",1.28719986119897,1.15695348061009,0.828166018445837,1.48574094277435,1.21334731700785,1.15695348061009,1.15695348061009,1.15695348061009,1.15695348061009
"dps-miR-2551-star_st",1.15695348061009,1.07200311704127,1.15695348061009,1.14870846207455,1.15695348061009,1.52381464751815,1.12975926341246,1.2628781907793,0.989733432586857
"dps-miR-2551_st",0.977375339764336,0.786146994851812,0.950668057062392,1.02737340209567,1.15998197772258,0.950668057062392,0.863284020470219,1.18631241615048,0.950668057062392
"dps-miR-2552-star_st",1.40367331654823,1.00799694855464,0.836358757953178,0.798763625443823,0.836358757953178,0.622075994271515,0.835796633951686,0.782237294524151,1.43508536056665
"dps-miR-2552_st",1.07001104363912,1.17817002490759,0.902790995615885,0.977375339764336,0.954147704889537,1.22125589582139,0.977375339764336,1.08214048191053,0.897663202605207
"dps-miR-2553-star_st",1.07200311704127,1.04344658987021,1.15695348061009,1.07200311704127,0.90302326247838,1.21718544431665,1.07200311704127,0.922856404740475,1.17211521592524
"dps-miR-2553_st",0.748974721361005,0.818410624439843,0.748974721361005,1.04400005217123,0.652097732031021,1.15021011529394,0.99999975930004,0.565076813904812,0.713680894375154
"dps-miR-2554-star_st",0.857891945238911,0.950668057062392,0.790883774973233,0.950668057062392,0.663741962238671,0.950668057062392,0.950668057062392,0.994501037506847,1.08349683875472
"dps-miR-2554_st",0.662814209965619,1.00799694855464,0.759638797291049,1.14870846207455,0.836358757953178,0.836358757953178,0.756717750964551,0.836358757953178,0.836358757953178
"dps-miR-2555-star_st",0.857891945238911,0.629592962633703,0.598844305885888,1.1166091041413,0.662966982436586,0.914306916869344,1.46860782525623,1.29731042926558,1.26521318461164
"dps-miR-2555_st",0.760426238968838,0.715552842938463,1.05310441105334,1.03910731525702,1.04735233379256,0.804398803618317,0.742993929189608,1.14773218833028,0.759638797291049
"dps-miR-2556-star_st",0.977375339764336,0.913072924553037,0.549432663129457,0.913072924553037,1.16644214716958,0.834642656315481,0.748974930577669,1.51513092379896,1.00842661851606
"dps-miR-2556_st",0.747417949634015,0.842045726910948,1.34296339051274,0.717628681810912,0.787361311694102,0.681884426658312,0.926692462145938,0.842045726910948,0.869239944108582
"dps-miR-2557-star_st",0.752195836062145,1.07200311704127,1.07200311704127,1.15277155320535,1.07200311704127,0.983103498724913,1.64987579294873,1.33592533358738,1.07200311704127
"dps-miR-2557_st",1.04404863578632,1.10055964421233,1.09810978924846,1.10055964421233,1.07641238143061,1.05701634675296,1.53429707948983,1.10055964421233,1.37811364949739
"dps-miR-2558-star_st",0.977375339764336,0.988039415694381,1.58000676603579,0.744158859637325,0.982885203846576,1.38535409901342,1.27572690003144,0.950444283185026,0.988039415694381
"dps-miR-2558_st",0.694829087761875,0.932044021606037,0.772867944278463,1.00886001906374,0.950668057062392,0.9629170497722,0.752806952406186,1.0087581882059,0.640697127962628
"dps-miR-2559-star_st",0.977375339764336,1.17359834871153,0.892467578983382,0.74656768604929,0.836358757953178,0.757622249328484,0.890635461328151,0.677131782970451,0.581526407607072
"dps-miR-2559_st",1.3439883072107,0.847980797023213,1.25399732940029,1.26442616437186,1.17676825918747,1.45613425108432,1.12270710572533,1.29810331916635,1.07200311704127
"dps-miR-2560-star_st",0.950668057062392,0.845902914916194,0.774725923820763,0.939110837280097,0.950668057062392,0.910095218367405,0.897910228268761,1.09927213753273,1.2006717430963
"dps-miR-2560_st",0.923028325994969,0.73641116241625,0.84160021304116,0.710254557978868,0.923028325994969,1.25971309929443,1.16399250334306,0.779029866460931,0.923028325994969
"dps-miR-2561-star_st",3.98854530467556,2.8915639595461,2.7835393787074,2.9513059302868,3.05373084082191,3.08588435105128,3.15033576290673,3.05373084082191,3.05373084082191
"dps-miR-2561_st",0.857891945238911,0.771912206121134,1.23894486268208,1.26442616437186,1.24372190519211,0.782966769400328,1.13080946702632,1.02730467818192,0.868556021168956
"dps-miR-2562-star_st",1.28217305454007,1.28217305454007,1.52854073296985,1.28217305454007,1.07846246593627,1.28217305454007,1.32072447650828,0.903780934468652,1.28531847833129
"dps-miR-2562_st",1.30626295125605,1.15440974116324,1.15695348061009,1.14870846207455,0.934008550233008,1.25970223709086,1.52360965656726,1.58711472111922,1.22677517026341
"dps-miR-2563-star_st",1.10866556343929,0.73641116241625,1.64953635797491,1.14870846207455,0.950668057062392,0.836358757953178,0.748974721361005,1.44299089201183,0.780390420246167
"dps-miR-2563_st",0.891336045476722,0.858454859321318,0.869239944108582,1.08641378075001,1.15785343273098,0.792209422405273,1.15071619596131,1.2145902736085,0.869239944108582
"dps-miR-2564-star_st",1.07200311704127,0.978323604911719,1.24465459130344,1.26442616437186,1.05943955809652,1.05701634675296,1.07200311704127,1.07200311704127,1.07200311704127
"dps-miR-2564_st",1.30425820232555,1.26759575592752,1.10866556343929,1.10866556343929,1.13941279193512,1.10866556343929,1.10866556343929,1.10866556343929,0.740076894251034
"dps-miR-2565-star_st",0.950668057062392,1.04529583433933,1.05880345271815,0.700296679162105,0.950668057062392,0.935681286774085,0.977375339764336,1.04529583433933,0.759638797291049
"dps-miR-2565_st",0.857891945238911,0.836358757953178,1.21101463407223,0.950668057062392,1.13024619790815,0.976247910588885,0.950668057062392,0.575570581322142,0.771765047916119
"dps-miR-2566a-1-star_st",1.07200311704127,1.07200311704127,0.646309652459441,1.20257038062239,0.930986535230111,1.42072603362084,0.88415648900003,1.45465249775337,1.07200311704127
"dps-miR-2566a-2-star_st",1.04216440962661,1.00550196322859,0.783389628418875,0.913495783571584,0.755498277194684,1.28173989672001,0.913495783571584,0.71790314468533,0.994923896525394
"dps-miR-2566a_st",1.04330376093718,0.81796643397632,0.950668057062392,0.950668057062392,0.950668057062392,0.976247910588885,0.950668057062392,1.07200311704127,0.950668057062392
"dps-miR-2566b-star_st",0.913072924553037,0.933608791201026,0.730061007589079,0.711941712853142,1.41100033383562,1.10410218432438,0.869239944108582,1.33876638913487,0.913072924553037
"dps-miR-2566b_st",1.19519137662915,0.949934253513191,0.977375339764336,0.987404704791116,0.987404704791116,1.01298455831761,0.823306501599083,0.987404704791116,0.917721932658766
"dps-miR-2567a-star_st",1.70996160420457,1.29602543705933,1.17973229662431,1.71004583885407,1.40150232209512,1.48409070122726,1.70764269702671,1.59388341923471,1.331627876176
"dps-miR-2567a_st",1.40141971418239,0.998555307071066,1.07777610722854,1.03143649322647,1.11286460618028,1.03143649322647,0.867569973066949,1.23121023449053,1.03143649322647
"dps-miR-2567b-star_st",1.17551795253268,1.00822600780505,0.893916708695839,0.786329513929817,0.836358757953178,0.579239824430112,0.893916708695839,0.893916708695839,1.07200311704127
"dps-miR-2567b_st",0.670986417046697,0.836358757953178,0.893916708695839,0.893916708695839,0.761196494694348,1.10323062935603,0.828284648302138,0.893916708695839,1.29355365980435
"dps-miR-2567c-star_st",0.854684490789625,0.813125329016109,1.00317443450985,0.938872019298547,0.816195935223053,1.28131703770146,0.913072924553037,0.65633901748622,1.02290262120828
"dps-miR-2567c_st",0.977375339764336,0.741492580157003,1.35160614763246,0.977375339764336,1.05880345271815,1.38945243335721,0.813277136572304,0.977375339764336,0.91155343147324
"dps-miR-2568a-star_st",1.03143649322647,1.33579489782942,1.29555106182447,1.03143649322647,0.717678385917006,0.829082618860696,1.36250218053137,0.829082618860696,1.06303576591394
"dps-miR-2568a_st",0.977375339764336,0.64557584891024,1.33501335978381,0.827815378492774,1.09871039974321,1.25927191149553,1.12288929291809,0.977375339764336,0.952320036251082
"dps-miR-2568b-star_st",0.988817715209095,1.07391077677894,1.06706459197683,1.14376993701011,0.902814581228604,1.58763365639052,0.869239944108582,0.969875196547858,0.926042216103403
"dps-miR-2568b_st",0.953226677176903,1.57329153075292,0.789992293648501,1.05007184780698,1.14058655079694,1.05831686634253,1.23786319280859,1.05037647314929,1.15492001287829
"dps-miR-2569-star_st",0.913072924553037,0.987451801617827,0.982508827631876,0.982508827631876,0.882561232094948,1.19676572227802,0.913072924553037,0.913072924553037,0.877779097567187
"dps-miR-2569_st",1.07267217840081,1.12947445039563,1.11476605103776,1.07014159856646,0.959343033569197,0.950668057062392,0.862466044239213,1.2187456790368,1.56282816932457
"dps-miR-2570-star_st",1.05677527222033,0.737117014250266,0.96963231016079,0.96963231016079,0.844184405693788,1.05701634675296,0.96963231016079,0.876996606286006,1.17239548309348
"dps-miR-2570_st",0.836358757953178,0.823795199008423,0.977375339764336,0.836358757953178,0.73641116241625,0.923742794545351,0.869239944108582,0.913072924553037,0.750231860630385
"dps-miR-2571-star_st",0.868883291651214,0.961659403474695,0.934218317223549,1.26442616437186,0.710319469041937,0.961659403474695,1.4678896943876,0.92406427096534,0.961659403474695
"dps-miR-2571_st",0.655128772306224,0.73641116241625,0.873599706066526,0.844770494545474,0.869239944108582,0.836358757953178,0.869239944108582,0.869239944108582,1.20055798610719
"dps-miR-2572-star_st",0.977375339764336,1.40416083271508,0.977375339764336,0.945776067076865,0.959694716514748,0.842152120306794,0.977375339764336,1.18013851269702,1.18013851269702
"dps-miR-2572_st",0.773893721055762,1.1105710606014,1.20697254309581,0.829074700369887,0.989236000622523,0.950668057062392,1.4494292992261,0.779029866460931,1.11667351891315
"dps-miR-2573-star_st",0.888764973405074,0.909922096331215,0.646309652459441,1.26442616437186,0.836358757953178,0.565564985845505,0.92248565527597,0.580305691295619,0.836358757953178
"dps-miR-2573_st",1.04330376093718,0.950668057062392,1.15695348061009,0.913072924553037,0.950668057062392,0.935681286774085,0.841750833184485,0.950668057062392,0.869239944108582
"dps-miR-2574a-star_st",1.25267511538377,1.09871039974321,0.977375339764336,0.83219301248896,0.954147704889537,1.00295519329083,0.977375339764336,0.913072924553037,0.950668057062392
"dps-miR-2574a_st",0.960845144021604,0.948281585076849,1.10866556343929,0.709555240867599,0.948281585076849,0.661341067952081,0.974988867778794,1.05378224701786,0.874718246698812
"dps-miR-2574b_st",1.23922316506451,1.29529952037323,0.912218834952111,1.07200311704127,1.40759507166629,1.04529583433933,1.07200311704127,0.99193097211124,1.06000423369719
"dps-miR-2575-star_st",2.4240452703458,2.38738282394777,1.83726963001431,2.26916295686924,2.85457083111432,2.71870086594638,2.13286995638809,2.22845263145954,2.21649157727076
"dps-miR-2575_st",1.11429355501668,0.81311650744953,1.14870846207455,1.14870846207455,1.14870846207455,1.09697587059871,1.22708202575142,1.27839175820871,0.945945289141863
"dps-miR-2576_st",1.4825683148275,1.2006717430963,1.2006717430963,1.2006717430963,0.869353701097696,1.18596334373843,1.03657353990427,0.943937836029483,1.54939465967587
"dps-miR-263a-as_st",0.760618951568655,0.84431976737182,0.783389628418875,0.971877569084258,0.950668057062392,0.950668057062392,0.950668057062392,1.10824198391793,1.2969728693493
"dps-miR-263a_st",1.13221048924565,1.38436743679149,1.0957539481691,1.07200311704127,1.07200311704127,0.970510424690015,1.07200311704127,1.13636667934411,0.912218834952111
"dps-miR-263b_st",0.857474288521415,1.05701634675296,1.05701634675296,1.13372169178624,1.38004474243323,1.05701634675296,1.05701634675296,0.751997403485626,1.361388860855
"dps-miR-274_st",1.10866556343929,1.23458007707467,1.56225135152811,0.931232885958516,1.07200311704127,1.10959824955062,0.805239844947674,1.07200311704127,1.10959824955062
"dps-miR-275_st",1.17296797865059,1.2787217857746,0.81446120509455,1.14309110439298,0.950668057062392,1.10866556343929,0.841902291345695,1.07200311704127,1.10866556343929
"dps-miR-276a_st",0.864046194932728,0.954147704889537,0.977375339764336,1.03143649322647,0.864046194932728,1.0441021038573,0.977375339764336,0.880750705128061,1.40332115903987
"dps-miR-276b_st",0.977375339764336,0.892424976195514,0.977375339764336,1.18478515738323,1.13630553225257,0.977375339764336,1.03344155800667,0.977375339764336,1.36032785227063
"dps-miR-276c_st",1.16486205942363,1.08799608526758,1.10055964421233,1.14870846207455,1.02384547761248,1.26650408957212,1.67241036863611,1.07200311704127,1.07385236151039
"dps-miR-277_st",1.31672524459893,1.01030876307035,1.05432921840903,0.990575004087461,0.912201440410594,0.913759006629754,0.990575004087461,0.952979871578106,0.864072142621447
"dps-miR-278_st",0.763689557775599,0.950668057062392,0.950668057062392,1.24569338787261,0.836358757953178,0.836358757953178,0.898290978142814,0.808080900495163,1.42805959969699
"dps-miR-279_st",0.914267443015768,1.03453266576335,0.955477409864062,1.11123801079663,0.993959827068359,1.40332115903987,1.65159176874341,1.07200311704127,1.02684101322376
"dps-miR-280_st",0.942727590849487,1.2006717430963,1.14577713083915,1.20066503182154,0.983200170805746,0.965027384008208,0.997908570163613,0.983645419756634,0.964254350586751
"dps-miR-281_st",0.97492548480046,1.12510515748029,0.945586177536763,1.03143649322647,1.603455813138,1.08138689499409,1.03143649322647,1.13902368799249,0.869239944108582
"dps-miR-282_st",1.35453287711652,1.12897182173467,1.35124596083361,0.736568841875158,0.942803282486619,0.990874494078344,1.10055964421233,1.11220955405722,0.869239944108582
"dps-miR-283_st",0.952519722515845,1.00833795272227,1.44389399773486,1.102050934097,1.04785585425955,1.15343122999508,1.07200311704127,0.913072924553037,1.07200311704127
"dps-miR-284_st",0.961748489377106,0.73641116241625,0.949952950867626,1.14799335587979,1.04913252596928,0.850720461525464,1.23850805886974,0.712514291339198,0.949952950867626
"dps-miR-285_st",0.936775752681063,0.950668057062392,0.947439828611107,0.993286761107073,0.752322583758986,0.993286761107073,1.37560202272106,1.00827353139538,1.13846908838245
"dps-miR-286_st",1.12962201824697,0.950668057062392,0.893916708695839,0.913072924553037,1.04735233379256,0.836358757953178,1.48767100294733,0.738160136438409,0.759638797291049
"dps-miR-287_st",1.5953393750057,1.23347367551833,0.977375339764336,0.908252188778472,1.15813273325346,0.827483752614393,0.977375339764336,0.977375339764336,0.948818812593272
"dps-miR-288_st",1.16915038797577,1.19518742148927,0.992424248556581,0.734739879945574,1.19518742148927,1.1804790221314,1.10055964421233,1.03625722900104,1.48780048527076
"dps-miR-289_st",6.52002519464341,5.9400882114711,4.49845687003599,5.32533456805836,5.85668827850107,5.9910285677279,5.9910285677279,6.63789523913606,6.3650148629955
"dps-miR-2a_st",1.02990924440432,1.08671151639914,1.03143649322647,1.03440798453192,1.07200311704127,1.07200311704127,2.28613824223105,1.13583395457352,1.18631241615048
"dps-miR-2b_st",1.38968345660025,1.05328949598828,0.73641116241625,0.805485729787015,1.13872988113423,1.28131703770146,1.51622374376738,1.07200311704127,1.31219800875574
"dps-miR-2c_st",0.977375339764336,1.04275087802355,1.07563206417895,1.00218425420875,1.07200311704127,1.04275087802355,1.52854073296985,1.6071826992759,0.869239944108582
"dps-miR-3_st",1.95794694154834,1.95794694154834,1.5282551988574,2.16351898943073,2.16604956926508,1.68593807594413,1.74523268561011,2.38136218098953,2.439166235033
"dps-miR-304_st",1.36055822504338,1.07200311704127,1.40332115903987,1.23357053118229,1.02924018304478,0.836358757953178,0.767644712438319,0.777674077465098,1.41736049703821
"dps-miR-305_st",0.857891945238911,0.823232284926016,0.892306852296782,1.14870846207455,0.950668057062392,0.621513080189109,1.20947686809024,0.892306852296782,0.771765047916119
"dps-miR-306_st",0.869239944108582,0.950668057062392,0.869239944108582,0.537440453254486,1.17941143871994,0.975588233799154,0.869239944108582,0.790377865330602,0.869239944108582
"dps-miR-307-as_st",1.00307427251429,0.950959529847867,1.07217378234061,0.913072924553037,1.39963996298204,1.05825525182841,1.23922316506451,1.05825525182841,1.05825525182841
"dps-miR-307_st",1.07200311704127,1.07200311704127,0.878017405695809,1.07200311704127,1.27878395174502,0.991234680877192,0.984619080449097,1.07200311704127,1.07200311704127
"dps-miR-308_st",1.10866556343929,0.988400340691714,1.03143649322647,1.10866556343929,1.07200311704127,1.15695348061009,1.02128152684712,1.4250311025845,0.83686786750387
"dps-miR-309_st",1.10866556343929,0.73653832102251,0.646309652459441,0.897094717835838,1.07200311704127,0.869239944108582,0.869239944108582,0.934565169113762,0.869239944108582
"dps-miR-311-star_st",3.68125461350564,3.53222083457296,2.26551346218493,3.31873595616648,2.78244899813096,2.87686446212776,3.39246670877686,3.64148229433066,3.6519734405472
"dps-miR-311_st",1.15940929429437,1.09325521362962,1.35717743017573,1.14870846207455,1.10126112877689,1.2145902736085,1.95181459467109,1.42667038675232,1.2145902736085
"dps-miR-314_st",1.09168463887355,0.950668057062392,0.817375565801536,1.0582544775284,0.950668057062392,1.11661250242218,0.869239944108582,0.950668057062392,0.950668057062392
"dps-miR-315_st",0.913072924553037,0.900509365608282,0.913072924553037,1.31280666526658,1.02120832020879,0.913072924553037,0.733494783707281,0.913072924553037,0.759638797291049
"dps-miR-316_st",0.779847749527167,0.836358757953178,0.836358757953178,0.836358757953178,1.2237590869588,0.649741594374458,0.836358757953178,0.746148680305527,0.950668057062392
"dps-miR-317_st",1.09367879315098,1.08148579631607,1.15695348061009,0.89808615426473,1.38833438875157,1.05701634675296,1.05701634675296,1.07200311704127,1.05701634675296
"dps-miR-318_st",1.08726649629533,1.12023613231755,0.977375339764336,0.802503852064136,0.977375339764336,0.798711388293211,1.00350507934059,0.92004644827209,0.895369683684833
"dps-miR-31a_st",9.51685517371572,8.52668739802226,8.4130733758805,8.25394161073987,7.73085973917055,7.94884552901172,9.38460399744759,8.82683462762982,8.173613776455
"dps-miR-31b_st",1.84863159629651,1.39892065416578,1.15695348061009,1.17886256471636,1.15695348061009,0.937983652989499,1.52854073296985,1.42390419426869,1.16505404940602
"dps-miR-33_st",0.977375339764336,1.02109360225054,0.977375339764336,0.847269184611627,0.977375339764336,0.977375339764336,0.977375339764336,1.03501213276274,0.95362450863651
"dps-miR-34_st",0.950668057062392,0.950668057062392,1.18946121026425,0.711941712853142,1.04529583433933,0.820561901909682,1.56138393707971,0.950668057062392,1.15236139276378
"dps-miR-375-star_st",1.54939465967587,1.6440224369528,1.40332115903987,1.54939465967587,1.27002866777902,1.54939465967587,1.54939465967587,1.81747228165027,1.67139878101428
"dps-miR-375_st",0.904135026929353,0.877427744227408,0.977375339764336,0.713281163853633,0.663170849581266,0.964811780819581,0.877427744227408,0.702582099176662,0.805881878981491
"dps-miR-4_st",1.15695348061009,0.921309121522,1.13062304218219,1.01301005841017,1.43631947250694,1.28131703770146,1.23922316506451,1.3987006641566,1.15695348061009
"dps-miR-5_st",1.05701634675296,0.870399183174243,0.980302180153104,1.05701634675296,0.897840269425389,1.30089690281002,1.18020065120096,1.2145902736085,1.05701634675296
"dps-miR-6_st",0.969960762822187,0.87688761617734,1.08944415734761,0.969960762822187,1.2576742993237,0.89314476536448,0.969960762822187,1.07200311704127,0.969960762822187
"dps-miR-7_st",2.06671379230877,1.36739986503078,1.39484095128193,1.66160422337553,1.40332115903987,1.08487778319843,1.48618267715507,2.24786128418879,2.91281439768019
"dps-miR-79_st",1.22256376555075,1.2006717430963,1.40332115903987,1.24443784363424,1.10055964421233,1.28131703770146,1.07050449911241,1.10055964421233,1.08116857504245
"dps-miR-8_st",1.21301087728585,1.2006717430963,1.14870846207455,1.33241254084703,1.05860695211774,1.34780370039615,0.646309652459441,1.01846208148567,1.29478196271054
"dps-miR-87_st",1.10866556343929,1.06389719781431,1.10055964421233,1.2080323279741,1.14884756138314,1.10055964421233,1.10055964421233,0.90496700532608,0.869239944108582
"dps-miR-927-star_st",0.932310357180927,0.950668057062392,0.747904884129704,1.06287762076205,0.957288330547737,0.842979031438523,0.612841989559847,0.913072924553037,0.950668057062392
"dps-miR-927_st",0.774219092892114,1.07200311704127,0.779390053259779,1.24333623935148,1.07200311704127,1.31837079547105,1.07200311704127,1.35124408638118,0.854266574567982
"dps-miR-929-star_st",0.939929786655806,0.758580624358248,1.1501359208174,0.782631555400365,0.803704244872202,1.4740110015871,0.939929786655806,0.939929786655806,1.2006717430963
"dps-miR-929_st",1.07200311704127,0.929415960474042,1.03748996965307,0.913072924553037,1.31588367309833,0.819999777908191,1.52854073296985,1.07200311704127,1.28611428884363
"dps-miR-92a_st",11.9670903230485,11.910624130841,11.8312392641809,11.7555326501966,11.7441087648464,11.7019883166911,11.9861336279875,11.7212296927567,11.8019970147374
"dps-miR-92b_st",9.00718985390711,8.67717404215531,8.72520087171992,8.54682526548268,8.39030495070989,8.33633068886422,8.8845025126621,8.52732260095448,8.8201538691903
"dps-miR-92c-star_st",0.654555036569834,1.04100060853319,1.3133074140193,1.07693609488085,0.953616571941016,0.728669732329309,0.646309652459441,1.07200311704127,1.09268852839025
"dps-miR-92c_st",3.1366606098442,3.28274508985298,3.1272453340357,2.79751556840532,2.68692919019956,3.01393657841229,2.64660078069025,2.88307999361998,2.68366020050302
"dps-miR-932-star_st",1.23922316506451,0.831077590099557,0.972094171910716,1.14870846207455,0.749163880261575,1.50443648825117,0.972094171910716,1.01592715235517,0.862493025093183
"dps-miR-932_st",0.748974721361005,0.827995799003099,1.19827511329879,0.913072924553037,0.73641116241625,0.950668057062392,0.977375339764336,1.2145902736085,0.991234680877192
"dps-miR-957-star_st",0.748974721361005,0.836358757953178,1.24268892375456,1.03143649322647,1.21944152479358,0.836358757953178,0.836358757953178,0.65633901748622,0.576626880327091
"dps-miR-957_st",0.977375339764336,1.03470423125658,0.73641116241625,1.26442616437186,0.73641116241625,0.927015205632714,0.977375339764336,1.02120832020879,1.18906426439373
"dps-miR-958-star_st",0.913072924553037,0.913072924553037,0.646309652459441,0.888603474989929,1.12732981919918,1.01302052008997,0.913072924553037,0.913072924553037,0.869239944108582
"dps-miR-958_st",1.2006717430963,1.2006717430963,1.2006717430963,1.79027284943056,1.08636244398709,1.08636244398709,1.06200822224413,0.740478444492725,1.2006717430963
"dps-miR-959-star_st",1.16435383905113,1.12344935612394,1.35160614763246,1.24106800565099,0.73641116241625,0.902002197261092,0.877427744227408,0.966008365747724,1.05621844339538
"dps-miR-959_st",1.00833603687725,1.14090884034906,0.836358757953178,0.971673590479228,0.906041530085528,0.637125604049988,0.971673590479228,0.971673590479228,1.04555514638603
"dps-miR-964-star_st",1.16272671690143,1.85575330261838,1.03143649322647,1.03143649322647,0.836358757953178,0.89612166070042,1.03143649322647,1.03143649322647,0.89612166070042
"dps-miR-964_st",0.865165776064677,1.57329153075292,1.72519514263216,1.40079057920553,1.75870858033606,2.05677316946208,0.988350080512676,1.54939465967587,2.26663580514785
"dps-miR-965-star_st",0.812403886263815,0.630789483678268,1.18429476695741,0.868914894689825,0.790870698978081,1.12044551165577,0.655155744910604,0.779029866460931,0.76857090581936
"dps-miR-965_st",0.863284020470219,0.950668057062392,0.950668057062392,0.826251011962356,0.850720461525464,1.03131335166755,1.16165019636617,1.07200311704127,0.576626880327091
"dps-miR-968-star_st",0.703638543951687,1.03182455080017,1.07508510216243,0.836358757953178,0.923753125133138,0.792815460493806,0.836358757953178,0.913072924553037,0.754930644999368
"dps-miR-968_st",0.950668057062392,1.07933668311742,1.35160614763246,0.733177865317509,0.829332997083513,0.950668057062392,1.10055964421233,0.950668057062392,0.91400561066437
"dps-miR-969-star_st",0.977375339764336,0.75203801280348,1.17245307503763,0.851858352380714,1.19679784354711,0.977375339764336,0.977375339764336,1.10019292146229,0.998229266470352
"dps-miR-969_st",1.00357880597641,1.50976698770223,0.836358757953178,0.98620975574038,1.15703232286584,0.692005397395638,1.0624045455889,0.978945914520406,1.03569726288696
"dps-miR-970-star_st",1.27511386812933,0.880134804583928,0.902859467106293,1.00280706264322,1.15695348061009,0.981273875357487,0.905930073313237,1.00280706264322,0.807762941442522
"dps-miR-970_st",0.857891945238911,0.769292348571654,0.869239944108582,0.773975507102112,0.869239944108582,0.975588233799154,1.26414334180127,0.913072924553037,0.792519983446453
"dps-miR-971-star_st",0.964240234929483,0.950668057062392,1.758428599225,1.14309110439298,0.950668057062392,1.05701634675296,0.760618951568655,0.657694806482053,0.950668057062392
"dps-miR-971_st",0.9279234997556,0.73641116241625,0.783389628418875,1.26442616437186,0.977375339764336,1.18668926042453,0.933542359319881,0.977375339764336,0.986782540316537
"dps-miR-980-star_st",0.879859252865378,1.05149557229866,1.26591108758588,0.852418166614232,0.969960762822187,0.955678697439208,1.0522304472766,1.07200311704127,0.763675339274486
"dps-miR-980_st",1.45047394905497,1.57329153075292,0.950668057062392,1.42810920347754,1.77594094669649,2.32995382585255,1.61184295272112,1.57329153075292,1.57329153075292
"dps-miR-981-star_st",1.23922316506451,1.488988089869,1.12407229445469,0.999655249354652,1.15695348061009,1.01788152416086,1.80922743810386,1.06674340296244,1.15695348061009
"dps-miR-981_st",1.03143649322647,1.27465874786503,1.2145902736085,0.962313342240605,1.23408590917004,1.19453613128359,0.97122912102209,0.829883565473779,0.807938151578618
"dps-miR-986-star_st",0.727116625176918,0.950668057062392,0.900661173164477,0.977375339764336,0.977375339764336,0.977375339764336,1.24157622602349,1.07200311704127,1.13344083036774
"dps-miR-986_st",0.913072924553037,0.828426189318047,0.936051978291476,0.913072924553037,1.00584903637652,1.05701634675296,0.924420923422708,0.956905904997492,0.869239944108582
"dps-miR-987-star_st",2.05188155487639,3.14483332180733,1.59835022146398,2.14482751013677,2.85299418896244,2.39140502801186,1.10055964421233,1.89808343630525,2.14482751013677
"dps-miR-987_st",1.19075156666847,0.950668057062392,1.1903666857147,1.03143649322647,1.06303576591394,0.982267329749863,0.869239944108582,2.15394356949264,1.06303576591394
"dps-miR-988-star_st",0.950668057062392,0.950668057062392,0.950668057062392,0.926198607499284,0.950668057062392,0.950668057062392,0.819377833387436,0.871805978284411,1.0426742367194
"dps-miR-988_st",0.989532384746977,1.14870846207455,1.05670228241754,1.14870846207455,1.15695348061009,1.29389078934993,1.23922316506451,1.12225259874847,0.812262417848605
"dps-miR-989_st",1.05701634675296,1.07200311704127,0.901382148317097,1.05701634675296,0.942595115926238,0.899018840376063,1.15228078375943,1.3491413625192,1.08989753290837
"dps-miR-993-star_st",1.23922316506451,1.15502388073928,1.06113675671907,0.786088614231531,1.31986845966967,1.32417352863333,1.23922316506451,1.29685995806291,1.32908752762604
"dps-miR-993_st",0.857891945238911,0.897633321064098,0.940252025108779,0.845020853300632,1.01695085053823,0.940252025108779,0.960557014140475,0.870816122029941,1.03046210275643
"dps-miR-994-star_st",1.08956305173041,0.615076102437371,0.965654827350699,1.01442247833795,1.05060519091952,0.906949794576184,0.869239944108582,0.900832166299034,0.950668057062392
"dps-miR-994_st",0.858575868178538,1.1816042638588,0.869239944108582,0.656466176092481,1.06026920387993,0.869239944108582,0.869239944108582,0.742189333175927,0.869239944108582
"dps-miR-995-star_st",1.43654971662899,1.46252761434594,1.13714796569649,1.24892668497135,1.2514572648057,0.836358757953178,0.947098860202751,1.44911636901681,1.61386310196514
"dps-miR-995_st",1.58678377099634,1.07200311704127,1.65419014358464,1.13894275390536,1.13894275390536,1.73522088200792,0.977375339764336,1.13894275390536,1.07200311704127
"dps-miR-9a_st",0.977375339764336,0.836358757953178,1.00353442157655,0.939780207254982,0.977375339764336,0.96238856947603,1.0059318669354,1.00743048486426,0.977375339764336
"dps-miR-9b_st",0.671691639641885,0.68344893707847,1.07585191693798,0.84876980293638,0.885802811444243,0.607576659816701,0.788925822114259,1.2145902736085,0.809082850782115
"dps-miR-9c_st",1.29871466893303,0.836358757953178,1.05061565259932,0.554110625617655,0.739481768623194,0.836358757953178,0.869239944108582,0.751408394384355,0.629914773133663
"dps-miR-iab-4-3p_st",0.995342609007451,0.836358757953178,1.0271035539492,0.961221742415253,0.913072924553037,0.913072924553037,0.913072924553037,0.913072924553037,0.662847824038212
"dps-miR-iab-4-5p_st",1.3710506307704,0.664653976211307,0.977375339764336,1.19435148391043,0.877427744227408,1.30262000821458,0.788923124046011,1.0891540590392,1.28369013222737
"dps-miR-iab-4-as-star_st",0.827483752614393,1.05078015594636,0.977375339764336,1.0274840545201,0.950668057062392,1.52083571152047,0.690490714178063,0.779029866460931,1.04344416888587
"dps-miR-iab-4-as_st",0.950668057062392,1.05333312596396,0.760618951568655,0.826251011962356,0.950668057062392,0.950668057062392,0.863284020470219,1.08338827106388,0.950668057062392
"dpu-bantam_st",1.07200311704127,1.07200311704127,1.503479974509,1.26442616437186,1.07200311704127,1.07200311704127,0.990575004087461,0.670767723108335,0.78428958053976
"dpu-miR-1_st",1.01519017649435,0.81625045818164,0.869239944108582,0.711941712853142,0.836358757953178,0.869239944108582,1.00701562727846,0.909806567923382,0.869239944108582
"dpu-miR-10_st",1.23922316506451,1.86004175273619,0.893916708695839,1.60263347794397,1.19865032636952,1.54316486300163,1.23922316506451,1.23922316506451,1.29602543705933
"dpu-miR-100_st",10.954201970039,11.3862012823644,11.1833705401083,11.1856326574997,11.1671360218868,11.1730509566028,10.9585388001934,10.9157478948768,11.2491417218227
"dpu-miR-12_st",0.863066040655122,0.863066040655122,0.624873683698544,1.28648128009631,0.748756741545909,0.836358757953178,0.766189051325138,1.40596467462174,1.16742444525807
"dpu-miR-124_st",1.26272453083909,1.28965409471329,1.12962201824697,1.26019395100474,1.26019395100474,1.26019395100474,1.23922316506451,1.51227606813571,1.17524358743592
"dpu-miR-133_st",1.27617061396207,1.55652819599801,1.33349057879166,1.30622575906199,1.45482983953233,1.54939465967587,0.960875429562076,1.30622575906199,1.26870796297383
"dpu-miR-137_st",0.757954811381782,1.2006717430963,0.762811988408221,1.05701634675296,1.05701634675296,1.05701634675296,0.943687201921355,1.05701634675296,1.09461147926232
"dpu-miR-153_st",1.17518177360766,1.17518177360766,0.893916708695839,1.88611793992079,1.06087247449845,1.13146351112145,1.41784947258108,1.1375866410983,1.13146351112145
"dpu-miR-193_st",0.690142632903896,0.913072924553037,0.838978770788491,1.12048274217193,1.35803120430132,0.922442337159771,0.748974721361005,0.913072924553037,1.11583609748573
"dpu-miR-219_st",0.791624744071104,1.11465313975137,1.05701634675296,1.07408651593657,0.736421624096048,1.05701634675296,1.17906987266546,1.11465313975137,0.883505412837998
"dpu-miR-252a_st",1.34548023868074,1.29077325305311,1.39072084859004,1.1482655276444,1.03169188853341,1.40332115903987,1.23922316506451,1.02903355249484,1.2006717430963
"dpu-miR-252b_st",1.10866556343929,1.12702326332076,1.14787719002677,1.12702326332076,1.12702326332076,1.46182764938812,1.10055964421233,1.12702326332076,1.24043842422951
"dpu-miR-263a_st",0.801556624158666,1.2914006963956,1.0027872077732,0.913072924553037,1.05575633730751,0.950668057062392,1.11075515512053,0.965654827350699,1.15438571278207
"dpu-miR-263b_st",0.964722141239366,0.913072924553037,0.870454220508356,1.1111133295652,0.950668057062392,0.913072924553037,0.822971414596228,0.913072924553037,0.833360787393908
"dpu-miR-275_st",0.863284020470219,1.03805209365456,0.950668057062392,0.693959464127576,1.15695348061009,0.919698992100651,0.659521649216322,1.08293688865751,1.2006717430963
"dpu-miR-276_st",1.01876985614313,1.37064211480934,1.28557335582437,0.934154355842045,1.2412383669111,1.2006717430963,1.26979489408217,1.2145902736085,1.2006717430963
"dpu-miR-278_st",0.977375339764336,1.07015145158782,0.977375339764336,0.946502311598174,1.26508887626585,0.836805127985063,0.977375339764336,1.35560685541966,0.977375339764336
"dpu-miR-279_st",1.21497009389819,1.51775041585889,1.08500899926978,1.54183842489644,1.3971591525106,1.84863159629651,1.37630522580458,1.43036637926671,1.83105257686803
"dpu-miR-281_st",0.877629352563193,0.997786007619929,1.30332281714502,1.03680542989077,1.01034956656468,0.950668057062392,1.13206986689724,0.67527547819742,0.775513681347285
"dpu-miR-283_st",1.10866556343929,1.36497636762161,1.07636287899921,1.03497010853341,1.06241119478455,1.03497010853341,1.07200311704127,1.07200311704127,1.05261204787139
"dpu-miR-285_st",1.08091443765127,1.21525700089525,0.950668057062392,0.950668057062392,0.809651475251233,0.950668057062392,0.950668057062392,0.832304488388959,0.880985284930042
"dpu-miR-2a_st",1.31798830566606,0.715032519540878,1.16768562151836,0.913072924553037,0.912961286178456,1.04568150017995,1.08018133420169,1.20461169266818,1.21731969078141
"dpu-miR-2b_st",0.883017779453111,0.913072924553037,0.893916708695839,0.913072924553037,1.09309266502,0.875602473275113,0.694845079785987,1.52763753034195,1.2006717430963
"dpu-miR-307_st",1.30302698124609,1.01447187324397,1.45717339921296,1.15442290077574,1.15695348061009,1.30302698124609,1.32973426394803,1.67238106722514,1.64838436124302
"dpu-miR-31_st",10.3730702330805,9.56095745694947,9.40503849878816,9.21905736374774,9.03180411552793,8.90734460171125,10.3719397040294,10.1066879296455,9.25487882102672
"dpu-miR-315_st",0.977375339764336,1.39303943931939,0.977375339764336,0.913072924553037,0.734243443623969,1.05701634675296,1.23705544627223,0.880498350434352,0.867072225316301
"dpu-miR-317_st",0.77891734613452,1.26761938283777,0.987460725629712,0.805485729787015,0.962783961042456,0.822213749263182,0.962783961042456,0.962783961042456,1.22352591748295
"dpu-miR-33_st",0.972201244348125,0.950668057062392,1.54048186549718,0.910101433247592,0.950668057062392,0.950668057062392,0.748974721361005,1.35977260088388,0.886913635786836
"dpu-miR-34_st",0.907904913849237,1.47884048797051,1.03912193088587,1.07200311704127,1.07200311704127,1.15343122999508,1.35969060137833,0.937960058949164,1.02817013659681
"dpu-miR-375_st",0.755226876337348,0.996963901688146,1.10425962366869,0.526092454384815,0.755226876337348,0.857891945238911,0.857891945238911,1.2145902736085,0.857891945238911
"dpu-miR-7_st",2.04437855954455,1.71481188650311,1.30849563953026,1.72873041701531,1.00853348355143,1.60351084308533,2.10254730656352,1.72873041701531,2.56349801530417
"dpu-miR-71_st",1.10866556343929,1.2006717430963,1.14532800983731,1.26442616437186,0.836358757953178,0.950668057062392,1.47399900380829,1.06556214490996,1.10866556343929
"dpu-miR-745_st",0.760618951568655,1.11324501709579,0.929814130356376,0.886913842740824,1.06497735617161,0.950668057062392,1.19789175233078,0.950668057062392,0.950668057062392
"dpu-miR-79_st",0.857891945238912,1.05093867814237,1.05093867814237,1.03143649322647,0.977375339764337,0.755377015031254,1.12726692691428,1.03501213276274,1.22374301819412
"dpu-miR-8_st",1.28421731602733,1.16221319468892,0.994934766045404,1.20604617513338,1.16221319468892,1.12933200853352,1.28421731602733,1.07200311704127,1.08078508173511
"dpu-miR-9_st",0.874910179921383,0.836358757953178,0.836358757953178,0.836358757953178,1.10287614520743,0.728669732329309,0.77221302978868,0.65633901748622,0.759638797291049
"dpu-miR-92_st",9.57886351033853,9.5190426608707,9.41927255600928,9.51444579237945,9.48306025951424,9.28936040490841,9.52690425321535,9.30465852017702,9.68993004391559
"dpu-miR-96_st",0.950668057062392,0.950668057062392,1.03143649322647,1.14870846207455,0.73641116241625,0.950668057062392,0.892655395416993,1.64913468157532,0.950668057062392
"dpu-miR-965_st",1.25677382018733,0.969893338839047,1.03143649322647,1.03143649322647,1.0616504606049,0.890419911415311,1.23922316506451,1.1260642705034,0.96175372109412
"dpu-miR-981_st",0.857891945238911,0.845328386294156,0.994971921198346,0.857891945238911,0.972201244348125,0.857891945238911,0.658349887007364,0.857891945238911,1.1765420425339
"dpu-miR-993_st",1.22914136257567,1.45495562954756,1.16634214092516,1.15011640223096,1.21931127045947,1.52416339806705,1.51433931460796,1.40426221878585,1.29602543705933
"dpu-miR-iab-4-3p_st",0.857891945238911,0.94989812489592,1.2902400581847,0.598860611997965,1.39187063410108,0.837586956207215,0.869239944108582,0.913072924553037,0.662847824038212
"dpu-miR-iab-4-5p_st",1.01025652591974,0.869239944108582,0.869239944108582,1.26897368482213,0.869239944108582,0.739133788955873,0.869239944108582,0.776604240233798,0.792519983446453
"dre-let-7a_st",13.5304846544622,13.4353036670698,13.5068675702438,13.431547359558,13.0699431586175,12.8800696193892,13.5328653973833,13.3367234282584,13.5109675347527
"dre-let-7b_st",13.7855651870164,13.9253645047438,13.8613530066682,13.8660707240545,13.7727334606538,13.7727334606538,13.8095729326003,13.7687024418953,13.5774594300854
"dre-let-7c_st",12.5549943600632,12.4255249950876,12.521654966231,12.3412539266184,12.0691141193131,12.0069276511567,12.6574283533642,12.3513462613693,12.4088683604305
"dre-let-7d_st",4.9165195787274,4.69023852527154,4.0333474639216,4.59575319834008,3.61874075017924,3.53659377274241,5.16652097062268,3.89230855224208,4.0333474639216
"dre-let-7e_st",3.94296775975857,3.78003847354135,2.56466999549098,2.9153786199805,2.11965291448428,3.17504555261626,3.17504555261626,3.36673654136721,3.48933620701616
"dre-let-7f_st",9.33638177839895,9.47920136366605,9.20275224680986,9.20113982523329,8.76513503193445,8.44634779986669,9.36009823528417,8.82528716490737,9.55313521385198
"dre-let-7g_st",7.19358476417736,7.15248681638052,6.98949214191427,7.01427348873584,6.60177622595872,6.5302181043335,7.34858860921831,7.11018369889253,7.13034660629666
"dre-let-7h_st",4.69852472969323,4.09424295253155,3.64148229433066,3.12035920762477,3.4067075139301,3.14415398506732,4.30983358963525,4.49800150703494,3.24736945598202
"dre-let-7i_st",10.0133502904742,10.0013308328725,9.97077133288501,9.96336726439136,9.78016229804194,9.57519288630696,10.1386172837211,9.77763176285763,10.1588101179784
"dre-let-7j_st",1.97851980082081,1.66160422337553,1.31586501538669,1.66160422337553,1.66160422337553,1.62221685256548,1.66160422337553,1.74320667137525,1.72928814086306
"dre-miR-1_st",0.966758276626376,1.05414231321855,0.783389628418875,0.805485729787015,0.727889832262923,1.08076717788079,0.805485729787015,1.00567541383247,0.731922391408978
"dre-miR-100_st",11.6088997552209,11.682574263001,11.6165887561647,11.4910418668887,11.5632147589876,11.5951025749635,11.5586951686671,11.5626066109026,11.5752726110623
"dre-miR-101a_st",2.20474442080621,2.15418177205924,0.977375339764337,1.68651991878193,2.33777057649218,2.97662244341462,2.79470903709358,1.56815635010849,2.99623556702702
"dre-miR-101b_st",1.01976594512293,0.925545547982252,1.9808715171436,1.0747956140465,0.717266951879917,0.925545547982252,1.06656212979341,0.82417330623668,0.983103498724913
"dre-miR-103_st",13.2825948931821,13.230135777343,13.2089866963166,13.2457174277669,13.3857623672476,13.4159861384622,13.3029947187436,13.3289907042559,13.1979220817738
"dre-miR-107_st",12.8990027698435,12.804196612113,12.8268610482494,12.7833486912915,12.8803987588345,12.9347128023569,12.949845537407,12.8675581795161,12.8287163299219
"dre-miR-107b_st",12.5421366300992,12.3924015901774,12.4886942349508,12.4867298383286,12.5106909884161,12.5589635151,12.5242498754443,12.4671789626964,12.5830781464488
"dre-miR-10a-star_st",1.10866556343929,0.977375339764336,0.977375339764336,1.03143649322647,0.549432663129457,0.777086439547542,1.34295412608054,0.89873349935442,0.977375339764336
"dre-miR-10a_st",1.41882739609474,1.54939465967587,1.64621903552534,1.52854073296985,1.54939465967587,1.01047170135319,1.54939465967587,1.54939465967587,2.47306187628109
"dre-miR-10b_st",1.47004792313284,1.83908773876982,1.24074419900647,1.63930395197925,1.54939465967587,1.30747096309944,2.10254730656352,0.88938718821544,1.61612142376883
"dre-miR-10c_st",1.15323709152521,1.24601320334869,0.836358757953178,1.00728685913944,1.11327385239744,1.13192767389219,1.15323709152521,1.49938242596523,1.24601320334869
"dre-miR-10d-star_st",1.10407582932598,0.961406115228516,0.702324750708818,0.973969674173272,1.38194843342236,1.03232769906705,0.917458665747261,1.31774390662583,0.869239944108582
"dre-miR-10d_st",1.10866556343929,1.15695348061009,0.939216938136805,1.52854073296985,1.36626740127028,1.24190384417891,1.15695348061009,1.07200311704127,1.15695348061009
"dre-miR-122_st",1.06878200234013,0.843444675379274,1.93096462246065,0.869239944108582,1.31419822385687,0.706662984075182,1.08697648658187,0.779029866460931,0.759672948619051
"dre-miR-124_st",1.24185509333816,1.2006717430963,1.24185509333816,0.991974548863175,1.62184384384702,1.74965419216449,1.46487262935546,1.50993271531257,1.17321028077128
"dre-miR-125a_st",8.15987928944238,8.04377022983494,7.11228720919471,8.09991908290132,7.08900907156129,7.5546968060885,7.93305989818607,7.60480379308329,8.28767608456807
"dre-miR-125b_st",11.326810159,11.1843539480556,11.2099929452404,11.1843162107771,11.0809877967594,11.0558758076252,11.2528250164858,11.1843539480556,11.1996334447526
"dre-miR-125c_st",7.2263066293548,7.14231046118064,7.05071672013077,6.91658748972174,6.96659001308208,6.92479752764639,7.12188887636772,6.94767285774643,7.3281185431057
"dre-miR-126-star_st",0.923314186302203,0.949934253513191,0.977375339764336,1.2911334470738,1.01794196357914,0.865757644984238,0.977375339764336,0.977375339764336,0.977375339764336
"dre-miR-126_st",1.08203108759295,0.950668057062392,0.973895691937191,1.53832751318954,0.941014505781786,0.922246475250862,1.06410576958484,1.50544632703413,0.973895691937191
"dre-miR-126b-star_st",1.10866556343929,1.56960256461557,0.773861177371924,1.14870846207455,1.40332115903987,0.873249319199072,1.15442642854035,1.09012401332905,1.25473906407528
"dre-miR-126b_st",1.07200311704127,1.1719507125782,1.09871039974321,1.07200311704127,1.11409698967822,1.20356906958748,0.981901607084461,1.07200311704127,1.02817013659681
"dre-miR-128_st",5.9228406580944,6.07829267852929,6.07829267852929,6.18416840820479,5.54386215796257,5.54746575405887,6.24209004497351,5.95659468225924,6.71312221419991
"dre-miR-129-star_st",1.49254543523511,1.46383629728253,1.35925294397426,1.58045442743959,1.15695348061009,1.42133953395097,1.49254543523511,1.58045442743959,1.87605759539953
"dre-miR-129_st",1.62652708823582,0.951942946771555,1.00659555761482,1.4293438413791,1.58107917796369,1.38015940980604,0.972180650556949,1.54939465967587,1.54939465967587
"dre-miR-130a_st",9.03155870834048,9.11672342118743,9.27557411067568,9.42659769729901,9.120348763608,9.16335386522608,9.34304484365353,9.21376018941743,9.46199456955746
"dre-miR-130b_st",6.22478636366436,6.07618233990042,6.32472573768387,6.32786349111212,5.101414724595,5.94783583068888,6.34248122639494,5.72099431953567,6.39122782376037
"dre-miR-130c_st",4.03197967173206,4.196246830351,4.43057461203455,4.96414294577206,3.51142259459981,3.63836998594883,4.13842123394644,4.17229584254407,4.53751376490444
"dre-miR-132-star_st",0.977375339764336,0.977375339764336,1.07732293530126,0.977375339764336,0.73641116241625,0.565290838072545,0.869239944108582,1.40079057920553,1.07200311704127
"dre-miR-132_st",6.75212753560479,7.02216612412709,6.63328466757898,6.66551961292954,6.75212753560479,6.69520934223542,6.91649192849885,6.75212753560479,6.81614165468113
"dre-miR-133a-star_st",0.825010759083507,0.836358757953178,0.836358757953178,1.00769188026339,0.809651475251233,0.836358757953178,0.869239944108582,0.764028043110089,1.12933200853352
"dre-miR-133a_st",1.10866556343929,1.03143649322647,1.36275453522507,1.36022395539073,0.931488897689542,1.03143649322647,0.744510398402749,0.993841360717116,1.06431767938187
"dre-miR-133b-star_st",0.964957794313507,0.977375339764336,0.823941212502348,0.977375339764336,1.13630553225257,0.863066040655122,1.23922316506451,1.09305938514014,1.13630553225257
"dre-miR-133b_st",1.58543186943029,1.33049415484974,0.881080553792596,1.36909969982006,1.17402196454677,1.16879409029411,1.48807367014117,0.779029866460931,1.07200311704127
"dre-miR-133c_st",1.55830177952407,1.17810067206261,1.24185509333816,1.23574941975852,1.24185509333816,1.33463120516165,1.37241269496338,1.14921938946338,1.08385758696126
"dre-miR-135a_st",1.00408262246628,0.908300772393571,1.0411295540859,0.977375339764336,0.977375339764336,1.15695348061009,1.43391295569292,0.684402089183998,0.786346079992994
"dre-miR-135b_st",0.758566643617722,1.19770010640826,0.746003084672967,0.708970076165104,0.73641116241625,0.947696420374354,0.809668248991967,0.65633901748622,0.65064939070994
"dre-miR-135c_st",1.00256721396243,1.2006717430963,1.07200311704127,1.84612355341809,1.07200311704127,1.07200311704127,0.921626940277954,1.07200311704127,1.21277334812402
"dre-miR-137_st",0.995062250373268,1.00830409636118,1.00830409636118,0.913072924553037,1.09325445993001,1.08794510334981,1.03686062353225,1.20842293247041,1.33243838018085
"dre-miR-138_st",5.18930431862504,4.75245892852042,4.40031932045085,4.55348677896993,5.02268054364447,5.5215963510998,5.12455523568087,5.18512103148506,4.29417382172138
"dre-miR-1388-star_st",0.964314091417401,1.07200311704127,0.747383353382298,0.854512925296388,0.920595828931193,0.944009102385705,0.976877650362156,1.16443292752663,0.964314091417401
"dre-miR-1388_st",0.786569853870359,0.91400561066437,0.865717693493569,0.950668057062392,0.950668057062392,0.950668057062392,0.977375339764336,1.18013851269702,1.09331463242254
"dre-miR-139_st",1.07200311704127,1.01444516629861,1.07200311704127,1.14870846207455,1.1198266075771,1.37106465241245,1.11055453900948,1.07200311704127,0.919665329968776
"dre-miR-140-star_st",8.27427680299247,8.20830813594531,8.23224995478039,8.31392798971299,8.65013702107548,8.66385542077157,8.41720192393743,8.37314740758982,8.03084206311831
"dre-miR-140_st",3.73170172128758,3.73170172128758,2.19936726466415,3.37031214213614,3.19386462641906,3.85403473667106,4.0333474639216,2.91876836536233,3.97312363557234
"dre-miR-141_st",6.05445658483384,5.9175880856816,6.09436568840742,6.09436568840742,5.51157450193306,6.23877135242636,6.13788680144264,6.10505990280419,6.5120674996644
"dre-miR-142a-3p_st",0.96963231016079,1.12868608483188,0.957068751216035,1.12609091412373,1.0423079473951,1.05701634675296,0.861550553905971,1.39260830137798,1.07200311704127
"dre-miR-142a-5p_st",0.931568442285962,1.05701634675296,1.05701634675296,1.01644972293816,1.54939465967587,1.05701634675296,1.14286666244267,1.05701634675296,0.869239944108582
"dre-miR-142b-5p_st",1.23922316506451,0.861032415437592,1.02764087228504,1.18681694961261,1.16093336354589,1.02764087228504,1.02764087228504,1.02764087228504,0.881567371649043
"dre-miR-143_st",1.10866556343929,0.836358757953178,0.779607409586625,0.636169073907722,0.836358757953178,0.836358757953178,0.836358757953178,1.01302052008997,0.762795419575141
"dre-miR-144_st",0.825688887960864,1.11506092234429,0.836358757953178,0.913072924553037,1.07200311704127,0.913072924553037,1.23922316506451,0.79818608231813,1.00507910421005
"dre-miR-145_st",0.967368007615493,0.939615662006217,0.915718790929165,1.14870846207455,0.915718790929165,0.915718790929165,1.17555156935716,0.915718790929165,0.7422078570142
"dre-miR-146a_st",0.944052456634297,1.07515475571268,1.03143649322647,0.993841360717116,1.03143649322647,0.954722326626611,0.987603512782015,1.28480571584301,1.03143649322647
"dre-miR-146b_st",1.19163223441048,0.950668057062392,0.789189866705672,0.57831841477006,0.950668057062392,0.950668057062392,1.02904162073926,1.05833974314962,1.00115225706504
"dre-miR-148_st",1.10866556343929,1.330157303623,0.9151057238336,1.22449855227838,0.847053619085244,1.02942081700508,1.1347411034223,1.10613498360494,1.10613498360494
"dre-miR-150_st",0.748974721361005,0.828182486868486,1.52906892166109,1.31999160122858,1.28131703770146,1.12491386595529,1.23922316506451,0.865652938146411,1.15998197772258
"dre-miR-152_st",3.15811934997304,2.28566469437286,2.2636568556636,3.4941006984826,2.79817395808407,3.15811934997304,3.83167991178012,3.46404969834685,3.38027657785427
"dre-miR-153a_st",1.06998791519468,0.682713576646904,0.977375339764336,1.22651422849976,0.923173930614469,1.03143649322647,1.03143649322647,1.15277155320535,1.03143649322647
"dre-miR-153b_st",0.958673972209662,1.29293800013494,1.51053634012069,1.07200311704127,1.53459452143791,1.05701634675296,0.808050802423955,1.07200311704127,0.975212143788434
"dre-miR-153c_st",1.40332115903987,1.62734347905793,1.45738231250201,1.64715825763531,1.26230457722872,1.30338402518274,0.995342399790786,1.08228483676176,1.54239311548911
"dre-miR-155_st",8.36410023262772,8.70829042612721,8.41315524335743,8.37561203526564,8.39263708805415,8.26214701253293,8.55320125159334,8.41599826712416,8.69030274411261
"dre-miR-15a-star_st",0.993859038366439,1.08396054832325,1.37898587913347,1.15303511569401,1.08396054832325,0.950668057062392,1.08396054832325,1.29935683369177,1.11684173447865
"dre-miR-15a_st",1.03438171403553,1.15232655054358,1.28131703770146,1.07089843758977,0.912900931212866,1.24354991185193,1.59880883799216,1.03423599119174,0.908701888471878
"dre-miR-15b_st",7.13637999236394,6.94046596860196,5.98002389708986,6.55105323628132,5.40803183504498,5.68628028075016,6.91451603881172,6.55105323628132,6.68264716179841
"dre-miR-15c_st",1.40332115903987,1.47853733617421,1.07706629075182,1.26442616437186,1.54939465967587,0.892838912012098,0.977375339764336,1.18556408559388,1.11099203710987
"dre-miR-16a_st",7.07165957215152,6.6643130866403,6.5413426462327,6.53301065754442,6.27686835925806,6.54202853005146,7.17104490473824,6.56097997717749,6.5120674996644
"dre-miR-16b_st",6.5318075455713,6.4221260260189,5.94025150873633,6.37200260831862,5.80572021508319,6.37200260831862,6.77120921228496,6.47075143647158,6.1551604222611
"dre-miR-16c_st",2.58777031550334,1.57675900494922,1.10866556343929,1.54939465967587,1.4299211181718,1.54939465967587,2.10359953126718,1.31375912215435,1.6906630746123
"dre-miR-1788-star_st",1.46001880325811,0.82702393541674,1.40332115903987,1.26442616437186,1.43707763863402,1.10642865799496,1.10055964421233,1.5321815762146,1.26442616437186
"dre-miR-1788_st",0.950668057062392,0.950668057062392,1.26338942061542,1.27810697270242,0.836358757953178,1.03302813693226,0.977375339764336,0.791092182786161,0.950668057062392
"dre-miR-17a-star_st",0.953022084975276,0.991347158138585,1.34996210709501,0.931488897689542,0.73641116241625,0.823799872065673,1.18540460795655,0.859254367445079,0.854768937027413
"dre-miR-17a_st",12.2964938290116,12.126123686275,12.088069959095,12.2111988574417,12.1978799743384,12.1764525139505,12.2989843305803,12.2438627312029,12.3453552158556
"dre-miR-181a-star_st",5.51700676878862,5.52157170731038,5.7911302066485,6.0150033971487,6.26647451884164,6.52871661777092,5.81524617176765,5.76920554620107,5.87564149973754
"dre-miR-181a_st",10.6919604675458,10.7570406483944,10.5087773775281,10.6390903725701,10.7478700182299,10.809514886439,10.7349955863819,10.7003232160569,10.6617216202693
"dre-miR-181b_st",9.9481352812958,9.80299692054007,9.97823570834284,9.82220420133497,10.0236324998131,10.1244919451013,9.97823570834284,9.98012974882101,9.97823570834284
"dre-miR-181c_st",9.48414653448414,9.55349412097876,9.49014402695502,9.44063706463904,9.50476285274544,9.71794849614463,9.50476285274544,9.42385788593532,9.61171630319626
"dre-miR-182-star_st",0.70836285561769,1.40343491602899,0.977375339764336,1.03143649322647,1.43385841782789,1.13011650664691,1.2171034448111,1.07200311704127,0.800205421105849
"dre-miR-182_st",8.65679397939991,8.77566510096281,8.65679397939991,8.7484591664671,8.14603358205403,8.05234251787676,8.74255041210055,8.55287846479756,8.90023302233682
"dre-miR-183_st",7.617028605805,7.79831484406258,7.54388374453086,7.58411554905027,7.29809135134764,7.33456043429417,7.67661738282424,7.57358318090715,7.80120842157256
"dre-miR-184_st",1.09314966442851,1.75413110221768,1.32887531026796,2.00577916644303,0.931035784802706,1.40332115903987,1.38246723233386,1.40332115903987,0.84545687814221
"dre-miR-187_st",0.857891945238911,0.94989812489592,0.759638797291049,0.698961752750679,0.909325286200933,0.857891945238911,0.857891945238911,0.800563053746665,0.771765047916119
"dre-miR-18a_st",10.324187122081,10.0415068842484,10.1519207072163,10.261091732946,10.2920394808688,10.2123206601336,10.4140401994633,10.2590455646377,10.2361377002201
"dre-miR-18b-star_st",1.91784900676765,1.34357871737434,2.40845218984018,1.82325078230307,1.5823718705762,1.5823718705762,1.89674667247422,1.16410665354641,1.29602543705933
"dre-miR-18b_st",2.01033166085215,2.15418177205924,2.27382861887143,3.04965869635537,1.5029426920924,1.71442707441845,2.15418177205924,2.07317975272117,2.90453873374882
"dre-miR-18c_st",1.2145902736085,1.50320376223089,1.2145902736085,1.40079057920553,1.51683347319211,1.16676678307267,0.991293870276535,1.2145902736085,1.17603885164029
"dre-miR-190_st",1.28901185993066,1.07902887791093,0.707322440031769,1.15011686526264,0.836358757953178,0.957693817932056,1.12491386595529,0.664720567351717,0.957693817932056
"dre-miR-190b_st",1.23410924683115,0.700689685160484,0.913072924553037,0.913072924553037,0.73641116241625,0.813135790695908,1.10055964421233,0.913072924553037,0.950668057062392
"dre-miR-192_st",5.37089824251211,5.59864651236851,4.40164151199872,5.48683083392022,3.9035739901236,5.08557487917911,5.37089824251211,4.78747504437168,5.78938768846863
"dre-miR-193a_st",1.60839620881335,1.24611080722626,1.52493757774486,1.20554418341146,0.899676713291757,1.35969060137833,1.35969060137833,1.28735988653524,2.27725407517537
"dre-miR-193b_st",4.87712966701054,3.04159168113705,4.04658123544084,3.97981908337279,2.74292991259837,3.22784628893027,3.97144114355497,2.7319427119343,3.55307235821782
"dre-miR-194a_st",7.8310400039286,7.88406967590188,7.68238547968435,7.79761054949694,7.79761054949694,7.72067793610787,7.79761054949694,7.79761054949694,7.81076218780052
"dre-miR-194b_st",2.31266989167234,2.01498080330244,0.977375339764337,1.98338153061496,1.8759088468532,2.62212325618624,1.98338153061496,1.37529438372933,2.5681790038823
"dre-miR-196a_st",0.933542359319881,0.905792844649895,1.24347075197671,0.945954110708442,0.869239944108582,0.869239944108582,0.869239944108582,0.779029866460931,0.842722292539463
"dre-miR-196b_st",0.913072924553037,0.950668057062392,0.913072924553037,0.790400666493745,0.791592141730375,1.0342812225508,1.02267407137057,1.1173018486475,0.913072924553037
"dre-miR-196c_st",1.08006364950766,0.960311043533423,1.5937202298315,1.14870846207455,1.08006364950766,1.08006364950766,0.76079635573959,1.08006364950766,1.02629273539147
"dre-miR-196d_st",0.933542359319881,0.736568841875158,0.903654851166453,0.723289711722812,1.07200311704127,0.836358757953178,0.869239944108582,0.667687016355891,0.869239944108582
"dre-miR-199-star_st",1.2006717430963,1.47793783678989,1.50097738930435,0.992885071258264,1.03345169507306,1.08636244398709,1.10055964421233,1.65079426523943,1.2006717430963
"dre-miR-199_st",1.1369677431671,1.45561784046209,1.52709432171695,1.5144150306722,1.56321588310384,2.29197704232967,1.61463669874412,1.38853435163622,1.29602543705933
"dre-miR-19a-star_st",0.658873211404196,0.748974721361005,0.66953728733424,1.48691747652832,0.646309652459441,0.748974721361005,0.748974721361005,0.779029866460931,0.662847824038212
"dre-miR-19a_st",6.64088126164819,6.60556881329161,6.45655251035579,6.63972938646026,6.29130903363702,6.29177490130899,7.07082789601761,6.65053880577665,7.05861525381807
"dre-miR-19b-star_st",0.869239944108582,0.869239944108582,0.582313849284861,0.925750952534593,0.826621240063901,0.534165855741318,1.10055964421233,0.869239944108582,0.869239944108582
"dre-miR-19b_st",11.2008108627974,11.2902800407243,11.117903783374,11.0581367702793,10.7624359719731,10.7534591304376,11.2748874466474,11.0752618943871,11.2308163241043
"dre-miR-19c_st",8.07811459513187,8.3024552047803,7.83932872251837,8.0711478116975,7.83829442439463,7.82083791548735,8.10586733905812,8.03990865851495,8.21893628841521
"dre-miR-19d_st",8.12580854735041,8.26666211205602,7.95841671959428,7.95123888781888,7.58538106016363,7.67303942711339,7.94282597477374,7.45434887447633,8.29279669782989
"dre-miR-200a_st",6.47830537452197,6.31093558999366,6.02570693841268,6.5818223804384,6.49315416872566,5.96560280062666,6.80123899601376,6.47830537452197,6.78867228674418
"dre-miR-200b_st",7.14714263252964,7.15675147942792,7.00303980926388,7.07245785718641,6.47114323251192,7.11421567309912,7.50249628416265,7.0903232873594,7.47624908064206
"dre-miR-200c_st",6.38690499602576,6.4561043267791,5.92660369653126,5.95530568512963,4.98779263121375,5.96406790935362,6.39633922579164,5.54052244401914,6.55987241110599
"dre-miR-202-star_st",0.977375339764336,0.869239944108582,0.869239944108582,0.744822899008546,0.769292348571654,0.6517497523637,1.01025652591974,1.22593827247817,0.695729010193617
"dre-miR-202_st",1.26442616437186,1.35671401447425,1.26442616437186,1.89774625516449,1.28131703770146,1.21277694768553,0.977375339764336,0.984823133780664,0.950668057062392
"dre-miR-203a_st",0.950668057062392,0.950668057062392,0.829332997083513,1.02737340209567,1.21718544431665,0.935681286774085,0.856040279785458,1.21718544431665,0.904821124566425
"dre-miR-203b-star_st",1.05653143742289,0.914354722037981,1.00481642601548,0.978109143313537,1.16628249171719,0.950668057062392,1.16559586297283,0.920780251821291,0.901389182651408
"dre-miR-203b_st",1.2316755738078,1.00570862842782,1.3571763792509,0.881291583327786,1.09065899199664,1.00570862842782,0.802945455495134,0.913072924553037,1.00570862842782
"dre-miR-204_st",1.26301733708129,1.52412417984542,0.950668057062392,1.12959177088412,1.18400652251212,1.28366528543881,1.14191264987517,1.19871492186999,1.19871492186999
"dre-miR-205_st",13.0772676032863,13.1138041802886,13.1944133018692,13.1279281134568,13.1548589456966,13.1803549662484,13.13372670605,13.0659132284237,13.2360340070558
"dre-miR-206_st",0.977375339764336,0.913072924553037,1.13056311629792,1.0688335254856,0.862485494323513,0.755075418176137,0.782516504427283,0.913072924553037,0.984489615661927
"dre-miR-20a-star_st",1.23922316506451,1.07200311704127,1.07200311704127,1.07200311704127,1.15264841164643,0.87203901988783,0.869239944108582,1.08592164755347,0.950668057062392
"dre-miR-20a_st",12.971819737657,12.915983115733,12.8292697133151,12.8798796297243,13.0484930861168,13.0643473047313,12.9510419759364,12.9510419759364,12.9057782805071
"dre-miR-20b_st",11.7955356759745,11.8049168759703,11.7575487834234,11.9433064266476,11.8373757933744,11.9023775875738,11.7973954873853,11.8588629444249,11.8826857988869
"dre-miR-21_st",5.7147847296377,5.8284658479332,5.35631609030857,4.68276340803569,6.09552418928459,6.94330666694908,6.09895820206959,5.33560677924936,4.95521750411607
"dre-miR-210-star_st",1.00231727374872,1.29602543705933,0.910101433247592,0.910101433247592,0.646309652459441,0.950668057062392,1.42219244327928,0.913072924553037,0.950668057062392
"dre-miR-210_st",7.74510470849748,7.85352184733249,7.87885422685866,7.97228474006221,8.56579714169577,8.63456991269265,8.13885094635564,7.85892558015935,7.32934886439252
"dre-miR-212_st",1.05186329144447,1.10866556343929,1.10866556343929,1.17279715682411,1.08451830065757,1.31797948409948,1.43481580395076,1.10866556343929,0.997744747352302
"dre-miR-214_st",1.51632856043654,1.57329153075292,0.80797877853562,0.941056975152791,2.35205922667836,1.08623930242817,1.56987214570357,1.65067112368052,1.28131703770146
"dre-miR-216a_st",1.21089811170929,1.0029285496705,0.977375339764336,1.07200311704127,1.07200311704127,1.05701634675296,1.66160422337553,1.07200311704127,1.07200311704127
"dre-miR-216b_st",1.17906867546572,1.37230993369776,0.950668057062392,1.32034665267601,0.910704817934618,1.13024619790815,0.950668057062392,0.779029866460931,0.931276987892509
"dre-miR-217_st",1.40332115903987,0.900669994731056,0.928111080982201,0.973958013478167,0.779334934752177,1.05701634675296,0.977375339764336,0.93814044600898,1.13631435381915
"dre-miR-2184_st",0.763961491649311,0.74482961028331,1.07200311704127,0.947586071941234,1.27465253298484,1.15695348061009,1.11554641450064,1.14871728364113,1.07200311704127
"dre-miR-2185-star_st",0.666705036906591,1.15695348061009,1.24185509333816,1.15695348061009,0.861928149799872,1.15695348061009,1.28470363437442,1.15695348061009,1.38097580062815
"dre-miR-2185_st",1.47233864512971,1.49137829653896,1.32932467502131,1.32638841274394,1.45080545784398,1.45080545784398,1.23922316506451,1.68644981693207,1.70870849551387
"dre-miR-2186_st",0.881954011547533,1.07200311704127,0.90276786717144,0.954460520833316,1.40759507166629,1.06426168695433,1.10055964421233,1.08592164755347,1.07200311704127
"dre-miR-2187-star_st",1.23922316506451,1.40574378422958,0.676729161078898,1.02957526050182,1.3651709455346,1.05701634675296,1.23922316506451,1.03385290353599,0.952869915468537
"dre-miR-2187_st",0.977375339764336,1.43703915058044,1.23312982892786,0.523637394400148,0.73641116241625,0.902543870839068,0.950668057062392,0.779029866460931,0.968525562697117
"dre-miR-2188-star_st",1.06876877247639,1.11102334343491,0.893190794539888,0.941052971721862,0.920631880791034,0.728669732329309,1.15395389834422,1.08364012828909,0.941052971721862
"dre-miR-2188_st",0.830402834314814,0.950668057062392,0.901483625489328,0.950668057062392,1.06497735617161,0.733177865317509,0.981883472752537,1.40529871219373,0.950668057062392
"dre-miR-2189_st",0.902408848622993,1.2006717430963,1.00045696114521,0.86537584011513,0.810407855651473,0.929963797882641,0.990663669881254,0.913072924553037,0.831644811599228
"dre-miR-218a_st",1.83014221958264,1.69564637029802,0.89990498305437,1.39783239233696,1.15695348061009,1.73107691343798,1.00264617207368,1.22614469318225,2.34989780523586
"dre-miR-218b_st",1.5873334569737,1.2006717430963,0.912116635094186,1.07515475571268,1.2006717430963,1.2006717430963,1.38287856140784,1.45404096571284,1.2006717430963
"dre-miR-219_st",0.7230238190593,1.32941097469586,1.13533573434645,0.84719111301909,0.799743779721429,0.813135790695908,0.913072924553037,0.913072924553037,0.913072924553037
"dre-miR-2190_st",1.10866556343929,0.86268919638108,1.56797259107905,1.31922681230966,1.07200311704127,1.24364130764273,0.984619080449097,0.912323265644126,1.29602543705933
"dre-miR-2191_st",0.877629352563193,1.18198775716614,1.47317479344192,0.850188266312048,1.51263673780521,1.10055964421233,1.10055964421233,1.07200311704127,0.990958497394801
"dre-miR-2192_st",0.977375339764336,1.03143649322647,0.978467363692167,1.14975770856735,0.950668057062392,0.987893195767098,1.03143649322647,1.28682896528725,1.54939465967587
"dre-miR-2193_st",0.694614990404833,0.950668057062392,1.44389399773486,0.950668057062392,1.03805209365456,0.764050893483672,0.950668057062392,1.21718544431665,0.950668057062392
"dre-miR-2194_st",1.07732133578466,0.997091269669467,0.984685631909875,0.933097282877008,0.960538369128154,1.05701634675296,0.897301595317701,0.927356740417628,0.984685631909875
"dre-miR-2195_st",0.910435702900251,1.07200311704127,0.836358757953178,1.06375809850573,0.872461058809722,1.31837079547105,1.10055964421233,1.07200311704127,1.22060719751161
"dre-miR-2196_st",1.10866556343929,0.985782173330149,0.904724688397753,1.45895552940413,1.07200311704127,1.15695348061009,1.22189470419121,0.648472264835717,0.697961940305969
"dre-miR-2197_st",1.23922316506451,0.974564928139443,1.15998197772258,0.910101433247592,0.850720461525464,0.935681286774085,0.663741962238671,0.950668057062392,0.950668057062392
"dre-miR-2198_st",0.924814109105372,0.899018840376063,1.24185509333816,1.26442616437186,0.836358757953178,1.0304084445587,1.75877307411096,1.05701634675296,0.856897510643738
"dre-miR-220_st",1.26116747764407,0.751007348552199,1.28278386425332,0.935017237132605,1.17940283353595,0.952134883614252,0.97261236964196,0.908309954430661,1.3179697496389
"dre-miR-221_st",12.453832617537,12.3694898462112,12.4219688647015,12.3406854937953,12.3658650500975,12.3205319767079,12.477895922208,12.3400797114151,12.4161818299199
"dre-miR-222_st",13.3505533544035,13.4978858898397,13.4136435812562,13.511586445012,13.4887351478835,13.5359043186883,13.3703471253889,13.3656454771857,13.3121243808002
"dre-miR-222b_st",3.09652254980382,2.88553651469457,2.96556926756416,2.87715933145132,2.41501897225128,2.5052694195683,2.87715933145132,2.6304152576198,2.97487516301151
"dre-miR-223_st",2.21308812251007,1.74499709765229,1.85229281963284,1.95551126269789,2.80455791539605,2.43852277870857,2.13033093033899,2.21308812251007,2.21649157727076
"dre-miR-22a_st",7.639384321245,7.69224890523982,7.79840675059689,8.03735933482766,7.67947892530848,7.82631225385296,7.96340962821681,7.75460217357058,8.21973206553407
"dre-miR-22b_st",7.17869393149561,6.97103585526596,7.29042376517659,7.3116243196415,6.82140179978462,6.91001027534843,7.27242683152534,6.72734627176927,7.1020389663186
"dre-miR-23a_st",13.4375144772168,13.4527136082035,13.2749870298212,13.4060804261106,13.3287595190285,13.3242768929978,13.4781207709813,13.4084191704764,13.5580410316526
"dre-miR-23b_st",12.4180734010369,12.3573603136144,12.151582257365,12.2942628372044,12.2290166882949,12.2566134763499,12.3763749905478,12.3468660779529,12.4251249707543
"dre-miR-24_st",13.4933749884353,13.4083803015106,13.4316150309844,13.4933749884353,13.6028058670578,13.583392684746,13.4944162653058,13.4988770760125,13.4151961637003
"dre-miR-25_st",10.2063264749396,10.3313436053965,10.221065880965,10.2263358203471,9.73675023381332,9.67704197822758,10.2758547687069,9.93970509285948,10.1260489665594
"dre-miR-26a_st",12.1361086270305,12.3659591340919,12.1998733289713,12.3050619800473,12.1316261294126,12.1535443124621,12.2087494993447,12.1365830604858,12.229591078922
"dre-miR-26b_st",7.79233548866671,7.97760491620157,7.35699402012071,7.52213956281472,6.87491771590904,7.1283938210063,7.5732907328687,7.63146983684534,7.27656825754206
"dre-miR-27a_st",11.0274920470727,10.7673963301693,10.783730767863,11.0845817399901,11.504024174847,11.5390203331379,11.2273669570853,11.1129051943011,11.4179118331277
"dre-miR-27b_st",10.1310608506121,9.92631352499659,9.67968905331386,9.91784044703314,9.61562505565072,9.53666366313078,10.113145734405,9.97839312958252,10.2174585298221
"dre-miR-27c-star_st",1.04537866489821,0.933339596189099,0.950668057062392,1.10055964421233,1.21486894332155,1.32917824243076,1.10055964421233,1.14112626802713,1.10055964421233
"dre-miR-27c_st",2.03685108927782,2.64804344546041,1.65972681989498,1.79027357140273,1.30723882527298,2.15966867097577,2.25516496682645,2.32322559493987,2.17592304572706
"dre-miR-27d_st",5.4315833029385,5.31913607909684,5.3668389061079,4.78640112288956,4.85677880007932,5.06146565683615,5.66526154095187,5.03679808499724,4.74852906828491
"dre-miR-27e_st",3.35517758225255,3.93601670008704,2.36677652425142,2.85557711568462,3.36678233592197,3.36678233592197,3.36678233592197,3.35038182430246,3.63456791300605
"dre-miR-29a_st",3.7427729685476,3.07550683958472,3.19528211085609,3.82975990671179,3.2168614481461,3.08879142293225,5.34577659434524,2.7319427119343,4.18018204050276
"dre-miR-29b_st",4.19718869403514,2.58430692822852,3.33800577868472,4.43923253337754,3.26666533735689,3.29096907580996,4.96515819613841,3.89691338721948,4.11705066716758
"dre-miR-301a_st",1.61560387648039,0.941445515416056,1.44425751806431,1.23327537876054,0.981901607084461,1.26205069975277,1.44425751806431,1.61056386896156,1.60595758261995
"dre-miR-301b_st",0.866058217152123,0.839350934450178,1.29200403642766,0.908425501820943,0.839350934450178,0.679189634197542,0.732444580093415,0.839350934450178,0.759638797291049
"dre-miR-301c_st",0.913072924553037,0.913072924553037,0.752911624300401,0.913072924553037,0.913072924553037,0.728669732329309,0.977375339764336,1.41572148530839,0.836352963890908
"dre-miR-30a_st",1.80510995153824,1.88931334789478,1.51842431190656,1.80510995153824,1.70160032115289,1.43352269917849,1.80510995153824,2.15488779942179,2.12351809250375
"dre-miR-30b_st",7.99767976510671,7.67600856417586,7.79827565410606,7.74437360853909,7.28707740554255,7.44622835970141,8.21081846026518,7.74308292504221,8.18400982143382
"dre-miR-30c_st",6.70567209155607,5.96878720730823,5.51178688971266,5.43000617551433,4.87712966701054,5.23704610043951,6.38740322153031,4.70392453894689,5.515920642899
"dre-miR-30d_st",7.79938098836549,7.83983444020513,7.94989165036913,7.98267620452658,7.64660210509573,7.74015550490879,7.66981623769419,7.90658195152799,7.87655569395135
"dre-miR-30e-star_st",7.7599607243525,8.21785394920499,8.00962911996236,8.09280170132632,7.43230262415231,7.71990537162503,8.1301078359908,8.00962911996236,8.04029421563695
"dre-miR-30e_st",5.02347603591256,4.45278693079265,3.42929480702395,4.45278693079265,3.63416229172078,3.44390859276276,4.38968193624136,4.32456564250003,4.94101741431384
"dre-miR-31_st",9.90434250899977,9.32278675498463,9.32278675498463,9.32278675498463,9.13009299792564,9.07973125261877,10.0378395652414,9.85918473727687,9.29585420844604
"dre-miR-338_st",0.857891945238911,1.0606551181716,0.857891945238911,0.693370883028332,0.84135377366014,1.04566834788329,0.73244404077191,0.839350395128673,0.857891945238911
"dre-miR-34_st",2.24786128418879,2.7319427119343,2.20648279606044,2.51631285188652,1.9808715171436,2.29819962397137,2.06083391126781,2.10987787397563,2.80173051217036
"dre-miR-34b_st",0.849923948782911,0.991234680877192,0.674880567596458,1.14870846207455,0.869899620898313,1.15570039499155,1.09464730861242,0.896301835309012,0.931276987892509
"dre-miR-34c_st",1.40332115903987,1.09889016726266,1.05284690118407,1.12192146855484,0.919554409923216,0.693622150167575,1.05284690118407,1.07200311704127,1.26710379583021
"dre-miR-363_st",1.0540895063642,0.950668057062392,1.38890423246748,0.935169025921177,0.913072924553037,0.611406124279202,0.869239944108582,0.913072924553037,0.706310176461253
"dre-miR-365_st",0.753353019746279,1.07200311704127,1.19164996385346,1.0404038443538,1.07200311704127,1.0572947176834,0.849072825392129,1.1666308943182,1.07200311704127
"dre-miR-375_st",0.937705816009045,0.870454220508356,0.798763625443823,0.805485729787015,0.979799688645999,0.916172628723311,1.31593733166437,0.913072924553037,0.949053814878716
"dre-miR-429_st",0.866136963774453,1.29602543705933,1.02684732545738,1.09107166907614,1.289562056237,1.15695348061009,1.53678575150539,1.62950055920446,1.30427045559487
"dre-miR-429b_st",1.30035960182601,1.29602543705933,1.35160614763246,1.11851482815261,1.26369715542798,1.40332115903987,1.52854073296985,1.35160614763246,1.35413672746681
"dre-miR-430a_st",1.04223634469021,1.20078656152987,1.2145902736085,1.17947580080303,0.736525980849822,1.0821669228954,1.28490404366363,1.07200311704127,0.765986124558371
"dre-miR-430b_st",0.834825037050712,0.922209073642885,0.869239944108582,0.845689980174948,0.58963691351739,0.956623980700755,1.23922316506451,1.24636421349143,0.869239944108582
"dre-miR-430c_st",0.817325321424112,1.11286460618028,1.28131703770146,1.03143649322647,1.03143649322647,1.03143649322647,1.36218864761303,0.913072924553037,1.03143649322647
"dre-miR-430i_st",1.10866556343929,0.893916708695839,1.13779726475289,0.996129678378774,0.893916708695839,0.728669732329309,1.02045699586297,0.779029866460931,0.893916708695839
"dre-miR-430j_st",1.14459538778757,0.977375339764336,1.24129755631044,0.738648995555086,0.576139945831402,0.950668057062392,1.00408262246628,0.779029866460931,0.759638797291049
"dre-miR-451_st",1.40332115903987,1.19440705802639,1.32661500266934,1.59270159308809,1.17969865866852,1.22111434072833,0.71047051257768,1.5283874352979,1.44128345847384
"dre-miR-454a_st",0.833719582385401,0.899351642779101,1.07200311704127,1.09442937805239,0.757812874467357,0.899351642779101,1.18703912711616,0.899351642779101,0.764036810253051
"dre-miR-454b_st",1.23922316506451,1.22737902579825,0.977375339764336,0.96086163854399,0.991734666710153,1.43002844174182,1.13275124852131,1.22737902579825,1.40332115903987
"dre-miR-455_st",1.44389399773486,1.44389399773486,1.37090438655238,1.52059934276814,1.32958469862565,1.54939465967587,1.80922743810386,1.04265860380193,1.44389399773486
"dre-miR-455b_st",1.04374120370724,0.950668057062392,0.918521629777261,1.04374120370724,0.929431904598024,1.48447029994381,0.962313090753429,0.90438936200574,1.2677635237253
"dre-miR-456_st",0.861058507202894,1.05110761269663,1.10866556343929,0.879156480226355,0.974387652034502,1.05581576498831,0.974387652034502,0.871087872229673,0.974387652034502
"dre-miR-457a_st",0.719616750668887,0.970401816045284,0.808923625688564,0.906647601723717,1.20604617513338,0.970401816045284,1.36757987504895,0.913072924553037,1.22077319394557
"dre-miR-457b_st",1.54574535915227,1.29602543705933,0.689588966954325,1.58815045282556,1.13802793068243,1.49705689073905,1.42658303868454,1.13802793068243,1.29602543705933
"dre-miR-458_st",1.16515174240872,1.05701634675296,0.957068751216035,0.885126736775642,1.13844445970677,1.05701634675296,1.05701634675296,1.05701634675296,1.05701634675296
"dre-miR-459-star_st",0.894125716781665,1.29529798753531,1.10735294634092,1.00835747041055,0.612830799227664,0.764019561628956,1.01849694813953,0.948422753852685,1.10735294634092
"dre-miR-459_st",1.52854073296985,1.57079530392837,1.16401465527986,1.52854073296985,1.30000260731147,1.28953164266349,1.10995350181773,1.82287945786608,1.52854073296985
"dre-miR-460-3p_st",0.614011389181856,0.772056342741879,1.03143649322647,0.913072924553037,1.21213445992422,0.886365641851092,1.10055964421233,0.714727451249632,0.69533638207975
"dre-miR-460-5p_st",1.19348389986393,1.07200311704127,0.962401970223737,1.14107768441204,1.0029285496705,1.07200311704127,1.10055964421233,1.07200311704127,1.07200311704127
"dre-miR-461_st",0.928950514221933,1.13075438123308,1.41536009579357,1.0847111151545,1.0847111151545,1.0847111151545,1.05950811584715,0.913072924553037,1.12842937764071
"dre-miR-462_st",1.06494730095308,1.07618504444601,1.15695348061009,1.29792211375281,1.13280621782837,1.29493689082326,1.56597602492603,1.15695348061009,1.15695348061009
"dre-miR-489_st",1.36147388005364,0.951535680727449,1.01520084504645,1.28196411714005,1.49259238768105,2.12351809250375,1.23922316506451,1.14658746118972,1.18443609491628
"dre-miR-499_st",0.950668057062392,0.637946693509362,1.16606434243092,1.26442616437186,0.950668057062392,0.998955974233192,0.760618951568655,0.783448009039156,0.932044021606037
"dre-miR-722_st",0.910298160690808,0.604522722622372,0.698715867911337,0.857891945238911,1.12440933249317,1.28936880270664,1.06567861707695,0.496361993545563,0.759638797291049
"dre-miR-723-star_st",1.11857945528601,1.00287996605541,1.03143649322647,1.07958531108869,1.12153800318328,1.16067332792297,1.03143649322647,0.922807821125376,0.950668057062392
"dre-miR-723_st",0.857891945238911,0.73641116241625,0.869239944108582,0.80394761525159,0.950668057062392,0.950668057062392,0.977375339764336,1.27607731503782,0.950668057062392
"dre-miR-724_st",1.09230810607297,1.2309333095295,0.919960265039052,1.0082489027197,0.989643037171402,1.07200311704127,1.19722269097125,0.981793039393619,1.07200311704127
"dre-miR-725_st",0.857891945238911,0.857891945238911,0.857891945238911,0.857891945238911,1.30285022498719,0.750202919615042,0.857891945238911,0.800563053746665,0.890773131394316
"dre-miR-726_st",1.23922316506451,1.23922316506451,1.39679709192004,0.987141047933532,1.07200311704127,1.2242363947762,1.23922316506451,1.23922316506451,1.13108776940875
"dre-miR-727-star_st",0.985481258991293,1.0774874386483,0.891525024074629,0.730954173325887,0.855371218425923,1.27661227638498,0.977375339764336,0.977375339764336,0.977375339764336
"dre-miR-727_st",1.39122709328973,1.2006717430963,0.832344081511949,1.24527686090396,1.1330672972043,1.26974631046707,1.51441139773773,1.62844202713389,1.41492863774244
"dre-miR-728_st",0.634665422251791,0.967948543116712,0.703638543951687,1.8167646178777,0.836358757953178,0.836358757953178,1.12491386595529,0.930353410607358,0.771019282975889
"dre-miR-729_st",0.999243085898604,1.39385261002006,1.11806512055413,1.03143649322647,0.971099028383248,1.15695348061009,0.748974721361005,1.53609058384617,1.08596806170304
"dre-miR-730_st",0.774612166831649,0.692578181971795,0.869239944108582,0.869239944108582,1.10488430319667,0.776166797463736,1.03645999213182,1.01182710067581,0.869239944108582
"dre-miR-731_st",0.950668057062392,1.49556749529087,0.674880567596458,1.0331103777528,0.950668057062392,1.28131703770146,0.748974721361005,1.18631241615048,0.950668057062392
"dre-miR-732_st",0.748974721361005,1.07200311704127,1.08551073542009,1.16177853198807,0.977375339764336,0.977375339764336,1.01025652591974,0.905044624921248,0.977375339764336
"dre-miR-733_st",0.977375339764336,0.855894556941675,1.01389206331857,0.563439172619092,0.660816821668382,1.04594366243541,0.86845811588643,0.675874816474717,0.664865297170332
"dre-miR-734_st",1.07200311704127,0.950668057062392,1.2169451043761,1.2361013202333,0.950668057062392,1.15331747300597,1.19226833978885,1.3974123750167,1.07200311704127
"dre-miR-735_st",1.32188599558905,0.964218895708212,0.991659981959357,1.2145902736085,1.82048753878116,1.07551831715926,1.44710556951902,1.2145902736085,1.2145902736085
"dre-miR-736_st",0.690324515156817,1.09168463887355,0.977375339764336,0.711941712853142,1.15695348061009,1.0441021038573,0.690449244940616,0.977375339764336,1.2006717430963
"dre-miR-737_st",1.29602543705933,1.51932184039129,0.843372335081845,1.52893174254251,1.29602543705933,1.63032740108333,0.844328415324031,1.29602543705933,1.29602543705933
"dre-miR-738_st",2.06502485918786,1.08051210132208,1.38459338904103,1.30329094699135,1.68268715093672,1.9808715171436,1.55790364395668,1.32029097382973,1.81053920831657
"dre-miR-740_st",1.37274539772146,1.54524634926885,1.10094770178603,1.65428295673346,1.37274539772146,1.65464196945265,1.46326010071141,1.09475891742942,1.29602543705933
"dre-miR-7a_st",2.42855821703471,1.18421268074093,1.66160422337553,2.06449669429861,1.18421268074093,0.950668057062392,1.35969060137833,1.51300014290518,3.22510425478139
"dre-miR-7b_st",0.786569853870359,1.10959824955062,0.906835076617937,0.805485729787015,1.00799694855464,1.09461147926232,0.869239944108582,0.950668057062392,0.988263189571746
"dre-miR-9-star_st",1.07200311704127,0.73641116241625,1.52854073296985,1.07200311704127,0.788901696035863,0.995187119583564,0.951737894293692,1.3158402156367,1.07200311704127
"dre-miR-9_st",1.10866556343929,0.790400666493745,1.10616933661474,0.727701781547498,0.913072924553037,0.898332219102922,0.913072924553037,1.11326260859849,0.869239944108582
"dre-miR-92a_st",13.2829581083725,13.2899937078146,13.2374307304722,13.1667441791262,13.2591956191552,13.2189110364241,13.2106867601881,13.2374307304722,13.1394451986974
"dre-miR-92b_st",7.84986568736121,7.49436624996634,7.34137802844204,7.50484011919112,7.5131679811489,7.46445944357225,7.72597531999943,7.42519077620204,7.30323631506019
"dre-miR-93_st",2.9513059302868,3.82892215030489,2.329029033525,2.64403371972982,2.64403371972982,2.27957719351626,3.88474628041976,2.50412534994092,2.94264475396033
"dre-miR-96_st",1.52638674419346,1.3853701623823,1.30865020172017,0.913072924553037,1.4867366100656,1.55131460774209,1.30054428249321,1.19376335948526,2.24446209051419
"dre-miR-99_st",7.35819990667672,7.39930859300238,7.20231894016529,7.51108032040183,7.24576341202936,7.39930859300238,7.30206577228817,7.41196976211702,7.68986558542915
"dse-bantam_st",1.14870846207455,0.876401656588437,1.50988413365171,1.02603620401526,1.15695348061009,0.946354587708777,1.14870846207455,1.25174223612657,1.58943755831113
"dse-let-7_st",11.8208184777243,11.9896270014548,11.8411423998436,11.8610240157174,11.4816802418111,11.3051092583745,11.9413484195095,11.6219915314428,12.0842659123491
"dse-miR-1_st",1.03208848320433,1.07200311704127,1.01299238612707,1.15459786580258,0.891071901393174,1.05701634675296,1.05701634675296,1.03238345529696,1.15712844563693
"dse-miR-10_st",2.03415347640616,1.41423143386064,0.893916708695839,1.52854073296985,1.41423143386064,1.52854073296985,1.5552480156718,1.4909456004605,1.91756106837857
"dse-miR-100_st",7.68167527827035,7.44256340782124,6.94709540325682,7.20578027424232,6.76663328139287,6.79899875766819,7.46708855484179,7.18754887059249,7.59871780904325
"dse-miR-11_st",1.08149693327279,0.836358757953178,1.16767679995178,0.942601938604776,1.29400144177435,1.08889399037087,0.562117067202349,0.892766047841418,1.35697161234528
"dse-miR-12_st",1.21705331378875,0.88573527179015,0.88573527179015,0.96244943839001,0.526706311733523,1.09504919245034,0.646309652459441,0.929568252234605,0.809015311128021
"dse-miR-124_st",0.983132671494584,1.22979104840983,0.716677915225291,0.810032386826586,1.28131703770146,1.09071909196059,1.37927419996271,0.496081927465233,1.72059893055479
"dse-miR-125_st",11.2976187944913,11.2254370368983,11.2025764039041,11.2025764039041,11.0664975513559,11.1122607792242,11.2348831475346,11.2582989816662,11.2137372781422
"dse-miR-133_st",1.27777458703271,1.13192744308396,1.24185509333816,1.70015564534373,1.58794608164407,1.11788810508563,0.75709400023497,0.957326593333309,0.959857173167658
"dse-miR-13a_st",1.10866556343929,0.857746222395128,1.03143649322647,1.04753366747816,1.07200311704127,1.07200311704127,1.23502038713746,1.11462182108595,1.07200311704127
"dse-miR-13b_st",0.92182194566123,1.07200311704127,1.07200311704127,1.4665722450813,0.646309652459441,1.09316968360029,0.915406851875782,0.779029866460931,1.01644972293816
"dse-miR-14_st",0.913072924553037,0.791592141730375,1.16384654275342,1.07464033869406,0.870454220508356,0.950668057062392,0.913072924553037,0.913072924553037,1.07200311704127
"dse-miR-184-star_st",1.77594094669649,1.57329153075292,1.36425324619861,1.2245640932763,2.12819117072714,1.54383138704437,1.65556121520733,1.57329153075292,1.2418597317652
"dse-miR-184_st",1.58458054506144,1.91868067193109,1.00909934223561,3.05607699575396,1.18171613795011,2.31634865333505,1.00909934223561,1.74614795920246,0.921984260324027
"dse-miR-210_st",7.47631909679782,7.66631660644089,7.77685397502454,8.01459659282867,8.25729048017799,8.37748683302771,8.40912181761668,7.56628440117267,7.3889063093397
"dse-miR-219_st",0.950668057062392,0.950668057062392,1.09585038433777,0.950668057062392,0.950668057062392,0.950668057062392,1.09168463887355,0.870595912132362,0.950668057062392
"dse-miR-263a_st",1.49026410360614,1.48446062154966,0.715447191411258,1.07200311704127,1.08889399037087,0.950668057062392,0.686876276274241,0.963572862888988,0.991234680877192
"dse-miR-263b_st",0.977375339764336,0.908300772393571,1.45555445095659,1.0848480235261,0.940712893366315,0.684919955441754,1.35969060137833,0.977375339764336,1.20139765978239
"dse-miR-274_st",1.08735997988921,1.18198775716614,1.51330579916475,1.17412618271075,0.807904277981834,1.20034545704761,1.10055964421233,1.10055259371532,1.28928347914669
"dse-miR-275_st",1.07453899025475,0.950668057062392,0.913072924553037,0.913072924553037,0.836358757953178,1.15695348061009,0.982196075538902,0.779029866460931,0.869239944108582
"dse-miR-276a_st",1.10866556343929,1.25232095978263,1.23418255082291,1.45818582831777,1.33296625438779,0.913587828165999,1.02902455645066,0.779029866460931,0.880313152410306
"dse-miR-276b_st",0.920623991397784,0.893916708695839,0.893916708695839,0.935016686523037,0.950310545093596,0.850373411236467,0.748974721361005,0.722278518094378,0.893916708695839
"dse-miR-277_st",1.1815863720661,1.30205380837992,1.15695348061009,1.52002613124943,1.34336436911264,1.02974700289381,1.30205380837992,1.30205380837992,1.39405998803693
"dse-miR-278_st",0.732246701884838,0.89970288340704,1.14066706075513,0.983728941669043,1.0552750975651,0.836358757953178,0.590033535145536,0.819630738477011,0.976928969732451
"dse-miR-279_st",1.25460975499952,1.25460975499952,1.28131703770146,1.01588341079027,1.25460975499952,1.25460975499952,1.45734687576775,1.31224654799792,1.25460975499952
"dse-miR-280_st",1.04691361670363,0.965584406464519,0.891525024074629,0.913621125442769,0.749812714315743,0.727003961864049,0.977375339764336,0.669740569385714,1.08540466894076
"dse-miR-281-1-star_st",1.08551073542009,0.977375339764336,0.656770155427623,0.977375339764336,1.09871039974321,0.902309755977057,1.05751861486487,0.939780207254982,0.950668057062392
"dse-miR-281-2-star_st",1.07228752477692,1.07200311704127,1.48411913114767,1.03184589900784,1.03525451626906,1.00854723356711,1.07228752477692,1.2145902736085,0.837451639559523
"dse-miR-281_st",0.646309652459441,0.836358757953178,1.52854073296985,0.711941712853142,0.836358757953178,0.728669732329309,0.869239944108582,0.913072924553037,0.867958030640649
"dse-miR-282_st",1.00516638280934,1.20248142012545,1.11947568191856,0.711941712853142,1.13738929259563,0.934915802648025,0.744866697154288,0.978459100107397,1.26212225727871
"dse-miR-283_st",1.26134445857467,1.38881583760706,1.44997488122048,1.35481497951307,1.30738772465325,1.05701634675296,1.30738772465325,1.45346122528924,1.30738772465325
"dse-miR-284_st",0.985288141808632,1.0852823452033,0.650507775079286,0.913072924553037,0.950668057062392,0.944712133424028,0.699185817278186,0.944712133424028,0.480289424278214
"dse-miR-285_st",1.40332115903987,1.42721803011693,1.40332115903987,1.14870846207455,1.33483378989362,1.40332115903987,1.95012428864777,1.71205444939737,1.24532365266297
"dse-miR-286_st",0.748974721361005,0.862008324614813,1.06465774055839,1.45372740534189,1.06465774055839,1.04967097027008,1.02858804270888,1.08381395641559,1.1866618618968
"dse-miR-287_st",0.950668057062392,1.12098644718273,0.868307977192524,0.950668057062392,0.958409487149333,0.950668057062392,0.950668057062392,1.07200311704127,0.901574168247463
"dse-miR-288_st",0.857110117016759,0.934756635719655,0.977375339764336,1.00257833907169,1.3552989539135,0.977375339764336,0.977375339764336,1.32272566926425,0.977375339764336
"dse-miR-289_st",6.41720439881573,5.50672696387912,4.45004446336215,5.53600632613692,6.02133740137303,5.82697391164805,6.20712380553607,6.71642584199863,6.37358052937076
"dse-miR-2a_st",1.02296177179211,0.966049775512248,1.28744152536594,1.14870846207455,0.881945189980955,1.0612809473204,0.992757058214193,0.991845044241556,1.73843781817143
"dse-miR-2b_st",1.73463920103848,1.7914414730333,1.2145902736085,1.40079057920553,1.07200311704127,1.9808715171436,1.40332115903987,1.54939465967587,1.20055798610719
"dse-miR-2c_st",0.977375339764336,0.950668057062392,1.15695348061009,0.753146477613085,0.893916708695839,1.15695348061009,0.852595076007142,0.779029866460931,0.991872821822335
"dse-miR-3_st",1.78262284965591,1.57556458670813,1.29765533263392,1.5103160441698,1.82048753878116,1.70276021968663,1.26324042557605,1.04474351352631,1.79573370445364
"dse-miR-304_st",0.985481258991293,1.0774874386483,1.36403705364173,1.02120832020879,0.944494153608932,1.06232570333316,0.977375339764336,0.789888620105039,0.827483752614393
"dse-miR-305_st",0.806845995191035,1.02095716699339,1.35160614763246,1.18315371611128,1.02095716699339,0.973133676457563,1.39094038794932,1.06479014743785,0.91135602017586
"dse-miR-306-star_st",1.00897461245181,1.43999903949206,1.41702106206439,1.29602543705933,1.54939465967587,0.950668057062392,1.3912898740658,0.982074977697975,1.29602543705933
"dse-miR-306_st",0.65961449262891,0.846592991915703,1.2771895680917,0.946540587452631,1.34385527077167,0.946540587452631,0.646309652459441,1.18218494654072,0.841775445306433
"dse-miR-307_st",0.857891945238911,0.836358757953178,0.978157167986489,1.30602615786004,1.15695348061009,1.68268715093672,1.30602615786004,0.798137427519531,0.978157167986489
"dse-miR-308_st",0.895015259894469,0.977375339764336,1.10866556343929,0.731050116956695,0.977375339764336,1.45476688239893,1.1183919215755,0.798138270564485,0.977375339764336
"dse-miR-309_st",0.830712844683169,1.05214488100227,0.913072924553037,0.875602473275113,0.818149285738414,0.930809821023393,0.913072924553037,0.913072924553037,0.976827138874604
"dse-miR-310_st",1.79476063563056,1.44703942152608,1.11755224790029,1.48003532563973,1.54433774085103,1.40332115903987,1.54433774085103,2.25265628449089,1.58279769080959
"dse-miR-311_st",3.80921110043788,2.7319427119343,1.81083325548419,1.81874027167142,2.79817395808407,2.57714964524617,2.53577115711782,2.47300483195853,2.32164444786455
"dse-miR-312_st",1.10866556343929,0.881620780910843,1.03932035966804,0.913072924553037,0.913072924553037,0.913072924553037,0.913072924553037,0.670143213278856,0.869239944108582
"dse-miR-313_st",2.14482751013677,2.2694684894933,1.3043456768397,2.17848346480846,1.81549012137424,2.65764871200913,2.39196198190838,2.24557161841625,2.24557161841625
"dse-miR-314_st",1.06232570333316,0.888222122000846,0.743231534743148,1.18242648034559,1.15695348061009,0.99802328812186,0.877758065374282,1.04185626856631,0.921317943088579
"dse-miR-315_st",0.871817085879179,0.975985134375065,0.992082308626757,0.951515684811957,0.789006635088273,1.05701634675296,0.693059921308699,0.913072924553037,0.951515684811957
"dse-miR-316_st",0.977375339764336,0.751408394384355,1.02371519987047,0.623975518560625,1.04564908457303,0.836358757953178,0.646309652459441,0.8867188920848,0.816967688783295
"dse-miR-317_st",0.921178843779994,0.950668057062392,0.913072924553037,0.876039916045174,0.913635048554529,1.16460354151899,0.913072924553037,0.828738307117373,0.814819776605175
"dse-miR-318_st",0.836358757953178,0.836358757953178,0.836358757953178,0.836358757953178,0.957693817932056,1.00045675192855,0.634665422251791,0.556458423999121,0.836358757953178
"dse-miR-31a_st",9.27557856715648,8.65241847148573,8.35111266149802,8.19785235552696,8.07339158976947,7.90864244730256,9.47447868744,8.93186334481834,8.4016155098417
"dse-miR-31b_st",1.08826781762762,1.14507008962244,0.849244438597003,1.26442616437186,1.05602527330075,0.765067830068049,1.35969060137833,0.896962866783415,0.96693275764874
"dse-miR-33_st",0.977375339764336,1.07200311704127,1.15695348061009,0.977375339764336,0.950668057062392,1.22725588423933,0.789528711723096,0.977375339764336,0.815178790646449
"dse-miR-34_st",1.32215252591896,1.37797075612539,1.24765020909893,1.08312914688835,1.08119820159224,1.19293031300936,1.44163592044439,1.2006717430963,1.2006717430963
"dse-miR-4_st",1.40332115903987,0.950269600110295,1.10866556343929,1.17429762383299,1.18591395919839,1.10866556343929,0.977375339764336,0.937027372837831,1.23525406308405
"dse-miR-5_st",1.15511348756981,1.25086709636226,0.838409591853869,0.711941712853142,1.0461962636919,1.02589127466021,1.11516316376728,0.954439141926056,0.947943115744042
"dse-miR-6_st",0.863284020470219,0.950668057062392,0.950668057062392,0.842858192159873,0.715023697974299,1.15998197772258,0.899680022126224,1.02738222366225,1.0120934420297
"dse-miR-7_st",1.57329153075292,1.57329153075292,1.68268715093672,1.40079057920553,1.14522412433424,1.40332115903987,1.57329153075292,1.85826002605693,1.81773570167536
"dse-miR-79_st",0.977375339764336,1.03143649322647,0.828673320293782,1.03143649322647,1.13912551885034,0.910101433247592,0.925550309623766,1.2145902736085,1.29602543705933
"dse-miR-8_st",1.2006717430963,1.2006717430963,1.81159240232879,1.28144017926038,1.2006717430963,1.28562210666512,1.2006717430963,0.913072924553037,0.748018641118818
"dse-miR-87_st",1.24191227603654,0.950668057062392,1.31103952381766,1.03143649322647,0.954722326626611,1.00472921052453,1.03143649322647,1.03143649322647,0.950668057062392
"dse-miR-92a_st",12.0958522528536,11.8949595436789,11.7533848318883,11.7377369500904,11.7342115621899,11.7188746112507,12.06670986974,11.8465136620919,11.8131383754898
"dse-miR-92b_st",9.03795674907929,8.71249996314473,8.71249996314473,8.54020522341657,8.36847214328103,8.33900168168342,8.8692999112172,8.63584772011463,8.80506462744077
"dse-miR-9a_st",1.10866556343929,0.762363738609398,1.21610168397359,0.924872788333083,0.950668057062392,0.935681286774085,0.869727783377914,1.15179926876229,0.998365141500299
"dse-miR-9b_st",0.817612542134402,0.836358757953178,0.869239944108582,0.699255188341156,0.869239944108582,0.869239944108582,0.951509628562996,0.926876737106988,0.900209009070323
"dse-miR-9c_st",0.800510122091151,0.836358757953178,1.03143491159394,0.611782648782199,0.943582139636296,0.963315898619188,0.774769990090313,0.913072924553037,0.662847824038212
"dse-miR-iab-4-3p_st",0.913072924553037,1.29602543705933,0.836352963890908,0.913072924553037,0.913072924553037,1.02738222366225,0.977375339764336,0.592036602274921,0.662847824038212
"dse-miR-iab-4-5p_st",0.893916708695839,0.772435925873177,0.893916708695839,0.748734381420462,0.970636669357968,0.861035522540434,1.02166686246016,0.893916708695839,0.893916708695839
"dsi-bantam_st",0.767644712438319,1.07200311704127,1.15970199661153,0.768693061219694,1.46007250740643,0.950668057062392,1.23922316506451,0.913072924553037,1.17441039596939
"dsi-let-7_st",11.7852286047959,11.8924856112076,11.7518560095412,11.8877464966636,11.3889731897971,11.3332441487927,11.8696276938919,11.5524473202596,12.033707063224
"dsi-miR-1_st",1.01588945161581,1.42649828094768,1.10866556343929,1.11589555003842,1.02789712727521,1.1603805748467,1.17778871442516,1.14923218725409,1.14923218725409
"dsi-miR-10_st",1.2125925921308,1.21972612845295,1.09280625689721,1.50481751215453,1.58983361974249,1.05701634675296,1.40012956144495,1.13373051335282,1.09280625689721
"dsi-miR-100_st",7.89379952173277,7.41544061298729,7.07137803266441,7.34915022552476,6.86956124100371,6.85543904364047,7.64065691656544,7.48270127859967,7.49223531061439
"dsi-miR-1000-star_st",8.36773878899194,7.77144234899251,7.61955097099051,7.62602054564749,7.80867174029429,7.7767625849527,7.78785123703508,8.54173273417874,8.00516850845003
"dsi-miR-1000_st",0.748974721361005,1.07200311704127,1.44389399773486,0.913072924553037,1.07200311704127,1.27828854058897,1.36055822504338,1.14871728364113,0.898492183126305
"dsi-miR-1001-star_st",1.5310369597944,1.16473521338437,1.06478761784744,0.952905890201228,0.836358757953178,1.19163223441048,0.800307864273615,0.897303194834307,0.662847824038212
"dsi-miR-1001_st",1.02990924440432,1.08671151639914,1.07200311704127,1.07200311704127,0.94333449098624,1.34008073901568,1.31922681230966,1.07200311704127,0.869239944108582
"dsi-miR-1002-star_st",0.940089990359192,1.0320961700162,0.735006646410876,1.11286460618028,0.984887190885866,0.854190696011518,0.779523549794957,0.888440773672864,0.950668057062392
"dsi-miR-1002_st",1.23922316506451,0.930986535230111,1.07200311704127,0.713496343485229,1.1487230777034,1.15343122999508,1.07200311704127,0.964700344563704,0.962401970223737
"dsi-miR-1003-star_st",0.857891945238911,0.73641116241625,0.586247021774458,0.593303001406054,0.718819988789677,1.14560548174042,1.12463469580019,1.0016620595405,0.868556021168956
"dsi-miR-1003_st",1.04352942042909,1.07200311704127,0.97922700521779,0.97922700521779,0.836639848650561,0.97922700521779,0.571248245968702,0.735346449160735,0.880973857269927
"dsi-miR-1005-star_st",0.858661877405383,0.950668057062392,1.15331747300597,1.03220642539294,0.950668057062392,1.0320961700162,0.950668057062392,0.737767130440029,0.950668057062392
"dsi-miR-1005_st",1.10866556343929,0.73641116241625,1.0847111151545,0.883579903454602,0.950668057062392,0.716491794881045,1.11788810508563,0.863544705634387,1.02247489812262
"dsi-miR-1006-star_st",1.06232570333316,1.44389399773486,1.85313043935048,1.04870798442558,0.906949794576184,1.23759877521525,0.969926107689106,1.02828485455506,1.15695348061009
"dsi-miR-1006_st",1.13512142676538,0.892869766379188,0.762867025742333,0.805485729787015,0.762867025742333,0.977123920388476,0.842518738294878,0.805485729787015,0.54059469946969
"dsi-miR-1010-star_st",1.14917713225555,1.36328830405791,0.920385915263757,0.928670034235013,0.937594839476076,0.836358757953178,1.16711674924143,1.2145902736085,0.933339596189099
"dsi-miR-1010_st",0.895947226810527,0.950668057062392,0.869239944108582,0.816833728656686,0.646309652459441,0.725584547765245,0.748974721361005,1.06935878021781,0.869239944108582
"dsi-miR-1011_st",1.18107389787755,0.691276900646551,1.56116519089889,1.14124185992386,0.844546558072004,0.933832042304965,0.977375339764336,1.0914059691605,0.63645449284305
"dsi-miR-1012-star_st",1.2861756935197,1.04264418150088,1.58523722889088,1.03143649322647,1.15695348061009,1.47704434393675,0.646309652459441,1.17780740731611,1.15695348061009
"dsi-miR-1012_st",1.06519890737778,1.12200117937261,1.55668722132364,0.962337183335173,1.14870846207455,1.40332115903987,1.14870846207455,1.41547173416815,1.20551073406937
"dsi-miR-1013_st",1.62104241709147,1.17116314402055,1.20404433017595,1.3532797036589,1.28547244312976,1.03910476469998,1.3121797258317,1.54939465967587,1.20404433017595
"dsi-miR-11_st",0.742012071373628,1.07200311704127,1.19333817702015,0.926820789765893,1.09871039974321,1.04107360674481,1.09871039974321,1.09871039974321,1.43002844174182
"dsi-miR-12_st",0.980092207898514,0.950668057062392,1.37992563610918,1.18132808037641,1.10055964421233,1.10055964421233,1.10055964421233,0.806230604636163,1.10055964421233
"dsi-miR-124_st",1.38982074462763,1.2006717430963,1.03131397107159,0.936082799263443,1.2175626164259,1.2006717430963,0.920189411180275,1.59311292216207,1.11454484577351
"dsi-miR-125_st",11.2651871648192,11.1485826612175,11.2586840621669,11.2039062489362,11.0600047610585,10.8996878170309,11.248402618428,11.2305180663721,11.0841456673018
"dsi-miR-133_st",1.30171120924799,1.45064650693908,0.639114924510576,1.06769399443279,1.21944152479358,0.898846802136662,1.16304768839582,1.36921134348825,0.576626880327091
"dsi-miR-137-star_st",0.777833281532789,0.847269184611627,1.01497047227369,0.818445147276104,0.977375339764336,1.06232570333316,0.977375339764336,1.11996249633156,1.01497047227369
"dsi-miR-137_st",1.5310369597944,1.2145902736085,1.1616211440742,1.09017322850846,1.2145902736085,1.26655446092669,1.01440058956304,1.2145902736085,1.27139254560332
"dsi-miR-13a_st",1.07091935669821,1.16554713397514,1.29343294168152,0.805485729787015,1.04421207399627,0.82874090295035,0.962783961042456,0.791145770440995,0.962783961042456
"dsi-miR-13b_st",1.01492247411601,0.935681286774085,1.29266070584106,1.25209408202626,1.03030906405102,1.05701634675296,1.13538991042983,1.1516441240299,1.1516441240299
"dsi-miR-14_st",1.11020412145667,0.751697347900628,1.02817013659681,0.869239944108582,0.869239944108582,0.861498514021641,0.825406963664127,0.869239944108582,1.33350052478863
"dsi-miR-184-star_st",0.99955518527259,1.40079057920553,1.06787143838545,1.40079057920553,1.40079057920553,1.17879225447244,1.76636936552172,1.40079057920553,1.40332115903987
"dsi-miR-184_st",1.23922316506451,1.97160340469481,1.52854073296985,2.44836012538271,0.836358757953178,1.31807495957211,0.869239944108582,1.40079057920553,1.38687204869333
"dsi-miR-190-star_st",0.748974721361005,1.07200311704127,0.759638797291049,0.805485729787015,0.75921134306734,1.15695348061009,1.2620233457156,0.779029866460931,0.759638797291049
"dsi-miR-190_st",0.981779697151755,1.64170468890155,1.2145902736085,1.6129690427546,1.18347303285314,0.950668057062392,1.35969060137833,1.2006717430963,1.2006717430963
"dsi-miR-193-star_st",0.779943786322745,1.10297218200301,0.759638797291049,0.742910777814882,0.626810015598716,0.599477497038413,0.759638797291049,0.759638797291049,0.759638797291049
"dsi-miR-193_st",0.992362110052643,1.07200311704127,1.31922681230966,0.939394541414361,1.07200311704127,1.07200311704127,1.10477928814483,1.1271840963554,1.08671151639914
"dsi-miR-210_st",7.47050264948477,7.84892142445451,7.81889121898017,7.92432117633316,8.20426096933707,8.22789731657829,8.08092954355855,7.69838474891295,7.27740835195027
"dsi-miR-219_st",1.36055822504338,1.08671151639914,1.07200311704127,1.52854073296985,1.07200311704127,1.07200311704127,1.10055964421233,1.07200311704127,0.918568989779282
"dsi-miR-2489_st",1.23922316506451,0.950668057062392,0.843692619789008,1.03143649322647,0.788304597086102,1.32576553280264,0.977375339764336,1.14546712262263,0.739158995864168
"dsi-miR-2494-star_st",1.23337209239754,1.30290256586229,2.0144253518582,1.14022546113393,1.32512921416339,1.15695348061009,1.54732255175889,1.23337209239754,0.918484216765372
"dsi-miR-2494_st",1.04754504639238,0.950668057062392,0.906949794576184,1.6425188089848,0.878565191829486,0.950668057062392,0.869239944108582,1.19450515565782,0.950668057062392
"dsi-miR-252-star_st",1.14532800983731,1.10866556343929,1.10866556343929,1.10866556343929,0.987330503460413,1.18742188247427,1.10866556343929,1.10866556343929,0.913621442238593
"dsi-miR-252_st",0.857891945238911,1.0595852809403,1.41413921967434,0.914402953664922,0.818621103592212,1.13630524160243,1.34814038894241,1.18092034091918,1.0595852809403
"dsi-miR-2577_st",1.37251565632536,1.05445846758197,1.47038348443542,1.44389399773486,1.68268715093672,1.49369159789154,1.5153909478612,1.40079057920553,1.77713851883588
"dsi-miR-2578_st",0.857891945238911,1.12737160631433,0.998702980259303,1.14870846207455,0.953630726801258,0.976474856740681,0.795939807326615,1.09333075753624,0.883970587510096
"dsi-miR-2579_st",1.10866556343929,1.10866556343929,1.06809893962449,1.34088216880576,1.23000062341817,1.10866556343929,1.19479246076208,0.979996937384261,1.10866556343929
"dsi-miR-2580_st",1.04167775497564,0.618868566208295,1.30844102706923,0.977375339764336,0.90527247453143,0.977375339764336,0.977375339764336,1.13630553225257,0.792004196758797
"dsi-miR-2581_st",0.94732019466441,0.721982867703553,0.977375339764336,1.03143649322647,0.977375339764336,1.47148099633622,0.977375339764336,1.06968357534191,0.977375339764336
"dsi-miR-2582a-star_st",0.926002371910454,0.739133788955873,1.27721870335767,0.899295089208509,1.34275907508073,0.836358757953178,0.869239944108582,0.899295089208509,0.98950516685616
"dsi-miR-2582a_st",0.989219479030597,0.938104498117637,1.10866556343929,0.950300365196013,0.954304064666519,0.930363068030696,0.549432663129457,0.913072924553037,1.2006717430963
"dsi-miR-2582b-star_st",0.977375339764336,1.02333725723997,1.03143649322647,1.02333725723997,0.736411162416249,1.37480500806305,0.775730201003572,1.02333725723997,1.15885963975049
"dsi-miR-2582b_st",0.950668057062392,1.26931815435738,1.12421260504995,1.10929593350023,0.929134869776658,0.950668057062392,0.842532661406638,0.871805978284411,0.669402992150571
"dsi-miR-2583-star_st",0.814058964794456,0.950668057062392,0.500912282524231,0.839025976730156,0.869239944108582,0.869239944108582,0.68226144482179,0.869239944108582,1.21201974196597
"dsi-miR-2583_st",1.5459083156071,0.86507978847128,1.2145902736085,1.33406381511256,1.2145902736085,1.29954063717732,1.23922316506451,1.2145902736085,1.2006717430963
"dsi-miR-2584-star_st",0.825448483132415,0.9751375066255,0.977375339764336,0.950668057062392,1.15695348061009,0.950668057062392,0.950668057062392,0.89506536169547,1.0320961700162
"dsi-miR-2584_st",0.654346944084071,1.03417761175916,0.977375339764336,0.939653445273866,1.07200311704127,0.950668057062392,0.977375339764336,0.66437630911085,0.869239944108582
"dsi-miR-263a_st",0.977375339764336,1.63634571450932,1.23922316506451,1.47741552202108,0.787032526826633,1.12491386595529,1.23922316506451,1.06937118876761,1.23922316506451
"dsi-miR-263b_st",1.38134797245765,1.19402234360748,1.44078744706546,1.09283293338225,1.45289433757038,1.07647974739953,0.748974721361005,0.901566959284902,1.23115038897842
"dsi-miR-275_st",0.837998771958706,1.00990330594074,1.03143649322647,0.8854862608407,0.988817789181789,1.11638685679529,1.21892321288577,1.03143649322647,1.12421260504995
"dsi-miR-276a_st",1.10604396581937,1.2006717430963,1.31498104220551,1.07625469799626,1.2006717430963,1.24276561573325,1.22737902579825,1.32014528460037,1.2006717430963
"dsi-miR-276b_st",1.08220194433087,1.38219845076884,0.923897882075547,1.10055964421233,1.46880375736076,1.2385430544255,1.52043481374289,1.10055964421233,0.950668057062392
"dsi-miR-277_st",1.10866556343929,1.07200311704127,1.07200311704127,1.03440798453192,1.06197375201449,1.25202285750823,1.13566828136027,1.07200311704127,0.990575004087461
"dsi-miR-278_st",0.779029866460931,1.20472333104276,0.779029866460931,0.779029866460931,0.549432663129457,0.860457979414741,0.869239944108582,0.779029866460931,0.779029866460931
"dsi-miR-279_st",1.08384270867837,0.950668057062392,1.09441372488455,1.03143649322647,0.970427547769611,1.18468444241575,1.07573678945141,1.52457180491494,1.17584888833538
"dsi-miR-281-star_st",0.876805659010837,0.972559477019949,1.07128292478374,0.931986638324963,0.931986638324963,1.56830837344779,0.703586019921631,0.931986638324963,0.759638797291049
"dsi-miR-281_st",0.748974721361005,0.872383521410105,1.41213810106794,1.0157379934546,0.73641116241625,0.939023826854742,1.01340010322126,0.722278518094378,1.07200311704127
"dsi-miR-282_st",0.913072924553037,1.02738222366225,0.960770008990945,0.913072924553037,0.68905060453498,0.880191738397633,1.17727381081219,0.779029866460931,0.913072924553037
"dsi-miR-283_st",0.980092207898514,0.770778287238324,0.759638797291049,1.09956574940258,0.8657829087893,0.980092207898514,1.10055964421233,0.955459316442507,0.980092207898514
"dsi-miR-284_st",1.01497047227369,0.923226970811246,1.07200311704127,0.827995799003099,0.73641116241625,0.923226970811246,0.853791067732408,1.17359834871153,1.17359834871153
"dsi-miR-285_st",1.1472169854075,0.836358757953178,1.10866556343929,1.26442616437186,1.16557468528896,1.53387876066509,1.38603420320546,1.53134818083074,1.23922316506451
"dsi-miR-286_st",1.06789004275429,0.900669994731056,0.977375339764336,0.977375339764336,1.15695348061009,1.05701634675296,1.0144083482722,0.950919476438253,0.869239944108582
"dsi-miR-287_st",0.913072924553037,0.936969795630089,0.977375339764336,0.84931871023147,1.05825525182841,0.994501037506847,0.892218997847022,0.875477792043683,1.01637270435787
"dsi-miR-288_st",0.774019281720279,0.761455722775524,0.810907562784261,0.830530290146289,0.655107433084952,0.761455722775524,0.61651373544069,1.2145902736085,0.939542131120955
"dsi-miR-289_st",6.26559784640208,6.07981144223904,4.35518349435096,5.80300843489391,5.64899481965442,6.21326080562842,5.86364174028577,6.288918663035,6.7525542162406
"dsi-miR-2a_st",1.07552536765628,0.946856741601253,1.08687336652595,0.862751599640182,1.07552536765628,1.15695348061009,1.07552536765628,1.11935834810074,1.07552536765628
"dsi-miR-2b_st",0.950668057062392,0.950668057062392,0.783389628418875,0.913072924553037,0.683904784968795,1.09674155769838,1.07588763099237,0.950668057062392,0.950668057062392
"dsi-miR-2c_st",1.45188829572683,1.13434913512873,1.10286152957858,1.14870846207455,0.898704776040642,1.05701634675296,1.60964094235378,1.40079057920553,0.945945289141863
"dsi-miR-3_st",0.779029866460931,0.698261430296853,0.779029866460931,0.660666297787498,1.15091453227434,0.903393423552299,0.779029866460931,0.779029866460931,0.616833317343043
"dsi-miR-303_st",1.11590930412405,1.07924685772603,0.843602498637938,0.843602498637938,0.843602498637938,0.551147114315356,0.748974721361005,0.88622120268262,0.876483684793343
"dsi-miR-304_st",0.890773131394316,0.769292348571654,0.73641116241625,0.837640671421111,0.869239944108582,0.836358757953178,1.10055964421233,0.97400508625478,0.869239944108582
"dsi-miR-305_st",0.748974721361005,1.00502778801856,1.3077893028461,1.00502778801856,1.00502778801856,1.08997815158739,1.00502778801856,0.817541068359265,1.12636284799744
"dsi-miR-307_st",1.21323530204106,1.2006717430963,1.2006717430963,1.16307661058695,1.35930880267705,1.2006717430963,1.66160422337553,1.12059959816627,1.07200311704127
"dsi-miR-308_st",1.21501385312986,1.05701634675296,0.86598708698162,1.16922591045262,0.928313580747749,1.05701634675296,1.10055964421233,1.40570512338235,0.950668057062392
"dsi-miR-309_st",0.950965091883758,0.748715872897017,1.34632551046204,0.711941712853142,0.937173334684965,0.829484309061096,0.842047868005851,0.829484309061096,0.787242623179891
"dsi-miR-310_st",2.83165675138746,2.62425359325685,1.57606961236024,2.53984295665756,2.53984295665756,2.53984295665756,2.53984295665756,2.36858596013463,2.59664522865238
"dsi-miR-311_st",3.4480445730629,3.58216631790943,1.80502117108087,2.87881526926813,3.03063602791898,3.40676575469312,3.25841229968273,2.439166235033,1.6962672170097
"dsi-miR-312-star_st",1.78508577122371,1.93404998865863,2.32114108559295,2.01869672389362,1.8314760355237,2.0149875202557,1.65189789467794,2.05785627763724,1.89347714996364
"dsi-miR-312_st",1.23019533445266,0.991240895757378,0.535517132611431,0.950668057062392,0.980475412359714,0.980475412359714,0.804262396470585,0.546591979746289,0.950668057062392
"dsi-miR-313_st",1.95592731827706,1.84863159629651,1.84863159629651,2.08114689220704,1.68268715093672,1.84863159629651,1.68706418215549,1.84863159629651,1.84863159629651
"dsi-miR-314_st",1.07200311704127,1.31522537167983,1.44389399773486,0.821631739140983,0.849072825392129,1.05169812800957,1.07200311704127,1.07200311704127,1.07200311704127
"dsi-miR-315_st",0.980582794213623,1.03856984475397,0.860796458980026,0.726493435764051,0.837568824105227,0.859102011390961,0.871665570335716,0.779029866460931,1.20188180924835
"dsi-miR-316_st",1.19865654124971,1.05880345271815,1.03143649322647,0.993966041948545,1.02140712819969,1.43211382249321,0.977375339764336,1.03143649322647,0.923301097570716
"dsi-miR-317_st",1.12255766703971,0.950668057062392,0.928571955694252,0.950668057062392,0.950668057062392,0.825448483132415,0.987701065570255,0.924212193736308,0.971521983768407
"dsi-miR-318_st",1.39413204293461,0.917786870906987,0.988263189571746,0.913072924553037,0.950668057062392,1.06497735617161,0.950668057062392,0.860457979414741,0.62844813525282
"dsi-miR-31a_st",9.28594296807481,8.45689248492616,8.48490357260515,8.42044185977319,7.93811281015782,7.81266168491512,9.3904755291615,8.77056430141675,8.32778732915023
"dsi-miR-31b_st",1.67309738469164,1.44389399773486,1.23931238884881,1.49036060921184,1.09643217460257,1.40079057920553,1.24664416123865,1.41365526417856,1.40079057920553
"dsi-miR-33_st",0.950668057062392,0.950668057062392,0.842532661406638,0.950668057062392,0.881593489691626,1.13024619790815,1.07093327980997,0.770648316595434,1.29939097364196
"dsi-miR-34_st",1.07200311704127,1.07200311704127,1.07200311704127,1.07200311704127,1.04254297333272,1.31588367309833,1.19518742148927,1.07200311704127,0.735557072815324
"dsi-miR-375-star_st",1.25420993535281,1.07200311704127,0.836358757953178,0.913072924553037,1.35389968877247,1.07200311704127,0.763961491649311,1.07200311704127,1.31101220734763
"dsi-miR-375_st",0.979333701740459,0.944073862628918,0.869239944108582,0.78428958053976,0.78428958053976,0.763984591508064,0.757095363342126,0.814344725639686,0.698162683216968
"dsi-miR-4_st",1.07339690460051,1.25286473796352,0.759638797291049,0.914466712112281,1.16792951475736,1.15834726816934,1.04819390529316,1.07339690460051,1.07339690460051
"dsi-miR-5_st",1.13253439423618,1.28823006684635,1.07703468486753,1.13000381440183,1.13000381440183,0.950668057062392,1.08890383657463,0.981399733931491,1.13000381440183
"dsi-miR-6-star_st",1.15695348061009,1.06981051855055,1.2006717430963,1.10499019958834,1.03494935927168,1.08636244398709,1.35056333024624,1.15695348061009,1.2006717430963
"dsi-miR-6_st",1.82192431359457,0.950668057062392,0.950668057062392,0.913072924553037,0.709703879714305,0.950668057062392,0.950668057062392,0.913072924553037,1.08349683875472
"dsi-miR-7_st",1.23130376556232,1.52112306794768,1.10866556343929,1.27005955871201,1.02622246011658,1.41866363918236,1.18144870533819,1.41866363918236,2.33418543413383
"dsi-miR-8_st",0.892316096982244,0.971758717694498,0.583086882706318,0.920019861427954,1.30735067231952,1.46633768447968,1.3121912665128,1.07200311704127,0.950668057062392
"dsi-miR-87_st",0.887869925245687,0.913072924553037,0.913072924553037,1.14870846207455,0.913072924553037,0.858353028463471,0.869239944108582,0.989787091152897,0.836352963890908
"dsi-miR-927-star_st",0.790396840477544,0.977375339764336,0.982138569053152,0.977375339764336,1.06778933918046,1.05701634675296,0.774612166831649,0.977375339764336,0.977375339764336
"dsi-miR-927_st",0.845268753069422,1.12270189515533,0.847702426092773,0.705548595929886,0.850292709791727,1.05701634675296,1.56367365871061,0.932652789661595,0.869239944108582
"dsi-miR-929-star_st",0.582495865090469,1.07200311704127,1.36319015331704,1.04113008887511,1.07200311704127,1.17835140673184,0.871813432995814,1.07200311704127,0.880973857269927
"dsi-miR-929_st",1.08372362945491,0.836358757953178,0.86229788500951,1.12609091412373,1.15695348061009,1.05701634675296,1.08989753290837,1.05701634675296,0.83474402048032
"dsi-miR-92a_st",12.043632328598,11.8327404612242,11.8379923266903,11.7224949658588,11.7787593431208,11.7332298776437,12.0393072684108,11.8442449822291,11.8184696713704
"dsi-miR-92b_st",8.97964603295698,8.8017691951982,8.82033118377699,8.50713567297505,8.41657531244253,8.44972825140386,8.9530312066246,8.59491725613607,8.9280749894886
"dsi-miR-932-star_st",1.28541696515629,1.34819166071067,0.646309652459441,0.877631891436621,1.02413516059756,1.36505797214492,1.05701634675296,1.03025358607755,1.05701634675296
"dsi-miR-932_st",0.977375339764336,1.05093867814237,0.977375339764336,0.977375339764336,0.791857313622675,0.977375339764336,1.49027110106531,1.07200311704127,0.845204523448502
"dsi-miR-955-star_st",1.04167775497564,0.905140340842576,0.977375339764336,1.27240067057456,0.977375339764336,1.19803292856412,0.977375339764336,0.897303194834307,0.903812001386299
"dsi-miR-955_st",0.910285393974856,0.738267933002042,0.70271609836651,0.471750545747787,0.660565471881914,0.836358757953178,0.829545326444804,1.10797885119576,1.22850727386635
"dsi-miR-957_st",1.42926028609621,1.33822236579387,1.05700588507316,1.55982754967733,1.15695348061009,0.975373072178436,1.28142009379905,1.696191964511,1.1898346667655
"dsi-miR-958-star_st",0.46041961335889,0.873962712029111,0.950668057062392,0.950668057062392,1.11476605103776,0.950668057062392,1.01979120804826,1.00584903637652,0.869239944108582
"dsi-miR-958_st",1.45039166518924,1.24124458179129,1.2006717430963,1.03143649322647,1.15805303905162,1.15695348061009,1.29088182074395,1.2006717430963,1.2006717430963
"dsi-miR-959_st",0.730015091591746,1.15695348061009,1.15695348061009,0.984452529062699,0.943654479933725,1.23759877521525,1.18551000778116,0.894113294783779,1.40332115903987
"dsi-miR-960_st",1.22570479710626,1.32713215726898,1.12693438403826,1.26442616437186,1.11325730340664,0.911538098669735,1.28347653603271,1.54939465967587,1.20162639804123
"dsi-miR-961-star_st",0.621834225455607,0.866413903053104,1.30070810687134,1.09526852738251,0.836358757953178,0.638259635378178,0.676364797559367,0.779029866460931,0.682238893208095
"dsi-miR-961_st",1.00408262246628,0.73641116241625,0.977375339764336,0.977375339764336,0.977375339764336,0.977375339764336,0.857110117016759,0.939780207254982,0.977375339764336
"dsi-miR-962_st",1.09168463887355,0.950668057062392,0.893031264063986,0.950668057062392,0.850720461525464,0.893031264063986,1.23988220903398,0.950668057062392,0.950668057062392
"dsi-miR-963-star_st",1.1900936763931,0.829332997083513,0.974418888190218,0.63498503786501,0.836358757953178,1.15695348061009,0.979224584233456,0.950668057062392,1.04344416888587
"dsi-miR-963_st",1.10866556343929,0.883328236478435,1.02639587898488,0.907830833928002,0.987330503460413,1.70650099269215,1.10866556343929,1.51777010726078,1.17241977776086
"dsi-miR-964-star_st",1.09661828944816,0.950668057062392,0.690676620156567,0.950668057062392,1.03131335166755,0.950668057062392,0.885035996668691,1.29939097364196,0.998451157577447
"dsi-miR-964_st",1.04574014201697,0.843386267651201,1.04574014201697,0.979858330483027,1.01903285931503,1.01829905576583,1.35969060137833,1.04574014201697,1.26903654534894
"dsi-miR-965-star_st",1.40079057920553,1.13829672974587,0.80227243819022,1.52854073296985,1.23357053118229,1.68015657110237,1.35969060137833,1.40079057920553,1.32014528460037
"dsi-miR-965_st",0.857110117016759,1.03459566356574,0.651881089827441,0.821821895549639,0.944494153608932,1.13454325910267,0.977375339764336,0.657568058785211,0.662847824038212
"dsi-miR-967-star_st",2.1789092324727,2.09176627041316,1.40332115903987,2.46105098882422,1.75420426062921,2.0140370390572,1.35969060137833,2.0140370390572,2.0140370390572
"dsi-miR-967_st",0.907904913849237,1.03288408295077,0.777798758696528,1.07200311704127,0.918574783841551,0.995288950441411,0.910435702900251,1.07200311704127,1.22060719751161
"dsi-miR-968-star_st",0.99890852705007,0.977375339764336,1.10866556343929,0.738648995555086,1.17906867546572,1.43002844174182,0.977375339764336,0.92004644827209,0.977375339764336
"dsi-miR-968_st",1.81133353511174,1.22695086968856,1.01476037214751,1.24361922160743,1.15695348061009,1.84863159629651,1.66160422337553,1.56254282431358,1.0671665875994
"dsi-miR-969-star_st",0.849930935820269,0.874180681162716,1.5352270588657,0.942707047643749,0.836358757953178,1.08665046984368,1.00700946285505,0.648378008067578,0.766675985820828
"dsi-miR-969_st",0.825688887960864,0.819999777908191,0.876011779296354,0.913072924553037,0.913072924553037,1.02559511769707,0.945954110708442,1.14871728364113,0.836352963890908
"dsi-miR-970-star_st",0.825694682023133,1.0103183052962,0.836358757953178,0.836358757953178,0.836358757953178,0.836358757953178,0.836358757953178,0.972723172786847,0.836358757953178
"dsi-miR-970_st",0.857891945238912,1.12331953132456,0.86156356493819,1.10724876453436,1.03054341950108,1.06813855201043,1.03054341950108,0.850523679034123,1.18947361198931
"dsi-miR-975_st",1.24185509333816,1.2006717430963,1.24185509333816,1.36707466726814,1.24185509333816,1.69450819531565,1.10055964421233,1.24185509333816,1.24185509333816
"dsi-miR-976_st",0.830100825426378,0.55828185506629,0.873964874263672,0.968799538480362,0.596998294312789,0.985312517728534,0.66375874010208,0.813674327127073,1.07200311704127
"dsi-miR-977_st",0.857891945238911,1.35056333024624,1.01470932852263,0.943261412956894,1.30684506776004,1.10055964421233,1.10055964421233,0.995082759176545,1.47393832163857
"dsi-miR-978-as_st",1.22404963680488,1.11675391482434,1.18603374643743,1.03143649322647,1.07200311704127,0.700113205158244,1.35969060137833,0.913072924553037,1.03670929005542
"dsi-miR-978_st",0.911171270478892,0.984458027223845,1.03143649322647,1.03143649322647,0.898607711534137,1.17750999386246,0.987603512782015,1.13120533942838,1.11728680891618
"dsi-miR-980-star_st",1.03143649322647,1.01887293428172,0.933183345278608,0.979030277774574,1.43941525247556,1.43941525247556,1.03143649322647,0.913072924553037,1.03143649322647
"dsi-miR-980_st",1.9808715171436,1.6490720262895,2.22723919557338,2.06713839011451,1.9808715171436,1.9808715171436,2.04424481435562,1.51828011274695,2.11994347359283
"dsi-miR-981-star_st",3.27428176959241,3.39821170542662,1.86220355027645,2.18966840075647,2.49029697964992,2.53234542542391,2.46921405208873,1.96812826044566,2.38856875748357
"dsi-miR-981_st",0.944786031871963,1.09589998811832,1.13630553225257,0.675646623440752,0.786788525495063,0.893136815185634,0.632959472301305,1.07200311704127,0.827314906894538
"dsi-miR-982a_st",0.977375339764336,1.26708085231456,1.15277155320535,1.03143649322647,1.15695348061009,1.15695348061009,0.684496296084069,0.993841360717116,1.09070448459594
"dsi-miR-982b_st",0.857891945238911,1.24816146378551,1.07200311704127,1.13220336069485,1.07200311704127,1.27109835536287,1.10055964421233,1.07200311704127,0.939832300725435
"dsi-miR-982c_st",0.953164283886943,0.950668057062392,0.911841816788634,1.02738222366225,0.522725380427512,0.950668057062392,0.781817925470867,1.07200311704127,0.950668057062392
"dsi-miR-983-star_st",1.23922316506451,0.947639559949902,1.24716355825774,1.64234977852102,1.07468379615568,1.32859167121155,1.19559260740296,1.15695348061009,0.817789281789087
"dsi-miR-983_st",0.95002396346655,1.54141388713501,1.32509396872737,1.04012547342336,0.735767068820408,1.05701634675296,0.974493413029658,0.874921631238904,1.08782255786127
"dsi-miR-986-star_st",1.09544012247288,1.07200311704127,0.576626880327091,1.29348052748504,0.836358757953178,1.09544012247288,0.905736064175336,1.09544012247288,1.25437031496111
"dsi-miR-986_st",0.839184799008656,0.826621240063901,0.714577483042932,1.02648808546179,1.25948335832814,0.940868363859499,0.869239944108582,0.788962247655884,0.982655105017338
"dsi-miR-987-star_st",0.748974721361005,1.34050723792012,2.601881031439,2.3181780903637,1.96855457686772,2.07761172919857,2.05652880163738,1.96855457686772,2.53439712558886
"dsi-miR-987_st",0.977375339764337,1.2006717430963,0.759638797291049,1.0404038443538,1.07549697990284,0.618868566208295,1.35969060137833,0.90036492643981,1.07200311704127
"dsi-miR-988-star_st",0.911743279370636,0.738582186562475,1.01182710067581,1.16177853198807,0.977375339764336,0.977375339764336,0.911743279370636,1.2145902736085,0.977375339764336
"dsi-miR-988_st",1.07758923735314,0.920712523782131,0.657019857895479,0.913072924553037,1.38890423246748,1.06894803648986,1.20814683897836,0.819107191566368,1.40340619709797
"dsi-miR-989_st",0.813588081102958,0.748314182696618,1.38561414142881,0.975871056369742,0.950668057062392,0.992761929699346,0.950668057062392,0.946308295104448,0.988263189571746
"dsi-miR-991-star_st",1.09735487468635,0.950668057062392,1.03143649322647,1.03143649322647,1.03143649322647,1.25387941114507,0.989219479030597,1.29992267722365,0.923301097570716
"dsi-miR-991_st",1.30869338176294,1.40332115903987,1.76905960611103,1.32607276328078,1.40332115903987,1.70933815152277,1.34311378683549,1.4144479258853,1.24353687695072
"dsi-miR-992-star_st",0.857891945238911,1.2309333095295,0.759638797291049,1.50970780308343,1.10959824955062,1.05701634675296,0.683904784968795,1.10959824955062,1.2309333095295
"dsi-miR-992_st",1.79420109889189,1.99428633522589,1.83374570658306,1.8598331592856,2.44819519705666,3.35921779034236,2.20372892753898,3.03768551519565,3.05607699575396
"dsi-miR-993-star_st",1.17040564155223,1.08429135514547,1.21513149822607,0.711941712853142,1.20562641512435,1.08429135514547,0.793549321531474,0.797365260321752,0.924507073056315
"dsi-miR-993_st",1.10866556343929,0.89440866879315,0.994356264330078,1.09193754396312,1.15695348061009,1.10866556343929,1.15220886089866,1.2141662253803,0.956622711437074
"dsi-miR-995-star_st",1.10866556343929,1.31447303939671,1.25706557949406,1.2006717430963,1.32267586443471,0.956834644500868,1.2006717430963,1.31138124686134,0.759638797291049
"dsi-miR-995_st",1.07200311704127,0.759653412919897,1.17792782721048,1.07200311704127,1.15695348061009,0.950668057062392,1.20256071866648,1.07200311704127,1.2006717430963
"dsi-miR-999-star_st",2.56628816880457,2.81101325252345,2.04231403208635,2.95779182703928,2.64403371972982,2.64403371972982,2.64403371972982,2.93348869354282,2.36910061875401
"dsi-miR-999_st",0.977375339764336,1.13995229979774,0.977375339764336,0.977375339764336,0.856206845209655,0.977375339764336,1.0557489034412,1.27171406466056,0.950668057062392
"dsi-miR-9a_st",0.869239944108582,0.869239944108582,1.30480035125615,0.895695807434666,1.1561660389323,1.04847701330843,0.869239944108582,0.683868801103043,0.753057901685864
"dsi-miR-iab-4-3p_st",1.02789712727521,0.950668057062392,0.893916708695839,0.950668057062392,1.12252490455215,1.13024619790815,0.885035996668691,1.07200311704127,0.815353224536341
"dsi-miR-iab-4-5p_st",1.04194797194134,1.07200311704127,1.40332115903987,1.39987210691482,1.24364130764273,0.827665208259681,0.761465640025318,1.19147665854533,1.08449403570558
"dsi-miR-iab-4-as-star_st",0.959017639882872,0.977375339764336,1.08697648658187,1.13080946702632,0.977375339764336,0.977375339764336,0.977375339764336,1.0540895063642,0.977375339764336
"dsi-miR-iab-4-as_st",1.03143649322647,1.25473289655843,0.923301097570716,1.03143649322647,0.703280561336006,1.03143649322647,1.03143649322647,1.21077225056591,0.985589560730504
"dvi-bantam_st",0.945430301987397,1.23512993886531,0.99360350119995,0.913072924553037,1.28131703770146,0.743232123299663,1.2249232013037,1.28127358023984,1.03743648164441
"dvi-let-7_st",11.8418451390356,11.9510588364078,11.8903668567734,11.8947095421636,11.4451613290435,11.3476125687601,11.8402412849693,11.5762444153996,12.1066803739499
"dvi-miR-1_st",1.18830657042792,1.130579685131,1.05701634675296,1.01303708892305,1.07537404663443,0.97474666229855,0.977375339764336,1.07200311704127,0.935681286774085
"dvi-miR-10_st",1.40332115903987,1.4601234310347,1.24933343200778,1.87565820420367,1.23610111101664,1.70420640987466,1.41649287337315,1.29537669808636,1.4601234310347
"dvi-miR-100_st",7.28456872303852,7.41979771942066,7.05900923912304,7.012824690205,6.58295424775988,6.86678570267116,7.35457458412643,7.22914249090363,7.50420479389967
"dvi-miR-11_st",1.24697043158899,1.51303606284652,1.33273296628381,1.1878421117939,1.01118034965712,1.22543724430326,1.43322391614129,1.274889084312,1.07200311704127
"dvi-miR-12_st",0.977375339764336,0.863066040655122,0.977375339764336,0.913072924553037,1.18366076331204,1.05701634675296,0.977375339764336,0.672356396496999,0.977375339764336
"dvi-miR-124_st",1.23922316506451,1.40919353677755,1.54939465967587,0.923027446523255,1.10625652125328,1.3852966657005,1.23922316506451,1.23897673525477,1.03657374912093
"dvi-miR-125_st",11.2576307013006,11.1197273233774,11.1844297302924,11.2005873184592,11.0165463415139,11.0374299279442,11.3010305353244,11.2080625886453,11.2079924149301
"dvi-miR-133_st",1.5310369597944,1.44389399773486,0.889531907098001,1.10111419987747,1.15695348061009,1.24971828034781,0.950738023114156,1.03167829679863,1.04965775862955
"dvi-miR-13a_st",0.939780207254982,0.523637394400148,0.993841360717116,0.913072924553037,1.21583443938058,1.32515001814592,0.913072924553037,0.593265643573912,0.913072924553037
"dvi-miR-13b_st",0.564107202273156,1.29602543705933,0.977375339764336,0.96534259620609,0.751085701559948,0.96534259620609,0.763649260504703,1.03122440774004,0.677522363181911
"dvi-miR-14_st",0.953164283886943,0.931631096601209,0.950668057062392,0.826251011962356,1.15998197772258,0.950668057062392,0.950668057062392,1.07200311704127,0.950668057062392
"dvi-miR-184-star_st",1.24773751988853,1.29602543705933,1.00136984145874,1.40349812082109,1.26746890988826,1.55375451237143,1.33457685902753,1.26746890988826,1.40332115903987
"dvi-miR-184_st",1.35969060137833,2.46190445421651,1.8529165420508,1.22079560671031,0.958455207445392,1.25819790902707,1.35969060137833,1.35969060137833,1.23835554139945
"dvi-miR-210_st",7.32444923577727,7.74851284984408,7.74851284984408,7.74851284984408,8.34398762907824,8.35527085540259,8.13591808349244,7.41357444724312,7.36701545862877
"dvi-miR-219_st",1.50966944873045,0.861938611479671,1.63456670485669,1.13373051335282,1.05701634675296,1.05701634675296,0.752657942150012,1.09758297056776,0.850730923205262
"dvi-miR-263a_st",1.10866556343929,1.02802026883413,1.02902455645066,1.76796635230056,1.00231727374872,1.10866556343929,1.18703912711616,0.964722141239366,1.1236523337276
"dvi-miR-263b_st",1.07200311704127,1.07200311704127,1.07200311704127,1.32004998184887,1.15695348061009,1.10418422233335,0.933339596189099,0.944952506108615,1.12880538903609
"dvi-miR-274_st",0.977375339764336,1.03143649322647,1.2598371116298,0.872506300738237,1.11638685679529,1.35203121588338,1.24917303569976,1.09852464683426,0.89612166070042
"dvi-miR-275_st",1.10866556343929,1.41302396804224,1.12162644808752,1.03898279130694,1.01178857410931,0.830439411811749,1.03898279130694,1.03898279130694,0.969300019174592
"dvi-miR-276a_st",1.12491386595529,0.836358757953178,0.783389628418875,0.836358757953178,0.766922854874339,0.836358757953178,0.836358757953178,0.836358757953178,0.836358757953178
"dvi-miR-276b_st",1.093536304327,1.41234667430423,1.05364541715981,0.853500986926734,1.07200311704127,1.18530047778083,1.05364541715981,1.01366228717937,0.598693940842356
"dvi-miR-277_st",1.10866556343929,1.30885524748475,0.963565235669464,1.10866556343929,0.820978079102235,1.30778996495334,0.999748339561385,1.29836962173683,1.65714334124414
"dvi-miR-278_st",1.17333245604802,1.02738222366225,1.19723419995915,1.20404398579904,0.950668057062392,0.825663018925344,1.23011934443049,1.02738222366225,0.950668057062392
"dvi-miR-279_st",1.10866556343929,1.22297486254851,1.02371519987047,1.14870846207455,1.10866556343929,1.10866556343929,1.23922316506451,1.07107043092994,1.34430992252738
"dvi-miR-280_st",1.27196575419381,1.15695348061009,1.27828854058897,1.32082000076961,0.94269658596395,1.15695348061009,1.15695348061009,0.712732853883978,1.15695348061009
"dvi-miR-281-1-star_st",1.11137435322857,0.944154305205333,1.60425472520573,1.11137435322857,1.40332115903987,0.862668745793541,1.11137435322857,1.2754725564206,0.944154305205333
"dvi-miR-281-2-star_st",0.874329703281793,1.08844087508415,1.24185509333816,1.40079057920553,1.12132206123956,1.32407641260567,1.12132206123956,1.21363029681713,1.01172091442202
"dvi-miR-281_st",0.950668057062392,0.950668057062392,1.1490135303658,0.950668057062392,1.09927213753273,0.768461238750849,1.07841821082672,0.950668057062392,0.834486014639673
"dvi-miR-282_st",0.859210579081803,0.893136815185634,0.896434161306216,0.504663173027523,0.869239944108582,0.950668057062392,0.869239944108582,0.869239944108582,0.869239944108582
"dvi-miR-283_st",1.35499618498229,1.27816935506956,1.20873345199073,1.52854073296985,1.56910735678465,1.11137435322857,1.59766388395572,1.76041230762885,1.85701722971367
"dvi-miR-284_st",0.963231616007147,0.950668057062392,1.07200311704127,0.975871056369742,0.950668057062392,0.950668057062392,0.950668057062392,0.853791067732408,0.818497240746557
"dvi-miR-285_st",1.68268715093672,1.57329153075292,1.52854073296985,1.52854073296985,1.52854073296985,1.48249746689127,1.52854073296985,1.52854073296985,2.0696235316976
"dvi-miR-286_st",1.37197853090185,0.705068534278222,1.40332115903987,1.0540895063642,0.836358757953178,0.84333228167223,0.977375339764336,0.92004644827209,0.977375339764336
"dvi-miR-287_st",0.837448307383536,0.619236258074674,1.01418193144342,1.0512430767001,0.740571318053552,1.06797109617627,0.869239944108582,1.26314177196537,0.869239944108582
"dvi-miR-288_st",1.11895794231693,0.523637394400148,0.830402834314814,0.830402834314814,0.830402834314814,0.936751124005386,0.748974721361005,0.972989990882043,0.963231616007147
"dvi-miR-2a_st",0.995386066469073,1.39596257091646,0.883326762276004,1.1313736270836,1.33771087409922,1.15695348061009,1.15695348061009,1.07200311704127,1.15695348061009
"dvi-miR-2b_st",0.857891945238911,0.950668057062392,1.24185509333816,1.07200311704127,1.15695348061009,1.07200311704127,1.07200311704127,1.07200311704127,1.07200311704127
"dvi-miR-2c_st",1.36303245154231,0.950668057062392,1.09656136076262,1.11487276416952,1.38139015142378,1.1974608037431,1.09168463887355,1.14574579233568,1.31879586372197
"dvi-miR-3_st",1.25125272000652,1.43788667694046,1.01082355813832,1.2145902736085,1.2145902736085,1.2314811469381,1.2145902736085,1.2145902736085,0.996853731135211
"dvi-miR-304_st",0.950668057062392,0.988263189571746,1.1292797713829,1.12421260504995,1.04344416888587,0.950668057062392,0.869239944108582,0.871805978284411,0.842532661406638
"dvi-miR-305_st",1.01497047227369,0.873953890462532,0.873948096400263,0.913072924553037,0.950668057062392,0.950668057062392,1.24393131735619,0.816624998970286,1.10959824955062
"dvi-miR-306-star_st",1.07565952384771,0.821371987664871,1.05701634675296,1.40079057920553,0.888036492190073,1.05701634675296,0.96238856947603,0.877779277553111,1.71574084971726
"dvi-miR-306_st",0.89773433277571,1.05880345271815,0.977375339764336,1.5819632163869,0.754445048115195,0.756235800600893,0.977375339764336,1.3211495722169,0.867774192946803
"dvi-miR-307_st",1.68268715093672,1.72873041701531,1.15073665827038,1.22744200330366,0.991797644215566,0.915092299182285,1.05859187171213,1.24256432676101,1.22744200330366
"dvi-miR-308_st",1.05701634675296,1.34461516529623,1.09758918544795,1.05701634675296,0.725950659448068,0.999257785299291,0.82967041247668,1.2145902736085,0.937804903358791
"dvi-miR-309_st",1.23003404895924,1.07508510216243,0.913606911805709,0.886913842740824,0.817839275370059,0.950668057062392,0.977375339764336,1.09325521362962,0.950668057062392
"dvi-miR-310_st",1.46647608093111,1.57329153075292,1.45392720872373,1.56672369811713,1.21362319354162,1.33764717166483,1.47782407980078,1.44926755262971,1.90460957275152
"dvi-miR-313_st",1.16056619986427,1.25334231168776,1.70599541366524,1.14870846207455,1.07200311704127,1.54262031020689,1.54189741968987,1.08170412108629,1.35969060137833
"dvi-miR-314_st",1.10866556343929,1.15695348061009,1.54939465967587,1.1358705530489,1.15695348061009,1.15695348061009,1.18551000778116,1.15695348061009,1.03561842063121
"dvi-miR-315a_st",0.783389628418875,0.959547975163112,0.653283473266166,0.936823755680863,0.77082606947412,0.654167415509272,0.646309652459441,0.745794495909521,0.783389628418875
"dvi-miR-315b_st",1.27210435121991,0.754930644999368,0.869239944108582,0.744822899008546,1.07552536765628,0.869239944108582,0.779138434151774,0.913072924553037,1.00206872580091
"dvi-miR-316_st",1.48917147472958,0.715023697974299,0.869239944108582,1.22137955217815,0.836358757953178,0.869239944108582,0.869239944108582,0.779029866460931,0.845489112980756
"dvi-miR-317_st",1.22297486254851,0.950668057062392,1.15695348061009,1.02738222366225,0.832304488388959,0.950668057062392,0.863284020470219,0.893339165570145,1.15331747300597
"dvi-miR-318_st",1.06428406530928,0.602013919928137,0.701961515465066,0.945954110708442,0.869239944108582,0.728669732329309,0.869239944108582,1.07200311704127,0.869239944108582
"dvi-miR-31a_st",9.15788898035441,8.51178760020854,8.31735201956606,8.27708792544377,8.02657484146184,7.78198891907267,9.25487882102672,8.89536324545936,8.21864687110275
"dvi-miR-31b_st",2.16375611015048,1.54939465967587,1.46403261541111,1.66969406027355,1.54939465967587,1.47786609098264,1.69041124148703,1.89615343935575,1.66370395878508
"dvi-miR-33_st",0.922194360450211,0.900661173164477,1.15695348061009,0.951580071035028,0.839924675995797,1.36565834632243,0.977375339764336,0.977375339764336,0.977375339764336
"dvi-miR-34_st",0.950668057062392,0.950668057062392,1.03805209365456,0.971964446998681,0.771658837472722,1.24499709663856,1.23922316506451,0.907564638533056,0.950668057062392
"dvi-miR-4_st",1.23922316506451,1.07933668311742,0.881544906076527,0.950668057062392,0.828663935723978,0.928611531260906,1.40720567299097,0.801521344761597,0.950668057062392
"dvi-miR-5_st",0.836358757953178,1.00632912966622,0.766675985820828,0.808917671702032,0.836358757953178,1.04567267861337,0.748974721361005,0.549432663129457,1.08272643638296
"dvi-miR-6_st",0.898732166363432,1.07200311704127,1.13437652545152,1.15701523069908,1.0314395217973,0.898732166363432,0.663573153289103,0.805661990880264,0.652227863618276
"dvi-miR-7_st",1.32155712420231,1.92129959299133,1.10799841477601,1.49289024651252,0.73641116241625,0.78813756253164,1.89689785496038,1.53345687032732,2.00824489991834
"dvi-miR-79_st",0.893110106319731,0.893110106319731,0.836358757953178,0.783308940198717,0.713873037119879,0.893110106319731,0.731542692178711,0.823674203240892,1.38579667707784
"dvi-miR-8_st",1.26812442387536,1.15864477964217,1.89380404073209,1.43945754618557,1.70701050228329,1.28131703770146,0.989503242971564,1.30047325355866,1.36275220115229
"dvi-miR-87_st",1.05988740772507,0.89266735970183,1.12934162296976,1.06503920775846,1.07200311704127,1.10198128036202,1.05988740772507,1.54939465967587,1.02133598575686
"dvi-miR-92a_st",11.991991379521,11.8570425202451,11.8113046330407,11.687607091138,11.7156012649624,11.7601207906197,11.9844031863568,11.8164078130254,11.802445873138
"dvi-miR-92b_st",9.2043185253811,8.77347964063025,8.77347964063025,8.71212353246328,8.40690365612702,8.61406737656148,9.1011918382218,8.72312216122599,8.8975717436665
"dvi-miR-9a_st",1.16840459953568,0.73641116241625,0.796150198512637,0.826251011962356,1.02738801772452,0.950668057062392,1.13287487537393,0.770648316595434,0.950668057062392
"dvi-miR-9b_st",1.0606551181716,0.923960774360447,1.07200311704127,0.902276703039852,0.809651475251233,0.68945573924111,0.977375339764336,1.04529583433933,0.759638797291049
"dvi-miR-9c_st",1.10866556343929,1.01564497166888,1.37465922551401,1.14870846207455,0.82858635954833,0.78894786256681,0.98484194191503,1.07200311704127,0.929518074346084
"dvi-miR-iab-4-3p_st",0.645943540776618,1.2006717430963,0.869239944108582,0.711941712853142,0.73641116241625,0.975588233799154,0.907791366076788,1.10488430319667,0.869239944108582
"dvi-miR-iab-4-5p_st",1.14870846207455,1.35040179777594,1.05670228241754,1.14870846207455,1.14870846207455,1.16736228356931,1.18725988404276,1.02003983601952,1.12200117937261
"dwi-bantam_st",0.964240234929483,1.39108471244138,1.08372362945491,1.03143649322647,0.974656266883095,1.05701634675296,1.05701634675296,1.21858376089398,0.822001446796431
"dwi-let-7_st",11.8711736593683,11.9622006827666,11.8546973192571,11.8913377168555,11.4958622478987,11.3029693932095,11.9658814316027,11.5653451249985,12.090689438749
"dwi-miR-1_st",0.658212672739809,0.73641116241625,1.0565927672316,0.950668057062392,0.950668057062392,0.850004792308187,1.40720567299097,0.816624998970286,1.07200311704127
"dwi-miR-10_st",1.19919569891517,1.62432796392515,1.758428599225,1.47491410546448,1.68107638745326,1.27983637019119,1.71264065654776,1.19919569891517,2.13977656655044
"dwi-miR-100_st",7.84439489097557,7.28154870886519,7.31705137322936,7.1073922528805,6.83334686256997,6.57204487986273,7.51531176645442,7.32304395046371,7.5099326518079
"dwi-miR-11_st",1.14419020187388,0.864826619330449,0.705896426842216,1.27032824809456,0.897822523444101,0.82020572595143,1.10055964421233,0.941540785930308,0.941540785930308
"dwi-miR-12_st",1.09545025799375,1.0687429752918,1.30753612849366,1.03247159454708,0.99528895044141,0.56424673461677,1.02817013659681,1.07200311704127,1.02817013659681
"dwi-miR-124_st",1.42572124285401,1.76748312795576,1.28131703770146,1.39190341590722,1.28131703770146,0.937983652989499,1.30987356487253,0.931539189817916,0.831194515558327
"dwi-miR-125_st",11.3380819923877,11.2033214595328,11.2286503180293,11.1477009131591,11.0863521961233,11.0898587586017,11.2986309041313,11.2863002940472,11.2180202311058
"dwi-miR-133_st",1.10866556343929,1.14923840213428,1.10866556343929,0.857134946473344,1.23418255082291,1.10866556343929,1.06503500577774,1.10866556343929,1.10866556343929
"dwi-miR-13a_st",0.748974721361005,0.869239944108582,0.869239944108582,0.913072924553037,0.891585302520307,0.976535666089129,0.812728935682572,1.12260916672512,0.759638797291049
"dwi-miR-13b_st",0.987416852498463,1.08455083700942,1.12171415353069,0.805485729787015,0.929902774887051,1.04421207399627,0.683315443076487,0.962783961042456,0.962783961042456
"dwi-miR-14_st",1.1997189177958,1.07200311704127,1.17379560309895,0.911595386978901,1.08889399037087,1.56225135152811,1.02837255937972,0.928059694841344,0.869353701097696
"dwi-miR-184-star_st",1.62019445727383,1.30610947850933,1.21148170123239,1.66160422337553,1.43316708435285,1.66413480320987,1.27428376894722,1.30610947850933,1.88529544836092
"dwi-miR-184_st",0.981901607084461,1.68822589657815,1.55018222823352,1.73638253383055,1.07200311704127,1.1719507125782,1.5726803415501,1.02334663210786,1.10478179555869
"dwi-miR-210_st",7.52052054444028,7.72711986307232,7.76171988654669,7.71038087555531,8.38198953096455,8.35031374805837,8.13346943416353,7.48467384498737,7.15955352939262
"dwi-miR-219_st",0.893916708695839,0.761245606462415,0.893916708695839,0.943010597510768,1.06656818295801,0.625839086721432,0.877378537117067,1.2145902736085,0.758601876169788
"dwi-miR-263a_st",1.09556022384619,1.57885480338442,2.32745701962878,1.55806720371758,0.971844301572142,1.54939465967587,1.09556022384619,1.25965842703822,1.51969647746617
"dwi-miR-263b_st",1.21522926833268,1.05723176195578,0.928563135900748,1.03143649322647,1.67704755764063,1.05723176195578,1.34578686995789,1.2704102476468,0.947664766466248
"dwi-miR-274_st",1.23922316506451,1.11774238224184,1.13086806518809,1.09327293267874,1.21768997777877,1.06162177264331,1.13086806518809,1.3947902817342,0.980976478038147
"dwi-miR-275_st",1.12201441547847,0.836358757953178,0.950668057062392,1.01442247833795,0.787248298081153,0.950668057062392,0.950668057062392,0.980723202162318,0.888180012878907
"dwi-miR-276a-star_st",0.803607883714882,0.776166797463736,1.05121493995128,0.869239944108582,0.799804041029744,0.906835076617937,0.825406963664127,1.02267407137057,0.869239944108582
"dwi-miR-276a_st",0.956728407301044,0.77799945816295,1.01323941572705,0.888822370627018,1.28131703770146,1.01323941572705,1.01323941572705,0.864092703426259,0.98415937458156
"dwi-miR-276b-star_st",0.951737894293692,1.07200311704127,1.1719507125782,0.806569490130075,1.07200311704127,0.836358757953178,1.10055964421233,1.1348512089103,1.07200311704127
"dwi-miR-276b_st",1.23922316506451,0.970444535483736,0.808966345127016,1.3158402156367,1.19333817702015,0.836358757953178,1.09871039974321,1.07200311704127,1.07200311704127
"dwi-miR-277_st",0.925990491901038,1.35277598485178,0.764512301544318,1.10214883864527,1.15695348061009,0.925990491901038,1.14372703437433,0.633017241320699,0.849270531238909
"dwi-miR-278_st",1.12491386595529,0.836358757953178,0.736970616126029,0.836358757953178,0.836358757953178,0.836358757953178,0.664720567351717,0.664720567351717,0.794117072071973
"dwi-miR-279_st",1.40332115903987,0.865474470165398,1.13101435355376,0.905063590114305,1.53238446678902,1.57597263330204,0.82731562574054,1.52985388695467,1.05024591738968
"dwi-miR-280_st",0.857891945238911,0.73641116241625,0.857891945238911,0.711941712853142,0.73641116241625,1.05698718356051,0.725171731237421,1.09510687908307,0.872418702744367
"dwi-miR-281-1-star_st",0.977375339764336,1.19103341300145,1.10959824955062,0.979492094397915,1.50455125779541,1.10959824955062,1.51862079386656,1.07200311704127,1.10959824955062
"dwi-miR-281-2-star_st",1.23922316506451,0.915088881244842,1.29328431852664,0.934204221797168,1.32660720165668,1.23922316506451,1.61361886187943,1.19747569251133,1.15309626774171
"dwi-miR-281_st",1.10866556343929,1.03959099606853,1.10866556343929,1.10866556343929,1.10866556343929,1.08195828073735,1.37610270115034,1.34619518677594,0.88516722179144
"dwi-miR-282_st",0.902408848622993,0.889845289678238,1.03453392120309,0.913072924553037,0.798763625443823,1.0758889282324,1.08542076558695,1.40079057920553,0.913072924553037
"dwi-miR-283_st",1.10866556343929,1.40163881401963,1.10866556343929,1.0415774098315,1.00871796790236,1.23418255082291,1.10055964421233,1.28532732557608,0.77830034674119
"dwi-miR-284_st",1.07200311704127,1.1666308943182,0.854512925296388,1.1271840963554,1.36350399678879,1.07200311704127,1.10055964421233,0.913072924553037,0.958816685389665
"dwi-miR-285_st",1.35969060137833,1.44112576482916,1.10866556343929,1.21378156654996,1.65875213674951,1.38765925764422,1.35969060137833,1.14948446721673,1.35969060137833
"dwi-miR-286_st",0.818445147276104,0.577480969928017,0.913072924553037,1.10815065982633,1.11639567836187,0.695582732808155,0.869239944108582,0.913072924553037,1.07200311704127
"dwi-miR-287_st",0.977375339764336,0.869899620898313,0.991234680877192,0.913072924553037,0.991234680877192,0.950668057062392,0.869239944108582,0.950668057062392,0.977862274260026
"dwi-miR-288_st",0.977375339764336,0.863066040655122,1.29404139326502,1.24413861185793,1.0580206343695,0.865757644984238,0.846085116089381,0.880498350434352,0.977375339764336
"dwi-miR-2a_st",1.28929052964371,0.850188266312048,1.10055964421233,0.805485729787015,0.856722545616902,1.28929052964371,1.01317560762016,1.04323075272009,1.18294223995314
"dwi-miR-2b_st",0.792828913984289,0.979807413271082,0.905339219091179,0.862264817063127,0.972065983184141,1.05701634675296,0.748974721361005,1.11813948382013,1.11263619496341
"dwi-miR-2c_st",1.23922316506451,1.23922316506451,1.23922316506451,1.23922316506451,0.860991649409185,0.904675178635266,1.23922316506451,1.3439883072107,1.23922316506451
"dwi-miR-3_st",0.895487077748266,1.10959824955062,0.576626880327091,0.950668057062392,0.950668057062392,0.950668057062392,0.908574184425437,0.913072924553037,0.988263189571746
"dwi-miR-304_st",1.28604919019179,1.16404506885338,1.41124107688162,1.03143649322647,0.719086789105097,0.994074697140335,1.17181545755091,1.16404506885338,1.45164388739664
"dwi-miR-305_st",1.39499966659967,1.07200311704127,0.930986535230111,1.16369523236286,0.784315632704213,1.07200311704127,1.07200311704127,1.23082142600264,1.31905236632058
"dwi-miR-306_st",0.977375339764336,1.53913007965385,0.791668346460102,1.17906867546572,1.17906867546572,1.17906867546572,1.20577595816767,1.24960893861212,1.17906867546572
"dwi-miR-307_st",0.977375339764336,0.950668057062392,0.850720461525464,0.605065507353958,1.15695348061009,0.950668057062392,0.950668057062392,0.893339165570145,0.950668057062392
"dwi-miR-308_st",0.893916708695839,0.950668057062392,0.733755408443203,0.863043680529676,1.01825990038088,0.893916708695839,1.30031966816324,0.893916708695839,0.869239944108582
"dwi-miR-309_st",0.96541553875494,1.32919070561597,1.20470400696568,1.24787731062041,1.37339429800403,1.86555338106783,1.23141128966763,1.54939465967587,1.09444318335842
"dwi-miR-314_st",1.19261947522114,1.36055822504338,0.847313018852475,1.40332136825654,1.23922316506451,1.42699956770889,1.23922316506451,1.20162803255515,1.23922316506451
"dwi-miR-315_st",0.922194360450211,0.73641116241625,0.857891945238911,1.0503149925695,1.09661828944816,0.942842308807734,0.792259884845211,0.695382895515227,0.759638797291049
"dwi-miR-316_st",0.981901607084461,1.1719507125782,1.2145902736085,0.954460520833316,1.12823245009199,1.15343122999508,0.671255562377667,1.07107865099038,1.07200311704127
"dwi-miR-317_st",1.03558568664077,0.998923240242745,0.869239944108582,1.52854073296985,0.998923240242745,0.983936469954438,1.29718262074346,1.43367176536093,0.998923240242745
"dwi-miR-318_st",0.725747086486205,0.73641116241625,1.24959652342511,0.73641116241625,0.949184930432351,0.862718872443208,0.646309652459441,0.526205028254658,0.73641116241625
"dwi-miR-31a_st",9.29380580511441,8.50269005512883,8.20588756774022,8.10282256493326,7.863105090742,7.88892327223648,9.23282052653389,8.93180726219854,7.99541138873028
"dwi-miR-31b_st",1.73928112351203,1.2006717430963,1.03143649322647,1.16979871493014,1.19397111747429,1.3919766939405,1.59683552458562,1.07200311704127,1.2006717430963
"dwi-miR-33_st",0.885024617754477,1.2110750734905,1.19636667413264,1.03143649322647,1.17325305906947,1.0366748088968,0.909806567923382,1.3158402156367,1.30764747612936
"dwi-miR-34_st",1.11328770650413,1.2006717430963,1.52126646575322,0.686950510038636,1.2006717430963,1.0860032872918,1.19821285099146,1.61000226252141,1.2006717430963
"dwi-miR-4_st",0.860170681048481,1.07428185285084,0.73641116241625,0.965270011876174,0.896195444505408,1.07577358535116,0.922902727207353,0.816123299575379,1.1318398035935
"dwi-miR-5_st",0.972201244348125,0.950668057062392,0.757452389604672,1.03143649322647,0.850720461525464,1.06181079420762,1.39207641387868,0.950668057062392,0.972201244348125
"dwi-miR-6_st",1.22614953500814,0.978929970396424,1.38442630578141,1.52854073296985,1.31072946125052,1.07200311704127,0.891545933804251,1.03440798453192,1.01181115655183
"dwi-miR-7_st",1.62686934368737,1.60555992605436,1.03143649322647,2.1779197500256,1.4075195210422,1.40332115903987,1.38235037309964,2.11637659563818,2.9712257128197
"dwi-miR-79_st",1.01693685568539,0.951579509521781,1.12143148581868,1.02828485455506,0.995403668399658,1.02828485455506,0.984451874110607,0.94333449098624,1.07200311704127
"dwi-miR-8_st",1.46509299441682,1.43838571171488,1.34701966508933,1.40079057920553,1.37223405203446,1.40079057920553,1.40079057920553,1.40079057920553,1.25089899205558
"dwi-miR-87_st",1.85533862519889,1.28131703770146,1.03143649322647,1.14870846207455,1.28131703770146,1.40332115903987,1.35969060137833,1.20082001661291,1.2006717430963
"dwi-miR-92a_st",11.9973804544352,11.7795562347919,11.7050822230012,11.6458604834289,11.7253392370391,11.6949245488571,12.0161162891616,11.7827621138174,11.8202142539712
"dwi-miR-92b_st",9.05432750590211,8.69240653787664,8.65281679374787,8.56948422079966,8.48117049547285,8.22296765856937,8.78604424060159,8.66708364011023,8.76858230089587
"dwi-miR-9a_st",1.23922316506451,1.27978978887931,1.23113871131864,1.2803231428917,1.12393526084225,1.23922316506451,1.23922316506451,0.952297070240785,1.12393526084225
"dwi-miR-9b_st",0.863799844204323,0.744205167766487,1.08673013585346,1.01657603171878,0.945227957158133,0.836358757953178,0.80973869074219,0.904366468019123,0.759638797291049
"dwi-miR-9c_st",1.0308073582496,1.11819139484177,1.2006593345465,1.0308073582496,1.01824379930485,1.01582058796129,0.869239944108582,0.845436215244062,1.04147143417965
"dwi-miR-iab-4-3p_st",1.17902046809138,0.870399183174243,1.05701634675296,1.18780099140101,0.800963280095405,1.05701634675296,1.35969060137833,0.931747924743447,0.914378441004161
"dwi-miR-iab-4-5p_st",0.814075762559793,1.1516441240299,1.20920207477256,0.993262132431396,1.26595342313911,1.05701634675296,1.05701634675296,1.05701634675296,0.854613360619123
"dya-bantam_st",0.737424508925091,0.740349349030957,1.36853577338956,0.740349349030957,0.950668057062392,0.728669732329309,0.857891945238911,0.857891945238911,0.972560401043413
"dya-let-7_st",11.9036224050639,11.9531263737017,11.8408118229967,11.8765352463653,11.4993357353254,11.3391961177435,11.9230536434551,11.6282991640165,12.0566047093569
"dya-miR-1_st",1.35057684282443,1.19872663418883,0.869239944108582,1.01925880082583,0.829209695332089,0.897923740846947,1.10977350381578,0.950544755310967,1.24328112084388
"dya-miR-10_st",2.38984422039173,2.75730751798017,2.38984422039173,2.51986879042729,2.38984422039173,2.29323929830691,2.38755455461919,3.04870449163247,2.44659556875828
"dya-miR-100_st",7.40460158771875,7.53530717087517,7.2450433697934,7.18530248041535,6.84025049981006,6.64234349636189,7.26104947742021,6.70107246483367,7.51443701667318
"dya-miR-11_st",1.31278650344254,0.73641116241625,0.599552569311177,0.993145069483067,1.14556645541931,0.73641116241625,0.656770155427623,0.73641116241625,0.73641116241625
"dya-miR-124_st",0.873700464930917,1.12838447542826,1.52854073296985,1.08528105689893,1.08781163673328,1.24195805470015,1.04418107907173,1.24674182922151,1.02314433519834
"dya-miR-125_st",11.2021649176148,11.1723878669555,11.2561223626894,11.2315160817833,11.0923870286932,11.0787015369378,11.1723878669555,11.1624563174371,11.1639242164818
"dya-miR-133_st",1.23302912053066,1.23302912053066,1.18137990384433,0.849580412990235,1.28131703770146,1.18137990384433,1.1017388968557,1.14378477133498,1.18137990384433
"dya-miR-13a_st",1.10866556343929,0.876189988609931,0.977375339764336,0.8529582946643,1.32884309058741,0.675708539490501,1.43756863836791,0.977375339764336,0.856040279785458
"dya-miR-13b_st",0.91767677627788,1.03094565980117,1.35100942961821,1.28670701440691,1.28131703770146,1.28384761753581,1.68975389659979,1.1526639563148,1.07492491763109
"dya-miR-14_st",1.07200311704127,1.07200311704127,1.75215783260855,1.07200311704127,1.27476628997396,1.15938715363344,1.07200311704127,1.07200311704127,0.759638797291049
"dya-miR-184-star_st",1.5310369597944,1.25873015430829,1.64341994236236,1.82035452769975,1.24248185179229,1.69142093815684,1.66067370966101,1.4187887352475,1.49437451339638
"dya-miR-184_st",1.20769674373743,2.29195576833012,1.35160614763246,1.83031471211469,1.03818514156109,1.18137990384433,0.993061521047139,1.19636667413264,1.54939465967587
"dya-miR-210_st",7.44282105132626,7.81784962649258,7.81939425053934,7.97341308436553,8.32601598965208,8.34489145435041,7.93199547195143,7.87442078455391,7.28752171499012
"dya-miR-219_st",1.07989026997199,0.950668057062392,0.74147874911423,0.881544906076527,0.869899620898313,0.950668057062392,0.841750833184485,1.16477922886475,0.981637122024132
"dya-miR-263a_st",1.28131703770146,1.87723322869004,1.24185509333816,1.61010449986572,1.28131703770146,1.28131703770146,1.14859682369997,1.35769787310018,1.59996713499645
"dya-miR-263b_st",0.646309652459441,1.01463731404379,1.85571486527588,0.990167864480684,1.3609525880105,1.11458490958072,1.02720087298855,1.41694414797427,1.35022926866881
"dya-miR-274_st",1.30352558027581,1.23922316506451,1.15457642982952,1.23922316506451,1.44550858861221,1.03495364654141,1.23922316506451,1.07671411534082,1.38440549233988
"dya-miR-275_st",0.948102022886563,0.950668057062392,0.564221000841245,0.802151790500793,0.856676385163827,0.81887980997696,1.09722570492611,1.07200311704127,0.869239944108582
"dya-miR-276a_st",0.717104862117195,1.07200311704127,1.15277155320535,1.27004352205343,1.15264841164643,0.857475595035255,1.07200311704127,1.42072603362084,0.918568989779282
"dya-miR-276b_st",1.05701634675296,1.1516441240299,0.977375339764336,0.993262132431396,1.04445278780821,1.09911021938992,1.05701634675296,1.05701634675296,0.970889449430171
"dya-miR-277_st",0.977375339764336,0.977375339764336,0.549432663129457,1.13957188888222,1.13630553225257,1.16515174240872,0.977375339764336,1.05135516868375,0.891248442441544
"dya-miR-278_st",0.977375339764336,0.762330391681117,1.22031592395751,0.977375339764336,0.819377833387436,0.836358757953178,1.10793294138955,1.07200311704127,1.07200311704127
"dya-miR-279_st",1.66006542974192,1.7528415415654,1.35160614763246,1.40079057920553,1.27950328239956,1.29396935463406,1.2375755182363,1.35160614763246,1.39217277144726
"dya-miR-280_st",0.932653146510388,1.2006717430963,0.880985284930042,1.03143649322647,0.72773776541325,1.36274515065527,0.868543023273925,0.853791067732408,1.07200311704127
"dya-miR-281-1-star_st",0.857891945238911,1.07933668311742,0.950668057062392,0.805485729787015,0.991999469796115,0.950668057062392,1.23922316506451,1.32889957271771,0.950668057062392
"dya-miR-281-2-star_st",1.15695348061009,1.15695348061009,1.15695348061009,1.21101463407223,1.13373701625111,1.03561842063121,1.23922316506451,1.15695348061009,1.07200311704127
"dya-miR-281_st",0.885024617754477,1.11572137952748,1.07200311704127,1.00287996605541,0.812921752521571,1.07200311704127,1.07200311704127,1.54939465967587,0.912218834952111
"dya-miR-282_st",0.857891945238911,0.836358757953178,1.22957704389681,0.946486129657648,1.07200311704127,1.07200311704127,1.19247055335509,0.913072924553037,0.950668057062392
"dya-miR-283_st",1.29837159199138,1.01417710167246,1.12050634515512,1.52854073296985,1.46697661786557,1.28131703770146,1.25219245661487,1.29602543705933,1.15338753131052
"dya-miR-284_st",0.709389405004862,1.31144370545275,1.10179238486437,0.886860636774381,0.856040279785458,1.40332115903987,0.977375339764336,1.09871039974321,0.977375339764336
"dya-miR-285_st",1.07200311704127,1.07200311704127,1.19636667413264,1.26442616437186,1.07200311704127,0.740203626187174,1.44359036940103,1.19333817702015,0.898492183126305
"dya-miR-286_st",1.10055964421233,0.919210481914777,1.10055964421233,1.29298269154292,1.14265351684929,0.979224584233456,1.10055964421233,1.10055964421233,1.10055964421233
"dya-miR-287_st",0.950668057062392,1.04344416888587,0.893916708695839,0.804717824676622,0.752627652050232,0.950668057062392,0.977375339764336,0.715032519540878,0.797233929800403
"dya-miR-288_st",0.846012045342246,0.618868566208295,0.856676121272291,0.715905890189537,0.741231326524699,0.759885148019454,0.759885148019454,0.759885148019454,0.759885148019454
"dya-miR-289_st",6.62030821306277,5.87366536974978,5.43698923687897,5.85013963123988,5.2125375623123,5.88913873533527,5.9824376349074,6.79911715254497,6.42667841316973
"dya-miR-2a_st",1.23922316506451,1.06169174046669,1.07200311704127,1.00770070182997,1.32188366151626,0.769236356144109,1.07200311704127,0.873657643737865,1.53539448942534
"dya-miR-2b_st",1.15695348061009,1.04715231448908,1.06494730095308,1.05369294978512,1.15695348061009,1.17780740731611,1.37502130436263,0.830803240098624,1.70456363474988
"dya-miR-2c_st",0.885024617754477,1.01444516629861,1.03143649322647,1.14107768441204,1.07200311704127,1.07200311704127,1.66160422337553,0.99193097211124,1.2006717430963
"dya-miR-3_st",1.07200311704127,1.44389399773486,0.910537051339561,1.52854073296985,0.73641116241625,1.04254297333272,0.870898894292981,1.42870144541086,1.07200311704127
"dya-miR-304_st",1.19361592700811,1.28562210666512,1.20860269729642,1.06643877762014,1.15695348061009,1.14302789960088,0.957411422378545,0.99802328812186,1.06159978664707
"dya-miR-305_st",0.959543062401176,0.959543062401176,0.830874436346146,1.209768162916,1.16219247834475,0.930082918692628,1.10055964421233,1.18536367294229,0.737270736128533
"dya-miR-306-star_st",1.02348888814457,1.11582727591915,0.85609539829306,1.19685727993677,1.15695348061009,1.15695348061009,1.14870846207455,0.913072924553037,1.2006717430963
"dya-miR-306_st",0.881803503053337,0.73641116241625,1.09854366823494,0.724057616833206,0.935966708201544,0.869239944108582,0.869239944108582,0.811911052616336,0.869239944108582
"dya-miR-307_st",1.2643558190752,0.849338484055673,1.22769337267718,0.924384949063751,1.06359537870182,1.06359537870182,0.869239944108582,1.06359537870182,1.06359537870182
"dya-miR-308_st",0.977375339764336,0.977375339764336,1.26856237604011,1.16979838709492,0.874710270862773,0.96238856947603,0.977375339764336,1.15671109710378,0.977375339764336
"dya-miR-309_st",0.780352710551547,1.1271840963554,1.11237676691095,0.913072924553037,0.658678960194109,0.852194177956996,0.549432663129457,0.913072924553037,0.969789610343719
"dya-miR-310_st",2.25059443392147,2.18341949157803,2.06977113545996,2.31394237198412,2.05776387309018,1.84986657971023,1.40804808849029,1.66297619760174,1.85147844954248
"dya-miR-311a_st",3.18954044770397,3.34070482904193,1.99938031472744,2.80861015824977,1.48343501106421,2.71870086594638,2.71870086594638,3.52686008835203,1.99938031472744
"dya-miR-311b_st",1.59250566671786,1.59250566671786,2.11456551951266,2.21308812251007,2.17377004043451,1.18964125960653,2.01488672502888,1.51107050326703,1.29602543705933
"dya-miR-312_st",1.10866556343929,1.57757252058447,1.09578159270217,1.35751443113505,1.45160907621068,1.55192523951022,1.65434619697891,1.40332115903987,1.40332115903987
"dya-miR-314_st",0.754618144393571,1.03143649322647,1.34597109471661,1.11608322846146,0.549432663129457,1.15585353832651,0.965804432832769,1.13693715516748,0.82903350709263
"dya-miR-315_st",0.857891945238911,1.32508878819634,0.925601226983664,0.711941712853142,0.868043276241003,0.836358757953178,0.592909434545016,0.913072924553037,0.836358757953178
"dya-miR-316_st",1.13769542998338,0.950668057062392,0.857594910417545,0.950668057062392,0.744265765585937,1.04741733954268,1.038980749685,0.978929970396424,0.998365141500299
"dya-miR-317_st",0.813946407148504,0.908574184425437,1.07267217840081,0.703541846496277,0.916315614512378,0.950668057062392,0.833648001648986,0.729337115225585,1.11133735735813
"dya-miR-318_st",0.83470691315198,0.954190307677405,1.14884297469977,0.914388529458461,1.15695348061009,0.954190307677405,0.897796471279647,0.782552117075944,0.764985903301156
"dya-miR-31a_st",9.58260444246871,8.77699739646503,8.81181691995445,8.57476171925552,8.28180079239017,7.86997367614958,9.63912546816045,9.3058170183736,8.39811041430727
"dya-miR-31b_st",1.4847563224907,1.05506125971124,0.975351872146667,1.52854073296985,1.18855275329756,1.36275220115229,1.29602543705933,1.29602543705933,1.39065321433626
"dya-miR-33_st",1.11424480292247,1.11424480292247,1.59546409640713,1.11424480292247,0.937583040785687,1.22404596904349,1.11424480292247,1.15807778336693,1.07200311704127
"dya-miR-34_st",1.10866556343929,0.978673418363217,1.14923218725409,0.926820789765893,1.07200311704127,0.728669732329309,0.909806567923382,1.51273221327785,1.17614928530884
"dya-miR-4_st",1.49813472517758,1.01611931733715,1.30250227107152,1.11147301130018,1.11147301130018,0.886526171688473,1.23922316506451,1.00817323149535,1.11147301130018
"dya-miR-5_st",1.10866556343929,1.406957166644,1.07200311704127,1.06375809850573,0.836358757953178,1.15695348061009,1.15427280149568,1.2551568974233,0.865717693493569
"dya-miR-6_st",1.26332184330111,0.773524846070112,1.39651137319998,0.895839594437532,0.73641116241625,1.24399484603976,0.93064922845542,0.855884703920314,1.15357952010456
"dya-miR-7_st",2.71627977000184,1.68876951564506,1.23454937813418,2.08279885579636,1.89808343630525,1.89808343630525,1.91016338727752,1.89808343630525,2.64956701305301
"dya-miR-79_st",1.21219143100502,1.21219143100502,1.07947121700353,1.20966085117067,1.56091434758458,1.16847316851881,1.53372120875642,1.21219143100502,1.29602543705933
"dya-miR-8_st",0.913072924553037,0.698816029906895,0.913072924553037,0.885631838301892,0.913072924553037,0.913072924553037,1.24413861185793,0.855744033060791,0.950668057062392
"dya-miR-87_st",1.10866556343929,0.987330503460413,1.60189150411176,1.04278375190534,1.10866556343929,1.17539232753225,0.906972227737905,1.10866556343929,1.25654117461184
"dya-miR-92a_st",11.9487598537045,11.8060410441487,11.804125662236,11.6220998363865,11.6472397217263,11.716506507467,11.9129487507572,11.8056288644236,11.8052870388483
"dya-miR-92b_st",9.08860789982147,8.82771212697866,8.57865195538308,8.65679397939991,8.36365703032087,8.44694753656783,8.89130166327307,8.67462415586188,8.96323744032322
"dya-miR-9a_st",0.748974721361005,1.40021380132785,1.07200311704127,0.762438889641741,1.014811268206,0.779166909117908,0.920183490929067,0.855881075717768,0.86238988226976
"dya-miR-9b_st",0.748974721361005,0.953639548367837,1.03858991193666,1.14870846207455,0.637461214526394,0.832304488388959,0.982196075538902,0.913072924553037,0.750876375435149
"dya-miR-9c_st",0.940003981132347,1.02738801772452,0.950668057062392,0.940003981132347,0.7404619229008,0.940003981132347,0.659521649216322,0.940003981132347,0.950668057062392
"dya-miR-iab-4-3p_st",0.977375339764336,0.836358757953178,1.09168463887355,0.977375339764336,0.977375339764336,1.0082483679305,0.7873262342706,0.977375339764336,1.4022152901802
"dya-miR-iab-4-5p_st",0.950668057062392,1.04344416888587,0.842532661406638,0.886365641851092,0.843195373300628,0.929134869776658,0.950668057062392,1.07817702049473,1.40332115903987
"E2_st",3.36327235562033,3.02831750283001,3.84037992725724,3.42890441601403,3.73986589666662,3.81916028802594,3.0199380020978,3.04223603334221,3.36327235562033
"E3_x_st",3.79392858651784,3.70292299568078,4.75177112325788,3.6716374107299,4.29327280466794,3.81430993060841,3.67287372110369,3.62733143132162,3.96240287764293
"ebv-miR-BART1-3p_st",1.2145902736085,1.19586844064087,1.54422597058686,1.46699690037404,1.17197156956382,1.1942852845768,0.904052796592547,1.2145902736085,1.37868826758387
"ebv-miR-BART1-5p_st",0.748974721361005,1.40954729449075,1.10866556343929,0.950668057062392,1.02423139544043,0.738284817669839,0.662954520560881,1.32099404127253,0.950668057062392
"ebv-miR-BART10-star_st",0.663891194162123,0.86982609487979,0.878002365964482,1.03143649322647,1.08731628662467,0.878002365964482,1.05493695130187,0.997475907468547,0.587569939735386
"ebv-miR-BART10_st",1.1017388968557,1.45046633433233,1.23977328273101,1.40196983184889,1.28131703770146,0.851367518955418,1.1017388968557,1.03743648164441,1.08042947922269
"ebv-miR-BART11-3p_st",1.73433636762305,1.68268715093672,1.41965037902247,1.66160422337553,1.68268715093672,1.68268715093672,1.48249746689127,1.72378712876392,2.10982986876269
"ebv-miR-BART11-5p_st",1.08863730838032,0.947620726569159,0.947620726569159,0.730130534824277,1.28131703770146,1.05701634675296,0.869239944108582,0.790710584883453,0.905379040687955
"ebv-miR-BART12_st",1.68996487145514,1.84692780737073,1.58036372463761,1.1406311620129,1.65708368529974,1.54939465967587,1.68996487145514,1.68996487145514,1.83603837209113
"ebv-miR-BART13-star_st",0.96963231016079,1.2006717430963,1.06260721647531,0.89808615426473,1.15695348061009,1.05701634675296,0.646309652459441,1.05701634675296,1.1898346667655
"ebv-miR-BART13_st",4.44074817272037,4.8937641552805,4.1020105488659,4.18899748703009,3.69853942137457,3.66945150547539,4.26435508687448,4.56048766110471,4.37563187897904
"ebv-miR-BART14-star_st",1.6503319007773,0.98342190415368,1.44389399773486,0.98018860705494,1.15695348061009,1.19767879879982,1.34757038594977,1.19767879879982,1.00664953902848
"ebv-miR-BART14_st",1.06228575184249,1.17266638179547,1.06228575184249,1.32056881617814,1.06228575184249,0.950668057062392,0.974901715250317,1.32904902393609,1.06228575184249
"ebv-miR-BART15_st",1.02428237837667,1.11705849020015,1.15695348061009,0.865352185888436,0.902797542043179,1.05701634675296,0.861424770758118,1.02428237837667,0.872088846688162
"ebv-miR-BART16_st",2.439166235033,2.52918625027637,1.49282647442788,2.7319427119343,2.62371886043322,3.9793026173213,2.76471888303786,2.53106328875284,3.2884567838347
"ebv-miR-BART17-3p_st",1.17676825918747,1.01877075281057,2.02154929839819,1.05235121408743,1.19512595906893,1.17676825918747,1.17676825918747,1.17676825918747,1.07200311704127
"ebv-miR-BART17-5p_st",1.26442616437186,1.27378042629433,1.11099203710987,1.6866753349041,0.836358757953178,0.950668057062392,1.56233553429644,1.26442616437186,1.26442616437186
"ebv-miR-BART18-3p_st",0.723125649917147,0.820194129144882,0.632834255524846,0.805485729787015,1.07200311704127,0.927489851125429,0.83836691594242,0.779029866460931,0.759638797291049
"ebv-miR-BART18-5p_st",0.935205675426919,1.44389399773486,0.917127194117256,1.03143649322647,1.23236715980796,0.847033301002742,1.35758673373794,1.2145902736085,1.03143649322647
"ebv-miR-BART19-3p_st",0.748974721361005,0.935953220647797,0.935953220647797,1.00502778801856,0.745904115154061,0.773376260614397,1.05621844339537,1.01266738724766,0.701117335430399
"ebv-miR-BART19-5p_st",1.31797948409948,1.29602543705933,0.936010581332793,1.2972175718539,1.59148853231282,1.26633026741315,1.28131703770146,1.1096788471,1.29602543705933
"ebv-miR-BART2-3p_st",0.975035412589802,1.07015145158782,1.34926622045793,1.2598371116298,0.977375339764336,1.05701634675296,0.977375339764336,0.898513260986356,0.879122191816474
"ebv-miR-BART2-5p_st",1.18789004140357,0.915583235917459,0.859102579239318,1.35008659052146,1.29518576338412,1.67813827589041,0.869239944108582,1.29381475157278,1.18789004140357
"ebv-miR-BART20-3p_st",1.04793373774369,1.79879435076306,1.07200311704127,1.07200311704127,1.07200311704127,0.821631739140983,1.00256721396243,1.12236325117289,1.19400723837968
"ebv-miR-BART20-5p_st",1.06217534941247,1.15680312668941,1.68268715093672,0.790348605578024,1.26617991349247,1.02048129642222,1.27237395802632,1.06038119295027,1.63262423854607
"ebv-miR-BART21-3p_st",1.06744415871702,1.3614253445208,1.2691374944184,1.12395516714303,1.40332115903987,1.2691374944184,0.867902100485467,0.867902100485467,0.714932622827091
"ebv-miR-BART21-5p_st",0.861548565805439,0.956176343082373,0.903192791247023,1.15123965605462,0.669235825957604,0.995433004422905,0.913072924553037,0.913072924553037,1.24450472354076
"ebv-miR-BART22_st",0.75399867808331,0.917786870906987,0.836358757953178,1.11286460618028,0.836358757953178,0.836358757953178,1.20050723974926,0.657121688753326,0.836358757953178
"ebv-miR-BART3-star_st",1.08646602878171,1.15695348061009,1.05700588507316,1.12650892741697,1.47754820326701,1.05701634675296,1.20651153124775,0.890873389895458,1.51668302585911
"ebv-miR-BART3_st",0.977375339764336,0.977375339764336,0.977375339764336,1.14870846207455,0.948818812593272,1.34561945291276,0.977375339764336,0.948818812593272,0.977375339764336
"ebv-miR-BART4-star_st",0.894258879494228,0.950668057062392,1.00822600780505,1.02737340209567,1.03561842063121,0.873953890462532,0.747904884129704,0.950668057062392,0.950668057062392
"ebv-miR-BART4_st",1.5310369597944,1.33980984753848,1.33980984753848,1.03829249848301,1.97837529031905,1.52854073296985,1.95012428864777,2.02330301023523,1.21289996758518
"ebv-miR-BART5-star_st",0.975373072178436,1.07304948764825,1.10593067380365,1.26812722292154,1.54939465967587,0.948356746948115,1.10593067380365,1.015720596156,1.10593067380365
"ebv-miR-BART5_st",0.805239844947674,1.10360238972874,1.07200311704127,1.07200311704127,1.07200311704127,0.892623881539847,0.686876276274241,1.07200311704127,1.08671151639914
"ebv-miR-BART6-3p_st",1.10866556343929,1.07200311704127,1.10866556343929,1.07200311704127,0.865717693493569,1.11424480292247,1.16221319468892,1.07200311704127,1.07200311704127
"ebv-miR-BART6-5p_st",1.22297486254851,0.950668057062392,1.19454861311945,0.950668057062392,0.831194515558327,1.15695348061009,0.755202264215399,0.950668057062392,0.950668057062392
"ebv-miR-BART7-star_st",0.908625108053705,0.908625108053705,0.893916708695839,0.739389858183875,1.22921983071062,0.864906845567498,0.94150629420911,0.906094528219357,1.27293809319683
"ebv-miR-BART7_st",1.31999160122858,0.795435090335569,0.864158064582953,0.764919105972215,1.1260642705034,1.03143649322647,1.10055964421233,0.946486129657648,1.15277155320535
"ebv-miR-BART8-star_st",0.857891945238911,0.950668057062392,0.714159146693575,1.13686836265942,0.709703879714305,1.19454861311945,0.906835076617937,0.950668057062392,0.950668057062392
"ebv-miR-BART8_st",0.857891945238911,0.730010468262606,0.881119580113711,0.794137730917344,0.857891945238911,0.836358757953178,0.857891945238911,0.901724925683366,0.704457817976923
"ebv-miR-BART9-star_st",1.10403021800321,0.963013636192051,1.07732293530126,1.36437375990878,0.836358757953178,0.828617327866237,1.07732293530126,0.905684744699804,1.11020412145667
"ebv-miR-BART9_st",0.990099231777018,1.03528348061883,1.38165452823617,1.40079057920553,1.28865270323537,1.49493812678307,0.839817687771841,1.28865270323537,1.40332115903987
"ebv-miR-BHRF1-1_st",1.07200311704127,1.51013660886169,0.904724688397753,0.711941712853142,1.07200311704127,1.49542820950382,1.07200311704127,0.913776864596756,1.07200311704127
"ebv-miR-BHRF1-2-star_st",1.29887256645461,0.913183353908344,0.949845800306365,0.886091585984798,0.998133717477166,1.11712422894988,0.939181724376321,1.05577051047557,0.759638797291049
"ebv-miR-BHRF1-2_st",0.918613826778743,0.755575706160251,0.596185769414428,0.83634414232433,0.83634414232433,1.23365882564337,1.03908126309256,1.10310741441793,0.759638797291049
"ebv-miR-BHRF1-3_st",1.2217546706575,1.48827056163956,1.35160614763246,1.2006717430963,0.836358757953178,1.2217546706575,1.2649741583076,1.10392237914668,1.2006717430963
"eca-let-7a_st",13.2391008467458,13.3264296727685,13.3844250633522,13.3849100724683,12.9002571958515,12.7887117912071,13.3352574260319,13.1223726836896,13.4661321209586
"eca-let-7c_st",12.6117786750655,12.4853175288065,12.6137496514157,12.5069860621897,12.0961541085046,12.0498836804874,12.6467195847377,12.4288197842361,12.4920876611623
"eca-let-7d_st",12.1956093476934,12.3034710274245,12.2441828130249,12.3368783085738,12.1183782988734,12.0918318057573,12.2768355619423,12.1355642699641,12.2038089050819
"eca-let-7e_st",11.8487043022279,12.1500031442166,11.9820169473089,11.9471672955179,11.9471672955179,11.9474375746419,11.9676582485769,11.8610051036542,11.7781094845305
"eca-let-7f_st",9.43296086422527,9.45861680152804,9.26063973230526,9.32348195192152,8.69869319445704,8.44380743783898,9.42582778567466,8.86323240623935,9.55660826211449
"eca-let-7g_st",8.70984067504944,8.83875529363213,8.61406737656148,8.65679397939991,8.2156296586547,8.162538326247,8.7450743242566,8.40241685448712,9.06310468170283
"eca-miR-1_st",0.836358757953178,0.836358757953178,0.950668057062392,1.05222451746869,0.626152623791586,0.805389692991437,0.900023922272177,1.05046992975554,0.790422775454644
"eca-miR-100_st",11.6591252396574,11.7473408396256,11.6285179031785,11.548754328654,11.5556306897194,11.6840975231068,11.5372599498177,11.6285179031785,11.5882935788244
"eca-miR-101_st",1.23922316506451,1.09981440496369,0.93057915509386,1.31570599586089,1.1206282605876,1.08713237615356,1.52854073296985,0.845393027164449,1.10866556343929
"eca-miR-103_st",13.317953165791,13.2552809873942,13.2450204602816,13.2551267648514,13.4317649760926,13.4463088496095,13.335927339939,13.391438457824,13.2168894891065
"eca-miR-105_st",1.12726692691428,1.09060448051626,1.06389719781431,0.913072924553037,1.22497668931237,1.83257873808667,1.350582837446,1.16764779782012,1.01913153125853
"eca-miR-106a_st",13.1917314077399,13.1832079935188,13.067411367367,13.1679961802078,13.3276741382366,13.3180081057613,13.1917314077399,13.2124698582737,13.1116981715959
"eca-miR-106b_st",11.7663899125919,11.6479794676959,11.7117960786634,11.7082748314904,11.7597525677766,11.6256980068295,11.8066135812422,11.7015161641088,11.6265595917865
"eca-miR-107a_st",13.2869845279629,13.2135840463542,13.2132216731989,13.2665311347916,13.3888523689176,13.416796490477,13.3091655202181,13.3434545412778,13.2132216731989
"eca-miR-107b_st",12.9310597487206,12.8277711625115,12.8233436909303,12.7847966944342,12.8468570205697,12.8995268706053,12.9156545170081,12.8693159979037,12.8162154485721
"eca-miR-10a_st",2.89780612980218,1.77206097501466,1.15695348061009,1.58502088702877,1.3285386013149,1.40332115903987,1.66160422337553,1.51596263926067,1.7868333192043
"eca-miR-10b_st",0.846781985998732,1.21375575260491,1.2145902736085,1.12608045244393,0.936295891810307,1.15695348061009,1.15695348061009,1.40079057920553,1.15695348061009
"eca-miR-1179_st",0.977375339764336,1.25502646166534,0.950668057062392,0.748314182696618,0.781688202499502,1.00441501410619,0.950668057062392,0.779029866460931,0.950668057062392
"eca-miR-1180_st",5.7832706527912,6.08761704839447,6.06806900430591,5.90134761194317,5.23352099412326,5.38252924523773,5.90134761194317,6.21470604296134,6.21470604296134
"eca-miR-1185_st",1.03968151176201,1.07200311704127,1.19725543861755,1.03143649322647,1.03968151176201,1.01297422906007,0.775383426568912,1.05466828205032,1.17875346821125
"eca-miR-1193_st",1.01682213772714,1.07200311704127,0.98724488734668,1.07200311704127,1.07200311704127,1.02595985096269,1.30451841295179,1.40079057920553,1.07200311704127
"eca-miR-1197_st",0.950668057062392,0.940814486478306,0.950668057062392,1.31512458327595,1.40332115903987,0.833125460854437,0.853430449886133,1.04529583433933,1.08349683875472
"eca-miR-1204_st",1.40332115903987,1.14995193642333,1.69277173802663,1.18583096729499,1.54939465967587,1.40332115903987,1.66752204529903,1.40332115903987,1.40332115903987
"eca-miR-122_st",0.977375339764336,1.07200311704127,1.24185509333816,0.949934253513191,1.15695348061009,0.634041955052375,0.654346944084071,1.2145902736085,0.950668057062392
"eca-miR-124_st",0.913072924553037,1.28053622214148,0.913072924553037,0.803471777735504,0.816195935223053,0.855514973810376,0.816195935223053,0.932229140410236,0.759638797291049
"eca-miR-1244_st",0.941835642988968,0.896962246958592,1.46440609690078,1.01127154606781,1.13432868355956,0.836358757953178,1.24259124617156,0.716942506491634,1.01127154606781
"eca-miR-1248_st",1.05352481266007,0.895527306283174,1.44389399773486,1.26442616437186,1.72037543989719,1.10055964421233,1.10055964421233,1.10055964421233,0.886028748026632
"eca-miR-1255b_st",1.23922316506451,1.57329153075292,1.04947050410932,0.991488353864913,1.17383406120069,1.10128951998593,1.35969060137833,1.13225858494767,1.03546761169483
"eca-miR-125a-3p_st",6.11345606767396,6.82796222076392,6.66035261815287,6.40642564125328,6.58336200341191,6.7078546462622,6.40642564125328,6.27649374806111,5.95352416664266
"eca-miR-125a-5p_st",11.2534638276781,11.6330101794327,11.0259713123323,11.5248915043931,11.212428309393,11.3013121274631,11.1594314173383,11.163681369644,11.3863334541737
"eca-miR-125b-5p_st",11.3202006638971,11.1664978919495,11.2341208364714,11.1948069987767,11.0206262508484,11.0022544413892,11.3739911208787,11.2217952494856,11.1516021932251
"eca-miR-126-3p_st",2.9513059302868,3.02293435003771,2.40851116209099,3.18760953514833,3.11661386216726,3.02293435003771,2.56820224221993,2.7319427119343,3.0644923619384
"eca-miR-126-5p_st",1.05364541715981,0.96652623200548,1.68828989420819,1.20506660744694,0.860420824261799,1.05169812800957,1.07200311704127,1.07200311704127,1.16477922886475
"eca-miR-1261_st",1.16541691180584,0.836358757953178,0.950668057062392,0.808917671702032,0.836358757953178,0.942707047643749,0.939023826854742,0.846388122979957,1.06404210762263
"eca-miR-1264_st",0.801943850895307,1.06653114007947,0.60686446097332,0.689041782968401,1.23704495555449,0.836358757953178,0.836358757953178,0.836358757953178,1.34899456659363
"eca-miR-127_st",1.28875093997126,1.33703885714206,1.50689083343895,1.58087595573749,1.54635277780225,0.972725871998935,1.10055964421233,1.25208849357324,1.78662200937084
"eca-miR-1271_st",0.979996937384261,0.777798758696528,0.752215882048441,0.805485729787015,1.28131703770146,1.15695348061009,1.11754932241744,1.07200311704127,1.07200311704127
"eca-miR-128_st",6.75913847836779,6.73821506055428,6.0192881286854,6.40621007927476,5.9026879601254,6.1125050736643,6.42505804296401,6.04543628354148,6.6047069289451
"eca-miR-1282_st",1.20529560830213,1.09589998811832,1.07200311704127,1.07200311704127,1.07200311704127,1.03912193088587,0.843602498637938,1.38436743679149,1.07200311704127
"eca-miR-1289_st",0.646309652459441,1.14639031364373,1.03208101453451,0.783925118050985,1.0318519552841,0.974523063791854,1.23922316506451,0.974523063791854,0.809579629011457
"eca-miR-1291a_st",1.41143232433645,0.841584392888743,0.783389628418875,1.27866018849486,1.47490047909869,1.03143649322647,0.771259150342141,1.07200311704127,1.03143649322647
"eca-miR-1291b_st",1.19054739102377,0.523637394400148,1.13883237961636,1.972469404021,1.19054739102377,1.06921233104489,1.31101482733759,1.5434452907188,1.19054739102377
"eca-miR-1296_st",2.9513059302868,3.72863478660514,2.68538819112766,3.98575397133373,3.40467187325937,3.5432804593201,2.6563406195879,2.38550045749409,2.82128136025123
"eca-miR-1298_st",0.857891945238911,1.28358540982074,0.830450858987766,1.00328300220069,0.754930644999368,0.854878240536296,0.977375339764336,0.869239944108582,0.869239944108582
"eca-miR-129a-3p_st",1.13630553225257,0.957693817932056,1.09871039974321,1.19722269097125,0.876925381767978,0.94445197194414,1.27978978887931,1.07200311704127,1.07200311704127
"eca-miR-129a-5p_st",1.9807295161614,1.23922316506451,0.918628442407591,1.14870846207455,1.65051281697959,1.23922316506451,1.23922316506451,1.3852966657005,1.2006717430963
"eca-miR-129b-3p_st",1.3362665353085,1.82539430989499,1.4981485556365,1.79027357140273,1.41544284315989,1.31769026159078,1.26129642519302,1.46148610923847,1.46148610923847
"eca-miR-129b-5p_st",1.06972489190063,1.82648404378735,1.16768804809194,1.40079057920553,1.97711411724467,1.15695348061009,1.40079057920553,1.40079057920553,1.3516966903906
"eca-miR-1301_st",6.28927996124615,6.41762022306734,6.18637123443816,6.41762022306734,6.45081820291958,6.6330493024809,6.21774771556525,6.51449552606586,5.65227312531416
"eca-miR-1302_st",0.950668057062392,0.873953890462532,1.01442227138396,1.63227606502583,0.881593489691626,1.05701634675296,0.867994256532635,0.801521344761597,0.950668057062392
"eca-miR-1302b_st",0.950668057062392,1.1483615142833,0.950668057062392,0.98071587411812,1.04344416888587,0.950668057062392,0.56126850126846,0.969025756943856,0.830126252681729
"eca-miR-1302c_st",0.977375339764337,0.964811780819582,1.11755993669864,1.0174182383996,1.15002681402651,1.03827216510561,1.0174182383996,0.735170106064073,1.0174182383996
"eca-miR-1302d_st",0.952519722515845,1.53852177501179,1.07200311704127,1.35905394164879,1.1666308943182,0.823297509606242,0.88229905874373,1.49541835648246,1.07200311704127
"eca-miR-1302e_st",1.05644274510097,1.44389399773486,1.24185509333816,0.968430462585216,1.09853661773793,1.09853661773793,1.16974251902207,1.21801015924199,1.01240972041513
"eca-miR-130a_st",9.106791961355,9.21835666018123,9.28565884210176,9.40135597903899,9.24873834732413,9.26346778459503,9.32778446578174,9.1845803961146,9.55893707520556
"eca-miR-130b_st",8.82154622689171,8.98414739780175,8.98581956594427,8.92317688955103,9.26559661900851,9.12539316230276,8.88300833170003,9.04642895677965,8.87419976664766
"eca-miR-132_st",6.14229700089646,6.88592628564477,6.26418915157584,6.66999453190012,6.49972055524145,6.58422420375266,6.5062499741243,6.06711580548438,6.45317371897191
"eca-miR-133a_st",0.97922700521779,0.950668057062392,1.94182259876003,0.926820789765893,1.15695348061009,1.27828854058897,0.994092545800329,0.90036492643981,1.07200311704127
"eca-miR-133b_st",0.977375339764336,1.11835266373586,1.11835266373586,1.43230312309722,1.40332115903987,1.18507942782883,1.11835266373586,0.946714473134403,1.11835266373586
"eca-miR-134_st",2.41100011614316,2.96005722352209,1.8948217220944,2.63307420557761,2.64403371972982,3.05419804193946,1.52854073296985,2.439166235033,3.44716967199476
"eca-miR-135a_st",1.10179238486437,0.836358757953178,0.913078718615307,0.836358757953178,0.697286801503943,0.661445969838549,1.22497668931237,0.779029866460931,0.836358757953178
"eca-miR-135b_st",1.05880345271815,0.950668057062392,0.917786870906987,0.768693061219694,0.700664371028483,0.755590321789099,1.01979120804826,1.12875446540782,0.950668057062392
"eca-miR-136_st",0.877536395606221,1.08974001351163,0.950668057062392,0.827995799003099,0.950668057062392,0.748314182696618,0.950668057062392,0.993286761107073,1.08349683875472
"eca-miR-137_st",0.748974721361005,0.950668057062392,1.12052003335929,0.950668057062392,0.836358757953178,1.05701634675296,0.979224584233456,1.15078689317162,0.797233929800403
"eca-miR-138_st",5.00285677154118,3.99910924280555,4.94890361227253,4.50858746843639,5.58305519130483,5.22798220148234,4.94101741431384,4.33083894695295,4.94101741431384
"eca-miR-139-3p_st",1.52011019090332,1.28131703770146,1.28131703770146,1.01479965044721,1.38097580062815,1.26633026741315,1.30987356487253,1.72873041701531,1.29602543705933
"eca-miR-139-5p_st",2.0325035780739,3.41552762476526,1.72436523434138,3.04185235401322,2.64403371972982,3.03646237730778,1.82510934262086,2.79897430006643,3.01753250132056
"eca-miR-140-3p_st",7.81780001659529,7.87003776636139,8.10091298275228,7.9857971945383,8.64444864476545,8.60106235327689,8.1136631882194,8.25656810784973,8.0222323988299
"eca-miR-140-5p_st",2.13305883143733,2.30628077511903,2.25836610258635,3.48942035884978,1.9808715171436,2.75629351186894,2.57427870070049,2.80441769809226,4.012935739329
"eca-miR-141_st",7.79183522581669,7.50381242243545,7.83856828711742,8.09907644483341,8.29169252980643,8.37253561435875,8.1948384896516,8.24354729270969,8.37648087044063
"eca-miR-142-3p_st",0.950668057062392,0.850720461525464,0.950668057062392,0.913635048554529,0.950668057062392,1.05701634675296,0.977375339764336,0.972065983184141,0.829332997083513
"eca-miR-142-5p_st",0.683904784968795,1.07200311704127,0.965654827350699,0.950668057062392,0.950668057062392,0.850730923205262,0.977375339764336,0.816624998970286,0.84431976737182
"eca-miR-143_st",1.15427280149568,1.07200311704127,1.07200311704127,1.27004352205343,1.5977367873679,1.07200311704127,1.01560928064351,0.90036492643981,1.07200311704127
"eca-miR-144_st",1.13537284614124,0.82437510204176,1.10866556343929,1.10866556343929,1.10866556343929,1.05701634675296,1.07425065638142,1.25529655014578,1.1189272085144
"eca-miR-145_st",0.851858352380714,1.27044558353283,1.58260188643198,1.1498000618999,0.950668057062392,0.737232134881728,1.03143649322647,1.52381480614937,1.29602543705933
"eca-miR-1461_st",1.68268715093672,1.23942496617294,1.08036486928066,1.26442616437186,1.00378060708485,1.19467416838988,0.890315763786926,0.913072924553037,1.33019655090039
"eca-miR-1468_st",0.869239944108582,0.73641116241625,1.27449607681805,0.869239944108582,0.711242437731682,0.869239944108582,1.13335451270658,0.842784080782498,1.16389553970916
"eca-miR-146a_st",1.38062442266777,0.809901246811505,1.12558426600889,1.39738196194431,3.57528128235052,2.21798568227557,2.24557161841625,1.40079057920553,1.54939465967587
"eca-miR-146b-3p_st",0.857891945238911,1.1081564538886,1.03143649322647,0.983739408788563,1.06903162573582,1.06903162573582,1.10055964421233,1.06505303535926,0.921835346408937
"eca-miR-146b-5p_st",3.17348643541046,1.86501768322687,1.65307446469165,3.41459345911144,2.10254730656352,1.53737317331145,2.10254730656352,1.96978282537307,3.73282789401589
"eca-miR-147b_st",1.19803292856412,1.17132564586218,0.980296386090834,1.22279990183302,1.15695348061009,0.949327321129094,1.19803292856412,0.847702426092773,0.980296386090834
"eca-miR-148a_st",2.104864271009,2.26127463792556,2.26603786721438,2.63526524258235,2.104864271009,1.54939465967587,1.95071785304213,1.21518383800286,3.18891546597666
"eca-miR-148b-3p_st",4.25882337526536,4.38641636312562,2.77766911978581,4.34252657851134,2.89516858650416,2.61446391097648,5.34354921434233,4.34252657851134,5.262273996341
"eca-miR-148b-5p_st",0.857891945238911,1.03747008608467,1.17174799748946,1.03747008608467,1.1320978633616,1.01076280338272,0.748974721361005,1.19090421334666,1.08943336710642
"eca-miR-149_st",8.50483824735573,8.49039582426232,8.32252694342937,8.63187419930105,8.59261781142302,8.53236752670492,8.47921389759781,8.48624475072125,8.48624475072125
"eca-miR-150_st",1.37959001785237,1.06583191054291,0.976725610741042,1.93107391698692,1.91669371932961,1.67882695447302,1.35969060137833,1.37959001785237,1.31583559657681
"eca-miR-151-5p_st",11.254719118208,11.3535101034015,11.2554501957558,11.3501720121204,11.3196879350222,11.2872910026354,11.2872910026354,11.2511379481904,11.0639860152036
"eca-miR-153_st",1.09572466800987,0.966502455100264,0.49998379712974,0.966502455100264,0.925929616405277,0.966502455100264,1.00505387706847,1.07200311704127,0.966502455100264
"eca-miR-154_st",1.25420993535281,0.991234680877192,1.07200311704127,1.05114919033525,0.803925495066864,1.25420993535281,1.11554641450064,1.07200311704127,1.07200311704127
"eca-miR-155_st",9.42033787658678,9.59506111022174,9.47317465805847,9.4571050239939,9.71994585710404,9.60461058337044,9.67358156300364,9.36448227190325,9.41573698673617
"eca-miR-1597_st",1.3004037354446,1.08698988732958,1.07200311704127,1.35446488890674,1.07200311704127,1.07200311704127,1.04343220190425,1.54939465967587,0.973749429771903
"eca-miR-15a_st",8.58109352915922,8.22891673285229,8.46121987283367,8.59172225691817,8.44779106120274,8.46585038416315,8.8631022130853,8.63027357179225,8.91508255358693
"eca-miR-15b_st",11.2293707045561,11.111094308085,10.8221219266151,11.0021453244494,10.3066021582608,10.3286594809114,11.1742619542388,10.8446560127311,11.0710292368305
"eca-miR-16_st",12.9100461774782,12.9174303866716,12.9683353825097,12.9627512014925,12.8010890069086,12.8626681181243,12.9496139807175,12.8396231500949,12.987470664355
"eca-miR-17_st",13.1805184059785,13.177686492933,13.0686183660325,13.135374930108,13.3049658745293,13.342515932298,13.1768742397533,13.206240713718,13.1033456194808
"eca-miR-181a_st",10.5461902182057,10.6597411785606,10.4503242574339,10.6171314116598,10.6790332683899,10.8219848136209,10.7019505921181,10.6727130316113,10.6597411785606
"eca-miR-181b_st",10.4726223112854,10.4726223112854,10.5085942883873,10.3808269249586,10.7731716675011,10.8231268418979,10.4486039637863,10.4200011351968,10.3349472602559
"eca-miR-182_st",10.244120381033,10.3596034506022,10.2937818996064,10.3412936190826,10.256332570046,10.3115198119304,10.1147331275454,10.2124902277554,10.1208293442243
"eca-miR-183_st",6.93830781204479,7.20126160865156,6.8830372333119,7.1069511619046,6.29651704870698,6.02046684022959,7.19184099602985,6.51273942814014,6.9508691650146
"eca-miR-1839_st",6.3744803916478,6.73019467055827,6.46203276249247,6.30770986399792,6.22930708174221,5.97683561005718,6.37225376684407,6.32316589358146,6.53880162007317
"eca-miR-184_st",0.732391986413778,1.98271018877557,1.82888648797565,1.02174481376749,1.16692714104287,1.12933200853352,1.29655205655675,1.07200311704127,0.975897881271528
"eca-miR-1842_st",1.5545055050211,1.39303943931939,1.24185509333816,1.22114982934207,1.57261758016514,1.57261758016514,0.949779391685915,1.07200311704127,1.41619315686435
"eca-miR-186_st",1.52652166619268,1.07200311704127,1.08305768032046,0.805485729787015,1.37923621047403,1.08305768032046,1.06514406964339,1.15977184692032,1.06250455878473
"eca-miR-187_st",0.780352710551547,0.913072924553037,1.32217746837452,1.39846922246396,1.29547018567258,0.99802328812186,0.640517523921188,0.913072924553037,0.648181894235712
"eca-miR-188-3p_st",1.23050709446849,1.2006717430963,1.24185509333816,2.05415263664271,1.2732248002562,1.1223815518341,1.24185509333816,0.98019830073921,1.29860644170472
"eca-miR-188-5p_st",3.63836998594883,2.20065707373808,3.01440860453872,2.92506995622178,3.1196349302865,4.2684129808207,2.64403371972982,5.05385639967852,3.63836998594883
"eca-miR-1892_st",7.48621421527661,6.89881761254859,6.31546938147758,6.85195194956681,7.1211287242461,6.78655418523886,7.40602000036558,7.56161848233561,6.50048734368446
"eca-miR-1898_st",1.01403778616236,0.987330503460413,1.10866556343929,1.24172905384497,1.1900936763931,1.07578437728389,1.35969060137833,0.788858282460166,1.29602543705933
"eca-miR-18a_st",11.0242125820665,10.8958018559659,10.9518602782723,11.0309106555781,11.3266123245656,11.3321256182341,11.0880836650425,11.1242987955433,10.8643349400536
"eca-miR-18b_st",7.893754932673,7.52551258329189,7.19746663234325,7.68506343187588,7.34630382236378,7.38699219594749,7.89426155754257,7.66694209536844,7.8436450985689
"eca-miR-190_st",1.10866556343929,1.20747751468449,1.16272671690143,1.16272671690143,1.10024294162619,1.09395716408142,0.918616457945555,1.34588049728345,0.890929020966004
"eca-miR-1902_st",1.23922316506451,0.788103816078126,1.45333433686686,0.904968614225743,1.66264825752706,1.45055228757129,0.869239944108582,1.03767023731181,1.17148600148
"eca-miR-1905a_st",0.993460625268147,0.950668057062392,1.29939097364196,1.29939097364196,1.19191828988019,1.43828596830998,1.65615124770097,1.29939097364196,1.23572580932296
"eca-miR-1905b_st",1.16947087910177,1.01147337272487,1.16947087910177,0.866291045449496,1.65971911358861,1.28131703770146,0.869239944108582,1.26177911467935,1.16947087910177
"eca-miR-1905c_st",1.9808715171436,2.1165043867211,1.0104371040004,1.9808715171436,1.9808715171436,2.08914004144775,1.9808715171436,2.32525967445871,1.64489016863404
"eca-miR-190b_st",1.2105021345464,1.1719507125782,0.896163223112265,0.836485916559439,0.836358757953178,1.05061565259932,1.10055964421233,0.877621673002027,1.08636244398709
"eca-miR-191_st",12.1561990102245,12.1972313454389,12.3058139321452,12.1996313169736,12.2196698372509,12.3057145303184,12.1684149510107,12.1497753147705,12.1231414165842
"eca-miR-1912_st",1.07200311704127,1.19532957088785,0.893916708695839,1.2361013202333,0.930986535230111,1.28131703770146,1.5329355973205,1.56676539430664,0.869239944108582
"eca-miR-192_st",6.84218707662015,7.11134348762228,6.66122956747376,6.90329283389716,6.86806933181788,6.60821100358194,6.86806933181788,6.79932846907501,6.91640763697841
"eca-miR-193a-3p_st",1.10866556343929,1.28526643114309,1.12195119621643,1.72358087055927,1.94453497623689,1.11788810508563,1.35143272876416,1.23922316506451,1.29732606725349
"eca-miR-193a-5p_st",6.49793667355831,5.80959570674618,5.60826291285669,5.44193398782654,5.90729073585629,5.80959570674618,5.85085843072384,6.41387700679166,6.0997308162579
"eca-miR-193b_st",6.08424138774539,6.20604676287361,6.78372672773367,6.09984332054251,5.71402946514198,6.2207150026102,6.30058999179886,5.82564217816132,6.20604676287361
"eca-miR-194_st",7.5099326518079,7.5099326518079,7.27707541423572,7.5099326518079,7.5099326518079,7.70384917415043,7.52906806965579,7.54997581478081,7.63388868627167
"eca-miR-195_st",3.306761909251,4.35903718835167,2.00090566875172,3.65427052010127,3.65427052010127,3.76519133618826,3.65427052010127,2.50400304979965,4.08430029398931
"eca-miR-196a_st",0.748974721361005,1.18638229649533,1.0082958881499,0.826320892307199,0.972271124692969,1.19770578089147,0.972271124692969,1.02745210400709,0.890843011739159
"eca-miR-196b_st",1.17444088321342,0.889845289678238,0.836358757953178,0.913072924553037,0.913072924553037,0.772502712773764,0.913072924553037,1.09240868189248,0.913072924553037
"eca-miR-197_st",6.24250044587523,6.22176640006813,6.33589698250799,5.79709729053289,6.18249818966793,6.13483527041434,6.28667790130653,6.54072830120547,5.81958698804466
"eca-miR-199a-3p_st",1.05157194205817,0.836358757953178,1.01302052008997,0.917127194117256,1.01302052008997,1.15696394228989,0.922919010133157,1.26568311386053,0.856527820857472
"eca-miR-199a-5p_st",1.68268715093672,0.876925381767978,1.37476463186881,1.33028618137692,1.04877548216647,1.07200311704127,0.88415648900003,0.995297772007989,0.873962712029111
"eca-miR-199b-3p_st",1.35254611949635,1.27476628997396,1.24816146378551,1.11992047210223,1.14438992166534,1.04310447464452,1.28217305454007,1.15695348061009,1.07200311704127
"eca-miR-199b-5p_st",0.771089916216636,0.950668057062392,2.09518081625281,0.826251011962356,0.950668057062392,1.17132564586218,0.646309652459441,1.27134162197505,0.869239944108582
"eca-miR-19a_st",6.77017749975378,6.58066349082652,6.69756217455721,6.73499234755036,6.38851040997258,6.29775197572417,6.87095269962544,6.2545867146218,6.93109808885244
"eca-miR-19b_st",11.2029469813502,11.2690303816326,11.1045240841822,11.0686763114954,10.8001119545527,10.6687795495242,11.2202365948244,10.9381157058651,11.2094990446398
"eca-miR-200a_st",6.4983263478493,6.23789922285099,6.22133599590854,6.60084791013549,5.80572021508319,6.5523314507494,6.85278467708951,6.5523314507494,6.87371497902314
"eca-miR-200b_st",7.32373557847901,7.28546972557333,7.19864432103919,6.94567694389925,6.82555902144122,6.85584058270391,7.45546668499696,6.85218137318519,7.46095681577954
"eca-miR-200c_st",13.433588337028,13.575659803487,13.5813892934702,13.3794822612568,13.4566843172921,13.4407670007389,13.3737559928155,13.4078061695869,13.3618897390651
"eca-miR-204b_st",1.22459903503273,1.34795830450756,0.723913441738352,1.54511895374822,2.15679713845723,1.05701634675296,0.852543020286058,1.55000829300816,0.950668057062392
"eca-miR-205_st",13.1129490063415,13.124822718521,13.3067501887552,13.1532567497665,13.1774324310341,13.2065468611107,13.1675482052912,13.1153946553867,13.2951603267463
"eca-miR-206_st",1.11055453900948,1.07200311704127,1.11055453900948,1.22114091721523,1.02828485455506,1.06451127293089,1.13911106618054,1.11055453900948,1.25873604972459
"eca-miR-208a_st",1.56520317936787,1.37864914581991,1.48797410915505,1.57668955083207,1.40332115903987,1.27853704693594,1.52854073296985,1.52854073296985,1.66406311548037
"eca-miR-208b_st",1.51731355429791,1.2006717430963,0.977375339764336,1.03143649322647,1.07200311704127,1.07200311704127,1.06133904111123,1.07200311704127,1.07200311704127
"eca-miR-20a_st",12.9217671735766,12.9233108674456,12.8411150297116,12.8626998690781,13.0673372145759,13.0492546095196,12.9217671735766,12.9278616381545,12.9008428476394
"eca-miR-20b_st",9.85482236627691,9.68556551069685,9.56182797205129,9.75756210471705,9.69579468893941,9.483751004419,9.91361453873039,9.71918486461437,10.0268060052023
"eca-miR-21_st",8.92609653760041,8.7840637774179,8.60531034861221,8.38193111748176,8.4162670911159,8.65941361582171,9.00918196518411,8.22104816960454,8.72649558689993
"eca-miR-211_st",1.45775917422237,0.761937171631016,2.05878731601202,0.85452886942037,0.883272231609894,1.2145902736085,1.33980984753848,1.2145902736085,1.2145902736085
"eca-miR-212_st",1.40332115903987,0.843883846178013,1.28131703770146,1.0205456083148,1.26442616437186,1.38878972146322,1.0848480235261,1.12868100397056,1.95069983936382
"eca-miR-214_st",0.934897471732546,1.08445743300411,1.08445743300411,1.14821185427966,0.987580443674125,1.05701634675296,1.11866074365757,1.09448679803089,1.08445743300411
"eca-miR-215_st",0.792189723695689,0.909027958130756,1.02333725723997,1.57175573530454,0.736411162416249,1.02333725723997,1.14377464654702,0.856087162209963,1.07750760096113
"eca-miR-216a_st",1.2006717430963,1.2006717430963,2.01411894992444,1.21496012993129,1.06784296140397,1.17419125109454,1.21773454855391,1.11046166544865,1.2006717430963
"eca-miR-216b_st",0.747778136432862,1.2006717430963,0.856040279785458,0.769588667926301,1.02909035117175,0.836358757953178,1.03909587872141,0.977375339764336,0.977375339764336
"eca-miR-217_st",1.07200311704127,1.07200311704127,0.997908963276724,1.12015193490349,1.07200311704127,1.07200311704127,1.07200311704127,1.07200311704127,1.04344658987021
"eca-miR-218_st",0.870027385786372,1.2281020806235,1.52808474239977,1.08023351994796,1.15695348061009,1.20575050733159,0.893742859930503,0.951564893892933,1.08023351994796
"eca-miR-219-5p_st",0.932310357180927,0.891539737267304,0.73641116241625,0.876039916045174,0.727554898411376,0.950668057062392,0.929814130356376,0.913072924553037,0.891539737267304
"eca-miR-22_st",11.5685911665035,11.4599992766647,11.7601802502847,11.7495893201566,11.8606959828537,11.8048036789863,11.7229026993368,11.6914250776035,11.7776888786126
"eca-miR-220b_st",0.977375339764336,0.75203801280348,1.07445918688533,1.03388634819035,1.06475937635651,1.0364169280247,0.990053367745892,1.03388634819035,0.805027498730423
"eca-miR-221_st",12.4136992994332,12.3330837737039,12.4078217321461,12.3854669430034,12.3404074660301,12.2963846117241,12.4413958090266,12.3584924501441,12.3718971574294
"eca-miR-222_st",12.6507636716326,12.6159726013813,12.5251941507119,12.6195499656975,12.5545227922186,12.6018850061323,12.5942028762023,12.6000530517737,12.6560316235915
"eca-miR-223_st",2.0344937317748,1.93286452077369,1.43764361331801,1.54424549728796,1.52525782969019,2.203648644575,1.89347714996364,1.60655105513992,1.89347714996364
"eca-miR-224_st",4.74507079819205,4.74507079819205,5.07403326723184,5.13696809926088,4.09446503898982,4.82002101205302,3.75489883331515,3.55536966731149,5.3316316384264
"eca-miR-23a_st",13.5666284425927,13.559817911922,13.5167304742829,13.5284677360653,13.4659329782532,13.4111641787931,13.5338938015294,13.4757781082788,13.6829134061509
"eca-miR-23b_st",12.4877525622444,12.5169700113744,12.4279945448909,12.4923340616224,12.3747636215898,12.3903130564062,12.4925093401032,12.4704051790018,12.5419942233543
"eca-miR-24_st",13.514313385454,13.4160696791548,13.3915954703379,13.464725859679,13.5885494525345,13.5760887734272,13.4825131456053,13.4695913588368,13.3909360162525
"eca-miR-25_st",10.2272972568366,10.3059961132534,10.2221701869994,10.1238956748193,9.70887790534126,9.74163335835821,10.2688707980282,9.84545277472245,10.1238956748193
"eca-miR-26a_st",12.2008407423085,12.3877908519223,12.2133276534979,12.3701269106078,12.0866190297268,12.1426608052391,12.2317370859692,12.1500901600989,12.2166505925697
"eca-miR-27a_st",12.0621304344693,11.5070561515626,11.5781394428295,11.8850361655851,12.3959462098308,12.4023734442718,12.2678501509702,12.1242444486064,12.2450055920359
"eca-miR-27b_st",10.2453873418338,10.0831311542652,9.84703792774061,10.1388369723924,9.76781641718236,9.80710697103387,10.2411131198952,10.0540735869065,10.3061143446898
"eca-miR-28-3p_st",7.09727551279735,7.35255835802789,7.09970342931852,7.04331053068345,7.19823038165925,7.16375325720437,7.14231046118064,7.14231046118064,7.40798156942655
"eca-miR-28-5p_st",7.57338238941916,7.59577125603779,7.43858133133037,7.3511751459387,7.6899430452455,7.66199935850723,7.76007084665616,7.60480379308329,7.69231892910719
"eca-miR-296_st",4.642801885327,5.05273423533608,4.642801885327,4.79112483181482,4.41732597398324,5.55483773891024,4.40043637105558,4.642801885327,4.28302942982143
"eca-miR-299_st",1.07065160443468,0.836358757953178,1.07732293530126,1.05061565259932,1.07065160443468,1.05061565259932,0.713622312257284,1.12732981919918,1.11436986692089
"eca-miR-29a_st",10.8464854149024,10.6143523200073,10.686752574913,10.6470552200938,10.6193935941675,10.7107763614928,11.0968636498504,10.6150604183206,10.8962622091643
"eca-miR-29b_st",5.22852026995195,5.15871509631969,4.10678986396191,5.22852026995195,5.03679808499724,5.18952042413646,5.72361153451191,3.79316062592146,5.69326281948243
"eca-miR-29c_st",4.29970492089013,3.67775735675888,2.03576700344246,3.79717955519363,2.5159550408553,3.10424075454261,3.9558897400069,3.64573008448033,4.34793149664347
"eca-miR-301a_st",5.75029566892262,5.67637678163893,5.46795017446826,5.84748999302334,5.45973920012297,5.61218464660428,6.33934116371486,5.90000601734089,6.04232197092057
"eca-miR-301b-3p_st",1.26641160185643,1.40720567299097,1.52854073296985,1.29605634034473,1.35918771367991,1.69050575567851,1.64774282168202,1.20025752119168,1.48375430039253
"eca-miR-301b-5p_st",1.59177416621155,1.43249660176927,1.16315964828227,1.3414098688874,1.54939465967587,1.5324441973062,1.47151602404011,1.73805038206976,1.48191075382573
"eca-miR-302a_st",0.854063134977572,0.923960774360447,0.950668057062392,1.14870846207455,0.950668057062392,0.854063134977572,1.08349683875472,0.950668057062392,1.04529583433933
"eca-miR-302b_st",0.991680284831201,1.05145281866909,1.09573343673192,0.869519718715174,1.15695348061009,1.28633588043178,0.821370900852958,1.00834940013975,0.752254665500491
"eca-miR-302c_st",0.935669956532262,1.15896635986423,0.7416842451868,1.10700307884248,1.26593327133071,1.01531096352089,1.18537664251934,1.2145902736085,1.07844655167141
"eca-miR-302d_st",1.26355350667959,0.855634750452019,1.32796937426178,0.730133945008923,1.19122670507704,1.02223118578967,1.19938845303141,0.779029866460931,0.911700968694355
"eca-miR-30b_st",7.79830395567216,7.4485245277211,7.66534497503721,7.7717339326302,7.40330906653986,7.56646172936289,8.23969358922145,7.82341221200361,8.17959356667465
"eca-miR-30c_st",9.99410656160741,10.054392027528,9.72970447031204,10.0310023725658,9.79971452529305,9.56184821836323,10.1304157837183,9.97248681450426,10.1948152726018
"eca-miR-30d_st",7.76230757347074,8.14888451633774,8.02713223609304,8.05314311894889,7.8541932951341,7.76666085582881,7.83274507493865,7.82543884827484,7.85950589513031
"eca-miR-30e_st",5.00200497329239,3.90560866614218,4.59110544284821,4.76303431786669,4.15485846423429,4.09857068276151,4.52589477948293,4.70468511094948,5.09420521925286
"eca-miR-31_st",13.9757029952284,13.8028651246052,13.8338011480299,13.816588476818,13.9617318719084,13.9729912559211,14.0155482481004,13.930844390595,13.924765294364
"eca-miR-32_st",1.14141590042678,1.8947520396728,1.75568008322357,1.54939465967587,1.54939465967587,1.54939465967587,1.7521317804441,1.54939465967587,1.26157442665169
"eca-miR-323-3p_st",0.913072924553037,1.35410587035829,0.913072924553037,0.677071521662137,0.950668057062392,0.578524938123797,0.869239944108582,0.913072924553037,1.02267407137057
"eca-miR-323-5p_st",1.15695348061009,0.989733432586857,1.46712497522145,1.47090393997144,0.893031264063986,1.34568436604147,0.748974721361005,1.15695348061009,1.44739335470085
"eca-miR-324-3p_st",7.17274642708113,7.53389093557661,7.27365811205169,7.3199263199911,7.25306885244082,7.36673917026304,7.09082571980801,7.27365811205169,6.77093217198164
"eca-miR-324-5p_st",7.95345379700073,8.05785323325424,8.10266352249492,8.11176296088084,8.05603648852497,8.03966476580969,7.61907399717579,7.92843266206344,7.92159763272647
"eca-miR-326_st",1.84863159629651,1.2006717430963,1.15096039522487,1.62400909086617,2.260330825989,2.0305513184826,1.71387374414083,1.62400909086617,1.80067617982476
"eca-miR-328_st",1.97641958805888,2.04922871686018,2.52764512901519,1.53051757203755,2.7219848214861,3.58445498359284,2.5349530377284,2.12623927943775,1.66406311548037
"eca-miR-329_st",1.00872842958216,1.10073460923917,1.05701634675296,1.05701634675296,1.05701634675296,1.05701634675296,0.977375339764336,1.17835140673184,1.05701634675296
"eca-miR-330_st",2.01153501887591,1.47268931464259,1.52682358864218,1.54939465967587,1.40332115903987,1.54939465967587,2.82073965242183,1.54939465967587,1.31438313694079
"eca-miR-331_st",5.80285162962875,5.80285162962875,5.81588191764667,5.78626681852103,5.72418871953775,5.9910285677279,5.54912728013727,5.38008869470131,5.86959858573599
"eca-miR-335_st",1.12386951686279,1.82045131584396,1.3852966657005,1.79661835494426,1.54939465967587,1.38102429634501,1.24433695317661,1.31253692719876,1.50730078703891
"eca-miR-337-3p_st",1.25366122902324,1.2006717430963,1.00263619108421,1.2974942094677,1.51339310664933,1.43946489629816,1.25366122902324,1.52042450111684,1.25366122902324
"eca-miR-337-5p_st",0.950668057062392,0.950668057062392,0.913606911805709,0.950668057062392,0.950668057062392,0.821445844152789,0.950668057062392,1.16477922886475,0.928273938162829
"eca-miR-338-3p_st",1.1198660627106,1.02940456568709,1.24316198839359,0.947976452733276,0.950668057062392,0.836358757953178,0.724680049401313,0.798829740432481,1.2025891496986
"eca-miR-338-5p_st",1.26593044776645,1.1406562921082,1.15695348061009,1.23922316506451,1.15695348061009,1.44550858861221,1.26593044776645,1.23922316506451,1.12304112264179
"eca-miR-33a_st",0.939320058192721,0.902657611794699,0.950668057062392,0.711941712853142,1.07200311704127,1.0320961700162,0.950668057062392,0.971521983768407,0.950668057062392
"eca-miR-33b_st",1.10866556343929,0.915999764941804,0.96238856947603,1.13373051335282,1.05701634675296,1.05701634675296,1.08557287392403,0.953716566948134,1.05701634675296
"eca-miR-34_st",1.70123402884816,2.55725198771228,1.11192617650354,1.99335904461439,1.54939465967587,3.30614616124459,1.9522590667872,1.26246856485215,2.12351809250375
"eca-miR-340-3p_st",0.844743346893185,0.836358757953178,1.24185509333816,0.805485729787015,1.74055128586587,0.950668057062392,1.32255796894542,1.40561953337984,1.2006717430963
"eca-miR-340-5p_st",1.10866556343929,1.16546783543411,1.25798967281319,1.14870846207455,0.88573527179015,0.968095351660018,1.10866556343929,0.941445515416056,1.66406311548037
"eca-miR-342-3p_st",8.35852407418705,8.63750422990402,8.45094968310861,8.66995749307114,8.23727147500864,8.4794893363095,8.35119308773485,8.41704144039045,8.41704144039045
"eca-miR-342-5p_st",3.63287770319523,4.34603668850722,2.36886614032296,3.73658226710182,4.57856965705873,3.73658226710182,3.73658226710182,4.25098046007106,3.79461661861546
"eca-miR-345-3p_st",2.2338300025,1.62681950068773,1.11994563017804,1.28879877503703,1.15532487956521,1.282301794366,1.20087368141219,2.47389020567099,2.01033166085215
"eca-miR-345-5p_st",2.42470732786335,2.43406158978582,1.9625669686633,2.92286218121902,1.96408521040835,1.37815445233351,2.98941928624811,2.24786128418879,3.45418374471325
"eca-miR-346_st",3.97112424156436,3.7751606193189,3.55307235821782,4.34252657851134,4.87067325870243,4.79497482481029,4.32424175689286,5.15598759260142,4.34252657851134
"eca-miR-34b-3p_st",1.72390790343441,1.7464231018295,1.35160614763246,1.6458105059772,1.66416820585867,1.42467096681376,2.43898131401488,1.40192994992015,1.57645273011646
"eca-miR-34b-5p_st",1.01461816760261,1.03143649322647,1.90125597494523,1.45131166275703,1.07200311704127,1.23772191677417,0.803035874823138,0.835843854340216,1.03143649322647
"eca-miR-34c_st",2.46024916259419,1.44389399773486,1.68268715093672,1.91057202716122,1.68268715093672,1.96012263399769,1.68268715093672,1.42285437250873,1.70134097243148
"eca-miR-350_st",1.47704434393675,1.27126277971931,1.21451143135275,1.15695348061009,1.28131703770146,1.13130687270817,1.10055964421233,1.17780740731611,0.869239944108582
"eca-miR-361-3p_st",0.874710270862773,1.17166187996796,1.13779726475289,1.70537195867466,1.15695348061009,1.15695348061009,0.977375339764336,1.27642702211416,1.2006717430963
"eca-miR-361-5p_st",9.86383099851549,10.1122382019973,10.0426769205864,9.93629569932735,10.0312112826133,9.95070642725371,9.78278068847378,9.7711713311644,9.73693025721407
"eca-miR-362-3p_st",0.977375339764336,1.52945391188143,1.54337244239363,1.22496422000856,1.24185509333816,1.24185509333816,1.07775689014613,1.24185509333816,1.29602543705933
"eca-miR-362-5p_st",6.76108553865364,6.88431306993492,6.64694544847054,6.73309706218685,7.00303903582142,7.0307048291156,6.58400914659213,6.73309706218685,6.38595048514345
"eca-miR-363_st",0.868307977192524,0.950668057062392,1.05835708268626,1.03143649322647,0.950668057062392,0.950668057062392,0.856040279785458,0.913072924553037,1.07200311704127
"eca-miR-365_st",1.26659353399528,1.32255893775598,1.22713158963198,1.38606707549934,1.281986099061,1.42805959969699,0.979667439171558,1.38606707549934,0.950668057062392
"eca-miR-367_st",0.658349887007364,0.857891945238911,0.893916708695839,0.914402953664922,0.857891945238911,0.857891945238911,0.901435242698283,0.857891945238911,0.684381011323946
"eca-miR-369-3p_st",1.24409644266963,1.12839695343903,0.950310545093596,0.969466760950795,1.15695348061009,1.33771087409922,1.15695348061009,1.17979402745833,0.782912303874792
"eca-miR-369-5p_st",1.15021011529394,0.950668057062392,0.950668057062392,1.14870846207455,0.73641116241625,1.08956305173041,0.950668057062392,0.950668057062392,0.950668057062392
"eca-miR-370_st",1.30715669673835,1.02989359332169,1.40178447401528,1.47848981904856,1.64057762721714,1.50728513595629,1.35969060137833,1.54437163058251,1.96822213713257
"eca-miR-371-3p_st",0.950668057062392,0.950668057062392,0.838270879146842,1.10410218432438,1.12230624766385,0.919698992100651,0.894274220664634,0.869641329208627,1.05481422532996
"eca-miR-371-5p_st",1.96933234016713,1.68773109633029,1.3158402156367,1.50555572135172,1.40079057920553,1.30751531633956,1.20532478635853,1.40079057920553,1.40079057920553
"eca-miR-374a_st",1.13859578072863,1.44389399773486,1.02412469891776,1.15695348061009,1.15695348061009,1.15695348061009,1.21626261628327,0.94405255398773,1.15695348061009
"eca-miR-374b_st",2.31398030125156,2.30293092247444,2.12427624295402,1.45972024150725,1.52884339249312,1.15695348061009,1.52884339249312,1.02366098934924,1.99247087018438
"eca-miR-376a_st",1.08283887337823,1.2145902736085,1.35348526827652,1.2145902736085,1.28131703770146,1.05701634675296,1.23922316506451,1.2145902736085,0.950668057062392
"eca-miR-376b_st",1.08195828073735,0.950668057062392,1.02789712727521,0.645649113795054,0.768321371854347,1.05701634675296,0.950668057062392,0.913072924553037,0.950668057062392
"eca-miR-376c_st",0.748974721361005,0.618868566208295,1.16382974498808,0.913072924553037,1.15695348061009,0.869239944108582,0.869239944108582,0.779029866460931,0.869239944108582
"eca-miR-377_st",0.977375339764336,1.4019584084427,1.19493427896007,0.8529582946643,0.985620358299878,0.950668057062392,1.06789004275429,1.13080946702632,0.869239944108582
"eca-miR-378_st",9.94294808426495,10.0137942095917,10.1097150650111,10.0142392143875,10.0961849818414,10.047915797498,9.86116089085689,10.0124583710307,9.81406158643303
"eca-miR-379_st",1.10866556343929,1.07200311704127,1.26665578406364,1.14870846207455,1.07200311704127,1.06426168695433,0.909806567923382,1.01467422554902,1.2006717430963
"eca-miR-380_st",1.03960826046018,1.32408523417224,1.32317471177715,1.40079057920553,1.62962642318564,1.36263665614045,1.36263665614045,1.40079057920553,1.24130159616157
"eca-miR-381_st",1.10604396581937,0.950668057062392,1.19336731251359,1.36638750772494,0.958001623138544,1.03561842063121,1.07933668311742,1.09325521362962,1.19400513892192
"eca-miR-382_st",0.65874189781431,0.913072924553037,0.913072924553037,0.913072924553037,1.23366764720995,1.05997729174725,1.05817325232287,0.700171997930675,0.913072924553037
"eca-miR-383_st",0.857891945238911,0.950668057062392,1.02789712727521,0.950668057062392,0.950668057062392,0.869899620898313,0.869239944108582,1.05825525182841,1.11990330693222
"eca-miR-384_st",1.10180380998441,0.913072924553037,1.24372190519211,0.962908815316395,0.913072924553037,0.979799688645999,0.913072924553037,0.779029866460931,0.759638797291049
"eca-miR-409-3p_st",1.3716852215318,1.2006717430963,1.40332115903987,1.78500041635092,1.32661581400659,1.80400735664119,1.13123584001746,1.36083304334894,1.40332115903987
"eca-miR-409-5p_st",1.06417736878661,1.15695348061009,1.23772191677417,1.31852089475111,1.23759877521525,1.15695348061009,1.35969060137833,0.755718086677158,1.22827536276198
"eca-miR-410_st",1.281986099061,0.950668057062392,0.991851407304256,1.12052003335929,1.03561842063121,1.15139306152545,1.27041162050923,1.57064255550242,1.12052003335929
"eca-miR-411_st",0.913587828165999,0.836358757953178,0.930986535230111,0.836358757953178,0.955681700802954,0.755590321789099,0.793595614740023,0.957693817932056,0.728223362297424
"eca-miR-412_st",1.1236523337276,1.07200311704127,1.05271052671564,0.911441605288951,1.19333817702015,0.850004792308187,1.42876339110028,1.07200311704127,1.02803376212838
"eca-miR-421_st",0.698961752750679,0.770485767985809,0.928483274362709,0.640379612833099,1.02385499060235,0.857869804577982,0.713683495990988,0.913072924553037,0.651584381030281
"eca-miR-423-3p_st",9.87240627797452,9.87240627797452,9.922407533049,9.81830595500652,10.167944665431,10.0859469929966,9.801543993552,9.87240627797452,9.52085479957783
"eca-miR-423-5p_st",8.05693554488516,8.63327604853829,8.23757075258112,8.37441028122016,8.32425862704119,8.37092793031398,8.02365175019884,8.20262953284379,7.84050129492309
"eca-miR-424_st",0.841575355055384,1.32432344632574,1.2439397292958,0.754142732064804,1.24131770811884,1.00567334903075,1.00451410996509,0.913072924553037,1.00451410996509
"eca-miR-429_st",0.885024617754477,0.954460520833316,1.07200311704127,1.22776371797383,1.07200311704127,1.48408021063415,1.50574055231876,1.04554725371519,1.0261561845453
"eca-miR-431_st",0.857891945238911,0.889845289678238,0.592467740216324,1.10549597188362,0.716875363427753,1.12238684521323,0.912275021195449,1.36319544669617,0.913072924553037
"eca-miR-432_st",1.10523324213682,1.40079057920553,1.44389399773486,1.40079057920553,1.82048753878116,1.24321665234999,1.00205258135885,1.40079057920553,1.57803821972694
"eca-miR-433_st",1.08396054832325,1.13000381440183,0.950668057062392,0.805485729787015,0.950668057062392,0.950668057062392,0.869239944108582,0.779029866460931,0.950668057062392
"eca-miR-448_st",0.977375339764336,1.03143649322647,1.37887189441877,1.03143649322647,1.07686484143437,1.15695348061009,0.977375339764336,0.913072924553037,0.950668057062392
"eca-miR-449a_st",0.730590954668728,0.937284928263905,0.655343400102274,1.02671316230272,1.03494935927168,1.28131703770146,0.747235822770169,0.993831976147311,0.949998995702856
"eca-miR-450a_st",1.08750271146881,0.946486129657648,0.740200706109947,0.828943533449693,1.07200311704127,0.74476692492074,0.979367315813052,0.946486129657648,0.946486129657648
"eca-miR-450b-3p_st",1.35353246417372,0.950668057062392,0.950668057062392,1.00472921052453,1.15695348061009,0.700296679162105,0.950668057062392,0.893339165570145,0.950668057062392
"eca-miR-450b-5p_st",1.12209283149807,1.10055964421233,0.793804609811873,1.40079057920553,1.10055964421233,1.30225297991372,1.10055964421233,1.07200311704127,0.918568989779282
"eca-miR-451_st",0.946384549993265,1.29602543705933,0.91812409092646,1.12582359153044,1.27212856598228,1.26471858619845,0.961957071370915,0.937324179914907,0.808522944108926
"eca-miR-451a_st",1.10387820123035,0.913072924553037,1.12238684521323,0.795530328345083,0.791737864574159,1.07866395939788,0.939780207254982,0.913072924553037,0.839509586175
"eca-miR-454_st",2.74075373924883,2.45157187279259,2.13430731262614,2.24213692918263,2.06107927100814,2.95623354963176,2.45157187279259,2.45157187279259,3.90863832484183
"eca-miR-485-3p_st",1.37019204320625,1.38726263760215,0.960711853364747,1.23994566261737,1.91451541605325,1.28131703770146,1.75284142391835,1.21604879154032,1.07346163497309
"eca-miR-485-5p_st",1.40416083271508,1.00021107630587,0.83873288594915,1.07200311704127,1.07200311704127,0.980311001719682,0.912827039713696,1.13788492857522,1.29602543705933
"eca-miR-486-3p_st",1.40332115903987,1.69114139206405,0.900509156391618,1.88918179707621,1.47688449741791,1.32105147458546,1.28990599813112,1.23610111101664,1.40332115903987
"eca-miR-486-5p_st",1.00576050591444,1.44389399773486,2.06977113545996,1.69317759441366,1.44389399773486,1.44389399773486,1.01794817845932,1.3869879940963,1.44389399773486
"eca-miR-487a_st",1.32417352863333,1.01408523334548,0.715023697974299,1.66160422337553,0.921309121522,0.954849984467136,0.954190307677405,1.40079057920553,0.950668057062392
"eca-miR-487b_st",1.13657126620089,1.11583609748573,0.869239944108582,0.913072924553037,0.806724634862466,0.913072924553037,0.9354670434526,0.913072924553037,0.913072924553037
"eca-miR-488_st",0.977375130547672,1.1414733337397,1.22290144669351,1.42094185170567,0.964811571602917,1.1414733337397,0.977375339764337,1.1414733337397,1.1414733337397
"eca-miR-489_st",9.73928004961578,10.3878390109085,10.2524535741593,10.372387856948,10.2576404814033,10.4114466089413,9.48930927471428,10.3186506621879,10.1747078535892
"eca-miR-490-3p_st",1.33299655478224,0.836358757953178,0.950668057062392,0.950668057062392,0.752627652050232,1.44859546634498,0.869239944108582,0.716711091772974,0.950668057062392
"eca-miR-490-5p_st",1.23922316506451,0.836358757953178,0.840620540212973,1.03143649322647,0.950668057062392,0.809651475251233,0.786570063087023,1.07200311704127,1.07142024192893
"eca-miR-491-3p_st",0.857891945238911,0.659355656734584,0.944494153608932,0.913072924553037,1.02036864653358,0.807596039517247,0.977375339764336,0.913072924553037,0.913072924553037
"eca-miR-491-5p_st",4.77564990277073,4.22288754218496,5.6029808826921,5.45387639074017,5.61917151747033,5.76160901390208,4.6812911054345,5.22705323669659,5.27059106818416
"eca-miR-492_st",2.96672074393864,1.43459431227988,1.93217637306292,1.93107391698692,1.36375935839186,1.68268715093672,1.76162656315189,1.93107391698692,3.91361367050454
"eca-miR-493a_st",0.801839289894996,1.03143649322647,1.196683469593,1.03143649322647,1.08876538471872,1.03143649322647,0.936808715949537,1.03143649322647,1.03143649322647
"eca-miR-493b_st",1.10866556343929,0.807968182629075,1.03143649322647,1.03143649322647,1.03143649322647,0.907915778166003,1.44045903754241,1.03143649322647,1.30424587505235
"eca-miR-494_st",4.47337686721033,5.21434507246951,7.27863452089626,4.71081929887144,5.50130475656263,4.61254429195998,1.60958845268341,4.71081929887144,4.22041863405368
"eca-miR-495_st",1.20055798610719,0.997908570163613,0.81627081457428,0.805383898929168,0.769292348571654,0.728669732329309,1.1643138585339,0.805383898929168,0.792519983446453
"eca-miR-496_st",0.957355464323516,1.04745697428032,1.05692876442375,1.14870846207455,0.648896182214061,1.67270686446263,0.977375339764337,1.17146663612587,1.15754810561368
"eca-miR-497_st",1.26177746087625,1.52854073296985,1.52854073296985,1.2846601769128,1.52854073296985,1.78068183309814,1.47214689657209,1.23556748238951,2.41513489773178
"eca-miR-499-3p_st",1.01682213772714,1.36633215661744,1.49998420579879,0.870871905341374,1.15695348061009,0.579624804118366,1.07200311704127,1.07200311704127,1.18667157284577
"eca-miR-499-5p_st",0.931387159973763,1.11140690044072,0.893916708695839,1.05488421651474,1.02826414930375,1.18040120389836,1.0008230630526,0.931387159973763,0.866545151647812
"eca-miR-500_st",6.37978355424975,6.88593933658562,6.82430010277953,6.83833305407724,6.91923505262282,6.64774500969206,6.58400914659213,6.75357970267464,6.40935067347055
"eca-miR-501-5p_st",0.870309781339883,1.08575098225413,1.08575098225413,0.926820789765893,1.39069682767747,1.11133083578062,1.09951959649733,1.26890476263615,1.07200311704127
"eca-miR-502-3p_st",7.12563463908496,6.95815400296518,7.01514236797752,6.99282126089285,7.21058196137872,7.20883504555471,7.01514236797752,6.74056987295252,6.35730460653585
"eca-miR-502-5p_st",1.25653412411483,1.44389399773486,0.891591517400493,1.14638327077921,1.53077280472508,0.986526595868874,1.23689797376916,1.06094148522857,1.61897431428406
"eca-miR-503_st",3.55362148976284,4.00812346117869,4.00812346117869,4.88799799204921,4.00812346117869,3.56623947084782,4.34252657851134,3.3566539674353,4.53743264733562
"eca-miR-504_st",1.41809820710387,0.763450558466995,0.844076619606435,1.07253647105367,1.24554766502883,1.05701634675296,0.869239944108582,0.886336165456642,1.03143649322647
"eca-miR-505_st",3.46858282606959,2.58726972474865,2.18357243176036,2.06977113545996,2.21525695004819,1.80948895257605,1.5183721386309,1.72453858900723,2.67660837306559
"eca-miR-507_st",0.893995550951584,0.893995550951584,0.993943146488512,1.07471158265259,0.836358757953178,0.986771662775064,0.729897347759551,0.692442623198892,1.04970462873868
"eca-miR-508-3p_st",0.836279915697433,0.836279915697433,0.893916708695839,0.811810466134325,0.836279915697433,0.827322925535408,0.847627914567104,0.664641725095972,0.847627914567104
"eca-miR-508-5p_st",0.683475721221563,1.07200311704127,0.73641116241625,0.978478500418089,1.07200311704127,1.28131703770146,0.748974721361005,0.913072924553037,0.706680804482667
"eca-miR-509-5p_st",1.13040041038196,1.42744264907877,1.04691355986224,0.490119451019403,0.970401816045284,1.31430831848597,1.00328300220069,0.913072924553037,1.00328300220069
"eca-miR-514_st",1.18537973003915,0.695582732808155,1.02738222366225,0.989778269586318,0.903043559526258,1.02738222366225,0.869239944108582,0.913072924553037,0.833360787393908
"eca-miR-532-3p_st",5.82512000125261,5.62588495278027,5.68316383128337,5.62588495278027,5.20902537600187,5.44645179517541,5.40653704798301,5.7267962929044,5.22640345748095
"eca-miR-532-5p_st",7.50523558931059,7.71385535767135,7.55076560265997,7.48061451806837,7.90984592275385,7.74261742756405,7.50981206265965,7.66690060885402,7.64939929780654
"eca-miR-539_st",1.10866556343929,0.863066040655122,1.71902369184343,0.989540566956156,1.18013851269702,0.836358757953178,0.951467677327985,0.887165262116685,0.986100314757721
"eca-miR-541_st",0.929087422593536,0.977375339764337,0.976146298465346,1.66591001431136,1.15695348061009,1.13884140546605,0.929087422593536,0.65633901748622,0.744672882751295
"eca-miR-542-3p_st",1.09871039974321,1.08614684079846,1.22131006539216,1.38117217160868,1.07200311704127,0.884427636061552,1.58895884344672,0.869032476354882,0.873874664199858
"eca-miR-542-5p_st",1.84863159629651,1.84863159629651,1.52854073296985,2.15669421329749,2.53577115711782,1.84863159629651,1.52998149900152,1.25657159785741,1.84863159629651
"eca-miR-543_st",1.23922316506451,0.893110106319731,1.00011989707113,0.913072924553037,0.950668057062392,0.950668057062392,0.950668057062392,0.913072924553037,1.06461232776963
"eca-miR-544_st",0.777123509074833,1.0320961700162,0.755590321789099,0.950668057062392,0.950668057062392,0.950668057062392,1.06497735617161,0.852076429549243,0.662847824038212
"eca-miR-544b_st",0.839076231317813,0.839076231317813,0.903671370590253,0.9967445172351,0.73641116241625,1.0407695670192,0.839076231317813,1.05318740312017,0.769393459185464
"eca-miR-545_st",0.804594556426399,0.950668057062392,1.15695348061009,0.950668057062392,0.82918727423973,0.822512190703521,0.962016055932063,0.950668057062392,0.950668057062392
"eca-miR-551a_st",1.65304108113282,1.40332115903987,1.52854073296985,1.51090757950588,1.40332115903987,1.40332115903987,1.10055964421233,1.37686529571379,1.25545259836434
"eca-miR-551b_st",0.96963231016079,1.07200311704127,0.893916708695839,0.932599301652927,1.05701634675296,1.27767393555275,1.43933160836695,0.584719108923703,1.05701634675296
"eca-miR-568_st",0.634383026698279,0.913072924553037,1.15695348061009,0.711941712853142,1.00967784663786,0.913072924553037,0.748974721361005,0.913072924553037,1.00328300220069
"eca-miR-582-3p_st",1.13111050051751,1.07200311704127,1.05701634675296,0.869529627093666,0.980302180153104,1.05701634675296,1.10055964421233,1.13373051335282,1.09461147926232
"eca-miR-582-5p_st",1.02922506754913,1.23091840325051,1.14870846207455,1.14870846207455,1.29478196271054,1.32828660292031,1.14870846207455,0.720765785439671,0.978856485777656
"eca-miR-590-3p_st",1.06417736878661,1.04264418150088,1.33771087409922,1.26442616437186,1.15695348061009,1.15695348061009,1.15695348061009,1.13667601060753,1.15695348061009
"eca-miR-590-5p_st",1.10866556343929,1.29602543705933,0.921984260324026,1.16017661728061,0.940998311330432,0.472723054209152,0.853614274738258,1.04790466568719,0.968192528528066
"eca-miR-592_st",0.977375339764336,1.20722633649881,0.869239944108582,1.35446488890674,1.15695348061009,1.07200311704127,1.09230810607297,1.1020582621412,0.869239944108582
"eca-miR-598_st",0.804468915762543,1.27596353688506,1.64953635797491,1.21100313489549,1.34989812956351,1.21100313489549,0.944239862801892,1.21100313489549,1.21100313489549
"eca-miR-615-3p_st",1.44389399773486,1.44389399773486,1.11257595573626,1.40079057920553,1.14021210403976,1.32188987639645,2.10254730656352,1.67791431855974,1.44389399773486
"eca-miR-615-5p_st",1.29602543705933,1.29602543705933,1.29602543705933,1.29602543705933,1.67261897810562,1.05218833846389,1.20139765978239,1.07200311704127,1.52654547746963
"eca-miR-628a_st",1.40356373564325,0.987515421166998,1.77116970181615,1.03143649322647,0.9412078246634,1.15695348061009,1.16413811631254,1.65651642923545,1.85082589202857
"eca-miR-632_st",0.606990613872118,0.893916708695839,0.893916708695839,0.979512085261195,0.893916708695839,0.893916708695839,0.869239944108582,0.907835239208037,0.851675022814634
"eca-miR-652_st",7.40737222602365,7.65619781619552,7.45629969088671,7.45629969088671,7.63645543210291,7.64438483456213,7.20940926911452,7.40179206166094,7.40412847343624
"eca-miR-653_st",0.977375339764336,0.74775916128592,0.686228566466129,0.924420923422708,0.560780661999128,0.641314636752479,0.869239944108582,1.07200311704127,0.674195822907883
"eca-miR-655_st",0.857891945238911,0.964811780819581,0.874710270862773,0.952905890201228,0.87213745403715,1.15695348061009,0.977375339764336,1.17749417587356,0.742539454546938
"eca-miR-656_st",0.932708470604587,0.925465057755042,1.00056747790027,0.750196099999981,1.01041542132386,1.08199559085408,0.989219479030597,1.11055453900948,0.950668057062392
"eca-miR-660_st",5.76653328649019,5.68429826599616,5.27418410658583,5.76415032189686,5.64843107805868,5.71357180498351,5.61492282949968,5.25786018551501,5.90114850629374
"eca-miR-664_st",0.779547732718687,1.41736049703821,0.893916708695839,1.27004352205343,1.40265209768034,0.779547732718687,1.52854073296985,0.991618982284056,1.07200311704127
"eca-miR-670_st",0.967169502124059,1.2006717430963,0.928880262041066,0.82121926973829,0.888307423346079,0.857338358384339,0.848903265153425,0.888307423346079,0.868916354176197
"eca-miR-671-3p_st",5.33560677924936,5.22640296689559,3.94336832974242,5.98344777707563,5.34611968333451,5.95669464854896,5.37437647673446,5.33560677924936,4.90505604038314
"eca-miR-671-5p_st",6.63078862174246,6.38459106953659,6.37335996632062,6.44204848245122,6.33475347232648,6.47011041115187,6.42939913530152,6.58676645866723,6.51618499505369
"eca-miR-672_st",1.63114905867837,1.40667199747264,1.28334554362606,1.2006717430963,1.05996439568905,1.0426742367194,1.2006717430963,1.1136987468923,1.2006717430963
"eca-miR-675_st",3.46223005342641,3.20082410308299,1.82048753878116,2.20731694455827,1.87707972607064,2.03560910029927,2.58801589238377,3.04230672245137,3.15186604290933
"eca-miR-684_st",0.814866290040652,1.02109360225054,0.977375339764336,0.977375339764336,0.944494153608932,0.977375339764336,0.977375339764336,1.02120832020879,0.977375339764336
"eca-miR-7_st",2.1356346106487,1.52583161545772,1.35160614763246,1.41824442069169,1.34916985332093,1.23162725711297,1.52583161545772,1.52583161545772,2.82925026817544
"eca-miR-703_st",1.16954018371549,1.68236582438415,1.05995063285115,1.38246723233386,1.40332115903987,1.22142882320787,1.42585403261889,1.33363838690752,1.49256857939576
"eca-miR-708_st",7.35797150268045,7.52821766255435,7.537469578632,7.47097541190982,7.47097541190982,7.70066538706882,7.35172147421797,7.39162540933122,7.14051970711992
"eca-miR-711_st",1.62734347905793,1.29602543705933,1.12605506534628,1.68862602078824,1.29602543705933,1.59905599078192,0.977375339764336,0.976218156080202,1.29602543705933
"eca-miR-758_st",0.700370805921575,1.09856268686625,0.837450781881009,1.03143649322647,1.1260642705034,1.1110775002151,1.03143649322647,0.779029866460931,1.08823876522129
"eca-miR-761_st",1.07200311704127,1.32200680307518,0.950668057062392,1.04753366747816,1.25158125788703,1.07200311704127,1.07200311704127,1.07200311704127,0.950668057062392
"eca-miR-763_st",1.41438804801629,1.31837079547105,1.31837079547105,1.62061399505466,1.31837079547105,1.40332115903987,1.11560762253836,1.31837079547105,1.23772550086589
"eca-miR-764-3p_st",1.43280660646173,1.2006717430963,1.0854976466886,1.03143649322647,1.03143649322647,0.672929719670429,1.49743651488433,0.65633901748622,0.869239944108582
"eca-miR-764-5p_st",1.70832273671763,1.29602543705933,1.20592392710252,1.51300747770914,2.2423014255798,2.71327259758133,1.80922743810386,1.33864414110401,1.86298783814602
"eca-miR-767-3p_st",0.812234913287036,1.16815462295245,1.82048753878116,0.902720996041259,1.7494189966691,1.34773276379821,1.16815462295245,1.32972203709347,1.03516520493618
"eca-miR-767-5p_st",0.864785007382236,0.900509365608282,1.24185509333816,0.882199896386875,0.913072924553037,0.879698904750153,0.939780207254982,0.913072924553037,0.913072924553037
"eca-miR-769-3p_st",2.31634865333505,3.32698738396371,1.58432955946072,0.908618911528519,2.3832327278187,2.18305616207419,2.1227540367183,2.47114172002318,2.85015307966908
"eca-miR-769-5p_st",4.642801885327,4.46858799429065,3.58194412999574,4.0228079286317,4.41477550594064,4.60723880758642,4.4860021892596,4.39618370926657,4.41477550594064
"eca-miR-769b_st",1.56617810018433,1.23486005818573,1.54939465967587,0.964989710244564,1.15695348061009,1.48122773661551,1.46574963266294,1.00555633405936,1.45502917593123
"eca-miR-770-5p_st",1.61147756608755,1.2006717430963,1.23922316506451,1.14870846207455,1.11974962356044,1.93090128075093,1.23922316506451,1.23922316506451,1.7868333192043
"eca-miR-802_st",1.05701634675296,1.25870968245435,1.41670718883125,1.05448576691861,1.07200311704127,1.05701634675296,0.869239944108582,0.868285461321588,0.949720624772416
"eca-miR-872_st",1.10866556343929,0.950668057062392,1.25384789071467,0.913072924553037,0.791491979734817,0.923960774360447,0.950668057062392,1.37408329650358,0.950668057062392
"eca-miR-873_st",0.86750908535774,0.950763085753326,1.29545176199262,0.950763085753326,0.950763085753326,0.950668057062392,0.795209192185076,0.76203220032195,1.66406311548037
"eca-miR-874_st",6.21800117452018,6.02095956034386,6.06724890522348,6.12239147204227,5.88626503238519,6.09579379285191,5.62450267377369,6.27984611301159,5.96717387408427
"eca-miR-876-3p_st",0.907904913849237,0.777798758696528,1.07200311704127,1.07200311704127,1.11256974085607,1.08873113651744,1.02817013659681,1.07200311704127,1.07200311704127
"eca-miR-876-5p_st",1.36019770318748,0.926460267909986,0.926460267909986,0.926460267909986,0.836358757953178,1.00318022857212,0.91835434868303,0.823160488105158,0.828206580640619
"eca-miR-885-3p_st",4.45159116516638,3.53876054143212,3.69990693479899,3.5171467187173,3.86165781998737,3.95957386743475,4.18018204050276,4.05321561720608,4.45891538483067
"eca-miR-885-5p_st",3.76355336598911,2.71514105440744,1.26121692520238,2.88449407369738,3.64285739482163,2.92624154625056,2.79563807549599,2.88449407369738,2.53577115711782
"eca-miR-889_st",0.913072924553037,0.90193431919525,0.626146829729316,0.84931871023147,0.913072924553037,1.20078646105455,0.951624346521243,0.913072924553037,0.913072924553037
"eca-miR-92a_st",13.2685679826373,13.2975467896626,13.2058733518426,13.1800322156768,13.2494964139236,13.2189321824033,13.2289427376449,13.2182102326754,13.1447606054013
"eca-miR-92b_st",7.48643435193213,7.34402699431785,7.2848156139571,7.35545864827842,7.27875859097908,7.27195956860568,7.65070282317119,7.34402699431785,7.01949446926925
"eca-miR-93_st",12.2714482904464,12.184673335704,12.2822858231644,12.2257238303269,12.5136538755149,12.532313421082,12.2825297624084,12.3439167780097,12.1042334246559
"eca-miR-95_st",0.748974721361005,0.968405711423358,1.17121963071397,1.01252295895045,0.861499357066595,0.86845811588643,0.86845811588643,0.681479616599637,0.963085893163363
"eca-miR-96_st",1.69638120149079,1.13394497900334,1.2145902736085,1.2145902736085,1.62666736720138,1.18788299090655,1.2145902736085,1.2145902736085,1.2145902736085
"eca-miR-98_st",4.18018204050276,4.46299951535834,4.18018204050276,4.40153480840269,3.97127665318981,3.70663578300926,4.72035254593232,3.00559149882858,4.22381259816431
"eca-miR-99a_st",7.33034849434221,7.44159569814779,7.59103224923149,7.33034849434221,7.15419520081393,7.02828241233624,7.16460725403596,7.32018984938161,7.56187137223755
"eca-miR-99b_st",10.7330401602357,11.0068400608753,11.010716850972,10.9336191228356,11.0856469064366,11.1068838695236,10.792779668945,10.7955425961022,10.5975074432956
"eca-miR-9a_st",1.23922316506451,0.73641116241625,1.24421026124257,1.03143649322647,0.869747496405586,1.12931649754874,1.05853946262994,0.869112785502321,0.830212383964536
"ENSG00000199196_st",1.01908072299641,1.15079499489957,0.869239944108582,1.14870846207455,1.29389078934993,0.847041661800715,1.14226502744441,1.25629565684057,1.26301776118376
"ENSG00000199212_st",1.08921164534266,1.07385236151039,1.10055964421233,0.875222317251478,1.10055964421233,1.28013778505809,1.10055964421233,1.01034956656468,1.22082486695991
"ENSG00000199231_s_st",1.10866556343929,1.1601051192815,0.918021332317715,1.03143649322647,0.82212257256628,1.03143649322647,1.05999302039753,0.890756512588048,1.03143649322647
"ENSG00000199231_st",1.00320196170237,1.41718671503292,0.950668057062392,1.04529583433933,1.28131703770146,0.868046079165526,0.883099285221437,1.6835192235363,1.28402217854858
"ENSG00000199231_x_st",0.646309652459441,0.898944457260928,1.18093284754354,0.82697797434774,0.829508554182089,1.16594607725524,1.05978474304374,0.934565169113762,1.30293696888196
"ENSG00000199262_st",1.2633882806239,1.24185509333816,1.24185509333816,1.16259734947293,1.24185509333816,1.24185509333816,1.05680929316493,1.47663638457659,1.24185509333816
"ENSG00000199282_st",1.10866556343929,1.07200311704127,1.29355641375535,0.917599191873162,0.786823871811169,0.824526045228316,0.936399407939593,1.16505538746649,1.20519801041643
"ENSG00000199321_st",0.977375339764336,1.07200311704127,1.07200311704127,1.3158402156367,1.07200311704127,1.15695348061009,1.04194797194134,1.07200311704127,0.950668057062392
"ENSG00000199321_x_st",0.781177778639052,0.995288950441411,1.10931957983757,1.14443566274221,0.895341354904482,0.995288950441411,0.995288950441411,1.07200311704127,0.995288950441411
"ENSG00000199363_st",0.977375339764336,0.977375339764336,0.977375339764336,1.35905459707539,0.955842152478603,0.977375339764336,1.35870655958993,0.939780207254982,0.977375339764336
"ENSG00000199370_st",0.873251229071185,0.851718041785452,0.880177025204958,0.966027340894666,1.0112315321858,1.16515174240872,0.977375339764336,1.11463142136501,0.966027340894666
"ENSG00000199370_x_st",1.28131703770146,1.28131703770146,1.28131703770146,1.26442616437186,1.28131703770146,1.25187125982415,1.68722331676544,1.22377806488918,1.31419822385687
"ENSG00000199392_st",0.936808715949537,1.03143649322647,0.909367629698391,1.03143649322647,1.03143649322647,1.25209408202626,1.03143649322647,0.843949773567172,1.22114055152401
"ENSG00000199405_s_st",1.25993106163881,1.29602543705933,1.38278973304529,1.26442616437186,1.26442616437186,1.26442616437186,1.26942765773099,0.978034489907617,1.24130702618246
"ENSG00000199405_x_st",1.07200311704127,0.978088269357492,1.03912193088587,1.26442616437186,1.10959824955062,1.12055004383967,1.05320441315287,0.92693130879855,1.07200311704127
"ENSG00000199411_s_st",2.82947531440346,3.35355177635028,5.31221875024809,2.9513059302868,4.42365654329206,4.11568397782261,3.65427052010127,3.65427052010127,3.61714032525994
"ENSG00000199411_st",0.977375339764336,1.16868621509836,0.964416696575263,1.03143649322647,0.965654827350699,1.07200311704127,1.45229030271534,1.17541544170561,1.19400723837968
"ENSG00000199411_x_st",1.36826357774267,1.44400502603095,1.44400502603095,1.44400502603095,1.75859572563722,1.33641860556494,1.24231169032956,1.27236683542949,1.69400871206486
"ENSG00000199452_st",1.26032615685465,1.14870846207455,1.11555766911274,1.14870846207455,1.09134630229176,1.14870846207455,1.14870846207455,1.36410474744308,1.14870846207455
"ENSG00000199470_st",0.977375339764336,1.17211521592524,1.07200311704127,1.00287996605541,1.01946921240129,1.07200311704127,1.07200311704127,1.07200311704127,1.2006717430963
"ENSG00000199473_st",1.10866556343929,0.73641116241625,0.950668057062392,1.19291468358319,0.950668057062392,1.11214624741911,0.627639661382126,0.94050805681765,0.824326014394932
"ENSG00000199474_st",1.11055453900948,1.07200311704127,1.13630553225257,0.779547732718687,1.07200311704127,1.15264841164643,0.977375339764336,1.07200311704127,0.865717693493569
"ENSG00000199474_x_st",1.37542883553289,0.836358757953178,0.64887203829388,0.913072924553037,0.884516397381972,0.979799688645999,0.913072924553037,0.913072924553037,0.915603504387386
"ENSG00000199552_x_st",1.1512046888991,1.19345925985762,0.917367389154186,1.14870846207455,1.14482394812345,0.90148476680616,1.09883148258068,0.836002168485277,0.820839472201
"ENSG00000199566_st",1.13630553225257,0.990575004087461,0.838900585927682,1.1903666857147,1.07200311704127,1.2159465392412,0.805239844947674,1.07200311704127,0.869239944108582
"ENSG00000199571_st",0.834532163150012,1.16607335729048,1.2145902736085,1.12144364234488,1.0447382973116,1.0447382973116,1.0447382973116,1.20883650050364,1.0447382973116
"ENSG00000199571_x_st",0.948234384039041,0.950668057062392,1.38192323291813,1.03561842063121,0.935670825094286,1.03561842063121,1.17663500244237,1.14320561539724,1.04696641950088
"ENSG00000199633_st",0.811261160600776,1.56522905771374,0.988544485972772,1.03143649322647,1.20280138061891,1.04529583433933,1.40417467320584,1.13667041857621,0.990575004087461
"ENSG00000199633_x_st",0.950668057062392,1.20489565672622,1.10866556343929,0.913072924553037,0.850720461525464,0.899018840376063,0.819377833387436,1.42321513565676,1.07200311704127
"ENSG00000199666_st",1.47723128346819,1.29602543705933,1.19052477511832,1.40823500075899,1.29878733773032,1.42931792832018,1.29602543705933,1.26746890988826,1.16270376774206
"ENSG00000199666_x_st",1.53356753962875,1.49794893631681,1.24185509333816,1.33901874382857,1.36893777530447,1.45129785517434,1.32198524684928,1.40079057920553,1.33852341842805
"ENSG00000199675_s_st",0.811477692882774,1.11583609748573,1.02795976678794,0.913072924553037,0.928059694841344,0.913072924553037,0.780352710551547,0.913072924553037,0.621726030909628
"ENSG00000199713_st",1.25384789071467,0.950668057062392,0.767327820558087,1.03143649322647,1.03131335166755,0.873852059604685,0.894157048636381,0.801521344761597,1.21718544431665
"ENSG00000199713_x_st",1.09168463887355,0.950668057062392,0.885802811444243,0.950668057062392,0.774006294925604,0.970753175013066,0.863284020470219,1.2145902736085,0.950668057062392
"ENSG00000199727_st",1.10866556343929,1.2006717430963,1.10866556343929,1.09177469010969,1.18931085804445,0.948504263186656,1.48895274911336,1.2145902736085,0.910862686729756
"ENSG00000199769_st",1.25241348246338,0.977940015365013,0.8891374622426,1.17805885147424,0.950668057062392,1.23685833434123,0.963231616007147,0.963231616007147,0.873948096400263
"ENSG00000199783_st",0.972201244348125,0.836358757953178,1.17389458004951,0.818059481435482,0.950668057062392,0.950668057062392,0.747904884129704,1.07200311704127,0.950668057062392
"ENSG00000199787_st",1.2145902736085,1.39382663315566,1.2788926888198,1.01169258805059,1.45847082966555,1.07357369179734,1.05049227963313,1.2145902736085,1.17075729316404
"ENSG00000199787_x_st",1.24917303569976,0.925935831285464,1.03143649322647,1.13620163537267,1.1692368810709,1.77226422426901,1.03143649322647,0.950001329775642,1.03143649322647
"ENSG00000199815_st",0.977741451447159,1.34817615117244,0.977741451447159,0.923593082494068,1.31719299159915,1.36705021961893,1.56978734038717,1.46019000477895,1.2006717430963
"ENSG00000199851_st",0.967493092056445,0.978841090926116,0.876176022024552,1.1555028530629,1.15149256518828,1.12254370045433,0.978841090926116,0.893890727357293,0.869239944108582
"ENSG00000199851_x_st",1.13108776940875,0.956623980700755,1.23566541732094,0.963867721385516,0.963867721385516,0.457155442416791,0.869239944108582,0.983258790555398,0.963867721385516
"ENSG00000199856_st",1.36041287214685,1.11433477656541,1.15695348061009,1.15695348061009,1.24190384417891,1.08023931401023,1.56285975967408,0.900219573543275,1.15695348061009
"ENSG00000199856_x_st",1.07200311704127,1.07200311704127,0.851345528241485,1.24554766502883,1.10959824955062,1.07200311704127,1.03756161512785,1.07200311704127,1.18443559365234
"ENSG00000199857_st",1.06862266480403,1.19010072689012,1.31333639610965,1.14870846207455,1.15695348061009,1.02639587898488,1.10866556343929,1.10866556343929,1.07337173645344
"ENSG00000199894_s_st",1.11589338886656,0.987224762811529,0.891698513539636,1.11589338886656,1.19653868347172,0.836358757953178,0.924579699695041,1.11589338886656,1.12724138773623
"ENSG00000199894_st",1.12875446540782,1.23928154568479,0.950668057062392,0.862237078153568,1.40812045730467,1.12875446540782,1.03412668813089,1.15644143649831,1.12875446540782
"ENSG00000199894_x_st",0.937542374116145,0.937542374116145,0.937542374116145,0.913072924553037,0.937542374116145,0.728669732329309,0.937542374116145,1.17475730796031,0.76403144020118
"ENSG00000199927_st",1.10866556343929,1.07200311704127,1.13737470139187,1.2427086215314,1.10866556343929,1.10866556343929,1.13737470139187,1.10866556343929,1.02777355457434
"ENSG00000199934_x_st",1.22893078618687,1.23334892876509,1.26005621146704,1.22893078618687,1.19800127589041,1.55289369953263,0.869239944108582,1.06171073816363,1.33707323233964
"ENSG00000199959_s_st",0.96641987984839,1.28949360085072,0.780884713597992,0.6734754791919,0.785024935208649,0.814255455049598,0.800887036195942,0.820089526992422,0.649520276205509
"ENSG00000199959_st",1.3253543173812,1.41736049703821,0.618868566208295,1.38435282116264,1.07200311704127,1.07200311704127,1.07200311704127,1.07200311704127,1.07200311704127
"ENSG00000199959_x_st",0.824818956329968,1.00439709717572,1.11716712734727,0.711941712853142,1.00439709717572,1.45705019915321,0.700038692572773,1.05044036325431,1.04811535966193
"ENSG00000199977_st",1.06417736878661,1.70400419630842,1.15695348061009,1.40417717587848,1.29024597187095,1.15695348061009,0.955260144908705,1.0708265832873,1.0708265832873
"ENSG00000200026_st",1.22737902579825,1.2006717430963,1.73906457802322,1.13154859211044,1.2006717430963,1.2006717430963,1.2006717430963,1.00112968486475,1.12710840471826
"ENSG00000200026_x_st",1.27588561146253,1.67192814502049,1.10015120861527,1.26442616437186,0.942645662335682,1.64535645382606,1.02920289444319,0.823559065509456,1.23922316506451
"ENSG00000200042_st",1.29797006242125,1.25690107614702,1.1719402508984,1.14356613725314,0.966904375116356,1.15695348061009,1.07731247362147,1.1719402508984,0.983442546695127
"ENSG00000200051_x_st",1.23640011819766,1.16319665536699,1.20324932523585,1.17846737506694,0.811339179023815,1.23640011819766,1.01627082594905,1.06010380639351,1.29602543705933
"ENSG00000200063_st",1.01497047227369,0.725781402601181,0.858380206959993,0.950668057062392,0.683904784968795,0.950668057062392,1.10055964421233,1.25218540611785,1.57785106156684
"ENSG00000200063_x_st",1.05882967267593,1.07200311704127,1.2145902736085,1.2145902736085,1.09325521362962,1.28131703770146,1.71740227625676,1.29130444020836,1.30751210827576
"ENSG00000200072_st",1.61263507970006,1.32503530018767,1.11300306726041,0.929849286878383,1.41013165190426,1.28131703770146,1.19393300110929,1.28131703770146,1.31419822385687
"ENSG00000200072_x_st",1.19716124262126,1.49794893631681,1.40332115903987,1.26779877652936,1.44695171670142,1.40332115903987,1.07225547173498,1.44936442511846,1.40332115903987
"ENSG00000200075_st",2.14482751013677,1.66206850540661,1.30775941113574,0.954126908489256,1.75162791252056,1.30978748707567,1.69007467274973,1.57786510905007,1.69302240548601
"ENSG00000200112_st",1.07200311704127,1.21718544431665,0.855072379006167,1.05311278401833,1.07200311704127,1.20237789194518,1.28075145562204,1.07200311704127,0.912218834952111
"ENSG00000200112_x_st",0.777123509074833,0.755590321789099,0.950668057062392,0.924872788333083,0.675910594848174,0.921861038950892,1.07593694679026,1.2145902736085,0.841101061572861
"ENSG00000200113_st",0.977375339764336,1.10418093941349,0.66937201153109,1.4248979161137,1.07200311704127,1.09281821412539,1.10055964421233,1.22189470419121,1.23338842590467
"ENSG00000200130_x_st",1.2145902736085,1.2145902736085,1.2145902736085,1.2145902736085,1.12468098130511,1.2145902736085,1.34765376401417,1.2145902736085,1.13316216065469
"ENSG00000200150_st",1.52270444316434,1.11307789737777,1.13630553225257,1.0405164850972,1.26959802351343,1.26959802351343,1.13630553225257,1.07200311704127,1.13630553225257
"ENSG00000200150_x_st",1.10055964421233,1.14112626802713,0.977375339764336,1.10055964421233,1.15695348061009,1.01979120804826,1.08680970999353,1.10055964421233,1.04112016960453
"ENSG00000200191_st",0.863284020470219,0.935307976549884,1.13142545055152,1.12200117937261,0.760618951568655,0.873953890462532,0.950668057062392,1.07200311704127,0.906835076617937
"ENSG00000200191_x_st",1.23922316506451,1.19524390723459,1.69576078099309,1.4876099311147,1.23922316506451,1.20825410010277,1.45678255691192,0.923540145867124,1.23922316506451
"ENSG00000200206_st",0.889991303172163,0.977375339764336,0.977375339764336,0.936808715949537,0.977375339764336,0.977375339764336,0.977375339764336,0.92004644827209,1.16473521338437
"ENSG00000200206_x_st",1.18366076331204,1.52901814330897,1.07200311704127,1.26442919947612,1.22575463594899,1.15695348061009,1.35969060137833,1.14606563080268,1.15546174810977
"ENSG00000200222_st",1.07437705887812,1.2006717430963,1.52890591794568,1.26442616437186,1.23154497821645,1.26442616437186,1.26442616437186,1.46461584841731,1.26442616437186
"ENSG00000200235_st",0.949735370951059,1.11326260859849,0.66228785917664,0.956492217521382,0.913072924553037,0.913072924553037,0.913072924553037,0.913072924553037,0.710309751620349
"ENSG00000200235_x_st",1.2006717430963,1.28210690654713,1.52307108389522,1.42713685685222,1.35709616639709,1.05701634675296,0.913745648272579,1.2006717430963,1.2006717430963
"ENSG00000200237_st",0.902380139891591,1.33362056956868,0.910101433247592,1.0071790654884,0.950668057062392,0.935681286774085,0.994211354521763,0.816624998970286,0.950668057062392
"ENSG00000200288_st",0.651299828673433,0.806006419449338,1.25393125494489,1.05103356938698,0.748176818003417,0.959341454065391,0.832713702151283,0.996811905343316,1.3056462663523
"ENSG00000200288_x_st",0.950668057062392,0.845902914916194,0.893916708695839,1.23013657502836,1.0320961700162,1.12503736196715,0.950668057062392,0.950668057062392,0.845902914916194
"ENSG00000200294_st",1.36760459354214,0.922344631160765,1.21353166743654,0.772585084371472,0.477329797896551,0.844474963683231,0.654425858189495,0.783644324509427,1.26979732890441
"ENSG00000200294_x_st",0.857891945238912,1.0682922788283,0.990563047472335,0.952967914962981,1.10487234658155,0.975822342022221,0.903179010880162,1.22845357908093,1.03762859927281
"ENSG00000200318_x_st",1.1953781084336,1.07200311704127,0.802709265113325,1.07200311704127,1.52744732104897,1.27112751855532,1.07200311704127,1.06947253720692,0.876958995840571
"ENSG00000200355_st",1.14626069594865,0.950668057062392,0.657121688753326,0.950668057062392,1.15695348061009,0.836358757953178,0.977375339764336,0.913072924553037,0.94441474999868
"ENSG00000200377_st",1.65261903094398,1.73281025149295,1.49304750205792,1.52854073296985,1.52854073296985,1.62327895267377,1.33849162747611,1.395248241709,1.54532330896343
"ENSG00000200385_st",0.7873262342706,1.00127221084139,1.1183919215755,1.40079057920553,0.977375339764336,0.950668057062392,0.977375339764336,0.92004644827209,0.869239944108582
"ENSG00000200398_x_st",1.09871039974321,1.67229461613819,1.07200311704127,1.07200311704127,0.950668057062392,1.20216061847995,0.977375339764336,1.03440798453192,0.904783069018034
"ENSG00000200418_st",0.748974721361005,1.07200311704127,1.90416617211032,1.07200311704127,1.19642016214131,1.28131703770146,1.10903612554913,0.909494067317585,1.07200311704127
"ENSG00000200422_st",1.82983426640059,1.10437774500128,1.02017434864474,1.02017434864474,1.02017434864474,1.21796286068815,0.930072838687935,1.12776154341077,0.869239944108582
"ENSG00000200422_x_st",1.10866556343929,0.73641116241625,0.776762055142476,1.26442616437186,0.963740554429269,1.40869883417755,0.69662228741515,1.35834955055815,0.986968189304068
"ENSG00000200442_st",0.990301994765859,0.991872569521929,0.990301994765859,0.913072924553037,0.776045100119717,0.768303670032776,0.990301994765859,1.22751692861002,1.11163705474474
"ENSG00000200442_x_st",1.40332115903987,1.11235905047369,1.33328031872321,1.2006717430963,1.32200680307518,1.08636244398709,1.11924363014249,1.08846217939664,1.25263502411805
"ENSG00000200492_st",1.01682213772714,1.07362440972197,1.19380164590716,1.15343122999508,1.10959824955062,1.29737465219501,1.10959824955062,1.07200311704127,1.10959824955062
"ENSG00000200492_x_st",1.44995194367801,1.56943533820343,1.52901456474173,1.78656515409692,1.74901347904919,1.21092856464739,1.56943533820343,1.53184020569408,1.66406311548037
"ENSG00000200496_st",1.5310369597944,1.41372921879122,1.54939465967587,1.5310369597944,1.49437451339638,1.5310369597944,1.74773139634787,1.76856658313105,1.41372921879122
"ENSG00000200496_x_st",2.35733734327765,1.93995658102099,2.17790653111571,2.06977113545996,2.06977113545996,2.06977113545996,1.81751974751962,1.97163593337253,2.12232582054257
"ENSG00000200536_st",1.31986845966967,1.18136944216453,1.48408021063415,1.35802238273474,1.28131703770146,1.36626740127028,1.28131703770146,1.2145902736085,1.20459707703933
"ENSG00000200538_st",1.14870846207455,1.14870846207455,1.16559933540416,1.14870846207455,1.23609249866672,1.12840347304285,1.17726498924562,1.06863631714452,1.16956238878057
"ENSG00000200538_x_st",1.23922316506451,1.23922316506451,1.46036270422795,0.972705777810251,1.28131703770146,0.992855486634724,1.40644321308774,1.3852966657005,0.882510449202498
"ENSG00000200545_st",1.04602788672101,1.3888076845784,0.968798816508187,0.742848053068732,0.980058917185486,0.950668057062392,0.900146284324173,0.968798816508187,1.2006717430963
"ENSG00000200620_st",1.14626069594865,0.950668057062392,0.797233929800403,1.14870846207455,0.950668057062392,0.935681286774085,1.13815477672169,0.950668057062392,1.09143828814515
"ENSG00000200620_x_st",0.803084458438238,0.859595466864248,0.81587720437804,0.859595466864248,0.81587720437804,0.859595466864248,1.10055964421233,0.780733388086268,1.1261128541185
"ENSG00000200652_st",1.03143649322647,0.854774731089682,1.03143649322647,1.03143649322647,1.03143649322647,1.44969747979134,0.748974721361005,1.33295384228193,0.836392372025771
"ENSG00000200652_x_st",1.05701634675296,1.10060344235808,1.011169414257,1.01644972293816,1.30915744688125,1.20219867402834,0.897840269425389,0.913072924553037,1.29574269096221
"ENSG00000200654_st",1.10866556343929,0.657680452492254,1.20425996082881,1.20425996082881,0.698816029906895,0.913072924553037,1.00328300220069,0.913072924553037,0.871937347138396
"ENSG00000200677_st",0.863799844204323,1.05384894969806,0.742506413463106,1.13056311629792,1.07200311704127,0.836358757953178,1.52537333591495,1.19644492783187,1.05384894969806
"ENSG00000200677_x_st",1.30271409731538,1.29202909840358,1.24185509333816,1.2006717430963,1.18625460730724,1.3919766939405,1.14416073467029,1.17421587977022,1.17396446039436
"ENSG00000200693_st",0.977716411410241,0.872239526374451,0.989733432586857,1.14022546113393,1.15695348061009,1.28207481601319,1.76046626162937,1.20731361474171,1.51211012694733
"ENSG00000200706_st",1.18132808037641,1.35129845208946,1.0148983216477,1.56828049273927,1.0148983216477,0.962436034431868,1.16478990879764,1.18132808037641,1.18132808037641
"ENSG00000200706_x_st",1.12880546735944,1.44024723018969,1.25668414624545,1.40864795750222,1.28131703770146,1.32919340516288,1.15136781869861,1.59148853231282,1.28131703770146
"ENSG00000200733_st",0.748974721361005,0.991992956389044,0.939023826854742,0.901428694345387,1.07163240248165,0.939023826854742,0.851639790262568,0.969078971954668,0.852896929531949
"ENSG00000200753_st",0.950668057062392,0.992909742943596,0.779334934752177,0.913072924553037,1.04754504639238,1.04517624733783,0.869239944108582,1.20275017419337,0.950668057062392
"ENSG00000200753_x_st",1.37124005366192,1.19333817702015,1.19333817702015,1.07200311704127,1.07200311704127,0.995187119583564,1.07200311704127,1.07200311704127,1.07200311704127
"ENSG00000200801_x_st",0.875163781224007,1.29602543705933,1.17133239757659,1.14870846207455,1.07200311704127,1.51073768850655,0.976656473575262,1.07200311704127,1.05808458652907
"ENSG00000200879_st",5.94749926781673,6.59399981217868,6.34174115676511,6.43078489323831,6.34686363650766,6.28095186980409,5.59815759639683,5.88641311305115,6.42402077327619
"ENSG00000200891_st",1.40332115903987,1.2006717430963,1.50193086400816,1.40332115903987,1.15695348061009,1.72258845280795,1.17492054063654,2.15467623629084,1.29518576338412
"ENSG00000200891_x_st",0.977375339764336,1.2006717430963,1.44361232728947,1.2006717430963,1.2006717430963,0.836358757953178,1.46251956839647,1.5349737071203,0.942003941170404
"ENSG00000200897_st",0.961703019756266,1.10055964421233,1.64668006205778,1.03143649322647,1.04292285121393,1.02374364675463,1.10055964421233,1.09731830476042,1.31410143266371
"ENSG00000200897_x_st",1.07962370200007,1.28131703770146,1.35160614763246,1.05536627426201,1.28131703770146,1.30689689122795,1.35044018868733,1.02891041093592,1.28131703770146
"ENSG00000200969_st",0.857891945238912,0.892637567319349,1.13013117087656,1.1841923243387,1.13013117087656,1.60752271351116,1.15683845357851,0.913072924553037,1.45416406257067
"ENSG00000200969_x_st",1.52854073296985,1.52854073296985,1.65290429006122,1.98742312420643,1.40653661163144,1.40332115903987,1.4849101753083,1.6638992465533,1.51986575646305
"ENSG00000200991_st",1.07838385781692,0.950668057062392,0.8891374622426,0.833125460854437,1.23003404895924,0.950668057062392,0.963231616007147,0.950668057062392,0.614222012836445
"ENSG00000200991_x_st",0.888002899254649,0.982630676531583,0.89935089812432,1.04232216546555,0.965607998865693,0.748927115760961,0.748974721361005,0.825641282360821,0.759638797291049
"ENSG00000200999_st",1.10866556343929,1.10866556343929,1.02281524774958,1.10866556343929,1.41260726137642,0.858294185539005,1.10866556343929,1.04436314822799,1.68395111833491
"ENSG00000200999_x_st",1.41736049703821,1.71848644144258,1.70681107602496,1.41486427021365,1.56901068818053,1.41736049703821,0.996543613383241,1.79559201269353,1.29602543705933
"ENSG00000201003_st",1.07294664182867,1.07200311704127,1.27054005007523,0.619208696464486,1.04623935912673,1.04623935912673,0.874893000710654,0.874601168525269,1.04623935912673
"ENSG00000201009_s_st",3.88403381877464,3.75822243186813,6.37108621182339,4.45543666863745,4.4585311027494,4.78868248918401,4.00229728341276,3.78308096225149,4.72085871319335
"ENSG00000201009_st",0.783900676133907,0.875906855790915,1.21149881041594,0.845033827624753,0.875906855790915,1.3208651355392,1.116871033139,0.779029866460931,0.875906855790915
"ENSG00000201009_x_st",1.2738079914986,1.07200311704127,1.15695348061009,0.971582337604553,1.31932607932085,1.15695348061009,1.15695348061009,1.13232058915409,1.15695348061009
"ENSG00000201025_st",1.09135460438897,1.29602543705933,1.06038107797123,1.25755385931834,1.06038107797123,0.688793825611476,1.34806856230829,1.02191832179682,0.857617905038547
"ENSG00000201036_st",1.07200311704127,1.07200311704127,1.36665871264185,1.07200311704127,1.07200311704127,1.02035390035494,0.990575004087461,1.07200311704127,1.07200311704127
"ENSG00000201042_s_st",1.47714353979273,1.85884309684425,1.9808715171436,2.28691050326293,2.45393414800757,2.03676776826629,1.79054575799522,2.4232749180966,2.21649157727076
"ENSG00000201042_st",1.05333312596396,0.950668057062392,1.32255893775598,0.950668057062392,0.950668057062392,0.950668057062392,0.856040279785458,0.870595912132362,0.950668057062392
"ENSG00000201042_x_st",1.69867527191538,1.72873041701531,1.73309017897325,1.72873041701531,1.72873041701531,1.81368078058413,1.72873041701531,1.72873041701531,1.72873041701531
"ENSG00000201129_st",1.15128426748397,0.950668057062392,1.99105477952576,0.833125460854437,1.11462182108595,0.993286761107073,1.02184328827814,0.993286761107073,0.993286761107073
"ENSG00000201133_st",1.5947021241134,2.01033166085215,1.17095971594695,1.26442616437186,1.34498220202046,1.27339888805241,0.992614935500908,1.50576410201432,1.35969060137833
"ENSG00000201151_st",1.10866556343929,1.28482391018353,0.947199497737582,1.03143649322647,1.1144779263811,1.11119614327364,1.25855715058924,1.10866556343929,1.00390042129309
"ENSG00000201157_st",0.796026177466778,0.871898454728547,0.977375339764336,0.977375339764336,0.977375339764336,1.03412668813089,0.977375339764336,0.84333228167223,0.977375339764336
"ENSG00000201199_s_st",1.0881317001051,1.20044627869132,1.29634919937199,1.27685345006542,1.17931899321206,1.35310116804603,1.18924388875577,0.858177023187919,1.9015255932586
"ENSG00000201209_st",0.848370930250415,1.06768225196892,1.27480219652021,1.0108799799741,0.945247919580399,1.15695348061009,0.869239944108582,1.0108799799741,1.50231086060703
"ENSG00000201229_st",1.22725588423933,1.28131703770146,1.28131703770146,1.2731677062064,1.04567267861337,1.28131703770146,1.34062617337464,1.32188366151626,1.39562633681067
"ENSG00000201245_st",0.887273829807528,0.977375339764336,1.01946921240129,0.886860636774381,1.01946921240129,0.759885148019454,0.977375339764336,1.07200311704127,1.40332115903987
"ENSG00000201245_x_st",0.865717693493569,0.865717693493569,0.828656548236886,0.865717693493569,1.05444857892494,0.950668057062392,0.675668587999832,0.808388802001323,0.865717693493569
"ENSG00000201300_x_st",1.2171034448111,1.13645815020594,1.1776415004478,1.2171034448111,1.2171034448111,1.30448748140327,1.2171034448111,1.07200311704127,1.23181184416896
"ENSG00000201316_st",1.13928603120738,1.09461147926232,1.30338402518274,1.13383234421067,1.05701634675296,1.05701634675296,0.977375339764336,1.01318336630851,1.01318336630851
"ENSG00000201329_st",0.748974721361005,0.950668057062392,0.950668057062392,1.26442616437186,1.07200311704127,0.841066910244858,1.09168463887355,0.783738018752612,0.873948096400263
"ENSG00000201346_st",1.23922316506451,1.00421164232943,0.92750629729615,1.00421164232943,1.52216980877883,0.846637715473895,0.916842221366106,0.780189322311374,0.922783529375621
"ENSG00000201348_st",1.15309094352119,1.44333684058814,1.63959560261839,0.805485729787015,1.29916444415718,1.00228058098849,1.15056036368684,1.15056036368684,1.17684209285368
"ENSG00000201368_st",1.07200311704127,1.07200311704127,1.02028810563386,1.23680686410183,1.07200311704127,0.995187119583564,1.15037668071814,0.916988325829029,1.19400723837968
"ENSG00000201368_x_st",0.88430219311949,1.29965821608163,1.15413979333242,0.618868566208295,1.12456185511939,1.22872392826421,0.853226592507784,0.738475693777368,1.15413979333242
"ENSG00000201376_st",0.966511733276405,0.990263039095893,0.864087477046549,0.77091909439015,1.28131703770146,1.15874307264713,1.03173273856015,1.21258816249061,0.910368781126144
"ENSG00000201384_st",1.10866556343929,1.04056488472714,0.93928290303978,0.983572138132446,1.28131703770146,0.995288950441411,1.07200311704127,1.07200311704127,1.26073400247265
"ENSG00000201388_s_st",0.985794557635217,1.07200311704127,1.08078327601211,1.00793773655516,1.07200311704127,1.07200311704127,0.931769242576175,1.29506659980687,1.40676406716531
"ENSG00000201388_st",1.10866556343929,0.994356264330078,1.03195139683943,1.27086211255718,1.10866556343929,1.10866556343929,1.01403778616236,1.17923128730533,1.23733418949432
"ENSG00000201388_x_st",1.68268715093672,1.24232395459373,0.705937314825454,1.40079057920553,1.24232395459373,1.40332115903987,1.24564702083749,1.32535915799662,1.24564702083749
"ENSG00000201393_st",0.783972220663383,1.10055964421233,1.14366306274167,1.10055964421233,1.28131703770146,1.10055964421233,1.10055964421233,0.786609184850982,0.965244811686284
"ENSG00000201398_st",1.03718532269639,1.4723462974728,1.41559494910625,1.41863556466118,1.28131703770146,1.43546345566833,1.36457441119905,1.07111090353987,1.1078061037865
"ENSG00000201398_x_st",1.06426168695433,0.942780904131667,0.919161359184501,1.06426168695433,1.07200311704127,1.06426168695433,1.22736539870717,1.42096001532392,0.998439778663233
"ENSG00000201407_st",1.26442616437186,1.34368390823709,1.96329446528438,1.24357223766584,1.20461195178785,1.54939465967587,1.06273282867047,1.4884262932523,1.37909462017636
"ENSG00000201410_st",1.23922316506451,1.00540101031815,1.01016423960696,1.15113287274968,1.32932467502131,1.21768997777877,1.52854073296985,1.33902503775765,1.21768997777877
"ENSG00000201448_st",1.26759575592752,1.07200311704127,1.07200311704127,1.04456203079012,1.07200311704127,1.05169812800957,1.07200311704127,1.07200311704127,0.880973857269927
"ENSG00000201448_x_st",1.43123646662424,1.57974869082774,1.35969060137833,1.35969060137833,1.44247868221668,1.35969060137833,1.35969060137833,1.35969060137833,1.33298331867638
"ENSG00000201465_st",1.28824370428505,1.05218833846389,1.15695348061009,1.15695348061009,1.15695348061009,1.03530642080321,0.733538241168904,1.39416841445425,1.32618873047992
"ENSG00000201467_st",0.857891945238911,1.29602543705933,1.3286336307542,1.42153632481347,0.785258047152262,1.25734023320666,1.1942805914682,1.26343715834451,1.12085000177728
"ENSG00000201467_x_st",1.36358672215587,1.2006717430963,1.35160614763246,1.4328552997066,1.1924174193851,1.40568059479283,1.28131703770146,1.16539327434529,1.14600220517541
"ENSG00000201500_st",1.47414759853276,1.43019175326688,1.28131703770146,1.26442616437186,1.28131703770146,1.28131703770146,1.28131703770146,1.22398814620921,1.25460975499952
"ENSG00000201500_x_st",0.891341812487642,0.785147215149358,0.902689811357313,0.859586392827977,0.862116972662326,0.847243959363133,0.902689811357313,0.980921452806855,0.659467556718752
"ENSG00000201502_st",1.19803292856412,1.05701634675296,1.04445278780821,1.26442616437186,1.05701634675296,1.05701634675296,0.977375339764336,0.913072924553037,1.18568497280799
"ENSG00000201502_x_st",1.16431206873351,1.13764655634918,1.08372362945491,1.01644972293816,0.73641116241625,1.04202957646466,1.00021407475814,1.12764962233549,1.05701634675296
"ENSG00000201516_st",1.00743048486426,0.726757611135644,0.836013710756981,1.02286696505636,0.73641116241625,0.764043096172624,0.646309652459441,0.779029866460931,0.759638797291049
"ENSG00000201541_st",0.960514142642511,1.27463797261738,1.38193369459792,1.01302052008997,0.836358757953178,0.814971293511227,1.1867289804129,0.790556544871875,1.05061565259932
"ENSG00000201541_x_st",1.09661828944816,1.03131335166755,1.03131335166755,0.950668057062392,0.950668057062392,0.950668057062392,0.748974721361005,1.18631241615048,0.950668057062392
"ENSG00000201542_st",1.09168463887355,0.950668057062392,0.912106498027794,1.02738222366225,1.09168463887355,0.950668057062392,1.34270967681259,1.14932143187196,1.09168463887355
"ENSG00000201542_x_st",1.10866556343929,1.10866556343929,1.16273288441828,1.15707065263835,1.10866556343929,0.922048399860572,1.10055964421233,1.03625722900104,1.25473906407528
"ENSG00000201592_s_st",1.37142742841384,1.34354793702884,0.842198695610755,1.39648344867085,1.30046733326124,1.10964233620852,1.29094117814959,1.29094117814959,1.63500282354224
"ENSG00000201619_st",2.32824541894601,3.21724075570999,1.92504020407817,2.72290780678281,2.20749323407947,3.06244768902186,1.81027830476829,2.87735182776077,2.32824541894601
"ENSG00000201619_x_st",1.57054120706311,1.44388778285467,1.10866556343929,1.33151782803249,1.4882715226087,1.40332115903987,1.24219444715329,1.40332115903987,1.40332115903987
"ENSG00000201660_st",1.07200311704127,1.28611428884363,0.912218834952111,1.03143649322647,1.54939465967587,1.07200311704127,0.869239944108582,1.01467422554902,1.2006717430963
"ENSG00000201660_x_st",0.950668057062392,0.950668057062392,1.25460975499952,0.886365641851092,0.950668057062392,1.12230624766385,0.920612911962465,0.950668057062392,0.950668057062392
"ENSG00000201666_st",1.2145902736085,1.35824566995184,1.47832282266619,1.03526862055754,1.37818112436715,0.950668057062392,1.35969060137833,1.22957704389681,1.17603885164029
"ENSG00000201666_x_st",0.965804432832769,0.806785574550743,1.10866556343929,1.03143649322647,0.965804432832769,0.965804432832769,1.07128131786856,0.868927443502785,0.965804432832769
"ENSG00000201674_st",0.773710783877056,1.07200311704127,0.783389628418875,0.893492833167716,0.893976006624634,0.981360043216807,0.893976006624634,1.31966947120646,0.744084419474691
"ENSG00000201674_x_st",0.646309652459441,1.03045633894886,0.930508743411936,0.840407233455127,0.840407233455127,0.922767313324995,0.840407233455127,0.553481138631406,0.759638797291049
"ENSG00000201701_st",0.920612911962465,0.950668057062392,0.950668057062392,1.14870846207455,0.988263189571746,0.950668057062392,1.01497047227369,0.950668057062392,0.748265070928551
"ENSG00000201701_x_st",1.15695348061009,1.12951239435895,1.15695348061009,1.15442290077574,1.15695348061009,1.19716806579796,1.15695348061009,1.3547419926535,1.2702826254417
"ENSG00000201710_st",0.977375339764336,1.31106957304242,0.977375339764336,1.03143649322647,0.977375339764336,0.944494153608932,0.977375339764336,0.65633901748622,0.895947226810527
"ENSG00000201710_x_st",1.23922316506451,1.1666308943182,0.880973857269927,0.903069958638067,1.07200311704127,1.25158125788703,1.07200311704127,1.26914522545392,1.05808458652907
"ENSG00000201733_st",1.30005186701344,0.950668057062392,1.45846715588871,1.3886089945454,1.26338942061542,1.16345228675829,1.6692956996794,1.26338942061542,0.86689633030217
"ENSG00000201733_x_st",0.728593967627941,1.2829560582648,0.791092182786161,0.531339948767435,1.15695348061009,1.15695348061009,1.23922316506451,0.716711091772974,0.950668057062392
"ENSG00000201791_st",1.06729835572479,0.937192200572082,0.93087720538978,1.03026534721693,1.18863341570367,1.37124005366192,0.905730941583772,1.07200311704127,0.925535617152239
"ENSG00000201791_x_st",0.972201244348125,0.913072924553037,1.08474989082602,0.711941712853142,0.950668057062392,0.805383898929168,0.725226296511797,0.913072924553037,0.913072924553037
"ENSG00000201807_st",1.28675197178472,1.07200311704127,1.06016352540417,1.01959690158937,0.959793553341611,1.18139873722507,1.31467081601469,1.07200311704127,1.07200311704127
"ENSG00000201807_x_st",0.857891945238911,1.24476959622081,0.849807491493047,0.87286989396064,1.30246059347053,0.781177778639052,0.761014955908927,0.712791617469083,1.18696077518447
"ENSG00000201809_st",1.15139435795705,0.836358757953178,0.916218410111208,1.1616105869761,1.07468820158652,0.733543180557418,1.11020412145667,1.31296177209807,0.759638797291049
"ENSG00000201810_st",1.03989064901045,0.975588233799154,0.956432017941955,0.975588233799154,0.752657942150012,1.05701634675296,0.954505306237957,0.975588233799154,0.975588233799154
"ENSG00000201810_x_st",1.26442616437186,1.26442616437186,1.20289556955206,1.24276455215695,1.26442616437186,0.971970780049274,1.27698972331661,1.31808970114381,1.28765379924666
"ENSG00000201811_st",1.15328066275604,1.07200311704127,0.880973857269927,1.03440798453192,1.11661821635802,0.987101504313198,1.03259895884862,1.07200311704127,1.32537233965781
"ENSG00000201816_st",0.995250402530536,1.2006717430963,1.28131703770146,1.18817040643785,1.14997612417201,0.762360751152381,1.10866556343929,1.10866556343929,1.10569413586434
"ENSG00000201827_st",1.03679495438518,1.32255893775598,0.950668057062392,1.00170873873421,0.950668057062392,0.950668057062392,0.842532661406638,0.944159250510399,0.950668057062392
"ENSG00000201827_x_st",0.877345863335539,0.956623980700755,0.639745647128725,0.739133788955873,0.856676385163827,0.88431611623125,0.869239944108582,1.03333814730061,0.791218966012747
"ENSG00000201847_st",1.14133133275751,0.977375339764336,0.977375339764336,0.949934253513191,0.977375339764336,0.977375339764336,0.832433352429502,0.977375339764336,1.28173374436729
"ENSG00000201847_x_st",1.32408523417224,1.32408523417224,1.06149321413148,1.40079057920553,1.11874931746744,1.40372624116087,1.32114800323459,1.32408523417224,1.32408523417224
"ENSG00000201853_st",0.862409959265793,0.983549243217796,0.681463541464201,1.12164657087412,0.869239944108582,0.869239944108582,0.869239944108582,0.831644811599228,0.762891654418011
"ENSG00000201863_st",1.18920998723752,1.14444916507698,1.2526271635206,0.798889218156416,1.40332115903987,1.43220530436636,1.16767679995178,1.48019493698093,0.936357099848029
"ENSG00000201863_x_st",1.14955999398457,0.883023398259583,1.13916573134854,1.36589145261607,0.836358757953178,1.30644415999206,1.11866775734768,0.959737564859443,1.11866775734768
"ENSG00000201882_st",1.32046597646345,1.26755522754942,0.903242242406302,1.26442616437186,0.903242242406302,1.13920659044188,1.19092972674336,1.04582939897353,0.955190907799203
"ENSG00000201882_x_st",1.09871039974321,1.07200311704127,1.01525176867472,1.11310309486847,1.04254297333272,1.07200311704127,1.10055964421233,0.815950050383712,1.19333817702015
"ENSG00000201898_x_st",0.977375339764336,0.960367212190588,0.790396840477544,1.089584903464,1.06232570333316,1.06976283237439,0.813277345788968,0.867111007077403,1.29602543705933
"ENSG00000201944_st",0.907939436685498,0.844546558072004,1.10866556343929,1.2568438577303,0.988635440441635,0.926297136566962,0.977375339764336,0.832275011994508,0.977375339764336
"ENSG00000201944_x_st",0.857891945238911,0.954506911423795,1.42890101256637,1.05701634675296,0.980302180153104,1.34399939983829,1.23922316506451,1.05701634675296,0.943829915101358
"ENSG00000201945_st",1.38643028571027,1.41174313935663,1.18772081933858,1.37663572807152,1.26442616437186,1.05701634675296,1.34279972804872,1.31361059594492,1.26442616437186
"ENSG00000201957_st",0.608714519950086,1.05825525182841,0.913072924553037,0.913072924553037,1.17959031180729,0.913072924553037,0.913072924553037,0.911058972501526,0.867225992057071
"ENSG00000201957_x_st",1.22028291609561,1.14626069594865,0.950668057062392,1.10866556343929,1.31797948409948,0.983683735915246,1.10866556343929,1.05306286807237,1.09065800058172
"ENSG00000201980_st",1.01682213772714,1.03345169507306,0.941445515416056,1.1903666857147,1.19333817702015,0.707690131898147,1.49438417535229,1.36620747538601,1.07200311704127
"ENSG00000202023_st",1.2242363947762,0.843132174773477,1.05701634675296,1.03143649322647,1.35134538632913,1.05701634675296,0.684401197523381,1.05701634675296,1.0979761637126
"ENSG00000202023_x_st",0.683904784968795,0.84337212586518,1.10959824955062,1.03143649322647,1.10959824955062,1.28131703770146,0.786569853870359,0.950668057062392,0.700442956547567
"ENSG00000202059_st",1.14870846207455,1.14870846207455,1.10870381687865,1.1111133295652,1.1361449031298,1.11450515142109,1.14870846207455,1.29478196271054,1.29731254254489
"ENSG00000202059_x_st",1.05701634675296,1.2159465392412,1.35802547543592,0.805485729787015,0.692867864956878,1.25614074826701,1.05701634675296,0.992713931541664,1.09461147926232
"ENSG00000202183_st",1.68268715093672,1.29529952037323,0.812271239415183,0.898234558105144,1.25158125788703,1.12839695343903,1.07200311704127,0.873657643737865,1.05261229085462
"ENSG00000202189_x_st",0.715304788671683,0.882484663052242,1.28131703770146,1.07200311704127,1.10856371810884,1.54939465967587,0.870309781339883,1.07200311704127,1.07200311704127
"ENSG00000202216_st",0.916218410111208,0.916218410111208,0.763214032377943,1.21124374092143,1.00967624770735,0.9427921732237,0.869239944108582,1.09758523991183,0.701687513925505
"ENSG00000202216_x_st",1.56794296101448,1.48408021063415,1.2145902736085,1.79027357140273,1.28131703770146,1.68268715093672,0.978555522873921,1.44025252356882,1.26192596853158
"ENSG00000202231_st",1.24334947545735,1.07200311704127,0.880973857269927,0.861020977737494,0.930986535230111,1.31588367309833,1.07200311704127,1.00770070182997,1.07200311704127
"ENSG00000202231_x_st",1.40332115903987,0.865717693493569,1.24364130764273,1.00491496343348,1.07200311704127,1.07200311704127,1.27034859034468,1.07200311704127,1.07200311704127
"ENSG00000202233_st",1.15695348061009,1.19920805156861,1.15695348061009,1.15695348061009,1.33653162145585,1.15695348061009,1.15695348061009,0.913072924553037,1.15695348061009
"ENSG00000202252_st",7.88058028434733,8.00858824084847,8.43659271807521,8.35581622835612,8.99448834758107,8.76999547003642,7.71609864405992,8.38150894167125,8.58147855127875
"ENSG00000202268_st",0.75167693101859,1.05603533562154,0.894693998723554,0.805485729787015,1.17737039560042,0.760299581663666,0.854341999920154,1.13853109731899,0.663625114065928
"ENSG00000202268_x_st",0.913072924553037,1.11907317892938,1.23256770492637,0.913072924553037,0.885459458779713,0.913072924553037,0.913072924553037,0.913072924553037,0.753288642463879
"ENSG00000202269_st",1.15893057221018,1.23922316506451,1.758428599225,1.66729057148318,1.22268499348573,1.54939465967587,1.23922316506451,1.19485981295883,1.17546874378895
"ENSG00000202269_x_st",0.972185167055236,0.94474408080409,1.2598162177393,1.22960225036087,0.960166811462942,0.94474408080409,1.05826912805066,0.988723338634007,0.988723338634007
"ENSG00000202275_st",0.977375339764336,0.977375339764336,0.977375339764336,0.977375339764336,1.13630553225257,0.949934253513191,0.977375339764336,1.07200311704127,1.20030563141348
"ENSG00000202275_x_st",1.10866556343929,1.02487333906106,0.825151069678769,0.786146994851812,1.15075943607625,1.22429477539648,0.939460368787983,0.913072924553037,0.939460368787983
"ENSG00000202283_st",0.843080862296369,0.964415922275248,0.836358757953178,0.705538134250087,0.743133266759441,0.843080862296369,0.977375339764336,1.22131237795169,0.691038010294152
"ENSG00000202283_x_st",1.05876127105335,1.11256974085607,0.942319820907108,1.07200311704127,1.07200311704127,1.07200311704127,0.869239944108582,1.11256974085607,0.865717693493569
"ENSG00000202335_st",0.889991303172163,1.0774874386483,1.41810443600091,1.15774467567976,0.96266694040647,0.977375339764336,0.977375339764336,0.925071807897115,0.885946979744341
"ENSG00000202335_x_st",1.56520317936787,1.52854073296985,1.52854073296985,1.52854073296985,1.52854073296985,1.51455769813709,1.65376030689983,1.33019525966645,1.52854073296985
"ENSG00000202343_st",1.32292245808543,0.950668057062392,0.686531726706612,0.885699566341051,0.978578361749207,1.18732495904638,1.05695192542607,0.993286761107073,0.829729837142972
"ENSG00000202374_st",0.977375339764336,1.05701634675296,1.10399481275559,1.12609091412373,1.05701634675296,1.25160790150735,1.05701634675296,1.05701634675296,0.950668057062392
"ENSG00000202377_st",1.10866556343929,1.08122447718815,1.10866556343929,1.10866556343929,0.875563032325703,0.999926589417071,1.16375515698627,1.40079057920553,1.12520373501806
"ENSG00000202379_st",0.868927443502785,1.21145623369343,1.07200311704127,1.03143649322647,0.854774731089682,1.03143649322647,1.03143649322647,1.1740236497937,1.03143649322647
"ENSG00000202389_st",0.902408848622993,1.07200311704127,0.913072924553037,0.86537584011513,0.761392266811834,0.875701565921048,1.05364313633231,0.913072924553037,1.05364313633231
"ENSG00000202434_st",1.23922316506451,1.22665960611975,1.01856557626472,1.26442616437186,1.39810648047014,1.40332115903987,1.23922316506451,1.2145902736085,1.23922316506451
"ENSG00000202434_x_st",1.02652271658793,1.15695348061009,1.15695348061009,1.03143649322647,1.33046441452506,0.986272314815081,1.00657730384678,1.2145902736085,1.43217251971841
"ENSG00000202440_x_st",1.32947774643686,1.08851356908877,0.765309528018372,1.03732291371196,1.15695348061009,1.1884611646257,1.10107712803352,0.942146935545291,1.10360770786787
"ENSG00000202449_st",0.855323011051576,1.07200311704127,1.03143649322647,0.797349414117202,1.17835140673184,1.05701634675296,1.01182710067581,1.2145902736085,1.05701634675296
"ENSG00000202479_st",0.857891945238911,1.07200311704127,1.18603374643743,1.06375809850573,0.994683531134963,1.2527605105304,1.01794196357914,1.07200311704127,1.52465621901875
"ENSG00000202479_x_st",0.939320058192721,1.0961685349782,1.13764655634918,1.14870846207455,0.950668057062392,0.935927351612277,1.01474042202439,0.816624998970286,1.06408321797115
"ENSG00000202482_st",1.35758673373794,1.05590594278958,1.42816034381262,1.03143649322647,0.868927443502785,0.892364536777235,1.12670093023294,0.868927443502785,0.982342604411541
"ENSG00000202482_x_st",0.747471524396142,0.994871265608392,1.21800887228168,0.970401816045284,0.970401816045284,0.970401816045284,1.23460270230444,0.913072924553037,0.970401816045284
"ENSG00000202498_st",5.51122771969091,6.95426500346171,7.13056122777267,7.22253768998328,7.22746767618912,7.467221508394,5.47802242345705,6.83275906818916,6.36990767565856
"ENSG00000202498_x_st",4.23413519977141,5.94547635595097,5.9475343288407,5.70821617576214,6.23649032086447,6.13720921660382,5.1935569577359,5.23742989917575,5.20628686078326
"ENSG00000202517_st",1.18558291119334,1.53288407737129,1.03143649322647,0.907019448126434,1.07200311704127,0.792413114195854,1.03143649322647,0.65633901748622,1.03143649322647
"ENSG00000202517_x_st",1.07200311704127,1.15364858632193,0.893916708695839,1.23117919436884,1.07200311704127,1.18631241615048,1.07200311704127,1.20472333104276,0.955148606152762
"ENSG00000202537_st",2.00115658829273,1.04179120734653,1.40332115903987,1.40332115903987,0.9085588817745,1.40332115903987,1.41140561278574,1.21712085344285,1.89600772979799
"ENSG00000202537_x_st",1.37227873745702,1.08372362945491,0.748131674829888,1.27337559390979,1.16515174240872,1.05701634675296,1.23922316506451,0.924793436966675,1.08372362945491
"ENSG00000206592_st",0.789541345175805,1.07200311704127,1.40332115903987,1.26442616437186,1.27828854058897,1.13221503995298,0.870309781339883,1.07200311704127,0.912218834952111
"ENSG00000206603_s_st",1.28131703770146,1.25387595145031,1.18931085804445,1.50266980560139,1.85514434891606,1.64156480026941,1.23922316506451,1.07200311704127,1.3918103980204
"ENSG00000206603_st",0.748974721361005,0.950668057062392,0.977375339764336,1.13243614290554,0.913072924553037,0.913072924553037,0.869239944108582,0.913072924553037,0.908982814099296
"ENSG00000206603_x_st",0.913072924553037,1.11476626025442,0.791592141730375,0.788655879453001,1.02738222366225,0.801455229772938,0.913072924553037,0.913072924553037,0.706680804482667
"ENSG00000206637_x_st",0.967839430210845,1.10055964421233,0.947125516950347,1.10055964421233,1.46880375736076,1.38827318071385,1.10055964421233,1.10055964421233,1.13815477672169
"ENSG00000206647_st",0.975126127711286,1.07200311704127,1.07200311704127,1.43564337846485,0.965096762684507,1.15695348061009,1.07200311704127,1.07200311704127,0.925929616405277
"ENSG00000206649_st",0.907904913849237,0.836358757953178,1.51053634012069,1.14870846207455,1.10959824955062,0.995288950441411,1.19247055335509,1.07200311704127,1.07200311704127
"ENSG00000206649_x_st",1.10866556343929,0.950668057062392,0.867209425993894,1.05814074082416,0.950668057062392,1.0561687190034,0.950668057062392,0.950668057062392,0.906835076617937
"ENSG00000206661_st",1.06030773611274,1.08074750613128,0.796955627417976,1.50789179373111,1.08551073542009,1.08551073542009,0.952172340456986,1.2145902736085,1.43086811541703
"ENSG00000206661_x_st",1.5390600642165,1.30404854148143,1.42298697166279,1.03143649322647,1.06903162573582,1.16497658503219,1.06299693285844,1.51915414787896,1.37339003033878
"ENSG00000206731_st",0.87003784746617,1.09758297056776,0.797934982233264,1.05701634675296,1.29266070584106,1.05701634675296,1.12822224803711,1.39260830137798,0.957159270688674
"ENSG00000206761_st",0.895487077748266,1.16477922886475,0.950668057062392,1.03143649322647,0.950668057062392,1.15695348061009,0.646309652459441,0.950668057062392,0.869239944108582
"ENSG00000206761_x_st",0.757223330354258,0.992731369360744,1.00799694855464,0.843080862296369,0.87842207025153,0.950668057062392,0.871027050073765,0.741354136402201,1.04087813471004
"ENSG00000206776_st",0.813508819604815,1.07733200933754,1.10055964421233,1.10055964421233,1.10055964421233,1.73688137933516,1.10055964421233,1.19518742148927,1.07385236151039
"ENSG00000206776_x_st",0.977375339764336,0.854703081705044,0.977375339764336,0.977375339764336,0.977375339764336,0.977375339764336,1.11711000810756,0.939780207254982,1.00897461245181
"ENSG00000206780_st",1.07200311704127,0.930986535230111,0.875245616752879,1.26442616437186,1.49794893631681,1.0929739029815,0.963867721385516,1.07200311704127,0.929415960474042
"ENSG00000206780_x_st",1.26038639458798,0.950668057062392,1.11102385219946,1.25784153167535,0.956086370605305,1.28131703770146,1.08130594453528,1.09316634656474,0.971831286585861
"ENSG00000206785_s_st",1.47820826677469,0.950668057062392,5.50217050503352,1.67509070646465,2.29516326631161,1.92895646447141,1.88718450706252,1.92813858140518,2.01834865905283
"ENSG00000206849_st",1.03672880668008,1.14265351684929,1.4632482395062,1.69413741598383,1.14265351684929,1.01642381764839,1.10055964421233,1.15657204736149,0.969142582934324
"ENSG00000206849_x_st",1.26593044776645,0.836358757953178,1.03143649322647,1.14870846207455,1.39858900654954,0.953630726801258,0.889991303172163,0.837987771131571,1.08560683694763
"ENSG00000206853_st",1.10866556343929,1.07200311704127,0.885802811444243,1.07200311704127,1.07200311704127,0.850004792308187,1.09871039974321,1.07200311704127,1.07200311704127
"ENSG00000206853_x_st",1.15845472890043,0.950668057062392,0.988263189571746,0.950668057062392,0.950668057062392,0.950668057062392,0.906835076617937,0.779029866460931,0.950668057062392
"ENSG00000206878_st",1.10729694402712,1.11510653557061,1.00256721396243,1.07200311704127,1.07200311704127,1.13872988113423,1.10729694402712,1.07200311704127,0.990575004087461
"ENSG00000206886_st",0.950668057062392,0.929134869776658,0.950668057062392,1.32034665267601,0.950668057062392,1.28547244312976,0.869239944108582,0.950668057062392,0.852414909114529
"ENSG00000206886_x_st",1.23922316506451,1.57256262378989,1.2006717430963,1.04174155060807,1.54939465967587,1.05701634675296,1.57065496405222,0.913072924553037,1.2006717430963
"ENSG00000206897_st",0.977375339764336,1.07946777571438,0.869239944108582,0.907461145101069,1.49070519563205,1.06475937635651,1.10830267381588,1.20880862390085,0.767381826894595
"ENSG00000206897_x_st",0.942842308807734,1.28562210666512,1.15695348061009,1.47071158791956,1.15695348061009,1.15695348061009,0.955260144908705,0.822149094542724,1.15695348061009
"ENSG00000206898_st",1.12209283149807,0.932455631255466,1.02384547761248,1.18548348580471,1.10055964421233,1.05684138172613,1.10055964421233,1.36863726618674,1.10055964421233
"ENSG00000206901_st",0.886347857477636,1.2006717430963,0.986661442100878,1.0421084584102,1.35854610791428,1.06558492667749,1.4774331400703,1.55878808558243,1.10866556343929
"ENSG00000206901_x_st",1.2145902736085,1.07200311704127,1.45344206075981,0.959197801547716,1.3200909355495,1.00030750992684,1.35969060137833,1.2145902736085,1.34761642929446
"ENSG00000206903_s_st",5.38801674638651,5.60895678104287,9.26453365420621,5.52505707487682,5.66457126547687,4.25714106642569,5.60895678104287,5.34017073175351,5.81883758127835
"ENSG00000206903_st",0.665468897908325,1.07200311704127,1.32188366151626,1.07200311704127,1.07200311704127,0.942780904131667,0.977375339764336,1.15203168521937,0.995283156379141
"ENSG00000206903_x_st",1.34784611606606,1.15235114516266,1.04348771146311,1.66160422337553,1.29001697101577,1.67849509670513,1.35969060137833,1.05351707648989,1.59784980209997
"ENSG00000206909_x_st",0.748974721361005,1.29602543705933,1.17792782721048,0.744896797238136,1.07200311704127,1.07200311704127,1.07200311704127,1.21807661767726,0.893000218472901
"ENSG00000206913_s_st",6.76879803531109,7.17927797431302,7.05977067259507,7.35699402012071,7.32024723717017,7.29227082247541,6.38627434045332,6.59610878066958,7.27242683152534
"ENSG00000206913_st",1.07200311704127,0.991234680877192,1.1189815830439,1.40079057920553,1.07200311704127,1.07200311704127,1.14112626802713,1.03862909723839,0.998439778663233
"ENSG00000206947_st",0.881954011547533,1.07200311704127,1.12956106778393,0.854512925296388,0.836358757953178,1.15343122999508,1.07200311704127,1.14871728364113,1.0199599209664
"ENSG00000206947_x_st",0.978109143313537,0.950668057062392,1.20103943496268,0.978109143313537,0.895839458859124,0.950668057062392,0.978109143313537,1.22194624190897,1.1922203151159
"ENSG00000206958_st",1.44046505429339,0.950668057062392,1.16815824880727,1.20820114744253,1.16815824880727,1.01016074243037,1.72109690874351,1.17276453514888,1.16815824880727
"ENSG00000206958_x_st",1.281986099061,0.950668057062392,0.950668057062392,0.994501037506847,1.02537406567301,1.02738801772452,0.7404619229008,0.860457979414741,0.950668057062392
"ENSG00000206961_st",0.932128501743033,1.2145902736085,1.01951253833521,1.2145902736085,1.2145902736085,1.34010726099212,0.910231869005548,1.2145902736085,1.05239372449061
"ENSG00000206976_st",0.977375339764336,0.763118445118194,1.09871039974321,1.23910817819722,0.85215576583436,0.966465064943574,0.894618147593251,1.34691804309973,0.977375339764336
"ENSG00000206977_st",1.05814377592841,1.03143649322647,1.1642652749188,1.03143649322647,0.993638937934208,1.02369506313953,0.950008380272661,1.61145844816723,1.03143649322647
"ENSG00000206977_x_st",0.889991303172163,1.18013851269702,0.992628468436435,1.26442616437186,0.844546558072004,0.896606903600258,0.977375339764336,1.07200311704127,0.867774192946803
"ENSG00000206987_s_st",1.10020080904362,0.872382198210186,1.16356923448596,1.39242572906735,1.04578643560248,1.28131703770146,1.1388924698987,1.20000268173677,0.950668057062392
"ENSG00000207002_st",2.23127304598002,1.83384143634095,1.98294929532275,1.93107391698692,2.83848853121503,2.45515815149655,2.53353171517341,2.24786128418879,2.54981263919824
"ENSG00000207002_x_st",1.28232658359384,1.72873041701531,1.14086344401227,1.39014704069106,1.44389399773486,1.44389399773486,1.24220066203347,2.11628317125051,1.44389399773486
"ENSG00000207022_st",1.14923218725409,1.07200311704127,1.07200311704127,1.07200311704127,0.950668057062392,1.07200311704127,1.01794196357914,0.999672402198181,1.07200311704127
"ENSG00000207027_st",1.00043001186264,0.987866452917889,1.44389399773486,1.16452821505468,0.837853051829244,1.00043001186264,1.00043001186264,0.816228262316429,1.27404202143797
"ENSG00000207027_x_st",0.856040279785458,0.950668057062392,0.897698927528089,0.843080862296369,0.950668057062392,1.31891217021081,0.979224584233456,0.913072924553037,0.950668057062392
"ENSG00000207062_s_st",1.13152175773121,1.66900190617948,4.22215285956089,1.83844775186929,1.5912240566009,1.68268715093672,1.68268715093672,1.61167301468724,1.88614483630719
"ENSG00000207084_st",0.913072924553037,0.677428565464945,1.11935834810074,0.913072924553037,0.913072924553037,0.885631838301892,1.03255631907846,0.923102289579816,0.913072924553037
"ENSG00000207084_x_st",0.711097193298139,1.07200311704127,0.806994028350517,0.967150259955697,1.15695348061009,0.99802328812186,1.36961054048162,0.99802328812186,0.99802328812186
"ENSG00000207094_x_st",0.816842106753486,0.950668057062392,1.48543836399954,1.23922316506451,1.09820658325335,1.23922316506451,1.23922316506451,1.23922316506451,1.38253498961409
"ENSG00000207098_st",2.83165675138746,2.27710853602498,2.40281258200864,2.5585731829412,1.82048753878116,1.98988605474946,2.49481876166565,2.89404844955793,2.49481876166565
"ENSG00000207098_x_st",1.28131703770146,1.71942102394182,1.25493086014556,1.45483208010896,1.10207996850161,1.28131703770146,1.66160422337553,1.28131703770146,1.01642600738414
"ENSG00000207100_st",0.922676202527542,1.07974454712821,0.73641116241625,0.776725970141772,0.514989192225631,0.63647402855912,0.869239944108582,0.636817600352873,0.780129424902457
"ENSG00000207100_x_st",0.950668057062392,0.65646369871765,1.08195828073735,0.769254183584541,1.15343122999508,0.913197605784467,0.962016055932063,0.950668057062392,0.950668057062392
"ENSG00000207109_st",0.977375339764336,0.856040279785458,0.808140089894506,1.2568438577303,0.977375339764336,0.944494153608932,0.977375339764336,0.977375339764336,0.977375339764336
"ENSG00000207109_x_st",1.21301969885243,1.07200311704127,1.08403586059952,1.2582034226383,1.07200311704127,1.07200311704127,1.07200311704127,0.987052753472448,1.07200311704127
"ENSG00000207118_st",5.18512103148506,5.43721698852195,5.16277032486945,5.5445128475187,5.3751701369788,5.3751701369788,5.01903775257735,5.30844337288584,5.70308867567085
"ENSG00000207118_x_st",4.67796841524235,4.84206661843439,4.75711625486556,4.89612777189652,5.00099681092262,4.96758360581801,4.81287756797186,4.59528419634856,5.14491524409461
"ENSG00000207119_st",0.988418751551349,1.51941649635512,1.23926480963921,0.999742752069251,1.07200311704127,1.15436319691114,1.07293508395733,1.19333817702015,1.15436319691114
"ENSG00000207130_s_st",5.66115813002678,6.26559784640208,9.29266832906085,5.81947504920008,6.03978681250378,5.4994677474506,6.20880025437296,5.67377388599762,6.36427906729191
"ENSG00000207130_st",0.857891945238911,0.655538070873138,0.721666403455307,1.28163469267325,0.792259884845211,0.843151239788797,0.886448472409976,0.857891945238911,0.971221090070519
"ENSG00000207130_x_st",0.774433314170414,0.824842141325073,0.893916708695839,0.893916708695839,0.893916708695839,1.05701634675296,0.80381519873903,1.14599882582681,0.869239944108582
"ENSG00000207147_st",1.20529560830213,0.86697077911211,1.28626001168741,0.829375646602755,1.07200311704127,1.06426168695433,1.23922316506451,1.07200311704127,0.918568989779282
"ENSG00000207171_st",0.842905174950605,1.55830476046461,0.942707047643749,1.05701634675296,1.14196671032179,1.05701634675296,0.977375339764336,1.54682479115998,0.972065983184141
"ENSG00000207171_x_st",0.857891945238911,0.857746222395128,1.19488091249867,1.15277155320535,0.836358757953178,1.07200311704127,1.18362081182137,1.07200311704127,1.38472503456966
"ENSG00000207177_st",1.06359176713687,1.45067542913021,1.42554499416651,0.817553421905003,1.41538885115786,1.08636244398709,0.896313338493349,1.19631198113836,1.2006717430963
"ENSG00000207187_s_st",4.34782048085361,4.69049430919109,5.55474305417599,4.81562347149841,5.08734610850457,4.53359769188066,4.05226546339966,4.39974554980806,4.53359769188066
"ENSG00000207199_st",1.07453369687562,1.20320232293065,1.37847539481274,1.22432897684587,0.784890128687262,0.93351711506446,0.98443218691881,1.07200311704127,1.07453369687562
"ENSG00000207199_x_st",0.836358757953178,0.836358757953178,0.836358757953178,0.836358757953178,0.836358757953178,0.814825570667444,0.921717557119064,0.893161029947999,0.893161029947999
"ENSG00000207215_st",0.97492548480046,1.03143649322647,0.84481932964775,1.03143649322647,1.03143649322647,1.21846386614746,1.03143649322647,1.07526947367093,1.29602543705933
"ENSG00000207217_st",1.67964104026474,1.22060719751161,2.61719325226643,1.34826344797597,1.23783317492168,1.79327521573292,1.47093570603526,1.54939465967587,1.64016624440332
"ENSG00000207217_x_st",1.35337471206964,1.68042163242576,2.18695602003567,1.65061427712844,1.79410380830621,1.40332115903987,1.63797930627309,1.79157322847186,1.70571571440869
"ENSG00000207244_st",1.11141839785644,0.849702597553238,1.00317443450985,0.942775744198084,0.720649877222451,1.28131703770146,0.896534752974266,0.913072924553037,0.893681855383155
"ENSG00000207244_x_st",0.857891945238911,1.04525181885895,1.49790492083643,1.27776711476947,1.16725594019736,0.728669732329309,0.998298596803502,0.82122949884089,0.842488645926259
"ENSG00000207249_st",1.43616283178906,1.29602543705933,0.936562365221131,1.0229759215319,1.06057105404125,0.836358757953178,0.863799844204323,0.977128989035931,0.911927139692339
"ENSG00000207249_x_st",0.950668057062392,1.2185233575249,0.783389628418875,1.26442616437186,1.07945140107567,0.900183857059745,0.820542850071118,0.994501037506847,0.950668057062392
"ENSG00000207274_x_st",0.548103241298856,0.836358757953178,0.552176424417386,0.836358757953178,0.953901354161132,0.836358757953178,0.869239944108582,0.81172586649717,0.950668057062392
"ENSG00000207299_st",1.17362801207759,0.968595674148431,0.959371117431449,0.8090197998722,1.28131703770146,1.17362801207759,0.909148258503763,1.33256349794495,1.29496307205647
"ENSG00000207344_s_st",1.09168463887355,0.950668057062392,1.09168463887355,1.09168463887355,0.985336349182979,1.52316149634128,1.09168463887355,1.18631241615048,0.9563698063475
"ENSG00000207407_st",1.07200311704127,1.07200311704127,0.783389628418875,1.3158402156367,1.07200311704127,1.11409698967822,1.07200311704127,1.00770070182997,1.07200311704127
"ENSG00000207410_x_st",1.26295933782,1.26875347875671,1.38608217984766,0.898364525195171,1.08177497946991,1.28131703770146,1.28131703770146,1.38608217984766,1.28131703770146
"ENSG00000207419_st",0.736666611694666,1.28371732739299,0.945385708265717,1.16880071978995,1.05969500737493,1.08803228362587,0.852188581665134,1.05969500737493,0.862852657595178
"ENSG00000207430_s_st",1.07189246461684,0.962091298495831,1.15931291636305,1.14870846207455,0.847781999386617,1.28131703770146,1.06378654538989,0.886521321611305,0.962325469127314
"ENSG00000207432_s_st",1.10055964421233,1.10055964421233,0.997368804806601,1.28337411021247,1.15227465561975,1.18551000778116,1.10055964421233,0.807586393631996,0.979224584233456
"ENSG00000207444_st",0.748974721361005,1.05701634675296,1.08372362945491,1.03254689718986,1.05701634675296,1.04202957646466,1.2242363947762,1.2145902736085,1.05701634675296
"ENSG00000207444_x_st",0.990301994765859,0.811457627424327,0.990301994765859,0.913072924553037,1.10959824955062,0.906688799232475,0.819304762640301,1.01775621067018,0.950668057062392
"ENSG00000207502_st",0.807489478689139,0.876925381767978,1.35389968877247,1.07200311704127,0.950668057062392,1.28131703770146,0.860420824261799,1.07200311704127,1.11256974085607
"ENSG00000207502_x_st",1.10866556343929,1.07200311704127,1.07200311704127,1.11310309486847,1.1666308943182,1.25473906407528,0.707133814318699,0.750966794763154,1.1666308943182
"ENSG00000207503_st",0.977375339764336,1.06747684972115,1.30844102706923,0.937370694568436,1.29743209875656,1.06747684972115,1.06747684972115,1.25718090801869,1.06747684972115
"ENSG00000207516_st",1.03293774151681,1.07200311704127,1.07222181097963,0.886913842740825,0.72773776541325,0.950668057062392,0.894274220664634,1.41986586627797,1.12897315934619
"ENSG00000207516_x_st",1.30869338176294,0.977375339764336,0.874710270862773,0.776244128064441,0.950668057062392,1.16707939806188,0.977375339764336,0.977375339764336,0.900655379102208
"ENSG00000208308_x_st",1.8528579957654,2.15418177205924,2.26472504262557,2.14788332657563,1.52965395469501,1.90114591293621,1.80922743810386,1.77278585083538,2.42856773760039
"ENSG00000212134_x_st",0.977375339764336,1.38382552347833,1.2145902736085,1.70293280855363,1.2145902736085,1.2145902736085,1.35969060137833,1.2145902736085,1.13382183744442
"ENSG00000212144_st",1.05251942078767,1.03143649322647,1.03143649322647,1.03143649322647,1.07200311704127,0.973878542483809,0.975042656828712,1.08907328622488,0.800367608568844
"ENSG00000212145_st",1.29657079728022,1.3070834125631,0.925282675230469,1.07200311704127,1.07200311704127,1.34100180676896,1.01560928064351,1.01467422554902,1.07200311704127
"ENSG00000212148_st",1.22112362023618,1.39047419892231,1.19845611902889,1.26442616437186,1.68133678310544,1.16609645310775,1.19867658971428,1.02554421263665,1.08444940243672
"ENSG00000212148_x_st",0.752657942150012,1.07200311704127,1.40236667625288,1.10084932719742,1.25977951968565,0.999458396010302,0.877779277553111,1.05701634675296,1.11376769511952
"ENSG00000212149_x_st",1.23922316506451,1.29602543705933,1.34300390306195,1.26212705835335,1.29602543705933,1.61663062139604,1.10055964421233,1.31101220734763,1.4107311388237
"ENSG00000212161_st",0.842966393259569,0.950668057062392,0.753025481845555,0.963231616007147,1.05061565259932,0.963231616007147,0.963231616007147,1.2920190781714,0.963231616007147
"ENSG00000212161_x_st",1.29688733931997,1.78052284973992,1.03143649322647,1.05619317286685,1.17298760995824,1.05051966089019,1.45337123187052,1.45687937046817,0.759638797291049
"ENSG00000212165_st",1.43931454407836,1.04406553393136,1.40455975741801,0.992102252909615,1.28131703770146,1.37254039900982,1.19988892474765,1.1096788471,0.997239508804077
"ENSG00000212165_x_st",1.07200311704127,1.07200311704127,1.19333817702015,1.03453266576335,0.91400561066437,1.46931780036031,1.41292396396256,1.13788492857522,1.07200311704127
"ENSG00000212168_st",0.668364768183896,1.03005206427909,0.972723172786847,1.40079057920553,0.972723172786847,0.972723172786847,0.912515800582467,0.972723172786847,0.972723172786847
"ENSG00000212168_x_st",1.15695348061009,1.2006717430963,0.939216938136805,1.09319926628853,1.15695348061009,1.07618504444601,1.15695348061009,1.00834940013975,1.15695348061009
"ENSG00000212175_st",0.773733354077954,1.06065944890167,0.979891012737596,1.30449654749711,0.960711853364747,1.28131703770146,0.927939234900185,1.07200311704127,1.09354063505708
"ENSG00000212175_x_st",1.19528294131351,0.950668057062392,1.20853889773934,1.52389389482422,1.29095058317595,1.04458290474617,0.905777382911802,1.28991071859045,1.16857565861157
"ENSG00000212181_st",0.857891945238911,0.921836850758339,1.22638194322668,1.01706802256649,1.13461061877444,0.746274250458813,1.34321826307795,0.947632119487647,1.05093189929248
"ENSG00000212181_x_st",1.281986099061,0.964507499695561,1.3899104429248,0.907628769908685,1.15343122999508,1.45619274482262,1.15343122999508,1.04122166629542,0.950668057062392
"ENSG00000212182_st",1.13152967798464,1.44389399773486,1.02761118577297,1.06722726277334,1.22615745526157,1.13152967798464,1.31373649629618,0.921323543823047,1.61114350063414
"ENSG00000212187_st",1.07200311704127,1.29602543705933,1.55421941308839,0.870871905341374,1.07200311704127,1.07200311704127,0.977375339764336,0.968703337236441,1.07200311704127
"ENSG00000212191_st",0.87003784746617,1.14448229830327,1.47535026629545,1.0303384985385,0.867829448814819,1.05701634675296,0.964706438144803,0.976944201822934,1.11381861874778
"ENSG00000212195_st",1.2006717430963,1.2006717430963,1.09800667419474,0.936557174498305,1.2006717430963,1.85501818077517,0.819780522567194,1.0093667922521,1.2006717430963
"ENSG00000212206_st",1.00627332956508,1.36853036696161,0.759638797291049,0.921116987647768,0.921116987647768,0.921116987647768,0.879023115010814,0.941970914353784,0.953998173803173
"ENSG00000212206_x_st",0.965315226124189,1.32200680307518,1.406957166644,1.00464770023701,0.994386319548599,1.06382222262744,1.27008132714821,0.976649423078243,1.2006717430963
"ENSG00000212211_st",0.977375339764336,1.29602543705933,1.59362756712055,1.40079057920553,1.52375166506936,1.24185509333816,1.26856237604011,1.0702169027367,1.13708995119197
"ENSG00000212214_st",0.950668057062392,0.837481625410787,0.709703879714305,1.37408329650358,0.817839275370059,0.950668057062392,1.24101980609791,1.15343122999508,0.732931514589104
"ENSG00000212214_x_st",1.08921164534266,1.24434022019372,1.1593793949451,1.14439262465679,1.35370654531698,1.14439262465679,1.10055964421233,1.14439262465679,0.847847129880466
"ENSG00000212224_st",0.827147342001925,0.736411162416249,0.736411162416249,0.78955220949257,0.650485579865137,0.827147342001925,0.977038929151868,0.827147342001925,0.864742474511279
"ENSG00000212224_x_st",0.748974721361005,0.950668057062392,0.923473839864758,0.950668057062392,0.953198636896741,0.953198636896741,0.989219479030597,0.950668057062392,0.950668057062392
"ENSG00000212228_st",1.10866556343929,1.07200311704127,1.57676244076752,1.04278375190534,1.28030375404075,0.950668057062392,0.905902390506604,1.10866556343929,1.33410021963779
"ENSG00000212229_st",1.28630919484377,1.17033148789449,0.981600602463113,1.03143649322647,1.15585353832651,1.17033148789449,1.35781820755379,1.17033148789449,1.50960559817573
"ENSG00000212249_st",1.0404038443538,1.0404038443538,1.0404038443538,0.973904588834732,1.21305531861597,1.32537233965781,0.838710508652412,1.09558482366792,1.07200311704127
"ENSG00000212249_x_st",1.05701634675296,1.05701634675296,1.16939932932092,1.32881404268838,1.07200311704127,1.02413516059756,1.04635227082292,0.89808615426473,1.07200311704127
"ENSG00000212264_st",1.4748675241526,1.12933200853352,1.07200311704127,1.04113008887511,1.07200311704127,0.964314091417401,1.23922316506451,1.07200311704127,1.07200311704127
"ENSG00000212264_x_st",0.96110786656111,1.68021933115994,0.893916708695839,1.37495324464882,1.10794244314227,1.31422786668997,1.10794244314227,1.32511735388546,1.10794244314227
"ENSG00000212266_st",0.981901607084461,1.57329153075292,0.981901607084461,1.04753366747816,1.07200311704127,1.07200311704127,0.977375339764337,1.07200311704127,0.998439778663233
"ENSG00000212270_st",1.40332115903987,1.17875346821125,0.864158064582953,1.03143649322647,0.918021332317715,1.03968151176201,1.13092225894008,0.918021332317715,1.03143649322647
"ENSG00000212273_x_st",1.50413304907704,2.12100147388738,1.55931402839117,1.37228665547018,1.59690916090052,1.55931402839117,1.23922316506451,1.55931402839117,1.55931402839117
"ENSG00000212277_st",1.07200311704127,1.07200311704127,1.44389399773486,1.01959690158937,1.04877548216647,1.05046992975554,1.31467081601469,1.09139418621115,1.07200311704127
"ENSG00000212277_x_st",0.829743157525083,0.817179598580328,1.03143649322647,0.967134078015171,1.603455813138,1.05065950112331,1.13292918557773,0.65633901748622,1.03143649322647
"ENSG00000212278_st",1.23922316506451,1.23922316506451,1.23922316506451,1.23922316506451,1.23922316506451,1.09556776872117,1.06787680664843,1.46530127758743,1.22884777392828
"ENSG00000212279_st",0.977375339764336,1.29602543705933,0.950668057062392,0.950668057062392,1.55656532223505,0.950668057062392,0.950668057062392,0.853791067732408,0.790312261925319
"ENSG00000212284_st",1.06051674557708,1.43236406860632,1.08402147263356,1.10055964421233,1.08585124485447,1.10055964421233,1.10055964421233,1.10055964421233,1.10055964421233
"ENSG00000212284_x_st",0.977375339764336,1.0082483679305,0.955279238396196,1.03143649322647,0.977375339764336,0.95707035073264,0.977375339764336,1.03501213276274,0.853032148079295
"ENSG00000212293_st",1.88502570930313,1.63297753189263,1.35160614763246,1.74601728548121,2.34601343361532,1.72217041755781,1.80977149980278,2.07317975272117,1.99114720829352
"ENSG00000212295_st",1.14574579233568,0.950668057062392,1.35616439244738,1.22245113736896,1.26708085231456,0.836358757953178,1.40515374435677,1.14574579233568,1.17568394083099
"ENSG00000212295_x_st",0.857891945238911,0.856822108007611,1.18454928805686,1.30976886198684,0.978263864509158,1.06254516671845,0.869239944108582,1.09949222796537,0.978157167986489
"ENSG00000212300_st",1.15331747300597,1.08811562366237,0.864093303644316,0.940798648677597,1.10803331232968,1.01657264621744,1.03131335166755,1.09843954530733,0.950668057062392
"ENSG00000212302_st",0.977375339764336,0.965036205574787,1.07093327980997,0.913072924553037,0.950668057062392,0.829332997083513,0.756312622469159,0.950668057062392,0.950668057062392
"ENSG00000212302_x_st",1.27129911043463,1.2006717430963,1.2006717430963,1.16448903051473,1.10870757619603,1.05701634675296,1.2006717430963,1.30617240503731,1.25576133664328
"ENSG00000212309_st",0.78903592030191,1.3153589285352,0.989463862679957,1.05122486077929,1.17926180940268,1.05120613864727,0.841422998625699,0.911054878831271,1.00314381238353
"ENSG00000212309_x_st",1.98713074107382,1.57329153075292,2.12001502795812,1.74316506933335,1.92201444733248,1.92201444733248,1.91135037140244,2.06501146051228,1.92201444733248
"ENSG00000212321_st",0.663741962238671,1.15343122999508,0.882193114935804,0.950668057062392,0.917786870906987,0.958913075597933,0.977375339764336,0.860457979414741,1.11662862551873
"ENSG00000212338_st",1.23922316506451,1.24101910481795,1.03143649322647,1.44951298868194,1.3904654532831,1.3483148267985,1.59601631712857,1.22571516114955,1.3483148267985
"ENSG00000212338_x_st",1.3725877799854,1.2145902736085,1.2145902736085,0.911410439956222,1.2145902736085,1.2145902736085,0.975164654277789,1.50671528937473,1.09325521362962
"ENSG00000212342_st",0.857891945238911,1.09432345340573,0.893031264063986,0.913072924553037,1.07200311704127,0.950668057062392,0.975300948518399,0.950668057062392,0.950668057062392
"ENSG00000212342_x_st",1.18269629222772,1.29602543705933,1.41702106206439,1.29602543705933,1.40332115903987,1.06038107797123,1.25219245661487,1.39065321433626,1.2827431506596
"ENSG00000212347_x_st",1.23922316506451,1.16251782003123,1.63990936266582,1.23922316506451,1.07327871970472,1.53387876066509,1.23922316506451,1.30510497659845,0.707672529967563
"ENSG00000212363_st",0.998583611194542,0.790893733361395,0.76089026127581,1.40079057920553,1.23467276046631,1.05509461962055,1.05509461962055,1.05509461962055,1.09881288210676
"ENSG00000212363_x_st",1.14049048618752,0.876785339894946,0.779390592581284,1.24085324863279,1.15343122999508,1.05169812800957,1.07200311704127,1.07200311704127,0.962402509545242
"ENSG00000212367_st",0.910818105699847,0.989733432586857,0.977375339764336,1.31915002972798,1.15695348061009,1.44477371363427,1.15695348061009,1.04353831970134,1.15695348061009
"ENSG00000212371_st",1.14626069594865,1.2006717430963,0.950668057062392,0.558265077202881,0.950668057062392,0.923960774360447,0.906835076617937,1.25218540611785,0.923960774360447
"ENSG00000212377_st",1.01530990724751,0.981880520202371,1.52854073296985,0.951007492036208,0.836358757953178,0.764390328457488,0.951007492036208,0.694273584969391,1.06531679114542
"ENSG00000212378_s_st",11.1084962457076,11.3897126795004,11.3074709120158,11.4286830539189,11.307431009354,11.2325823928184,10.7975262606096,11.0737461170559,11.2767983616104
"ENSG00000212378_st",1.00409654557804,0.956623980700755,0.856676385163827,0.832206935600719,0.92563378050634,0.854531544750716,0.869239944108582,1.10488430319667,0.823393011612616
"ENSG00000212378_x_st",1.23922316506451,1.16253135333464,1.13108776940875,1.13108776940875,1.07352981866609,1.09820658325335,1.19539018462005,1.05438242437547,1.17077067190285
"ENSG00000212380_st",1.06232570333316,1.15695348061009,0.922293109854992,1.47071158791956,1.15695348061009,0.862749122265351,1.44550858861221,1.13155812925085,0.906949794576184
"ENSG00000212380_x_st",1.07200311704127,1.2006717430963,1.21089811170929,1.03440798453192,0.930986535230111,1.00610940726672,0.977375339764336,1.30921805088543,0.963867721385516
"ENSG00000212383_st",0.969338048139706,1.27219280108673,1.21807661767726,1.07200311704127,1.07200311704127,0.905158344110926,1.06197375201449,1.2361013202333,1.07200311704127
"ENSG00000212383_x_st",1.01382962401844,1.1353091231658,0.836358757953178,1.07200311704127,1.07200311704127,0.91400561066437,1.39815335755274,1.17792782721048,1.10488430319667
"ENSG00000212391_st",0.977375339764336,0.950668057062392,0.950668057062392,0.913072924553037,0.7404619229008,0.950668057062392,0.863284020470219,1.10410218432438,1.48705469683067
"ENSG00000212395_st",1.17132564586218,1.25482665629368,1.34397712012435,1.17132564586218,0.976247910588885,1.05701634675296,1.11726449240004,1.26595342313911,1.28599410166668
"ENSG00000212395_x_st",1.2006717430963,1.29267792275331,1.23088571047473,1.2006717430963,0.963233083567872,1.62661756237184,1.19256582386934,1.2006717430963,1.2006717430963
"ENSG00000212397_st",1.10866556343929,1.64345030015431,1.46536389180888,2.04104718960311,1.48234912691086,1.53209065590184,1.02426478735454,1.54939465967587,1.45144536129668
"ENSG00000212411_st",0.739853669393314,1.10130494851217,0.936154008941216,0.805485729787015,0.821844709832002,0.712412583142169,1.19696132837251,0.779029866460931,0.936154008941216
"ENSG00000212411_x_st",0.640390306318013,1.45361989739468,0.936317722405378,1.07779253527313,0.982125276272157,1.40332115903987,1.10866556343929,1.23419493029665,1.22297486254851
"ENSG00000212414_st",1.14386947110148,1.2006717430963,1.2006717430963,1.2006717430963,1.2006717430963,1.07933668311742,1.22922827026737,1.2006717430963,1.2006717430963
"ENSG00000212414_x_st",1.40332115903987,1.07200311704127,1.35160614763246,1.37678682272639,1.08176149191617,1.18170908745309,0.894782992629373,1.2145902736085,1.37868826758387
"ENSG00000212415_st",1.0890329860351,1.06232570333316,0.81232201729925,1.06232570333316,1.15695348061009,1.15695348061009,0.859562530400471,1.0247305708238,1.06232570333316
"ENSG00000212415_x_st",1.04275087802355,0.801786700675461,1.47093971784843,0.92918289444961,0.956623980700755,1.18357245539227,0.869239944108582,0.954093400866406,0.789403932677519
"ENSG00000212421_st",1.07200311704127,0.978088269357492,1.07453369687562,1.07200311704127,1.07453369687562,1.04103405207953,1.02817013659681,1.07200311704127,1.07200311704127
"ENSG00000212422_st",1.05460440997716,0.836358757953178,0.977375339764336,0.977375339764336,1.0441021038573,0.977375339764336,0.689661803262826,1.0968488812684,0.977375339764336
"ENSG00000212428_st",1.23528403766967,1.07200311704127,1.40365449024102,1.07275368387252,1.35465025560372,0.876777264113629,1.35846834211767,1.03743201983955,1.07528426370687
"ENSG00000212428_x_st",0.954682918491748,1.07621033052251,1.07200311704127,1.2686333778531,1.14341380392312,1.04745903031523,0.869239944108582,0.875820839713768,0.759638797291049
"ENSG00000212432_s_st",2.02700327472627,1.00668005845055,0.674880567596458,1.26442616437186,0.937244155371716,1.11648122457157,0.702321653847604,0.937244155371716,0.96443837256935
"ENSG00000212434_st",0.977375339764336,1.50317721961366,0.863195927754276,1.03887296697021,1.16780258836895,1.39033921806705,0.888496790206893,1.19903426722284,1.0746910755378
"ENSG00000212440_s_st",1.75362697474554,1.18631241615048,1.14574579233568,1.51509987831474,0.950668057062392,1.18631241615048,1.21486894332155,1.18631241615048,1.03642082900054
"ENSG00000212445_st",1.24525994251455,1.40863848829329,1.00583432318384,0.913072924553037,0.935306110008795,1.1415915335565,0.977375339764336,1.0014745612259,1.20211527726773
"ENSG00000212455_st",0.800552444786903,1.20366225093433,1.35160614763246,0.817390420075947,0.981901607084461,1.16113867628431,1.10795490940362,1.40759507166629,1.07200311704127
"ENSG00000212455_x_st",1.23922316506451,1.45333433686686,0.742118925321125,1.23922316506451,1.28131703770146,1.16335088780274,1.23922316506451,1.23922316506451,1.15932890709476
"ENSG00000212458_st",1.10866556343929,1.08195828073735,1.10866556343929,1.28131088120121,0.950668057062392,1.28868530390625,0.777599876134396,0.800206281329837,1.1813895819257
"ENSG00000212458_x_st",1.03143649322647,1.03143649322647,1.07041269285065,1.03143649322647,0.917127194117256,1.22114055152401,1.23922316506451,0.726417549959133,0.836392372025771
"ENSG00000212461_st",1.22725588423933,1.28131703770146,1.28131703770146,1.28131703770146,1.26660863834359,1.54939465967587,1.28131703770146,1.29967473758292,1.28131703770146
"ENSG00000212461_x_st",1.17778871442516,1.10055964421233,1.10055964421233,1.10055964421233,1.19518742148927,1.10055964421233,1.10055964421233,1.2200331857164,1.15736191620716
"ENSG00000212479_st",1.61522981843162,1.64749551441013,0.950668057062392,1.03143649322647,1.10210107863336,1.7414103620939,1.35338199313146,1.60586694512203,1.32470923379769
"ENSG00000212490_st",1.16980683161985,1.37091105436814,1.16980683161985,1.16980683161985,1.16980683161985,0.947808506886771,1.16980683161985,0.913072924553037,1.32873702410809
"ENSG00000212490_x_st",0.848002988160828,1.2469159051559,0.869239944108582,1.20307468382793,1.06864985913182,0.618868566208295,1.24574197148771,0.980723202162318,1.11236812161803
"ENSG00000212502_st",0.977375339764336,1.00127221084139,0.892617110069746,1.49775181554843,0.977375339764336,0.95707035073264,0.977375339764336,0.767169205602744,0.977375339764336
"ENSG00000212502_x_st",0.984610258882518,1.14218798157073,1.23610282925451,1.14870846207455,0.93712616929508,1.18630359458391,1.39137616104797,1.14870846207455,0.803358132574635
"ENSG00000212511_st",0.972201244348125,0.950668057062392,0.997132400848261,0.989787091152897,1.09410898775521,1.21611310909363,1.21486894332155,1.21358252925928,0.942431860093429
"ENSG00000212517_st",1.40332115903987,1.19097626913893,0.933657077278129,1.04112976103989,0.977375339764336,0.977375339764336,0.977375339764336,0.939780207254982,0.977375339764336
"ENSG00000212517_x_st",1.14323219883616,0.947639559949902,1.31588367309833,0.947639559949902,0.947639559949902,1.15695348061009,0.853011782672969,0.822191655482901,0.870919599287773
"ENSG00000212528_st",0.977375339764336,0.977375339764336,0.93152840726837,0.977375339764336,0.863066040655122,1.30869338176294,1.08551073542009,0.977375339764336,0.977375339764336
"ENSG00000212529_st",1.02511199326215,1.11774238224184,1.28131703770146,1.9710141630311,1.8130504762791,1.21768997777877,1.23922316506451,1.07200311704127,1.23922316506451
"ENSG00000212532_st",1.22220493038203,1.2006717430963,1.16752095013449,1.1482655276444,1.17913855581057,1.12395757649644,1.35969060137833,1.25585272241043,1.2006717430963
"ENSG00000212532_x_st",0.977375339764336,0.950668057062392,1.98181697409604,1.03059181014813,1.48705469683067,1.29602543705933,1.47049186916844,1.02824565521608,1.29602543705933
"ENSG00000212533_s_st",1.5310369597944,2.15366043348493,1.58509811325654,1.65068380660659,1.45432279319454,1.31354676804952,1.46025992487561,1.85644621776984,1.5310369597944
"ENSG00000212538_st",1.17120237936536,1.29602543705933,1.21949029653617,1.13063575555057,1.07200311704127,1.50252042136397,1.17120237936536,0.755538279810315,1.17120237936536
"ENSG00000212539_st",1.23922316506451,1.23922316506451,1.23922316506451,1.23922316506451,1.51858915696135,1.23922316506451,1.21814023750331,1.33385094234144,1.37811815973252
"ENSG00000212551_st",1.09638994365909,0.945488189616024,0.895538156396244,0.785912315339793,1.26278631197442,1.05701634675296,1.07175705220308,1.07175705220308,1.10773794252876
"ENSG00000212553_st",1.07200311704127,0.950668057062392,1.10510152237285,1.22776371797383,0.799696311555156,1.09036081692273,1.19518742148927,1.07200311704127,1.03534067064325
"ENSG00000212553_x_st",1.28131703770146,1.29602543705933,1.13608528148825,1.38330897675664,1.25808940282666,1.28131703770146,1.41187463932667,1.2145902736085,1.28131703770146
"ENSG00000212558_st",1.07200311704127,1.05046992975554,1.1719402508984,1.03143649322647,0.965654827350699,1.2159465392412,0.884226714396889,1.07200311704127,1.32200680307518
"ENSG00000212558_x_st",0.929051670453145,1.23922316506451,1.36474015244813,1.23922316506451,1.23922316506451,1.23922316506451,1.23922316506451,1.77077380016145,1.23922316506451
"ENSG00000212565_st",1.26442616437186,1.23154497821645,0.890130756040781,1.26442616437186,1.26442616437186,1.56146840306866,1.26442616437186,1.07200311704127,1.26442616437186
"ENSG00000212567_st",0.857891945238911,1.0854509867689,1.24185509333816,1.19875167480883,1.0448704445257,0.904200457916212,1.17560600802387,1.07200311704127,1.04785585425955
"ENSG00000212579_x_st",1.5310369597944,1.57475522228061,1.5310369597944,1.50995403223321,1.5310369597944,1.67498038199433,1.47464312339664,1.50469826849657,1.69628856968395
"ENSG00000212580_st",0.977375339764336,1.36032785227063,1.42970612393808,0.900146269551515,0.900661173164477,0.836358757953178,0.977375339764336,0.8867188920848,0.822503933212538
"ENSG00000212581_st",0.977375339764336,0.73641116241625,0.950668057062392,1.03255631907846,0.721322273106778,0.977375339764336,0.977375339764336,1.03255631907846,0.926917225934566
"ENSG00000212586_st",0.786569853870359,1.1301358904254,0.563205264065062,1.12732981919918,0.934906771868593,0.950668057062392,0.977375339764336,0.893476208227122,0.950668057062392
"ENSG00000212586_x_st",1.21494640211046,1.09856268686625,1.32440974380681,1.03143649322647,0.946486129657648,1.03143649322647,0.979367315813052,1.03143649322647,0.869239944108582
"ENSG00000212587_st",0.977375339764337,1.44389399773486,1.61242571102257,1.10354134637293,1.14113647888229,1.02682717977307,0.739901084949352,0.728443870632683,0.950107219110944
"ENSG00000212589_st",1.21301969885243,0.952101937760065,0.531359754399096,1.07200311704127,1.07200311704127,1.05701634675296,1.20210927219398,1.12876369989685,1.2006717430963
"ENSG00000212589_x_st",1.09531708005874,0.972046699937763,1.18184865785756,1.14046344353901,1.14870846207455,1.17805857604836,1.35969060137833,1.63821571402535,0.94242303852685
"ENSG00000212590_st",0.895487077748266,1.09853661773793,0.935959657704525,0.950668057062392,0.935959657704525,1.05701634675296,0.869239944108582,0.950668057062392,0.950668057062392
"ENSG00000212590_x_st",0.857891945238911,0.952519722515845,0.871091609562036,0.977722721823195,1.25528123734338,0.952519722515845,0.90868674207139,0.952519722515845,0.875799761853716
"ENSG00000212593_st",1.07200311704127,1.07200311704127,1.3230496204614,1.15277155320535,0.969338048139706,1.07200311704127,1.07200311704127,1.33592533358738,1.07200311704127
"ENSG00000212593_x_st",1.21960840695593,1.3273025918109,1.52854073296985,1.11147301130018,1.10328027179284,0.867635912704747,1.23922316506451,0.870594099573317,1.11147301130018
"ENSG00000212594_st",1.06664576401167,0.857594910417545,0.911206112699096,0.805485729787015,0.950668057062392,1.13844445970677,0.885035996668691,0.950668057062392,1.15236139276378
"ENSG00000212598_st",1.86168594043347,1.28131703770146,1.28131703770146,1.31350270393428,1.07503161415376,1.25065335814597,1.07962370200007,1.62666736720138,1.28131703770146
"ENSG00000212604_st",1.95268641488949,1.95269486785374,1.39236972485031,1.17487953310543,1.88419904574323,1.49175786667746,1.4353640302797,1.54939465967587,1.65089057039366
"ENSG00000212604_x_st",1.23437101927193,0.877764450494461,1.28131703770146,1.37189884813362,1.15695348061009,1.26442616437186,1.73797242186536,1.26442616437186,1.26442616437186
"ENSG00000212608_st",1.01682213772714,0.876925381767978,1.25202285750823,0.981488414051315,1.10959824955062,1.20872487262207,1.07200311704127,1.07200311704127,1.07200311704127
"ENSG00000212608_x_st",0.79280770180546,0.795530328345083,0.913072924553037,0.913072924553037,0.952534868916333,0.805383898929168,0.913072924553037,1.05945254489119,1.20253855495024
"ENSG00000212610_st",0.910435702900251,1.07200311704127,1.22842754034206,1.26442616437186,0.939174335348937,1.61879801806248,1.07200311704127,1.41735344654119,1.07200311704127
"ENSG00000212611_st",1.05459824246031,0.896600736083408,1.05459824246031,1.44155065482316,1.05459824246031,1.05459824246031,0.89050024848494,1.2145902736085,1.2006717430963
"ENSG00000212611_x_st",0.98123153231382,0.98123153231382,0.873096136658066,0.931447554186811,1.02486208997537,0.869021968614161,0.98123153231382,1.24799480440742,1.07200311704127
"ENSG00000212615_x_st",1.70383419030593,1.64627772193074,1.84863159629651,1.84863159629651,1.50869803985987,1.84863159629651,1.86138075773599,1.8445958954885,2.01786684616634
"ENSG00000212618_st",0.977375339764336,1.10863968417864,1.1509198877519,1.30106273150923,0.888765431850927,1.25523652333039,0.804281279575692,1.22997474415752,1.10863968417864
"ENSG00000212620_st",1.02790830281076,1.26708085231456,1.03143649322647,0.907019448126434,1.26708085231456,1.07506705088802,0.869239944108582,0.851416752759512,1.03143649322647
"ENSG00000212624_st",1.45549107061156,1.07200311704127,1.2145902736085,1.07200311704127,1.07200311704127,0.836358757953178,0.907904913849237,0.995297772007989,1.1673568110043
"ENSG00000212624_x_st",1.68268715093672,1.28131703770146,1.28131703770146,1.09816325731943,1.07200311704127,1.28131703770146,1.28131703770146,1.28131703770146,1.11409698967822
"ENSG00000212626_st",1.10866556343929,1.2006717430963,1.57533457362962,1.26442616437186,1.09652557482873,1.38844814574068,1.43318703900682,0.91650583436177,1.2006717430963
"ENSG00000212626_x_st",1.02120832020879,1.02120832020879,1.00864476126404,1.06935713807101,1.10859235680096,1.02120832020879,0.977375339764336,1.09792248680865,1.02120832020879
"ENSG00000220986_st",1.07913357766438,1.07913357766438,0.677024849300889,1.03143649322647,1.63460318899751,1.05760039037864,0.984505800387444,1.07913357766438,1.07913357766438
"ENSG00000221040_st",1.26593044776645,0.836358757953178,0.609047678179985,0.859832743556382,1.30802432040341,0.836358757953178,0.977375339764336,0.897303194834307,0.977375339764336
"ENSG00000221043_st",1.03666220569806,1.53902635871777,1.08390311191239,1.35969060137833,1.81234370335581,1.1752874091546,1.35969060137833,0.944026501823277,1.35969060137833
"ENSG00000221044_st",1.25412282050383,1.28131703770146,1.28131703770146,1.24372190519211,1.28384761753581,1.32355872358266,1.23922316506451,1.28131703770146,1.28131703770146
"ENSG00000221060_st",2.01033166085215,1.91341837052598,1.79661835494426,1.92098191203563,1.54939465967587,1.45072434075964,1.23885718265992,1.02682420576405,1.46571111104794
"ENSG00000221060_x_st",0.70779137111914,1.2006717430963,1.2006717430963,1.2006717430963,1.34169737783262,1.31498104220551,1.64728941992159,1.57890325875162,1.02716080918134
"ENSG00000221083_st",1.40332115903987,0.838164910126272,1.53562659588661,0.844766764137427,0.967345974737557,0.89900177608747,1.29190285549046,0.977375339764336,0.977375339764336
"ENSG00000221090_st",1.23922316506451,1.07200311704127,0.836358757953178,0.913072924553037,1.15695348061009,1.07200311704127,0.885024617754477,1.11462182108595,1.07200311704127
"ENSG00000221093_st",0.748849946143978,1.13634558566218,0.930464348729526,1.07200311704127,1.07200311704127,1.27828854058897,1.02817013659681,0.758879311170757,1.24364130764273
"ENSG00000221125_st",0.9138997559403,1.41360933368171,0.962187673111101,0.88685450096777,1.0783596996756,0.618868566208295,1.09495923638672,1.03065682117542,0.95394265457556
"ENSG00000221139_st",1.46385437217936,1.35160614763246,1.35160614763246,1.17910519608507,1.359851166168,1.06398147076456,1.55607001789073,1.35160614763246,1.46385437217936
"ENSG00000221148_st",1.10866556343929,1.69998485341349,1.40536352069166,1.07745434832552,1.28099996360029,1.15250630257209,0.909123505207744,1.19604960003146,1.07200311704127
"ENSG00000221148_x_st",0.97554883723329,1.0963303103576,1.05261204787139,1.12932621447125,1.05261204787139,0.846326624323687,0.600915026136092,1.07200311704127,1.05261204787139
"ENSG00000221164_st",1.98460077293392,1.66160422337553,1.50745780540865,1.64052129581433,1.66160422337553,1.52831173211467,1.66160422337553,2.13978333456777,2.23362354328706
"ENSG00000221164_x_st",1.5310369597944,1.91097549598421,1.16259822224895,2.11373195764214,2.08916905233426,1.64965731418126,1.42401803045174,1.40079057920553,1.56470695061243
"ENSG00000221245_st",1.3817744188473,1.2006717430963,1.04848457991641,1.03143649322647,1.8144896111734,1.40332115903987,1.2209920732984,1.27738590969616,1.02716080918134
"ENSG00000221245_x_st",1.59727916882086,1.15966102222566,1.11909439841086,1.26442616437186,1.00588066641856,1.05701634675296,1.24684484376664,1.14495262286779,0.809616551472477
"ENSG00000221252_st",1.68268715093672,1.88695666945982,1.46495060846344,1.69226305415773,1.37422786882727,1.88695666945982,1.79138543673001,2.22558578490334,2.30722284038904
"ENSG00000221300_st",1.95449006696697,1.72873041701531,1.0192396426021,1.66160422337553,1.50867232756589,1.31661719206401,1.36016048952338,1.72873041701531,1.50867232756589
"ENSG00000221300_x_st",1.28131703770146,1.81770367746974,1.13867046234131,1.40079057920553,1.25460975499952,1.28131703770146,1.16798789286985,1.2145902736085,1.37594481497839
"ENSG00000221332_st",1.10866556343929,1.2841303741648,0.977375339764336,0.702327197276793,0.906844127720554,0.977375339764336,0.977375339764336,0.683046300188165,1.15546174810977
"ENSG00000221345_st",1.10866556343929,1.02446627911406,1.10866556343929,0.869939219230042,1.4442018034999,1.10866556343929,1.31645223527733,1.01845548579164,1.10866556343929
"ENSG00000221376_st",1.10866556343929,0.995029382856248,1.2006717430963,1.14870846207455,1.29242886486215,1.1633189219598,1.85949588070018,1.2006717430963,1.33796870432568
"ENSG00000221376_x_st",0.814021606962314,1.29602543705933,1.24196428359719,1.988207412076,1.40152609900033,1.29602543705933,1.79312967680271,0.974989114781211,1.29602543705933
"ENSG00000221398_st",0.869649242675496,1.04456203079012,1.34008073901568,1.13763517743497,1.07200311704127,1.07200311704127,1.10055964421233,1.07200311704127,0.990575004087461
"ENSG00000221400_st",1.093536304327,1.07200311704127,1.44461826627085,1.50007052345995,0.767644712438319,1.40332115903987,0.870309781339883,0.89660888007115,1.01728541513068
"ENSG00000221455_st",0.9711455430901,1.03412102967322,0.882832412756129,1.17654593767557,1.28131703770146,1.17283887879149,0.9711455430901,1.13271295723112,1.18467623825287
"ENSG00000221461_st",1.21942911330034,1.08776440223507,0.888363425995446,1.26442616437186,1.1927218305984,0.729632116069345,1.11129371764459,1.40731482332698,1.08542610861785
"ENSG00000221496_st",1.07200311704127,1.24805900727201,1.54939465967587,1.0485667637755,0.805239844947674,1.37594481497839,0.950668057062392,1.00770070182997,1.04529583433933
"ENSG00000221498_st",1.21501385312986,1.05701634675296,0.682975170017663,1.07530116837145,1.05701634675296,1.05701634675296,0.838997563509914,1.32093856329907,1.2006717430963
"ENSG00000221611_st",0.857891945238911,1.0595852809403,0.857891945238911,0.805485729787015,0.857891945238911,0.924618709331873,0.743861315842748,0.857891945238911,0.771765047916119
"ENSG00000221611_x_st",0.857891945238912,0.90187479344605,1.26618777858917,1.03054341950108,1.54118724765173,1.03054341950108,1.03054341950108,1.03054341950108,1.06342460565648
"ENSG00000221633_st",0.857891945238911,1.01533535859733,1.16637904918812,1.0274840545201,0.950668057062392,0.950668057062392,0.978157167986489,0.763689557775599,0.86528750540221
"ENSG00000221638_st",1.01794196357914,1.07200311704127,1.57442780078515,0.976771945233123,0.964530433279506,1.3085645400852,1.09735921497184,0.779029866460931,1.07200311704127
"ENSG00000221639_st",1.10866556343929,1.07200311704127,1.03196021840601,1.10866556343929,1.11691058197483,1.21693408774344,1.46025048629062,1.46536389180888,1.2006717430963
"ENSG00000221639_x_st",1.74967146360852,1.2145902736085,0.733553737655517,1.2145902736085,1.40332115903987,1.10711758984673,1.47870484220649,1.2145902736085,1.35348526827652
"ENSG00000221673_st",1.22100044375541,1.44389399773486,1.22100044375541,0.894850203243939,1.12170336132487,1.17906552110766,1.22100044375541,1.53117193836677,0.948192427409903
"ENSG00000221711_st",1.22231298052685,1.35630351030347,1.26385008462305,0.99425071224764,0.950668057062392,1.11866775734768,1.07380097912932,1.35431211643577,1.23297705645689
"ENSG00000221711_x_st",0.887263806989012,0.887263806989012,0.887263806989012,1.12545616394559,1.00859886696789,0.887263806989012,0.869239944108582,0.65633901748622,0.805835694035202
"ENSG00000221719_st",1.12816520030002,0.813227942720419,0.869239944108582,0.788758493157311,0.755910799276974,0.923029108841433,1.23922316506451,1.35463740189045,0.869239944108582
"ENSG00000221719_x_st",1.23922316506451,0.945190554076708,0.965654827350699,1.26301776118376,1.14374123569613,0.733177865317509,1.23922316506451,0.87575465099787,0.869239944108582
"ENSG00000221750_st",1.67562796452599,1.47630862668874,1.08151455201666,1.14870846207455,1.04429219898325,1.40332115903987,1.10726881105176,1.67554943220082,1.31168126870717
"ENSG00000222095_st",1.21452617167303,1.37550301870951,1.35160614763246,1.40079057920553,1.35160614763246,1.10290847689293,1.46381571133212,1.52469766628439,1.35160614763246
"ENSG00000222145_st",1.24951737073134,1.20275017419337,1.20275017419337,1.40079057920553,1.09638539852861,1.20275017419337,1.38494050653073,1.16515504168401,0.968252305819518
"ENSG00000222185_st",1.13537284614124,0.863066040655122,0.977375339764336,1.16979838709492,0.977375339764336,0.896606903600258,0.977375339764336,1.02120832020879,0.977375339764336
"ENSG00000222345_st",1.44389399773486,1.16450822765801,1.3947095661618,1.44389399773486,1.5924980782052,1.60799199171023,1.14366306274167,1.44389399773486,1.7868333192043
"ENSG00000222345_x_st",1.18677532731724,1.28131703770146,1.33895383069987,1.59507514501093,1.28131703770146,1.28131703770146,0.977375339764336,1.02140005024192,1.69768123330296
"ENSG00000222489_st",1.34869982738388,1.90837729132711,1.89808343630525,1.81867322556351,2.10364172086753,1.7868333192043,1.24560318024725,1.46068307869283,1.7868333192043
"ENSG00000222588_s_st",1.05426735199767,1.45757990179314,1.12696214401122,1.23260116093854,0.969579422546087,0.647534472635984,0.961938836866453,1.52617411708122,1.0909270449573
"ENSG00000222588_st",0.857891945238911,1.18092034091918,1.02604441799516,0.911953098701045,0.945275981831085,0.945275981831085,0.978157167986489,1.50970780308343,0.978157167986489
"ENSG00000222588_x_st",0.96882857864462,1.50830379738234,1.55009295236127,1.09584629287395,1.28131703770146,1.27900007325598,1.35737363693285,1.27900007325598,1.06968615259579
"ENSG00000222604_st",1.09825025068095,1.10959824955062,1.02817013659682,1.07692748165998,1.19102636250443,1.56225135152811,1.10959824955062,1.07200311704127,0.866861915547242
"ENSG00000222666_st",0.963483236163915,0.73641116241625,0.805485729787015,0.805485729787015,0.646309652459441,0.805485729787015,1.08666754061191,0.915086876604548,0.76165274934256
"ENSG00000222687_st",0.913072924553037,0.886365641851092,0.913072924553037,0.968253903867163,0.889845289678238,0.913072924553037,0.708402091882682,0.913072924553037,1.03200811818873
"ENSG00000222937_st",1.01125563583616,0.972046699937763,1.40369517234271,1.14870846207455,1.44949694748866,1.14870846207455,1.139266747961,0.90577875080037,1.62674458801007
"ENSG00000222966_st",1.10866556343929,1.08195828073735,1.10866556343929,1.52854073296985,1.10866556343929,1.28131703770146,1.10866556343929,0.803646620171954,1.03194560277716
"ENSG00000223004_st",1.08551073542009,0.955404580267381,0.741652523398848,1.22268905935183,1.59491518576413,1.27521479371763,0.977375339764336,1.20848802962467,0.951232824015301
"ENSG00000223027_st",1.23922316506451,1.07200311704127,1.33571054782714,1.32877061763096,1.07200311704127,0.964314091417401,0.940712893366315,1.01467422554902,1.07200311704127
"ENSG00000223111_s_st",1.10866556343929,1.08713237615356,0.962201950920257,1.03440798453192,0.836358757953178,1.07200311704127,1.35969060137833,1.07200311704127,1.07200311704127
"ENSG00000223182_s_st",0.977375339764336,0.950668057062392,1.3260982563439,0.93360358926946,1.38945243335721,1.0580206343695,0.866464660705858,0.991293870276535,0.977375339764336
"ENSG00000223294_st",1.05797082953996,1.09854366823494,0.869239944108582,0.99547861976639,1.47513720928124,1.06669240123777,0.762333996634818,0.926042716687551,1.13940599299079
"ENSG00000238294_st",1.03912193088587,1.1677905569409,1.03912193088587,1.01168084463472,0.741760647845344,1.24843585154606,0.951737894293692,0.859102190418908,1.07200311704127
"ENSG00000238294_x_st",0.748974721361005,0.913072924553037,0.978954736086985,0.913072924553037,0.816195935223053,0.898556015092921,0.869239944108582,1.07064685140857,0.725296521908656
"ENSG00000238295_x_st",0.914751496785133,1.42597455576814,1.1754157447765,1.14870846207455,0.934451567428409,1.22713075618391,0.947015126373164,0.97707027147309,1.14870846207455
"ENSG00000238296_st",0.950668057062392,1.09432345340573,0.950668057062392,0.805485729787015,1.15343122999508,0.836358757953178,0.983549243217796,0.950668057062392,0.950668057062392
"ENSG00000238296_x_st",1.3044556352814,0.950668057062392,0.844464677180135,0.772056342741879,0.836358757953178,0.772056342741879,0.836358757953178,0.930986535230111,0.809651475251233
"ENSG00000238297_st",0.97922700521779,1.07200311704127,1.02817013659681,1.07200311704127,1.07200311704127,1.10959824955062,1.20506660744694,1.26303237681261,1.10959824955062
"ENSG00000238298_st",0.977375339764336,0.992083739122203,1.32884309058741,1.22459903503273,0.977375339764336,0.775656135027429,0.851927435297335,1.43476780075662,1.17173471627646
"ENSG00000238298_x_st",1.2145902736085,1.35977260088388,0.883272231609894,1.2145902736085,1.2145902736085,1.23462622544386,1.15807926518249,1.2145902736085,1.27834448793007
"ENSG00000238301_x_st",0.884599227940856,1.07200311704127,1.10866556343929,0.83219301248896,0.977375339764336,0.977375339764336,0.977375339764336,0.987404704791116,0.898492183126305
"ENSG00000238305_st",0.909330355609013,1.1232763321798,0.977375339764336,1.26324598126227,1.09937946110275,1.09937946110275,1.15183285935087,0.901033987799345,0.953305960466758
"ENSG00000238305_x_st",1.10055964421233,1.02385429917905,1.10055964421233,1.10055964421233,1.07200311704127,1.11745051754194,1.10055964421233,1.06389719781431,1.50019659532085
"ENSG00000238306_x_st",1.10866556343929,1.10866556343929,1.3963790999408,1.03143649322647,1.28131703770146,0.968095351660018,1.13537284614124,1.23000062341817,0.902273443368922
"ENSG00000238309_st",0.875906855790915,0.84846576953977,0.999257129221575,0.902362719116999,0.950668057062392,1.04754504639238,0.875906855790915,0.779029866460931,0.87403411247741
"ENSG00000238309_x_st",0.977375339764336,1.1914865115667,0.977375339764336,0.913621125442769,0.955842152478603,0.869686314140467,0.977375339764336,0.92004644827209,0.988723338634007
"ENSG00000238311_x_st",1.13939894249377,1.03210322051322,0.950668057062392,0.950668057062392,0.950668057062392,0.701970386322859,0.91992082856656,0.96982427291959,0.816390145657602
"ENSG00000238312_st",1.14459538778757,1.29602543705933,0.977375339764336,0.713260771166342,0.977375339764336,0.950668057062392,0.977375339764336,0.797355599297379,0.856040279785458
"ENSG00000238312_x_st",0.748974721361005,0.73641116241625,0.950668057062392,1.09811632458016,0.957068751216035,1.05701634675296,1.10055964421233,1.3491413625192,1.05701634675296
"ENSG00000238313_st",0.854293067093061,0.913072924553037,0.99802328812186,0.913072924553037,1.05825525182841,0.836358757953178,0.843637021474199,0.955691628597719,0.870831238671833
"ENSG00000238313_x_st",0.857891945238911,1.15457642982952,1.10866556343929,1.26442616437186,1.44550858861221,1.611453033972,1.35969060137833,0.856270652558216,1.49259238768105
"ENSG00000238314_st",0.857891945238911,0.913072924553037,0.993841360717116,1.01299757657431,0.913072924553037,1.02287409067405,0.913072924553037,0.913072924553037,0.913072924553037
"ENSG00000238314_x_st",0.748974721361005,0.950668057062392,0.950668057062392,0.809897825979638,1.14169731683373,0.950668057062392,1.10055964421233,0.860457979414741,1.0320961700162
"ENSG00000238316_st",0.878158648202679,1.24125600510563,1.10571538917578,0.939882572257177,0.914496466819832,0.927355102930341,1.14901330889133,1.47551589410825,0.930401354098624
"ENSG00000238316_x_st",1.23922316506451,0.939174335348937,0.977375339764336,1.12851412546728,0.73641116241625,1.07200311704127,1.07200311704127,1.07200311704127,1.07200311704127
"ENSG00000238318_st",0.888011453816559,0.7064282481906,1.16637329822719,0.942072607278693,0.73641116241625,0.942072607278693,0.970629134449757,0.942072607278693,0.982639231093492
"ENSG00000238319_st",1.39568173849771,1.29602543705933,0.96773906186283,1.1310355532643,1.25545259836434,1.16552757390623,1.07587445751858,1.67567457301563,1.25545259836434
"ENSG00000238319_x_st",1.10866556343929,1.03959099606853,1.10866556343929,1.10866556343929,1.07200311704127,1.10866556343929,1.10866556343929,1.34588049728345,1.31945556246621
"ENSG00000238321_x_st",3.20563695702552,3.28984035338206,2.60558515293824,3.35661639302236,2.90362990404112,3.20563695702552,3.20563695702552,3.15811934997304,3.5757765659826
"ENSG00000238322_x_st",1.10866556343929,1.44389399773486,0.925654185796839,0.885126736775642,0.98718478061663,1.13168349296952,1.05701634675296,1.40079057920553,0.854253173820275
"ENSG00000238325_st",1.35503324186907,1.39507614050433,1.11560762253836,1.27753354429638,1.60933303515047,1.40332115903987,1.39507614050433,1.63229107434849,1.48970391778127
"ENSG00000238325_x_st",1.19589394856981,1.13967327495299,1.10866556343929,1.03143649322647,1.11703186979183,0.995696809812948,1.11703186979183,1.11703186979183,1.30442000790132
"ENSG00000238326_x_st",1.07861041833937,1.43660540124907,1.07200311704127,1.30878439954852,1.33110848135789,1.10866556343929,1.07861041833937,1.10866556343929,1.10866556343929
"ENSG00000238327_st",1.03143649322647,0.909955710403808,1.25882813265707,1.03143649322647,1.28131703770146,0.737232134881728,0.977375339764336,1.1903666857147,1.03143649322647
"ENSG00000238327_x_st",1.10005142383983,1.10005142383983,0.73641116241625,1.10005142383983,1.2641494178152,1.18500178740865,1.10005142383983,0.966008365747724,1.36079338028032
"ENSG00000238328_st",0.821678600086245,1.27337562182154,0.73641116241625,1.23785009884267,0.909062636678418,1.07216227473554,0.884385872091162,0.913072924553037,0.909062636678418
"ENSG00000238328_x_st",1.29572848858763,1.31395393962362,1.15532825763229,1.27480179913635,1.28131703770146,0.931027566683791,1.10055964421233,0.893432434174436,0.963381919609349
"ENSG00000238329_x_st",0.889991303172163,0.995733039645801,1.15695348061009,0.977375339764336,0.7873262342706,0.977375339764336,0.869239944108582,1.32272566926425,0.995733039645801
"ENSG00000238330_x_st",0.857891945238911,0.94799345519572,1.63709353924612,0.950668057062392,0.950668057062392,0.950668057062392,0.747904884129704,0.950668057062392,0.950668057062392
"ENSG00000238334_st",1.23922316506451,1.03143649322647,0.764673221132874,1.26442616437186,1.03143649322647,0.699637002372374,0.844457993939677,0.884040194596102,1.03143649322647
"ENSG00000238334_x_st",0.950668057062392,0.950668057062392,0.950668057062392,1.20683611152392,0.927440422187592,0.988263189571746,0.727371653730428,0.950668057062392,0.950668057062392
"ENSG00000238336_st",1.40332115903987,1.09861077556067,1.63574932416124,1.45738231250201,1.49794893631681,1.49794893631681,1.33385073312478,1.64053609288404,1.5516958933606
"ENSG00000238336_x_st",0.977375339764336,1.15546174810977,0.950668057062392,1.16980683161985,0.950668057062392,0.846752264752665,1.23410924683115,0.913072924553037,0.977375339764336
"ENSG00000238337_st",0.977375339764336,0.796026177466778,0.977375339764336,0.913072924553037,1.37806153736565,0.977375339764336,0.977375339764336,0.977375339764336,0.867808344274806
"ENSG00000238337_x_st",1.15944970743464,1.02412469891776,1.29797006242125,1.19805345843729,1.15695348061009,1.15695348061009,1.15695348061009,1.35971665354278,1.15695348061009
"ENSG00000238339_st",1.06083397083283,0.919817389021675,0.977375339764336,0.820077108508896,1.06232570333316,0.919817389021675,0.829715879064867,0.977375339764336,0.977375339764336
"ENSG00000238339_x_st",1.16009890440131,1.35522363719926,1.18729312159895,1.60720596222925,1.08799603916841,1.22025354986639,1.03657353990427,1.45969354682463,1.2006717430963
"ENSG00000238341_st",0.94907116728698,0.950668057062392,0.860566547105583,1.14574579233568,0.950668057062392,1.42805959969699,0.646309652459441,0.791737864574159,0.950668057062392
"ENSG00000238341_x_st",0.977375339764336,1.03018708138477,1.18818458776167,1.0842482348469,0.887540506024617,1.00347979868283,1.03018708138477,1.2145902736085,1.15045230413235
"ENSG00000238342_st",0.80381519873903,1.1179390287139,0.893916708695839,0.893916708695839,0.893916708695839,0.886175278608898,0.869239944108582,0.89138612886149,1.37130825133044
"ENSG00000238342_x_st",0.857891945238911,0.977375339764336,1.57610194237781,1.16357564536136,1.13630553225257,0.752415060203122,0.977375339764336,0.913072924553037,0.834788183197108
"ENSG00000238343_st",1.23922316506451,1.23922316506451,1.17375395852424,1.24803861159184,1.37811815973252,1.25611403839411,1.03645999213182,1.89595046503854,1.11788810508563
"ENSG00000238343_x_st",1.29739644887067,1.41507246729868,1.40332115903987,1.70626479695359,1.70879537678793,1.74324750833827,1.42058075331867,1.37747733478933,0.978543246379899
"ENSG00000238345_st",0.857891945238911,0.622247586150819,0.857891945238911,0.879988046607052,0.857891945238911,0.622247586150819,0.748974721361005,1.33528348787351,1.14650543386131
"ENSG00000238345_x_st",0.836215216882741,0.832634064675259,1.43631610218439,1.16979871493014,1.35709616639709,1.2006717430963,1.80922743810386,1.27694431311932,1.2006717430963
"ENSG00000238348_st",1.02120832020879,1.16307661058695,0.913072924553037,0.913072924553037,0.913072924553037,0.950668057062392,0.748974721361005,1.0271035539492,0.792531120172375
"ENSG00000238348_x_st",1.26745769658861,1.37390942037909,1.50467263043277,1.36208547386554,0.926342347209052,1.28131703770146,1.32098549603834,1.36208547386554,1.37324550585939
"ENSG00000238349_st",1.07200311704127,1.2006717430963,1.07200311704127,1.14870846207455,0.950668057062392,1.39499966659967,0.869239944108582,1.07200311704127,1.063997201894
"ENSG00000238350_st",0.782557783795173,1.2006717430963,0.826304499971024,1.14870846207455,1.15695348061009,1.27895760194851,1.51746273769139,1.03507704589145,1.15695348061009
"ENSG00000238351_st",1.04302045160181,0.966404509473982,1.30039111141189,1.17426807157362,1.20255928543347,0.713523915330771,0.940629465479681,0.9407916496841,1.04019289516014
"ENSG00000238351_x_st",0.857891945238911,1.07200311704127,0.812271239415183,1.11877031357924,1.07200311704127,1.40332115903987,1.10055964421233,0.937960058949164,1.07200311704127
"ENSG00000238352_x_st",0.963231616007147,0.950668057062392,0.685005464379604,0.727230213116246,0.963231616007147,0.963231616007147,1.07283276282468,1.27559593575737,0.963231616007147
"ENSG00000238354_st",0.900661173164477,0.737232134881728,1.04935010390354,1.03143649322647,0.954722326626611,1.15737174257018,0.864620816669802,0.897393435134364,0.954722326626611
"ENSG00000238355_st",1.24200500081493,1.70852365878545,1.35160614763246,1.17930704814782,1.37980538865936,1.15695348061009,1.03179886665334,1.17930704814782,1.24200500081493
"ENSG00000238355_x_st",0.950668057062392,0.950668057062392,0.950668057062392,0.950668057062392,0.848002988160828,1.10231824820471,0.868307977192524,0.913072924553037,1.16477922886475
"ENSG00000238359_x_st",1.23922316506451,0.923960774360447,1.15214473033933,1.21251588236256,1.09820658325335,1.23336980906858,1.40000260202186,1.14018516751947,1.16868290191811
"ENSG00000238361_x_st",0.900907733795916,0.984608549599082,1.92876431663955,1.02720262496809,1.40332115903987,1.09095683928965,0.804030744465932,1.09095683928965,1.09095683928965
"ENSG00000238368_st",1.00735693308851,1.35267583538672,1.07570641940997,0.90231134597438,0.906679208365078,1.42784509786311,0.847398750212394,0.905000219199993,1.22611521977891
"ENSG00000238368_x_st",1.10866556343929,1.01593689879893,1.15695348061009,1.15206346502279,1.03258992351872,1.86998938233278,1.01201149327526,0.86449809628751,1.71656775525317
"ENSG00000238369_st",1.52854073296985,1.30832791468535,1.52854073296985,1.52854073296985,1.40082493221532,1.54939465967587,1.44115669637768,1.56910735678465,1.65496479766433
"ENSG00000238369_x_st",0.897676740831559,1.41825655226422,0.90902473970123,1.03143649322647,1.04636567157063,1.0331660072475,0.748974721361005,0.951737894293692,0.951737894293692
"ENSG00000238371_st",0.944224294154696,0.950668057062392,0.950668057062392,1.15078689317162,1.24972959243357,0.950668057062392,0.663741962238671,0.770648316595434,1.04602175102542
"ENSG00000238372_x_st",1.10866556343929,0.959543062401176,1.15462079767447,0.959543062401176,1.07385236151039,0.959543062401176,1.10055964421233,0.890107159322338,0.854813332336487
"ENSG00000238375_st",0.950668057062392,1.17469037708045,0.840866890941378,0.882117045918469,0.950668057062392,0.836358757953178,1.19937366449742,0.826514350551547,1.17469037708045
"ENSG00000238375_x_st",0.846012309233783,0.890266886694626,0.959341454065391,1.30311568651795,1.09158137491248,0.959341454065391,0.869239944108582,1.23827975974556,0.896434161306216
"ENSG00000238376_st",0.545932821687544,0.893687649445424,0.913078718615307,0.913072924553037,1.1278596377007,0.695588526870424,0.815387972012943,0.836358757953178,1.05196791922106
"ENSG00000238377_st",1.23922316506451,1.07200311704127,1.45866483091867,0.968416596431829,1.00601172894118,1.18631241615048,1.01520084504645,0.847980797023213,1.07200311704127
"ENSG00000238377_x_st",0.977375339764336,0.810307373893604,1.24185509333816,0.977375339764336,0.964811780819581,0.977375339764336,0.977375339764336,0.921772644397415,0.705577643828915
"ENSG00000238383_st",1.10866556343929,1.08122447718815,1.1987670733961,1.10866556343929,1.45738848001886,1.29871466893303,1.10866556343929,1.10866556343929,1.06483258299484
"ENSG00000238383_x_st",0.950668057062392,0.850720461525464,1.07503161415376,1.07841821082672,0.950668057062392,0.950668057062392,0.906835076617937,1.19450515565782,0.902124225330401
"ENSG00000238384_x_st",1.22086546518304,1.07200311704127,1.54939465967587,1.04677898954767,1.23922316506451,1.42699956770889,1.01629287341536,1.2531416955767,1.23922316506451
"ENSG00000238387_x_st",0.998490949242201,1.06954023085244,1.2145902736085,0.886426252996597,1.06133904111123,0.925884834509098,1.23922316506451,1.06133904111123,1.07200311704127
"ENSG00000238388_st",1.82584703415131,2.08687897375511,2.22833514036186,2.46921405208873,2.65981199782959,2.6147170139295,1.80476410659011,1.90171931141308,2.19417469573566
"ENSG00000238388_x_st",1.54939465967587,1.54939465967587,1.54939465967587,1.26714652734034,1.54939465967587,2.58523973566899,1.77232495132501,1.43103109100243,1.38719811055798
"ENSG00000238389_st",0.786558019517629,1.07670522904249,1.06901979138309,1.43837387736215,1.10958641519789,0.89069436925335,1.23922316506451,1.15341939564235,1.10958641519789
"ENSG00000238389_x_st",1.08456667598603,1.07200311704127,1.1189815830439,1.06375809850573,1.07200311704127,1.07200311704127,1.07200311704127,0.987052753472448,0.950668057062392
"ENSG00000238390_st",1.5626446292198,1.97373389360112,1.48814231239976,1.14870846207455,1.25418534711034,1.78248103729599,1.3757593298318,1.15333792633239,1.46439148127193
"ENSG00000238394_st",1.33385094234144,1.09647256660438,0.961382371538027,1.6476864148355,1.77155759648341,0.988783540980509,1.15174913806236,1.05601014881496,0.874200240331734
"ENSG00000238395_st",1.14028879831133,0.805485729787015,1.0296465229939,0.805485729787015,0.944696159425079,1.19622677639103,0.944696159425079,0.805485729787015,0.944696159425079
"ENSG00000238395_x_st",1.02371519987047,1.07200311704127,1.15695348061009,1.14870846207455,1.07200311704127,1.03912193088587,1.10055964421233,1.12963991003968,0.759638797291049
"ENSG00000238398_st",1.06132442548238,0.860153354072437,1.12955224621735,1.14870846207455,1.14870846207455,1.14870846207455,1.14870846207455,1.14870846207455,1.27393755790332
"ENSG00000238400_x_st",1.11563367470282,1.02938441299659,1.17033881949413,0.994071575520624,0.93928290303978,1.14363153679219,0.839273132189236,1.07200311704127,1.14363153679219
"ENSG00000238401_st",0.963231616007147,1.03805209365456,0.774006294925604,0.950668057062392,0.950668057062392,0.809651475251233,0.950668057062392,0.99176803488959,0.920061630237312
"ENSG00000238402_st",1.08346256413194,1.10866556343929,1.10866556343929,1.10866556343929,1.25473906407528,0.969593606990057,0.826203791573826,0.733568087699042,1.27790081330912
"ENSG00000238403_st",0.748974721361005,0.836358757953178,1.01442227138396,0.950668057062392,1.47640172738902,0.917786870906987,1.07841821082672,1.0083048500608,0.950668057062392
"ENSG00000238407_x_st",1.24175697118338,0.836358757953178,1.00208340061847,1.22077319394557,1.05384894969806,0.961510561923488,1.08673013585346,1.48529565496879,0.970548093430746
"ENSG00000238408_st",0.950668057062392,0.950668057062392,0.691118614982607,0.950668057062392,0.950668057062392,0.950668057062392,0.950668057062392,0.993286761107073,0.869239944108582
"ENSG00000238408_x_st",1.0554649454625,1.07200311704127,1.07200311704127,1.14870846207455,0.77030304847689,1.45866483091867,1.37449788920915,1.07200311704127,1.07200311704127
"ENSG00000238409_st",1.10866556343929,0.967648981628133,1.43942451421733,0.93677595346197,1.10866556343929,1.18830657042792,0.869239944108582,1.15470882951788,1.33196196677126
"ENSG00000238410_st",0.936751124005386,1.25720603079842,0.95286704788849,1.03143649322647,1.05701634675296,0.932652789661595,0.977375339764336,1.48972132670894,1.05701634675296
"ENSG00000238414_x_st",1.39247945937993,0.990872307450325,1.21304864721799,1.03174899383227,1.27047533804152,1.17053820418439,0.869239944108582,1.34807123556561,1.40599772055203
"ENSG00000238416_x_st",1.01075266631633,1.10538044359326,0.884226714396889,0.894972174135304,0.928482981861918,0.950668057062392,1.67276311901269,1.17232008045735,0.965654827350699
"ENSG00000238418_st",1.07200311704127,1.07200311704127,0.954167609001108,1.13575753831683,0.993629553364404,1.07200311704127,1.25948983670057,0.94333449098624,1.18631241615048
"ENSG00000238418_x_st",0.88926538648607,1.24195672567227,0.815171232721524,0.976649423078243,0.939986976680222,0.884957307756655,0.733200099670081,1.21229378216634,0.976649423078243
"ENSG00000238422_x_st",1.18668926042453,1.28131703770146,1.47004792313284,0.979799688645999,1.28131703770146,1.26633026741315,1.35969060137833,1.28131703770146,1.3516843544594
"ENSG00000238425_x_st",1.10866556343929,1.31953044064349,1.10866556343929,1.10042054490375,0.820110455437177,1.15695348061009,1.13722209061036,1.07200311704127,1.47297854858241
"ENSG00000238428_st",1.21980250710899,0.950668057062392,0.862154026682486,1.2616649059301,0.9764633257917,1.09779838577058,1.09779838577058,1.3342775987003,1.22302748159935
"ENSG00000238428_x_st",1.05459824246031,1.2006717430963,1.03143649322647,0.909415915184931,1.12132500655327,1.38524722309938,0.946462846804554,1.04174155060807,1.2006717430963
"ENSG00000238430_st",1.55959799445611,1.07200311704127,1.60623205668237,1.64684713603938,1.7056714950921,1.52063668011702,1.80922743810386,1.76447377871245,1.28708223607785
"ENSG00000238430_x_st",2.01033166085215,1.55767855887466,1.24185509333816,1.73447438481367,1.5406675790904,1.66503113618177,1.87207332591367,1.54939465967587,1.58438584157661
"ENSG00000238433_st",1.54939465967587,1.6308298231267,1.911553192114,1.54939465967587,1.17750377898228,1.49175786667746,1.54939465967587,1.54939465967587,1.40680750310864
"ENSG00000238433_x_st",1.86985117710549,1.54841488294797,1.00777152030579,1.66206450526745,1.46698676999416,1.35929774437029,1.95048070828828,1.92664639860329,1.58129606910337
"ENSG00000238436_st",1.24439096655164,0.828122560984215,1.12238684521323,0.913072924553037,0.913072924553037,0.913072924553037,0.825688887960864,0.913072924553037,0.913072924553037
"ENSG00000238436_x_st",0.975126127711286,0.950522334218608,1.07200311704127,1.14870846207455,1.05943955809652,1.39491775573242,0.977375339764336,1.07200311704127,1.19226833978885
"ENSG00000238437_st",1.2800495943897,1.53300085629397,1.48174412729083,1.66160422337553,1.35969060137833,1.39576691964536,1.04062397505899,1.2157471791784,1.35969060137833
"ENSG00000238437_x_st",1.40079057920553,1.40079057920553,1.33166742821966,1.79456933299559,1.17786028755638,1.48221869215933,1.40079057920553,1.40079057920553,1.37223405203446
"ENSG00000238438_x_st",0.964416696575263,1.16868621509836,1.13630553225257,0.777798758696528,1.07200311704127,1.05701634675296,1.10055964421233,1.07200311704127,1.1534382804921
"ENSG00000238440_x_st",0.857891945238911,1.14648465357284,1.41147668086284,0.966464913105887,0.956435548079108,0.836358757953178,0.988449546864126,0.838056543459313,0.889759568072606
"ENSG00000238445_st",1.03143649322647,1.03143649322647,0.869239944108582,0.99086986941167,1.07200311704127,1.03143649322647,0.841387387732733,1.32564085157121,1.17220672430922
"ENSG00000238445_x_st",1.57623734887827,0.719348356958639,0.995288950441411,1.26442616437186,1.11409698967822,1.19636667413264,0.869239944108582,1.07200311704127,0.987052753472448
"ENSG00000238450_st",1.23994605558153,1.17132564586218,1.00026499838641,1.05701634675296,1.28131703770146,1.05701634675296,1.05701634675296,0.980311001719682,0.883505412837998
"ENSG00000238450_x_st",0.988597570840517,0.988597570840517,1.02526001723854,0.948030947025717,1.4006746644334,0.988597570840517,0.988597570840517,0.913072924553037,0.988597570840517
"ENSG00000238451_x_st",0.870851362728,1.55148119250088,1.08496253453036,0.913072924553037,1.2746665928279,1.04124427204415,0.990334757253425,1.08496253453036,1.21798869021632
"ENSG00000238453_st",0.870871905341374,0.870871905341374,0.951640341505453,0.711941712853142,0.870871905341374,0.990773084622579,0.897579188043319,0.794166560308094,0.956722221031082
"ENSG00000238455_st",1.13221048924565,1.00883549785332,1.07200311704127,0.912152399796233,0.93928290303978,1.29960539252448,1.07200311704127,1.00527635294831,1.07200311704127
"ENSG00000238455_x_st",1.07200311704127,1.07200311704127,1.07074212046454,1.58335554555617,0.798435314978425,1.07200311704127,0.990575004087461,1.54939465967587,1.29529952037323
"ENSG00000238458_st",0.820919334366347,1.08632260721639,0.953639548367837,0.913072924553037,0.953639548367837,0.793478248115201,1.24132703270489,1.29003648082572,0.964987547237508
"ENSG00000238459_x_st",1.07200311704127,1.07200311704127,0.963867721385516,1.07200311704127,1.11409698967822,0.887599924817541,1.07200311704127,1.1666308943182,0.964707395060723
"ENSG00000238461_x_st",1.03143649322647,1.03143649322647,1.26865142707063,1.03143649322647,1.1260642705034,1.03143649322647,0.944052456634297,1.15277155320535,0.950008380272661
"ENSG00000238462_st",1.14936877492223,0.967593286995322,1.21010066613204,0.862607137072801,1.07044305867728,1.18474568322559,1.07044305867728,0.777181992415276,1.20275182091495
"ENSG00000238462_x_st",0.987330503460413,0.950668057062392,0.850720461525464,1.14574579233568,0.950668057062392,0.906949794576184,1.66160422337553,1.07200311704127,0.950668057062392
"ENSG00000238463_st",0.934606111838771,0.950668057062392,0.913072924553037,0.767890597277661,0.913072924553037,0.913072924553037,1.31593733166437,0.741434733951577,0.913072924553037
"ENSG00000238464_st",1.32452395253991,1.19040512789666,1.15818695955034,1.18340284088203,1.33420501765286,1.27719385091232,1.00551019227841,1.47262103852284,1.17253689058223
"ENSG00000238464_x_st",1.1174915362468,0.950668057062392,1.1174915362468,1.36132863484223,1.1174915362468,1.15695348061009,1.34042182789594,1.02061454691681,1.0127263941006
"ENSG00000238465_st",0.679600137181759,1.07200311704127,0.752269337359338,1.38994147144667,0.96652623200548,1.04810624596422,1.23072711826464,0.79488804140402,0.812271239415183
"ENSG00000238466_st",1.40401236308436,1.16498898405374,1.35160614763246,1.31359013195832,1.61812353488672,1.31612071179267,1.45309883998372,1.38617278302933,1.20896824188366
"ENSG00000238472_x_st",0.977375339764336,0.950668057062392,0.977375339764336,0.805485729787015,0.977375339764336,0.977375339764336,0.977375339764336,0.977375339764336,1.27203093536492
"ENSG00000238473_x_st",0.764332515326674,0.906688799232475,0.837252896153636,0.641660257267382,0.837252896153636,0.822512190703521,0.829146976926679,0.943177606322843,0.950668057062392
"ENSG00000238474_x_st",1.16251782003123,1.07200311704127,1.28611428884363,0.658066949896026,1.07200311704127,1.15695348061009,0.987799720684736,1.0831298838867,0.876958995840571
"ENSG00000238475_st",0.813277136572304,0.812004536210221,0.683170981419595,0.977375339764336,1.01828995975792,1.12131876196426,1.10055964421233,0.977375339764336,1.13630553225257
"ENSG00000238475_x_st",0.843602498637938,0.829621458138392,1.07200311704127,0.911834019477587,1.07200311704127,1.05701634675296,1.10055964421233,1.30921805088543,1.06526581722648
"ENSG00000238480_x_st",1.2962048420591,1.2962048420591,1.11811843371366,1.2962048420591,1.54957406467564,1.27513120285683,1.38233173938189,1.2962048420591,1.15361768549187
"ENSG00000238481_st",1.28853285157093,1.15573926524788,1.28317388653431,1.46207739955849,1.48396645364503,1.28131703770146,1.04669467360459,1.30689055145239,1.17192376943336
"ENSG00000238481_x_st",0.913072924553037,0.677428565464945,0.913072924553037,0.913072924553037,0.913072924553037,0.79723384997042,1.15574062352646,1.26793479936134,0.950668057062392
"ENSG00000238483_st",1.30309503891863,1.3144430377883,1.261473908254,1.70962925805157,1.18161425609597,1.68268715093672,1.3144430377883,1.18603466814173,1.21618988984044
"ENSG00000238483_x_st",1.24185509333816,1.52956548630538,1.24185509333816,1.25138025088434,0.869600692315123,1.59057800991773,1.1417429944542,0.537102409357281,0.990935752294001
"ENSG00000238484_st",1.08921164534266,1.21204995276309,1.44590997371225,0.970453489059626,0.914097346046331,1.07602303286102,1.10055964421233,1.13061478931226,1.11122372014238
"ENSG00000238485_x_st",1.15695348061009,1.44389399773486,0.783389628418875,1.09265106539879,1.14438992166534,1.15695348061009,1.10055964421233,1.4250311025845,1.2006717430963
"ENSG00000238486_st",0.991667032456376,1.29602543705933,1.41656724143999,1.15713044239131,1.47970455097432,1.29602543705933,1.66761268941909,1.00169639748316,1.29602543705933
"ENSG00000238486_x_st",1.40332115903987,1.44198633799719,1.46314142788208,1.47485870258602,1.39010792880469,1.38865895808307,0.919415884085381,0.897653612387114,1.11055453900948
"ENSG00000238488_st",0.977375339764336,0.939904888486412,1.03470423125658,0.977375339764336,1.00184478932744,0.977375339764336,0.977375339764336,0.987404704791116,0.957984270594454
"ENSG00000238488_x_st",1.01403778616236,0.844546558072004,0.923314186302203,0.913621125442769,0.896606903600258,1.22725588423933,0.977375339764336,1.3121797258317,0.977375339764336
"ENSG00000238491_st",1.2193054763972,1.31328408174706,0.893916708695839,1.34987273997832,1.23766317627866,1.29894648338583,1.10597633156559,0.902858790211295,1.2193054763972
"ENSG00000238491_x_st",1.23922316506451,1.16700773859225,1.40265209768034,1.51695257522297,1.28131703770146,1.28131703770146,1.30802432040341,1.28131703770146,0.882382949292029
"ENSG00000238492_x_st",0.930586975914531,1.2489596602671,1.15695348061009,1.12030312763139,0.930241928718334,1.12029103421207,0.930586975914531,1.52940767145287,1.04357107354994
"ENSG00000238494_x_st",0.961578331883155,0.722554952852538,1.37274539772146,1.38499357132434,0.836358757953178,1.29222731252222,0.988285614585099,0.884872986849874,0.729063035972631
"ENSG00000238496_x_st",0.913072924553037,0.913072924553037,0.977375339764336,1.37400540483226,1.02036864653358,0.783850711643434,0.674613824936797,0.956905904997492,0.734070025984668
"ENSG00000238498_x_st",2.14482751013677,2.7756878977594,1.40332115903987,1.33419800805401,2.104864271009,1.05701634675296,1.40332115903987,0.946783543111293,1.40332115903987
"ENSG00000238501_st",0.94841745146438,1.2002297983517,0.552403273622051,1.17874279657216,1.91195339931673,0.94774112564884,0.872166875522133,0.837466253077045,0.965495113491613
"ENSG00000238501_x_st",1.24413861185793,0.870454220508356,0.970401816045284,0.780464348926128,0.913072924553037,0.950668057062392,0.869239944108582,0.816195935223053,1.0847111151545
"ENSG00000238502_st",0.977375339764336,0.948818812593272,0.977375339764336,1.02120832020879,0.948818812593272,0.859832743556382,0.977375339764336,1.45555445095659,0.977375339764336
"ENSG00000238502_x_st",1.28118265335842,1.29602543705933,1.23927408869277,1.08364219766677,1.39596257091646,1.29602543705933,0.947039672339071,1.30605480208611,1.30253424361132
"ENSG00000238503_st",0.728242337444365,0.836358757953178,1.10866556343929,0.836358757953178,0.606761554621703,0.828617327866237,0.836358757953178,0.836358757953178,0.836358757953178
"ENSG00000238503_x_st",1.23922316506451,0.710719050187263,0.913072924553037,0.913072924553037,1.00045696114521,1.10312203004677,0.913072924553037,0.816195935223053,0.936300559427837
"ENSG00000238506_st",0.905263334827147,0.858174781271674,0.86493672517302,0.779714466271804,1.11447829882568,0.618868566208295,1.05271121287947,0.809684774818324,0.916071476907092
"ENSG00000238506_x_st",1.11035462995086,1.07200311704127,0.977375339764336,1.23357053118229,1.25158125788703,0.806622978138743,0.881954011547533,1.00770070182997,1.55976427729672
"ENSG00000238507_st",1.14935532881301,1.11269288241499,1.10866556343929,1.26442616437186,0.751397932704556,1.07200311704127,0.891245723552144,1.07200311704127,0.99135782243611
"ENSG00000238507_x_st",1.03143649322647,1.03917792331341,1.16404506885338,1.03143649322647,0.852199424026618,1.13481277739561,1.24241863253025,1.04146585825325,0.965614584935374
"ENSG00000238511_x_st",0.857891945238911,0.85101749634683,1.23612346089423,0.733474900138875,1.30135593111113,0.857891945238911,0.688009958461628,0.820296812729557,0.890773131394316
"ENSG00000238513_st",1.35455368046137,0.966170571567155,1.06232570333316,1.22126118920052,1.15695348061009,0.844835511588276,1.42647418512924,1.22126118920052,1.09520688948856
"ENSG00000238514_st",1.50472076460344,1.2006717430963,1.07292158933197,2.09644815127914,1.78408675650029,1.40357056997104,2.6375582406531,1.7702678067435,1.82854208708735
"ENSG00000238514_x_st",1.0672058658991,1.28131703770146,1.19636667413264,1.78596778046689,1.36626740127028,1.49962580724094,1.66160422337553,1.28131703770146,0.872161744698403
"ENSG00000238515_x_st",0.796145354117382,0.977375339764336,1.30869338176294,1.13957188888222,0.977375339764336,0.96238856947603,0.977375339764336,0.977375339764336,1.01025652591974
"ENSG00000238519_s_st",0.968474949872425,1.20891676163184,1.39416841445425,1.23523822196602,1.15695348061009,1.15695348061009,1.15695348061009,1.04746734161293,0.869239944108582
"ENSG00000238520_st",1.07200311704127,1.07200311704127,1.22950866332086,1.07200311704127,0.950668057062392,1.54783442495572,1.21668811362853,0.944252963276944,0.950668057062392
"ENSG00000238520_x_st",0.869239944108582,1.55811919231317,0.883158474620781,1.80368936156089,0.869239944108582,1.04847701330843,0.869239944108582,0.65633901748622,0.869239944108582
"ENSG00000238521_st",0.913307777865721,0.925713415625313,0.893916708695839,0.913307777865721,1.16318832234071,1.11959320141342,0.913307777865721,0.913307777865721,0.759873650603733
"ENSG00000238521_x_st",1.37313157721358,0.672441905434849,0.839050362282293,0.839050362282293,0.839050362282293,0.839050362282293,0.950668057062392,0.549432663129457,0.950668057062392
"ENSG00000238522_x_st",1.03143649322647,1.03857002954862,1.64953635797491,1.03143649322647,0.998555307071066,1.03143649322647,1.27866018849486,1.03143649322647,0.766545462909145
"ENSG00000238525_st",1.10866556343929,1.20144167526277,1.10866556343929,1.10866556343929,1.07578437728389,1.10866556343929,1.10866556343929,1.07200311704127,1.43169395911956
"ENSG00000238525_x_st",0.969864124777996,0.950668057062392,0.94242303852685,0.94242303852685,0.950668057062392,0.950668057062392,0.983549243217796,1.05543319920859,0.950668057062392
"ENSG00000238526_st",1.17826289824311,0.980534265507003,1.1032065235663,1.1032065235663,0.738893538423173,1.15695348061009,1.13176305073736,1.00632953423631,1.32613681521544
"ENSG00000238526_x_st",1.0595852809403,1.00799694855464,0.91400561066437,0.637946693509362,0.938104498117637,0.950668057062392,0.950668057062392,0.971521983768407,0.700442956547567
"ENSG00000238528_st",1.16062884446104,1.2006717430963,1.32589131702628,1.2006717430963,1.15695348061009,1.20891676163184,0.800938002382754,1.40086142714176,1.2006717430963
"ENSG00000238528_x_st",1.12181416178502,1.13787610700864,0.977375339764336,1.2145902736085,1.5459083156071,1.19960350332019,1.05049207041647,1.2145902736085,1.41615288668125
"ENSG00000238530_st",0.919232114813823,1.04529583433933,0.897698927528089,0.963909903050308,1.18631241615048,0.950668057062392,1.47399990048754,0.779029866460931,0.873948096400263
"ENSG00000238530_x_st",1.00410227622592,1.0968783880494,0.836358757953178,0.98256908894019,0.959341454065391,1.11728870787753,0.869239944108582,1.50052725538959,1.00410227622592
"ENSG00000238533_st",0.649915536482246,0.862283792679147,0.619963297733936,0.913072924553037,0.955995618008357,0.836358757953178,0.67223468718541,0.756821890839009,0.895164978834552
"ENSG00000238533_x_st",0.830588019193339,0.836358757953178,1.47755716320582,0.956534930698188,0.818024460248584,1.60533573344456,1.02320822672018,0.607050671691838,0.665188037054779
"ENSG00000238535_x_st",1.14220642638443,1.06497735617161,1.13170412026457,1.06497735617161,1.09585038433777,0.950668057062392,0.874928250677869,0.623553146508508,1.06497735617161
"ENSG00000238536_x_st",1.00618284489039,0.836234033230544,0.807703128802506,1.40079057920553,0.953776629438498,1.30249954601806,1.24233173744061,0.953776629438498,0.953776629438498
"ENSG00000238537_st",0.913072924553037,0.913072924553037,0.913072924553037,0.86537584011513,0.836358757953178,0.772302693470284,0.998923240242745,1.06650705181503,0.969875196547858
"ENSG00000238537_x_st",0.950668057062392,0.950668057062392,0.950668057062392,1.00472921052453,1.0714211190793,0.849422794346218,0.869727783377914,1.07200311704127,0.915374230076541
"ENSG00000238538_st",1.01871611027793,1.06475937635651,1.08551073542009,0.913621125442769,1.15695348061009,0.733037430982747,0.977375339764336,0.977375339764336,0.977375339764336
"ENSG00000238541_st",1.35353246417372,0.950668057062392,1.28827142576073,1.23734882853573,1.53345601971565,1.06497735617161,1.31481653885848,1.39751012878837,1.30279818326618
"ENSG00000238541_x_st",0.977375339764336,1.19342800241154,1.06475937635651,1.06475937635651,1.06475937635651,1.30072372439209,1.07795904067963,0.937009222592184,1.15938715363344
"ENSG00000238543_st",1.09871039974321,1.07200311704127,1.07200311704127,0.926820789765893,1.38816097872997,1.52465621901875,1.22927766332434,0.750966794763154,0.906187005355505
"ENSG00000238543_x_st",0.966027340894666,1.26487232744975,0.977375339764336,1.10259491369431,0.977375339764336,0.90055934230663,0.748974721361005,0.974844759929988,1.11289772227485
"ENSG00000238544_st",0.903190721544044,1.24597051940143,1.44329083505848,0.902060432568379,1.40332115903987,1.19400723837968,1.35729820782316,1.07200311704127,1.19400723837968
"ENSG00000238544_x_st",1.28176922882875,1.07200311704127,0.935144523936197,1.22114982934207,1.07200311704127,1.05169812800957,0.791520785125245,0.979367413166485,1.19400723837968
"ENSG00000238545_st",1.11001354250589,1.07002708281713,0.972512160696235,1.37996479711682,1.13239637578378,1.22545112926303,1.05824363191706,1.00376110443377,0.801433480492027
"ENSG00000238545_x_st",0.817325321424112,0.950668057062392,0.910101433247592,1.13620163537267,0.910101433247592,1.11638685679529,1.03143649322647,0.967134078015171,1.1601051192815
"ENSG00000238546_st",0.912928870571543,1.07200311704127,1.31142873637198,1.11583609748573,1.27476628997396,0.995288950441411,1.06038223295185,0.952101937760065,1.13585916222068
"ENSG00000238547_st",0.977375339764336,0.955842152478603,0.955842152478603,0.831425107378567,0.955842152478603,0.955842152478603,0.955842152478603,1.1914865115667,0.955842152478603
"ENSG00000238549_st",0.834086055103822,1.25449941982567,1.13778478291704,1.5071388688961,1.05701634675296,1.05701634675296,0.975588233799154,0.885378156151503,1.00792245793803
"ENSG00000238549_x_st",1.20139765978239,1.29602543705933,2.42490346920818,1.17692821021929,1.37667073166449,1.57529694419992,0.3534418198546,1.20139765978239,1.15277418507488
"ENSG00000238552_st",1.06224474216637,1.06224474216637,0.726652787541354,1.11875575059238,0.829142211052786,1.60767395596734,1.06224474216637,1.07200311704127,0.963991594218512
"ENSG00000238556_x_st",0.895947226810527,0.869239944108582,0.674880567596458,0.774008772300435,0.836358757953178,0.694327155993954,0.787811831154773,0.913072924553037,0.869239944108582
"ENSG00000238557_st",1.82142478038988,2.00833876678768,1.55785756593394,2.32273396045716,1.9308170922256,2.39177088232173,2.63408668251844,2.25051918294633,1.90190672354666
"ENSG00000238557_x_st",1.45746660255075,1.37032364049121,0.965173378495206,1.4549703757262,1.4549703757262,1.40332115903987,1.4549703757262,1.88088184199194,1.4549703757262
"ENSG00000238559_x_st",1.07797413084354,1.2145902736085,0.722448415864148,1.15835810946502,0.788896809026669,1.13315511015767,1.13315511015767,1.2145902736085,1.2145902736085
"ENSG00000238563_st",0.970682153226124,0.950668057062392,0.879806713979368,1.10866556343929,1.28824370428505,1.03184956598159,1.10866556343929,1.2145902736085,1.25384789071467
"ENSG00000238563_x_st",1.04732635245401,1.04732635245401,0.869239944108582,1.03143649322647,1.04732635245401,1.15367464214459,0.995714672040205,1.28297071154211,1.04732635245401
"ENSG00000238564_st",0.748974721361005,0.917786870906987,0.950668057062392,0.886913842740824,0.917786870906987,0.950668057062392,1.22193914612261,1.26303912394981,0.950668057062392
"ENSG00000238564_x_st",1.02990924440432,0.907905123065902,0.883272231609894,0.907905123065902,1.07200311704127,0.907905123065902,0.67069018922174,1.06947253720692,0.784019334053348
"ENSG00000238565_st",0.84333228167223,1.24364130764273,0.836358757953178,1.00472921052453,1.0320961700162,1.10728307826443,0.977375339764336,0.779029866460931,0.950668057062392
"ENSG00000238565_x_st",0.857891945238911,1.29602543705933,1.40152609900033,1.22690228607346,1.33659206087413,1.29602543705933,1.29602543705933,1.54939465967587,1.29602543705933
"ENSG00000238566_st",0.88990451665726,0.658234053373895,0.695924884165281,0.913072924553037,0.909728346162551,0.878290507716888,0.734314411519606,1.21500757949968,0.985167245664959
"ENSG00000238566_x_st",0.993949005382951,1.44389399773486,1.03560451607075,1.14870846207455,1.28591012879666,0.965315406139748,1.10633198795091,1.20095976522784,1.0347387047318
"ENSG00000238567_st",1.22245679504172,1.03479799947943,1.11028387223304,1.26302873007212,0.915613390815982,1.11190218102679,1.35342182213761,1.13376277803742,1.07200311704127
"ENSG00000238567_x_st",1.14560548174042,1.12407229445469,1.4250311025845,1.29129561864178,1.15695348061009,1.15695348061009,0.906179862409712,1.2145902736085,1.15695348061009
"ENSG00000238568_st",1.17168720928228,1.23655188481085,1.06710287662504,1.15994572289322,1.80463275929044,1.2746952972821,1.08691889463772,1.38436743679149,1.60838975680955
"ENSG00000238568_x_st",0.752974599841487,0.950668057062392,0.950668057062392,0.950668057062392,0.950668057062392,0.950668057062392,1.06026920387993,0.970059126232274,0.915374230076541
"ENSG00000238569_st",0.9121422678776,1.00015389218881,1.00015389218881,1.19819429720096,0.976881222492164,1.00015389218881,1.02634257707927,0.670287589764127,1.14595500596898
"ENSG00000238569_x_st",0.869239944108582,1.19226833978885,1.27061005734384,1.26897368482213,0.560780661999128,0.848934955076886,0.869239944108582,0.560780661999128,0.962016055932063
"ENSG00000238570_x_st",0.830127582982233,0.962091298495831,1.16119327028713,1.14870846207455,1.32490201469204,1.12225259874847,1.12225259874847,1.3660896973439,0.697956766666399
"ENSG00000238571_st",0.977375339764336,1.30602033185647,1.1343053701373,1.3823522349449,1.41331605383702,1.24853794922264,0.997225394177868,0.900348404847884,1.07200311704127
"ENSG00000238571_x_st",0.941614110553696,0.836358757953178,0.921309121522,0.975370274984134,0.909738214590433,0.879374198874251,1.05413790321433,1.02477034937199,0.965027384008208
"ENSG00000238572_x_st",1.10866556343929,0.985993305379999,1.10866556343929,1.0512341564676,1.15695348061009,1.15695348061009,1.10866556343929,1.10866556343929,0.946469014321404
"ENSG00000238575_st",0.977375339764336,0.949934253513191,1.20030563141348,1.0848480235261,0.977375339764336,0.950668057062392,1.04104050408334,1.03501213276274,0.950668057062392
"ENSG00000238575_x_st",0.883017779453111,1.2731414299467,0.872317237519984,1.39473637469582,1.09712895125547,0.71325191915553,1.0028748391452,0.913072924553037,0.785034085963557
"ENSG00000238576_x_st",1.2145902736085,1.33120840376556,1.2145902736085,1.1740236497937,1.00300798082903,1.28131703770146,1.47287333794415,1.2145902736085,1.2145902736085
"ENSG00000238577_st",0.888764973405074,0.741127586145031,0.549432663129457,0.929431904598024,0.802875964649792,0.836358757953178,0.909240740314544,0.9439459527192,0.645329498181835
"ENSG00000238577_x_st",1.07200311704127,1.07200311704127,1.07200311704127,1.5190170668083,0.767644712438319,1.15695348061009,0.740937429736374,1.07200311704127,1.07200311704127
"ENSG00000238579_x_st",1.37225416032308,1.25239487939778,1.35969060137833,1.32146944676855,1.35969060137833,1.35234247493471,1.35969060137833,1.53778075010716,1.2968425095093
"ENSG00000238581_x_st",1.26630528501591,1.30855985597443,1.42167885892134,1.23470601232844,1.39182227239953,1.26630528501591,1.26630528501591,1.28466298489737,1.26630528501591
"ENSG00000238582_st",0.748974721361005,1.00747032905721,1.53193243077904,0.975871056369742,1.0320961700162,0.950668057062392,0.748974721361005,0.775755268947763,0.950668057062392
"ENSG00000238582_x_st",1.05408068479762,1.27312550717459,0.977375339764336,1.14870846207455,1.15711445884964,0.880722527315076,0.959004403777011,1.36281963387691,1.37200486540651
"ENSG00000238583_st",0.951624346521243,0.772302693470284,0.893916708695839,0.913072924553037,1.11572234049661,0.755498997697502,0.902408848622993,0.955691628597719,0.913072924553037
"ENSG00000238583_x_st",0.977375339764336,0.836358757953178,1.0580206343695,1.1509198877519,0.952879482739736,0.812128363397806,1.00162679797174,1.02773547389596,0.900669994731056
"ENSG00000238587_st",0.936177380875282,0.913072924553037,0.913072924553037,0.989787091152897,1.33689877110614,0.836358757953178,0.775992948593603,0.913072924553037,1.50513292299214
"ENSG00000238587_x_st",0.977375339764336,1.1198266075771,1.27465253298484,1.07200311704127,1.1198266075771,0.931232885958516,1.04680011773392,1.08223147506775,1.07200311704127
"ENSG00000238588_st",0.977375339764336,1.25936299066131,1.2145902736085,1.14870846207455,1.07200311704127,1.05701634675296,1.06937118876761,1.07200311704127,1.07200311704127
"ENSG00000238591_st",1.29151211780991,1.07200311704127,1.24185509333816,0.844569118750523,1.24185509333816,1.04016175763678,0.952777721044605,1.1751283292452,0.966598419258741
"ENSG00000238591_x_st",1.15695348061009,1.35971665354278,0.774817701453588,1.28142232719328,1.15695348061009,1.15695348061009,1.62847786682698,1.02670710002122,1.15695348061009
"ENSG00000238592_st",0.748974721361005,0.866770462751963,1.24185509333816,0.927894560788266,1.5868003714455,1.02502868840582,1.32770294303119,1.52361626818847,1.21549337933153
"ENSG00000238592_x_st",1.26935585564477,0.715023697974299,0.76654385299651,1.06156918380673,0.950668057062392,0.649001256788556,0.899372634688843,1.28526643114309,0.950668057062392
"ENSG00000238594_x_st",1.47430311768622,1.34947173107555,1.31594801758379,1.33510423344099,1.68506368570057,1.05701634675296,1.52259095310029,2.38073628866667,1.30896321474868
"ENSG00000238595_x_st",1.06232570333316,1.1364636367448,1.08751757753125,1.40079057920553,1.31109989857696,1.15695348061009,1.23922316506451,1.35714316465555,1.03173390668012
"ENSG00000238596_x_st",0.980316926331746,0.836358757953178,1.47447555311555,0.783493179681089,1.04418700093992,1.11529267053519,1.0688740538637,1.08001889476739,0.924263410763842
"ENSG00000238598_st",0.977375339764336,1.07200311704127,1.03143649322647,1.63735100749767,1.10959824955062,0.815269209974453,1.2310219753233,0.891983376574312,0.990575004087461
"ENSG00000238598_x_st",1.179967957031,1.13734925298632,1.35160614763246,0.936087400973946,1.179967957031,1.50057314136772,1.26223764148542,1.179967957031,1.16057688786112
"ENSG00000238605_st",1.11788810508563,1.10959824955062,0.950668057062392,0.913635048554529,0.917786870906987,0.950668057062392,0.950668057062392,0.779029866460931,1.07093327980997
"ENSG00000238605_x_st",1.26995009858454,0.923834026663605,1.03052447925383,0.979036814678932,0.836358757953178,0.836358757953178,0.9764633257917,1.17922649872439,0.987127401721745
"ENSG00000238608_st",1.31102649607189,0.780816080765497,1.07200311704127,1.1115139847592,1.03695615910893,1.69803415222772,0.832577497710561,1.22064260959312,0.967273386976581
"ENSG00000238608_x_st",1.27974646294539,1.13872988113423,0.846604865367998,1.14870846207455,1.28733396160457,1.06191388367653,1.17161106728964,1.07200311704127,0.996091975385429
"ENSG00000238611_st",1.12689833551017,1.32692385232314,1.15695348061009,0.711941712853142,1.15695348061009,0.910585802180311,1.41523654494574,1.15695348061009,1.18370060750499
"ENSG00000238611_x_st",0.977375339764337,1.0549340259192,1.18776280761153,1.17805932601909,0.950668057062392,1.02010396014123,1.46727347799068,1.37552874857611,1.17276557564343
"ENSG00000238612_st",1.05179532496679,0.85249221282062,1.04302045160181,1.23847752350016,1.39333906146141,1.29626352932353,0.992038557806686,1.16254931174227,0.97353118933488
"ENSG00000238612_x_st",1.11370617768088,1.07515475571268,1.03143649322647,1.16776733114302,1.03935176896745,0.710841770569555,1.23689048212888,0.82212257256628,0.865840835052487
"ENSG00000238615_st",0.679190838614845,0.925991292475135,0.869239944108582,1.14870846207455,0.869239944108582,1.08989753290837,0.748974721361005,0.779029866460931,0.869239944108582
"ENSG00000238618_x_st",0.885024617754477,1.2617905621243,1.18082615873902,1.02306421791505,1.07200311704127,1.14748126301509,0.860555168191369,1.04753366747816,1.54939465967587
"ENSG00000238620_st",1.23922316506451,1.31848090892974,1.16472084824447,1.20162803255515,1.16084960138764,1.23922316506451,1.23922316506451,1.03767023731181,1.36055822504338
"ENSG00000238620_x_st",1.26277122636162,1.30499278818666,1.21036501090972,1.26442616437186,1.28131703770146,1.34163040512809,1.15385400248371,0.954311944252164,0.866166518146655
"ENSG00000238624_x_st",0.983535320106037,0.929902774887051,1.03759647356817,0.805485729787015,0.771953027326566,0.639387873495812,0.96245239254484,0.799549173748448,0.971187364349908
"ENSG00000238625_st",1.23309237959618,0.839867757776567,1.24485016770905,0.976170507982582,0.950480239976049,1.18405863260417,1.1872188191327,1.56476049811042,1.02600069071241
"ENSG00000238625_x_st",1.23922316506451,1.23922316506451,1.70574182303503,1.28507009756047,1.41880130591026,0.990517557629478,1.23922316506451,1.15915102013448,1.16565982668647
"ENSG00000238626_st",1.04078872530757,0.918738701805357,0.913072924553037,0.848770509341738,1.07200311704127,0.668735015771448,0.913072924553037,0.913072924553037,0.913072924553037
"ENSG00000238628_x_st",0.989938898709091,0.888771132470494,0.90527247453143,0.913072924553037,0.977375339764336,1.02100589742588,0.977375339764336,1.06528433196881,1.06013253193542
"ENSG00000238629_st",1.22097418876429,1.43508536056665,1.43508536056665,1.43508536056665,1.43508536056665,1.13341856029282,1.34045758328972,1.67892245916209,1.54939465967587
"ENSG00000238629_x_st",1.07050449911241,1.07200311704127,1.10055964421233,1.14467689173943,1.05794094016765,0.940398343959699,1.10055964421233,1.17994590766013,1.11709781579111
"ENSG00000238630_x_st",1.06197375201449,1.1520752619713,1.07200311704127,1.07200311704127,1.01444516629861,1.11150242327631,1.06197375201449,1.07200311704127,1.07200311704127
"ENSG00000238631_x_st",0.994647314892309,0.950668057062392,1.05850813048241,1.08772046153715,1.10895661400152,0.994647314892309,0.873379413248848,0.814627574425351,0.88991758482762
"ENSG00000238636_x_st",0.903295294735794,0.996071406559274,0.828792977915757,1.04018865408637,0.646309652459441,0.939320058192721,0.939320058192721,0.9493494232195,0.950668057062392
"ENSG00000238639_x_st",0.826203791573826,1.24320771858132,1.10866556343929,1.70698907519466,1.68126317825482,1.21221751838691,1.15582368198915,0.87422243815231,0.946469014321404
"ENSG00000238642_x_st",0.83343191756441,0.913072924553037,0.913072924553037,0.805485729787015,0.964787935960449,0.913072924553037,1.09171498190006,1.186342759177,1.1271840963554
"ENSG00000238645_x_st",1.24185509333816,1.24185509333816,1.24185509333816,1.24185509333816,1.24185509333816,1.16514092673831,1.23922316506451,1.39729397960055,1.3809270497874
"ENSG00000238646_st",1.0830857099128,1.03143649322647,0.810778904426685,1.22385954055706,1.03143649322647,1.15695348061009,0.828673320293782,0.779029866460931,1.03143649322647
"ENSG00000238646_x_st",1.28131703770146,0.966284757671977,0.849840180233729,1.3220870431184,1.28131703770146,1.65231422185118,1.1017388968557,1.40079057920553,1.4203889941507
"ENSG00000238651_st",1.41323419015338,1.56271658890349,1.31027288991383,1.4660334908464,1.39170100286764,0.949189743807805,1.17898266623888,1.16458602917633,1.2006717430963
"ENSG00000238651_x_st",1.15427280149568,1.33852050429553,0.869239944108582,1.70532320783391,1.28131703770146,0.931432905261996,1.07200311704127,0.928902325427648,0.78428958053976
"ENSG00000238652_st",0.857891945238911,0.869239944108582,0.850083728251384,0.744822899008546,1.28131703770146,0.938675847187421,0.869239944108582,0.869239944108582,1.2335529292517
"ENSG00000238652_x_st",0.786569853870359,0.950668057062392,1.07503161415376,0.843080862296369,0.950668057062392,1.32139929258354,0.950668057062392,0.950668057062392,0.950668057062392
"ENSG00000238654_st",1.01492247411601,0.89358741413713,1.07050318468914,1.13328604278944,0.838260711979221,1.05701634675296,1.38050126043221,1.01492247411601,0.950668057062392
"ENSG00000238654_x_st",1.20529560830213,1.27369645274266,1.31640498853048,1.03143649322647,1.07200311704127,0.887599924817541,0.990575004087461,0.995297772007989,1.08339977424822
"ENSG00000238656_x_st",1.07449934386582,1.11257595573626,0.910537051339561,1.07200311704127,1.07200311704127,0.978929970396424,1.07200311704127,1.07200311704127,1.07200311704127
"ENSG00000238657_st",1.10866556343929,1.41555284706513,1.20144167526277,1.20144167526277,1.28131703770146,1.24090361962607,0.897083270659821,1.33780609009644,1.29723072241814
"ENSG00000238657_x_st",0.863284020470219,1.04374120370724,0.906688799232475,0.826251011962356,0.904624790983807,0.950668057062392,0.977375339764336,1.34989774495467,0.950668057062392
"ENSG00000238661_st",1.23838375587878,0.988557641762239,1.13280952202469,0.867393352587467,1.04196349033325,0.984808840778646,1.86891006550403,1.35850312509351,1.35915110062269
"ENSG00000238661_x_st",0.863284020470219,1.17356161104184,0.950668057062392,1.03143649322647,0.950668057062392,0.950668057062392,1.03412668813089,0.83599960125789,0.950668057062392
"ENSG00000238662_st",0.870309781339883,1.07200311704127,0.61653382735216,0.959701975921298,0.990575004087461,0.990575004087461,0.990575004087461,0.933246112595214,0.990575004087461
"ENSG00000238662_x_st",1.01119486553744,0.703232934095464,0.836358757953178,0.913072924553037,1.10582264281437,0.981459085723006,0.981459085723006,1.01302052008997,1.22782676415279
"ENSG00000238663_st",1.06223457104903,1.08761679278642,0.906573932866873,1.28003984011701,1.40682278744997,1.19447449189611,1.10055964421233,0.985672801977427,0.966281732807545
"ENSG00000238663_x_st",1.06809893962449,1.15277155320535,1.03143649322647,1.03143649322647,1.03143649322647,1.1753799154264,1.03143649322647,0.872506300738237,0.831317657117245
"ENSG00000238665_st",1.22189470419121,0.819999777908191,0.876011779296354,0.913072924553037,0.690142632903896,0.994501037506847,1.10055964421233,0.779029866460931,0.933339596189099
"ENSG00000238666_st",1.41263875234072,0.954180937497224,1.17162347863376,1.06371907787429,1.15862755774383,1.07250141311574,1.00650562670534,0.794577978837436,0.951202425122931
"ENSG00000238666_x_st",1.18124580343873,1.07826844334131,1.19960350332019,1.15497378837459,1.45421620028552,1.19960350332019,1.35969060137833,1.22085559990854,1.19960350332019
"ENSG00000238670_st",1.08885838618869,1.18398385286781,1.2256942627896,1.17624242278087,0.731284143032582,1.29055172189008,0.989215049859879,1.40079057920553,0.966928502120675
"ENSG00000238670_x_st",1.1452309425551,1.1452309425551,0.858304847731377,1.18527384119036,1.14915627649813,1.68268715093672,1.27045051648508,0.986300750066865,1.06851098189297
"ENSG00000238673_st",1.10866556343929,1.07200311704127,1.07200311704127,1.07200311704127,0.800206281329837,0.728669732329309,0.748974721361005,1.16384654275342,1.2006717430963
"ENSG00000238674_st",0.977375339764336,1.08338827106388,1.11009555376583,1.04300740015804,1.11009555376583,1.4964868453397,0.984647649298825,1.2145902736085,1.00196015811007
"ENSG00000238676_st",0.977375339764336,1.02933862078609,0.731007661334555,0.974844759929988,0.900669994731056,0.731007661334555,1.52854073296985,1.21301969885243,1.24041211167859
"ENSG00000238676_x_st",1.1966444241206,0.950668057062392,1.1074480730826,1.28773213148691,1.46392367565971,1.14499520743428,1.06535420044565,1.25474165080524,1.07200311704127
"ENSG00000238679_x_st",1.14262009472541,1.04529583433933,1.28131703770146,1.00770070182997,1.07200311704127,1.3085645400852,0.994273885685307,1.0831298838867,0.955821074618551
"ENSG00000238683_st",1.04546643618759,0.833140895810048,0.705930303915586,0.914292890737289,1.24924538567651,0.883114693578512,1.35996279228512,0.927962476336876,0.854055035298891
"ENSG00000238683_x_st",1.15695348061009,0.836358757953178,1.62347213858062,0.949166808772057,1.15695348061009,1.22368024470305,1.11585350278289,1.15695348061009,1.15695348061009
"ENSG00000238684_x_st",0.981901607084461,1.10763638967566,1.07200311704127,1.26442616437186,1.07200311704127,1.07200311704127,0.885024617754477,1.07200311704127,1.09523075191607
"ENSG00000238685_st",1.69704647788254,0.579650165018362,1.17657252163474,1.15011686526264,1.08636244398709,0.836358757953178,1.08636244398709,1.53648496613022,1.00493433103328
"ENSG00000238685_x_st",1.04362433577848,1.36066406921389,0.839783464816633,1.56342053087181,1.00706189346015,1.15695348061009,1.15695348061009,1.15695348061009,1.15695348061009
"ENSG00000238686_st",0.964038853281501,1.53732250760842,2.77801826612903,1.4514508926083,1.28131703770146,1.37474554757502,1.23922316506451,1.19323770638735,1.44091650076589
"ENSG00000238686_x_st",3.02709972589099,3.13841004353452,3.17180914879587,3.72066742616343,3.16077649830838,3.43047269256888,2.86745074419292,3.1384094770369,3.63738468705446
"ENSG00000238687_st",0.977375339764336,1.13630553225257,0.977375339764336,0.940342331256473,1.1414733337397,0.949934253513191,0.977375339764336,0.880498350434352,1.30476442826699
"ENSG00000238687_x_st",0.748974721361005,0.913072924553037,0.738160136438409,0.913072924553037,0.913072924553037,0.882103859591297,1.27157969810908,1.12846920992156,0.925822122077505
"ENSG00000238688_st",1.01317560762016,1.22922827026737,1.10055964421233,1.10055964421233,0.959543062401176,1.01317560762016,1.10055964421233,1.10055964421233,0.992424248556581
"ENSG00000238688_x_st",1.16073890239955,1.18631241615048,0.916392219361108,1.28804418686997,1.15695348061009,0.950668057062392,1.54481918970653,1.18631241615048,1.2302916739804
"ENSG00000238690_st",1.2048819505174,0.956176343082373,0.783389628418875,0.913072924553037,0.956176343082373,0.948434912995432,0.956176343082373,0.997276320909571,1.07644156582995
"ENSG00000238690_x_st",0.883017779453111,1.04599458773869,0.64887203829388,0.913072924553037,1.18695695269568,1.01633345537801,0.85667908815528,1.24459374569408,0.722043664781694
"ENSG00000238691_st",1.02427042176154,0.785247042730927,1.1978149697491,1.14870846207455,1.03561842063121,1.11704653358502,1.03561842063121,1.14964905002738,0.950668057062392
"ENSG00000238691_x_st",1.13630553225257,1.10266679659676,0.942319820907108,1.07200311704127,1.15695348061009,1.07200311704127,1.14112626802713,1.07200311704127,0.849109563061818
"ENSG00000238692_st",1.17848666789583,1.15695348061009,1.15695348061009,1.15695348061009,1.04936706014408,1.10659334647847,1.06956944401792,1.15695348061009,1.39351490365402
"ENSG00000238692_x_st",0.977375339764336,0.989792885215166,0.82722260886333,0.967134078015171,0.913072924553037,0.880191738397633,0.913072924553037,1.07516695819148,0.913072924553037
"ENSG00000238693_st",1.97236253286279,1.40862442859311,1.44524536081139,1.50187705262339,1.11931316263386,1.54939465967587,1.64936598330439,1.54939465967587,1.54939465967587
"ENSG00000238693_x_st",1.87674988816236,1.08623930242817,1.28131703770146,1.28131703770146,1.26875347875671,1.0670342740198,1.25126189260153,1.28131703770146,1.51875569722989
"ENSG00000238694_x_st",0.929415960474042,0.929415960474042,0.929415960474042,0.904946510910933,0.916852401529286,1.07335938267397,1.2171034448111,1.07200311704127,0.885582980029587
"ENSG00000238695_st",0.977375339764336,0.977375339764336,1.2066790638907,0.689776521221073,0.834788183197108,1.29797006242125,0.977375339764336,0.950543425318932,1.2381422438622
"ENSG00000238695_x_st",0.928771424324906,1.01887293428172,1.23312982892786,1.03143649322647,1.46383121403,0.817153729544808,1.03143649322647,1.07526947367093,1.0527980886329
"ENSG00000238696_st",1.21066663789344,1.07200311704127,1.36665871264185,1.04113008887511,1.07200311704127,1.15695348061009,0.984619080449097,1.07200311704127,0.869239944108582
"ENSG00000238696_x_st",0.790308723417451,1.07200311704127,1.19952619228926,1.14870846207455,0.858542682259366,1.0485917877531,1.0485917877531,1.11571798139288,1.0485917877531
"ENSG00000238699_x_st",1.28282496115827,0.956632802267334,0.879904020038627,1.2257611946312,0.835297742288456,1.14127374045805,0.869239944108582,1.22055501881344,1.15626051074636
"ENSG00000238701_st",0.913072924553037,0.73641116241625,0.893916708695839,1.26442616437186,0.791592141730375,1.00584903637652,0.774409403700866,0.779029866460931,1.11034790845954
"ENSG00000238701_x_st",0.869239944108582,1.10824903441495,0.860113093278163,0.869239944108582,1.05797082953996,0.757622249328484,0.869239944108582,0.879269309135361,0.869239944108582
"ENSG00000238702_st",0.718138728156009,0.977375339764336,0.814866290040652,0.977375339764336,1.03376917616209,1.06232570333316,0.977375339764336,0.977375339764336,1.10604396581937
"ENSG00000238703_x_st",1.06473783489872,1.03547269778743,0.978867072264661,1.21213445992422,1.15695348061009,1.03413589891214,1.15695348061009,1.20078646105455,1.15695348061009
"ENSG00000238707_st",1.18473214750749,0.942707047643749,0.86598708698162,0.920651931919294,0.950668057062392,1.05701634675296,1.64661745308722,1.1516441240299,1.05701634675296
"ENSG00000238707_x_st",1.10055964421233,0.828252838726221,1.01710101314384,1.10055964421233,1.02384547761248,1.10055964421233,1.10055964421233,1.26212705835335,1.13344083036774
"ENSG00000238708_x_st",1.17024209914146,1.02120832020879,0.895691332825169,1.07526947367093,0.880191738397633,1.02120832020879,0.977375339764336,1.02120832020879,1.1068687463584
"ENSG00000238712_x_st",1.23922316506451,0.733177865317509,0.841066910244858,1.02738222366225,0.950668057062392,0.950668057062392,0.950668057062392,0.994501037506847,0.719348356958639
"ENSG00000238714_st",1.07200311704127,0.831038939693183,0.904724688397753,1.02430603260336,1.07200311704127,0.950668057062392,1.07200311704127,1.07200311704127,1.7586908927573
"ENSG00000238715_st",0.912568558125878,0.750223446305253,0.916842813762651,0.747206200213582,0.603257316721163,1.22775834681077,0.923307641936459,0.903943191206277,0.904504431469022
"ENSG00000238715_x_st",0.913072924553037,0.66270154665275,1.32553042906143,0.66270154665275,0.785357123798509,0.618868566208295,0.913072924553037,0.913072924553037,1.35499057276998
"ENSG00000238717_st",1.40332115903987,1.07200311704127,0.950668057062392,0.90276786717144,1.27465253298484,1.15695348061009,1.07552536765628,0.90036492643981,0.904783069018034
"ENSG00000238718_st",1.20691871138715,1.10866556343929,1.10866556343929,1.26442616437186,1.10866556343929,1.10866556343929,1.01403778616236,1.01845548579164,1.10866556343929
"ENSG00000238718_x_st",1.23831423694797,0.779320319123329,0.725872544451517,1.05770836835002,1.33960494008122,0.836358757953178,0.977375339764336,1.04324253566944,0.869239944108582
"ENSG00000238722_x_st",0.996693642939458,0.929496921640826,0.730526212479062,1.06232570333316,1.15695348061009,1.53451345228397,1.43230892428908,0.661090309400224,1.06232570333316
"ENSG00000238724_x_st",1.04300740015804,1.04300740015804,0.925735431309956,1.28684449875347,1.04300740015804,1.04300740015804,0.977375339764336,1.04300740015804,0.845204523448502
"ENSG00000238729_st",1.09573890843777,1.1903666857147,0.954722326626611,1.00585663969998,1.36275453522507,1.06903162573582,1.10055964421233,1.03143649322647,1.00467322434512
"ENSG00000238729_x_st",1.51271677922368,1.40332115903987,1.44389399773486,1.62030319968969,1.40332115903987,1.42429194498011,1.20162782333849,1.40332115903987,1.40332115903987
"ENSG00000238732_x_st",1.17147935894231,1.37317269464369,1.82048753878116,1.2006717430963,1.07200311704127,1.1803667540646,1.70774638426373,1.2145902736085,0.921203225130332
"ENSG00000238733_x_st",1.12050566285442,1.07681745558674,0.599514813043302,0.962508156477524,0.84819885736831,0.962508156477524,0.918877598815977,1.2145902736085,0.962508156477524
"ENSG00000238734_x_st",1.07962370200007,1.59996713499645,1.1694220724309,1.14495262286779,1.35803699836359,1.28131703770146,1.28131703770146,1.97281975213842,1.28131703770146
"ENSG00000238736_st",1.05814074082416,1.28270299370609,1.03143649322647,1.12377280121786,0.950668057062392,0.946523046044056,1.04747666489411,1.15854596289658,1.05980943972664
"ENSG00000238736_x_st",1.33528348787351,1.31375030058777,1.09626010884289,1.31375030058777,1.54939465967587,1.31375030058777,1.12370119509404,1.13373056012082,1.31375030058777
"ENSG00000238739_st",1.04423485558504,1.1937948168566,1.29480387563764,1.44396859629859,1.35155522400419,1.00021407475814,1.35872084831418,1.07200311704127,1.13624103524205
"ENSG00000238739_x_st",0.820110455437177,0.950668057062392,1.10866556343929,0.950668057062392,0.950668057062392,0.950668057062392,0.950668057062392,1.02738222366225,0.808030151313589
"ENSG00000238740_x_st",1.33794054703916,1.07387876008859,1.33451345280255,1.38622846420996,1.38622846420996,1.78691466181127,1.83284614103525,1.2145902736085,1.30127810064114
"ENSG00000238744_st",0.977375339764336,1.29378433264889,1.07283988824814,1.40079057920553,1.10028097449928,1.2145902736085,1.35969060137833,1.2145902736085,1.29602543705933
"ENSG00000238745_x_st",1.20916801996458,1.53756210881457,1.07200311704127,0.904149076697242,1.70274306299671,1.35240959671611,1.23922316506451,1.18362046969758,1.44538308148312
"ENSG00000238746_x_st",0.789541345175805,1.07200311704127,1.07200311704127,1.81396413364059,1.07200311704127,0.801209344933597,1.24389272701859,1.2145902736085,1.12371812844868
"ENSG00000238747_st",0.991201226920195,1.21971283802778,1.04394768057356,1.03238864419473,1.02969699578401,0.927341036735167,1.30353800271636,1.47543970135083,0.844444729444157
"ENSG00000238747_x_st",1.47641697017856,0.73641116241625,1.02677541759391,0.826873194228965,0.972055521504342,0.972055521504342,1.38082072577379,0.972055521504342,0.865732936283111
"ENSG00000238748_st",0.977375339764336,0.950668057062392,0.98173510172228,0.73835196073372,0.675675271199956,0.955842152478603,1.22840037770337,1.40620991394519,0.957984270594454
"ENSG00000238748_x_st",1.01583554565821,1.19010432992377,1.09547655264684,1.17218189768012,1.23327694049127,1.2595745466222,1.09547655264684,0.779029866460931,0.946882075285208
"ENSG00000238752_st",1.16854700752991,1.16854700752991,1.16854700752991,1.10012567780605,1.02247350689392,1.21712085344285,1.42837978595791,1.2145902736085,1.2006717430963
"ENSG00000238753_x_st",0.851625795409727,1.07200311704127,0.869225949255741,1.44875804694668,0.730487592585222,1.20787913521982,0.971891018157304,1.05927505474948,1.32254759102432
"ENSG00000238754_x_st",0.992128363601108,1.06800064086288,1.28209985605011,0.950300365196013,1.17347752589867,1.2006717430963,1.54159259001759,1.76740308338123,1.2006717430963
"ENSG00000238756_x_st",0.885740286971754,0.950668057062392,1.18597298117667,0.805485729787015,1.31739914649817,1.17132564586218,1.06497735617161,1.06497735617161,0.950668057062392
"ENSG00000238760_st",1.19460227168549,1.02738222366225,0.748016231765403,0.87323580569538,1.06497735617161,0.950668057062392,1.02738222366225,1.02738222366225,1.39629539817021
"ENSG00000238760_x_st",0.857891945238911,0.740349349030957,1.16183364317604,0.883346980914533,1.30401331786825,0.836358757953178,1.10055964421233,0.670913445952119,0.685544104204998
"ENSG00000238761_st",0.783974731620576,1.21676567540153,1.01133558705183,1.15519371742887,1.02481540574966,1.06461282768686,0.878286669078314,1.57587939454277,1.30199645106809
"ENSG00000238761_x_st",1.03625722900104,1.03625722900104,1.24712622252391,1.03625722900104,0.723907524879662,0.841179493727743,1.10055964421233,0.727797946891581,1.21804618137842
"ENSG00000238763_x_st",1.07429074121696,1.27189618834189,1.26433984671069,0.913072924553037,1.70724324566115,1.33862295243486,1.52854073296985,1.27189618834189,1.12619494374843
"ENSG00000238764_x_st",1.23922316506451,1.22313387259164,1.33744317170085,1.29994987004934,1.22313387259164,1.22313387259164,0.862547641094228,1.89139113329089,1.19397944008195
"ENSG00000238767_st",0.992083739122203,1.29602543705933,1.37878262923041,1.52854073296985,1.29602543705933,1.42931792832018,1.31497930376045,1.10729455162795,1.00747032905721
"ENSG00000238767_x_st",1.31076281557878,1.28131703770146,1.28131703770146,1.24075041388666,1.32494759536301,1.28131703770146,1.28131703770146,1.40265209768034,1.28131703770146
"ENSG00000238768_st",0.899295089208509,0.956623980700755,0.899295089208509,0.7960915106476,0.899295089208509,0.899295089208509,0.869239944108582,0.903901375550119,0.899295089208509
"ENSG00000238768_x_st",1.17849712957563,1.05701634675296,1.10399481275559,1.38580380891722,0.855609141844055,1.05701634675296,1.08164923820897,0.976944201822934,1.28103866677102
"ENSG00000238769_st",0.93773739566577,0.901556392489692,0.985461274207329,0.982220538540578,1.41288160387039,0.883337936263089,0.922511476750711,0.643264016209691,0.755737447105634
"ENSG00000238769_x_st",1.07200311704127,1.07200311704127,1.07200311704127,0.913072924553037,1.07200311704127,1.07200311704127,0.869239944108582,1.07200311704127,1.04529583433933
"ENSG00000238770_x_st",0.977375339764336,1.07200311704127,1.37106465241245,0.899502165493877,1.07200311704127,1.07200311704127,1.09871039974321,1.17020495205183,1.07200311704127
"ENSG00000238771_x_st",0.977375339764336,0.977375339764336,1.12231732709917,0.805485729787015,0.950668057062392,0.911981596316101,0.783728388583601,1.2145902736085,0.977375339764336
"ENSG00000238772_x_st",0.977375339764336,1.02933862078609,0.844546558072004,0.977375339764336,0.73641116241625,0.836358757953178,0.977375339764336,1.40079057920553,1.29602543705933
"ENSG00000238775_x_st",1.07200311704127,0.895341354904482,1.16477922886475,1.30763865456278,1.07200311704127,1.07200311704127,0.682603561247338,1.17404547126035,1.07200311704127
"ENSG00000238776_x_st",0.966885703237834,0.98849984404839,1.43195561122713,1.05757441141915,0.898398334091581,1.26939958614552,1.26031153218739,0.65633901748622,1.05757441141915
"ENSG00000238779_st",0.984619080449097,1.07200311704127,0.984619080449097,0.932212864997201,0.984619080449097,0.992864098984639,0.864353857701519,0.891983376574312,1.07924685772603
"ENSG00000238781_st",1.01267254871424,1.21201543866459,1.0083048500608,1.05814074082416,0.950668057062392,0.763966941279209,1.0083048500608,1.0083048500608,0.988913780890915
"ENSG00000238790_st",1.03561842063121,1.12571993058802,0.952159789562717,0.83326454626544,1.15695348061009,1.05250929396082,0.873421871513326,0.971316005419915,1.39786667395775
"ENSG00000238790_x_st",1.02613890876632,1.10459829736733,1.58537180907616,1.18245537270411,1.12301589809631,1.49126001124473,1.12301589809631,1.3586602571844,0.950668057062392
"ENSG00000238791_x_st",1.03561842063121,1.03561842063121,1.03561842063121,0.848131700971917,1.15695348061009,1.05701634675296,1.03561842063121,1.00706189346015,1.05032681998908
"ENSG00000238792_st",1.09663600849728,1.18425134158817,1.18631241615048,1.27004352205343,1.07200311704127,1.01436632404286,0.881954011547533,1.07200311704127,1.07200311704127
"ENSG00000238792_x_st",1.48801916791499,1.17166187996796,1.2145902736085,1.15695348061009,1.15695348061009,1.15695348061009,1.15695348061009,1.28967369461158,1.09319905933454
"ENSG00000238796_st",1.23922316506451,1.23922316506451,1.22451476570664,1.20162803255515,1.23922316506451,1.23922316506451,1.26385605652051,1.17492074985321,1.23922316506451
"ENSG00000238796_x_st",1.10866556343929,1.44389399773486,1.10866556343929,1.09177469010969,1.01635732786172,1.20144167526277,0.985610099365887,1.10866556343929,1.12001356230896
"ENSG00000238798_st",1.46762357425117,1.40332115903987,1.20055798610719,1.40332115903987,1.46762357425117,1.40332115903987,1.35948817859542,1.40332115903987,1.40332115903987
"ENSG00000238798_x_st",1.04951910676697,1.38358747245538,1.35969060137833,1.29380878984438,1.35969060137833,1.22482767933954,1.35969060137833,1.2145902736085,1.4638367696459
"ENSG00000238799_x_st",0.955396269656499,1.17428831560104,1.45618488733224,1.13943141543467,1.69972781186671,1.16501126896116,1.26650396131241,1.06204009105415,1.20985682262829
"ENSG00000238800_st",1.24389272701859,1.07200311704127,0.842405913709796,1.19618175150745,1.07200311704127,1.15695348061009,0.686846863976367,1.59686794910876,0.807112086723945
"ENSG00000238801_st",1.09395144813011,0.950668057062392,1.09673747357268,1.03143649322647,1.00990330594074,1.15695348061009,0.951795486237843,1.0866174725406,0.909382967313971
"ENSG00000238801_x_st",0.950668057062392,1.15533888973275,0.783389628418875,1.07959991780201,0.950668057062392,0.929134869776658,1.14872306878787,0.926035165606384,0.744224072242877
"ENSG00000238802_st",1.17906867546572,0.950668057062392,1.07200311704127,1.02738222366225,0.760618951568655,0.950668057062392,0.983549243217796,0.832304488388959,0.983549243217796
"ENSG00000238802_x_st",1.10866556343929,1.2219947082709,1.35160614763246,1.17429762383299,1.2219947082709,1.2219947082709,1.36301129008206,1.07200311704127,1.87747265925093
"ENSG00000238804_x_st",0.949905597159161,1.08813598210779,1.58425822725771,0.767981524944732,1.00670786915398,0.950668057062392,1.23922316506451,1.12618141065805,1.00670786915398
"ENSG00000238805_st",1.07749515700847,1.05078787430652,1.75118177376828,1.213209926225,1.25080505873436,1.07443961278841,0.947811860874306,1.11191006406634,0.950668057062392
"ENSG00000238806_x_st",0.977375339764337,1.09218671265511,1.04022343163336,1.04022343163336,0.861214212043692,1.11694339229549,0.933317077276598,1.04022343163336,1.32734682332166
"ENSG00000238807_st",1.40064005649075,1.57329153075292,2.48797999115038,1.70689102655305,2.24888552088273,2.14060608934797,1.14334598411738,0.990407383174633,1.57329153075292
"ENSG00000238807_x_st",1.98923630533814,2.2125327086701,2.10412314757304,2.24164293210367,2.25942776745264,1.75586425424255,1.65817061803324,1.76624405959343,1.7868333192043
"ENSG00000238809_st",1.18537090847257,0.913064102986459,0.905981417592132,1.14870846207455,1.56840542165018,1.28131703770146,0.935175026958031,1.40079057920553,1.05544024970561
"ENSG00000238809_x_st",1.10866556343929,1.07200311704127,1.30635154907722,1.04316713421907,0.880658084495389,1.20381519298674,1.06599324363518,1.4032285384072,1.29602543705933
"ENSG00000238811_st",1.22614953500814,1.03912193088587,0.977375339764336,1.07200311704127,1.07200311704127,1.07200311704127,1.10055964421233,1.07200311704127,0.8656109969709
"ENSG00000238811_x_st",1.07200311704127,1.4320645212294,1.40332115903987,1.07200311704127,0.857746222395128,0.836358757953178,1.22930134829671,1.89808343630525,1.07200311704127
"ENSG00000238815_x_st",1.02933862078609,1.44389399773486,0.908058679314809,1.2006717430963,1.40332115903987,1.06010153131703,1.58095892877037,0.99135782243611,1.2006717430963
"ENSG00000238816_st",1.47004792313284,1.25460975499952,1.28131703770146,1.53960010203711,1.13872988113423,0.780160594424777,1.28131703770146,1.28131703770146,1.23547010520549
"ENSG00000238816_x_st",0.932310357180927,1.14613384990938,0.857808040360891,1.00095152263401,0.780697685349347,1.09585038433777,0.950668057062392,0.92677118598534,0.950668057062392
"ENSG00000238818_x_st",0.674490157085484,1.44389399773486,0.806898244794355,1.3408687984676,1.04338763137638,1.15571489145802,1.23922316506451,0.684519522112263,1.30987372382272
"ENSG00000238819_st",1.09060619547257,1.08425648617704,1.42372342958015,1.2770324452982,0.891178042038224,1.0235889561876,0.904454440639127,0.990944820800495,1.11515014775047
"ENSG00000238819_x_st",1.00274085327008,1.04330747708488,1.10866556343929,1.00274085327008,1.00274085327008,0.836358757953178,1.2145854808875,1.00168455426514,0.921972417106006
"ENSG00000238821_x_st",1.35481816106317,1.24542254087937,1.2006717430963,1.12922382753057,1.2006717430963,1.15695348061009,1.22737902579825,1.2145902736085,1.2006717430963
"ENSG00000238822_st",1.18231404321484,1.2006717430963,1.16062884446104,1.2006717430963,1.13159717572553,1.34585407037168,1.2006717430963,1.89808343630525,1.2006717430963
"ENSG00000238824_st",1.44579634082429,1.03330908893096,1.50244207836215,0.839066008942661,1.18396053063343,1.18396053063343,1.28401312688072,0.95233411511955,1.1788126118532
"ENSG00000238824_x_st",0.88166759826779,1.10055964421233,1.2145902736085,1.13240461639006,0.8915257046632,1.05658038638242,1.10055964421233,1.21674168663505,0.971891018157305
"ENSG00000238832_st",0.756000482230669,1.12027077796546,1.10862822246822,0.909996733494149,0.646309652459441,0.836358757953178,0.957693817932056,1.37670584444262,0.794117072071973
"ENSG00000238834_st",1.01288392539873,1.04735721307688,0.783389628418875,1.47381387270845,1.54522624173919,1.21457726110012,1.21457726110012,1.17698212859077,1.29765552596421
"ENSG00000238834_x_st",0.895487077748266,0.950668057062392,0.950668057062392,0.825151069678769,0.860566547105583,0.853616088465846,1.08349683875472,1.2145902736085,0.994386319548599
"ENSG00000238838_st",1.09871039974321,1.07200311704127,0.902555763206245,0.926820789765893,1.07200311704127,1.10959824955062,0.990575004087461,1.33592533358738,1.07200311704127
"ENSG00000238838_x_st",1.23922316506451,1.1448671003578,0.80447074508906,1.03143649322647,1.06343898740399,1.15695348061009,1.03757327620265,1.2145902736085,0.967890504070299
"ENSG00000238840_s_st",1.01497047227369,0.950668057062392,0.783448009039156,0.950668057062392,0.950668057062392,0.950668057062392,0.699882991685995,1.40079057920553,0.950668057062392
"ENSG00000238841_x_st",1.35584436596837,1.24774121408008,1.30089721032559,1.14870846207455,0.881890667022368,1.15695348061009,1.20169794800149,1.21561647851369,1.20169794800149
"ENSG00000238843_st",1.3919731601702,1.77124794143583,2.51495273207489,1.40079057920553,1.56753735283203,1.48474927199368,1.63464085914363,1.31311108139222,1.40332115903987
"ENSG00000238843_x_st",1.40332115903987,1.14870846207455,1.18989181231642,1.00476503987462,1.07200311704127,1.20510229847231,1.14870846207455,0.861109643531288,1.06728034912074
"ENSG00000238849_st",0.901714110012954,0.915696842597373,1.07525865800051,1.21362055186897,1.20077564538414,0.836358757953178,1.02119750453838,1.02119750453838,1.00727897402618
"ENSG00000238849_x_st",1.23922316506451,0.896301708294205,1.02640786344691,1.42614160416046,0.836358757953178,0.977897526264922,0.959281669807133,1.28648128009631,1.08636244398709
"ENSG00000238851_st",1.10488430319667,1.54301779501709,1.25348838366702,0.979367315813052,1.07200311704127,1.09714287310973,1.12951719465268,1.02481215826664,1.09096577268448
"ENSG00000238851_x_st",0.821230359064878,0.950668057062392,1.32128224982306,1.03143649322647,1.03143649322647,1.13778478291704,1.02077241729643,1.03143649322647,1.39574947836959
"ENSG00000238852_st",1.80377015461287,1.46898538020708,1.66406311548037,1.8502634210774,2.09722829244332,1.66406311548037,1.63886011617302,2.10348159950703,1.66406311548037
"ENSG00000238853_st",0.949735370951059,0.875602473275113,0.913072924553037,0.989787091152897,0.73641116241625,0.913072924553037,1.35729355127915,1.07200311704127,0.913072924553037
"ENSG00000238853_x_st",1.04264418150088,1.08868744757946,0.934508785845124,1.04264418150088,0.736411162416249,1.15695348061009,1.23013090116018,1.04264418150088,1.04264418150088
"ENSG00000238854_st",1.24989111413821,0.996603083465819,1.28131703770146,1.40906719146579,1.4299211181718,1.28131703770146,1.21419084406168,1.28131703770146,1.25460975499952
"ENSG00000238854_x_st",0.976255513912344,1.25473289655843,1.03143649322647,1.02319147469093,0.854774731089682,1.05701634675296,0.764673221132874,1.07200311704127,1.2006717430963
"ENSG00000238855_x_st",1.03679920937908,1.12880538903609,1.49529376296684,1.23117919436884,0.975126127711286,0.878885890254364,1.10055964421233,1.00013676298106,0.950668057062392
"ENSG00000238856_st",0.936476480751629,1.21708900814797,0.783389628418875,1.17245929320238,0.900676212895804,1.08076717788079,1.16487709915496,1.20667476425609,1.0957539481691
"ENSG00000238856_x_st",0.95398257270094,1.35521796663388,1.05701634675296,0.990459241723872,1.05701634675296,1.05701634675296,0.877438205907207,1.18669964288713,1.07200311704127
"ENSG00000238857_st",1.33091812368518,1.30078384198027,1.2006717430963,1.2006717430963,1.15695348061009,1.17396446039436,1.2006717430963,1.2145902736085,1.2006717430963
"ENSG00000238858_st",1.10179238486437,0.836358757953178,0.770726697559477,0.836358757953178,0.836358757953178,0.950668057062392,0.792525777508723,1.07200311704127,1.29975013033725
"ENSG00000238858_x_st",1.31837079547105,1.51303606284652,1.07200311704127,1.25722728173048,1.1666308943182,0.954460520833316,1.07200311704127,1.07200311704127,0.975212143788434
"ENSG00000238859_st",1.95610175163361,1.2006717430963,1.23508665015417,1.07056558794359,1.28131703770146,1.40236507879769,0.977741451447159,1.00112968486475,1.2006717430963
"ENSG00000238860_x_st",0.941334983269661,1.21077225056591,0.950008380272661,1.03143649322647,1.2121938867156,0.950668057062392,1.1642652749188,0.709906715475066,0.950668057062392
"ENSG00000238863_x_st",0.993068757650476,0.984962838423519,0.984962838423519,0.661262476418752,1.04171418679007,1.04171418679007,0.984962838423519,1.54939465967587,0.782199665490831
"ENSG00000238864_st",0.972201244348125,0.885088741876187,1.10817360334198,0.833125460854437,0.950668057062392,0.893031264063986,1.08349683875472,1.00751745714902,1.13618608320405
"ENSG00000238864_x_st",1.23922316506451,1.25948983670057,0.950668057062392,1.10055964421233,1.10055964421233,1.24450306641226,1.10055964421233,1.42934710637659,0.85033454369751
"ENSG00000238865_st",1.40332115903987,1.28131703770146,1.23869833365678,1.49976313692827,1.40332115903987,1.28131703770146,1.05171983436999,1.24372190519211,1.07200311704127
"ENSG00000238865_x_st",1.08835052806743,0.852560446135555,0.649991411672738,1.03143649322647,1.21323742367455,0.866932611387639,0.966869745244769,0.810152711925374,0.966869745244769
"ENSG00000238868_st",1.31903985683059,0.752077455743891,1.09937946110275,1.40145964056506,1.40332115903987,1.07267217840081,0.698144067169815,1.03507704589145,1.07200311704127
"ENSG00000238869_st",1.07900882383755,1.18296355227807,0.845488167949188,0.934587764769369,0.883221330854059,1.15496241267219,0.993051959793039,0.955094707957732,1.14217705527368
"ENSG00000238869_x_st",0.881945189980955,1.28318535951333,1.20175724655952,1.14870846207455,0.777833281532789,1.06475937635651,0.977375339764336,1.04282705407128,1.53318904554723
"ENSG00000238871_st",1.40753669104601,1.0957539481691,0.783389628418875,1.13286028433732,1.1189815830439,1.03821314687982,1.32676825488193,1.40079057920553,1.1189815830439
"ENSG00000238871_x_st",0.857891945238911,1.07200311704127,0.842532661406638,0.898261841610495,0.950668057062392,1.05701634675296,0.983549243217796,0.842659146243574,0.950668057062392
"ENSG00000238872_st",0.821511871839231,1.08092289787913,0.997350152736964,0.846435453376671,1.18369278949863,1.37398323910744,0.954509805193903,0.979710395729404,1.08942127354556
"ENSG00000238872_x_st",1.21833951711242,0.950668057062392,1.11020412145667,0.910287186156547,0.977375339764336,0.609047678179985,1.34152382156042,0.897303194834307,0.817591057675178
"ENSG00000238874_st",0.977375339764336,1.02933862078609,1.10998391539125,0.977375339764336,0.977375339764336,0.977375339764336,0.977375339764336,0.913072924553037,0.786346079992994
"ENSG00000238874_x_st",0.99890852705007,0.977375339764336,1.35160614763246,1.03143649322647,0.73641116241625,0.836358757953178,0.7873262342706,0.977375339764336,0.977375339764336
"ENSG00000238878_st",0.958673972209662,0.967237974895072,1.01903398750697,1.57679048412208,1.20529560830213,1.22060719751161,1.07200311704127,1.07200311704127,1.07200311704127
"ENSG00000238878_x_st",0.933610864209092,0.929902774887051,1.02504337630321,0.805485729787015,0.742734376908716,1.15056036368684,0.944274940139136,1.14703811307182,0.944274940139136
"ENSG00000238885_x_st",1.03872130340152,0.974418888190218,0.844735592056055,0.974418888190218,1.19037149454384,0.790015695966489,1.16190560784952,0.906631016512027,0.950668057062392
"ENSG00000238887_x_st",1.0212827961108,1.0969037015792,1.0212827961108,0.926051624302653,1.0695707132816,1.09071869918964,1.0212827961108,1.14261785608968,0.869239944108582
"ENSG00000238888_x_st",0.975126127711286,1.49878860999201,1.59017845634902,1.0082489027197,1.07200311704127,0.845903914801683,1.07200311704127,1.11583609748573,1.07200311704127
"ENSG00000238889_st",0.989270402658866,1.29602543705933,0.989270402658866,0.958397374492703,0.989270402658866,0.782984979111165,0.989270402658866,1.00842661851606,0.989270402658866
"ENSG00000238889_x_st",0.814056709540876,1.11510653557061,1.57106821612131,0.879688769934577,1.07453369687562,1.05701634675296,1.03698700119002,1.07200311704127,0.999277150722416
"ENSG00000238891_st",1.31131497938287,1.10866556343929,1.10866556343929,1.06809893962449,1.10866556343929,1.10866556343929,0.95451914547242,1.10866556343929,0.987330503460413
"ENSG00000238891_x_st",1.13684935973175,1.29602543705933,1.08581930289774,1.29602543705933,1.29602543705933,1.44462951752967,1.29602543705933,1.2159532921293,1.29602543705933
"ENSG00000238892_st",0.803830791776778,1.05409530042647,0.869239944108582,0.939780207254982,0.977375339764336,0.977375339764336,0.977375339764336,0.977375339764336,1.07200311704127
"ENSG00000238893_st",1.05701634675296,1.05701634675296,0.930187118674669,0.992713931541664,0.847702426092773,1.05701634675296,1.05701634675296,1.1516441240299,1.07200311704127
"ENSG00000238893_x_st",1.0807742122151,0.950668057062392,0.950668057062392,0.700296679162105,0.929134869776658,1.27126277971931,0.800291880299076,1.07200311704127,0.994386319548599
"ENSG00000238895_st",0.856040279785458,0.950668057062392,0.584845311947313,0.805485729787015,0.950668057062392,0.917786870906987,0.950668057062392,1.39139715329897,0.973895691937191
"ENSG00000238895_x_st",1.11788810508563,0.950668057062392,0.759638797291049,0.994501037506847,1.14169731683373,0.836358757953178,0.869239944108582,1.2145902736085,0.950668057062392
"ENSG00000238896_st",1.39968981461348,0.950668057062392,1.15695348061009,1.34315378620712,1.15695348061009,1.09931668761169,1.16830147947976,1.15695348061009,1.15695348061009
"ENSG00000238897_st",1.40486147727955,1.07200311704127,0.975836781746959,1.10866556343929,1.10866556343929,1.10866556343929,1.31964770274307,1.02371519987047,1.10866556343929
"ENSG00000238897_x_st",1.22633286008777,1.1393301234644,1.2145902736085,1.09622670493507,0.950668057062392,1.34010726099212,1.84475800375755,1.39808143637624,1.13382183744442
"ENSG00000238899_st",1.08282021166393,1.06128702437819,1.06128702437819,1.23405013701494,1.06128702437819,1.36564542898114,1.44503227631872,1.27999087702441,0.954581619048974
"ENSG00000238899_x_st",1.13537284614124,0.954147704889537,0.977375339764336,0.910287186156547,0.877427744227408,1.06232570333316,1.06758541741199,0.977375339764336,0.950668057062392
"ENSG00000238900_st",1.07200311704127,1.07200311704127,1.07200311704127,0.926820789765893,1.07200311704127,1.05169812800957,1.07200311704127,1.2145902736085,0.990575004087461
"ENSG00000238900_x_st",0.969549591509679,0.950668057062392,1.2734912894468,1.2237036619473,0.982615725611867,1.15695348061009,1.18366076331204,1.47578577907827,1.28745787626886
"ENSG00000238901_st",0.794550600451962,1.0166393206005,1.71684855518611,1.24314960283753,0.959837048605678,0.836358757953178,0.672123512104168,0.779029866460931,1.09890900505491
"ENSG00000238901_x_st",1.16672220735161,1.25097329579898,0.927296588020905,1.01224695158973,0.879418169897395,1.01224695158973,1.10055964421233,0.954918060097481,1.01224695158973
"ENSG00000238902_x_st",1.17266638179547,1.51802376179241,1.30395660547043,1.25343481795955,1.17266638179547,0.950668057062392,1.06453098613972,1.22185081336854,1.48283787640684
"ENSG00000238905_x_st",1.23505549349696,0.959789413129581,0.950668057062392,1.38785681954826,0.859595466864248,1.10055964421233,1.10055964421233,1.52939421839319,1.10055964421233
"ENSG00000238906_x_st",1.03143649322647,0.742881385224356,1.23707885346652,1.03143649322647,0.998555307071066,0.890866281447196,1.26275619333022,0.868927443502785,1.54939465967587
"ENSG00000238907_x_st",0.944052456634297,1.06230952139263,1.03143649322647,0.984095355269556,1.16960524337318,1.03143649322647,1.23922316506451,0.934559503896486,1.03143649322647
"ENSG00000238910_st",0.950668057062392,1.07200311704127,0.860566547105583,0.913072924553037,0.950668057062392,0.836358757953178,0.763689557775599,1.09674155769838,0.950668057062392
"ENSG00000238914_st",1.07855386476877,1.04567267861337,0.864296970122631,1.14870846207455,1.28131703770146,1.07855386476877,1.14285627998007,0.886130817438187,0.785940800987281
"ENSG00000238914_x_st",1.03393443472195,0.950668057062392,0.686079113229535,0.935681286774085,0.684341352341327,0.935681286774085,1.01433322138139,0.913072924553037,0.793043381025282
"ENSG00000238918_x_st",1.23922316506451,1.11788810508563,1.38181032163173,0.763391857150061,1.4485370857247,1.21768997777877,1.40644321308774,1.23922316506451,1.34396131518824
"ENSG00000238920_x_st",0.98321765897229,0.957422390242981,1.10866556343929,0.918915243760991,0.840630502405062,0.767351899456776,1.20614795062143,1.22043259281645,1.40916347824783
"ENSG00000238922_st",1.10866556343929,1.00231727374872,1.44389399773486,1.14870846207455,0.56961764799895,1.10866556343929,1.39635304777635,0.809244052940227,1.18032963057328
"ENSG00000238922_x_st",1.10866556343929,1.03345169507306,0.956731734410936,0.888849336659242,1.27126277971931,1.15695348061009,0.977375339764336,1.07200311704127,1.12880538903609
"ENSG00000238925_st",1.01682213772714,1.07200311704127,1.06404210762263,0.964415922275248,1.07200311704127,1.17835140673184,1.23922316506451,1.2582034226383,1.07200311704127
"ENSG00000238925_x_st",1.05593235025107,1.19181188060389,1.01860230692184,1.14870846207455,1.72072778198608,1.16979138963575,1.28927867385382,0.855931985173253,0.930971919601263
"ENSG00000238929_st",1.39262461597755,1.27114383315489,1.40332115903987,1.65054485430826,1.9808715171436,1.14290469388461,1.03968089761629,1.40332115903987,1.46562671689183
"ENSG00000238931_st",1.37736883776976,1.01133558705183,0.959775565136363,1.05817002265574,0.901371168806986,0.998174180780405,1.41075726439903,0.966230548228005,1.01133558705183
"ENSG00000238931_x_st",0.954190307677405,0.878738502365124,1.09151227038123,1.1616001252963,1.09151227038123,0.954190307677405,1.16988583405809,0.954190307677405,0.869239944108582
"ENSG00000238932_x_st",1.20030563141348,1.0914998106381,0.597595020644129,0.77877844708507,1.11057793793917,1.15331747300597,0.869239944108582,1.03417091914585,0.917988876723134
"ENSG00000238934_st",1.60250447630017,1.27118643430157,1.60250447630017,1.10693341860352,1.28131703770146,1.00116154776498,1.52854073296985,1.40079057920553,1.50629124114653
"ENSG00000238934_x_st",1.26104860865962,1.14631573002905,1.36697331882883,1.52854073296985,1.07841821082672,1.67714481344019,1.36697331882883,1.36697331882883,1.71327813111574
"ENSG00000238935_s_st",0.980294421464757,1.02401268395097,0.774008997917056,1.36134674344087,0.980294421464757,0.851072208555154,1.10055964421233,1.14439262465679,0.789265161693414
"ENSG00000238935_x_st",0.956634500110954,1.12718170672593,1.19051981970767,1.26442616437186,1.1755265460555,1.11944027663899,1.30835532774783,1.06211138514674,1.1987541809303
"ENSG00000238936_x_st",1.24458094262166,1.13728522064111,1.48875297146419,0.886913842740824,1.20351646679089,0.950668057062391,1.0807742122151,1.18111820108557,1.6713664355724
"ENSG00000238938_st",1.07200311704127,1.39120141522599,1.08335111591094,0.9260528846555,1.40332115903987,1.07200311704127,0.748974721361005,1.42870144541086,0.869239944108582
"ENSG00000238938_x_st",1.26593044776645,1.12491386595529,1.61183831429409,1.14870846207455,1.11847098019797,1.2063419789091,1.23922316506451,1.91937788063179,1.23922316506451
"ENSG00000238939_st",0.748974721361005,1.07200311704127,1.07200311704127,1.1260642705034,1.28131703770146,0.823297509606242,1.07200311704127,1.07200311704127,1.26330806788547
"ENSG00000238939_x_st",1.10055964421233,1.72873041701531,0.871065347232477,1.38987721211768,1.10055964421233,1.18794368080451,1.08989556828229,0.997259864407506,1.29158890398368
"ENSG00000238940_st",1.10866556343929,1.72873041701531,1.10866556343929,0.93677595346197,1.44346994950666,1.00097653781542,1.05460440997716,1.07522583635824,1.45817834886453
"ENSG00000238940_x_st",0.693654456259823,1.0572947176834,0.883355582086239,1.13806315384748,1.65602132029688,1.0572947176834,1.01346173723895,1.01969958517405,1.07200311704127
"ENSG00000238944_st",0.849072825392128,0.930986535230111,1.32074889581066,1.0192315467552,1.1666308943182,0.828166018445837,1.23922316506451,1.07200311704127,1.01297823969148
"ENSG00000238944_x_st",1.04566834788329,1.05701634675296,0.96238856947603,1.3008534453484,1.18137990384433,1.05701634675296,0.956904247868998,1.07200311704127,1.05701634675296
"ENSG00000238945_st",0.977375339764336,1.2145902736085,1.04864582824871,1.50540679044414,1.54939465967587,1.28131703770146,1.33407366813392,1.2145902736085,1.2145902736085
"ENSG00000238946_st",1.40332115903987,0.836358757953178,1.03333793808395,0.913072924553037,1.11476605103776,1.36113372946754,0.900655379102208,0.8760224876462,0.873948096400263
"ENSG00000238946_x_st",1.09882062584813,1.06026920387993,1.20128578569108,0.902188154275835,1.14091449848509,1.01655094139372,0.855604376873093,1.07418773439212,0.866268452803137
"ENSG00000238947_st",1.32368015205125,1.40332115903987,1.46762357425117,1.20218994733998,1.40332115903987,1.40332115903987,1.46762357425117,1.2145902736085,1.40332115903987
"ENSG00000238947_x_st",1.38023974687566,1.23922316506451,1.04819390529316,1.20762389237704,1.53696016060553,1.23922316506451,1.07309514541019,1.23922316506451,1.29602543705933
"ENSG00000238948_st",0.977375339764336,0.883069452467452,0.963837888631531,1.33319197461059,1.09732634711359,1.10055964421233,1.10055964421233,1.16644145574628,1.46487262935546
"ENSG00000238951_st",0.802519757953305,1.01396121122794,0.773779201210186,1.19831536261484,1.27985613740655,1.02945856309107,1.3056842644525,1.0765546770447,0.872311050544445
"ENSG00000238951_x_st",1.10866556343929,1.03143649322647,0.900831331035914,1.03143649322647,0.872260415898896,1.03143649322647,0.944052456634297,1.11286460618028,1.06903162573582
"ENSG00000238954_x_st",1.07200311704127,1.07200311704127,1.19226833978885,0.711941712853142,1.28131703770146,1.25158125788703,1.23922316506451,1.07200311704127,0.950668057062392
"ENSG00000238956_s_st",5.00360465843741,4.35531674724905,5.74892489942394,5.12238024541217,4.93876034664261,5.10910446010208,4.62892429576894,4.48718571249636,5.43322756860296
"ENSG00000238960_x_st",1.13524353706547,1.04456203079012,1.1666308943182,1.23387717405014,1.07200311704127,1.28131703770146,0.963867721385516,1.07200311704127,0.748016536013801
"ENSG00000238963_st",0.977375339764336,0.950668057062392,0.950668057062392,1.4554554241432,0.853666337948609,0.976247910588885,0.663617232454872,0.970059126232274,0.950668057062392
"ENSG00000238963_x_st",1.14193813234068,1.14193813234068,1.04199053680376,1.41134462278281,1.10055964421233,1.14193813234068,1.10055964421233,1.520169647996,1.14193813234068
"ENSG00000238966_st",1.07200311704127,1.07200311704127,1.10287614520743,1.07200311704127,1.07200311704127,0.787575325956414,1.10982862232338,1.12963991003968,1.1666308943182
"ENSG00000238968_st",1.10866556343929,1.10866556343929,1.08195828073735,1.16272671690143,1.10866556343929,1.10866556343929,1.08781163673328,0.995175932858491,1.10866556343929
"ENSG00000238968_x_st",1.07989026997199,1.06599668191535,1.01373618930724,1.0274840545201,1.17496874801089,0.950668057062392,1.25334231168776,1.13507124928612,1.26373987534115
"ENSG00000238969_st",0.979996937384261,1.04877548216647,1.2722270666069,1.31288202876813,1.07200311704127,1.07200311704127,1.07200311704127,1.12963991003968,1.27465253298484
"ENSG00000238969_x_st",0.913072924553037,0.945506187439351,0.913072924553037,1.03829249848301,1.05914642518903,1.39046446718763,1.0540895063642,0.913072924553037,0.796890882130318
"ENSG00000238970_st",0.814173682752704,1.07200311704127,1.2145902736085,1.03253643551006,1.15695348061009,1.15695348061009,1.56363651808568,1.35707231671932,1.1898346667655
"ENSG00000238970_x_st",1.15695348061009,1.27828854058897,1.04474391691043,1.15695348061009,1.19454861311945,1.15695348061009,0.99285527741806,1.40079057920553,1.45160907621068
"ENSG00000238972_st",0.726656500521835,0.816758010478644,1.05082583356682,0.885832577849409,0.877145059959229,0.916705606015572,0.829321569423399,0.736685865548614,0.759638797291049
"ENSG00000238972_x_st",1.23922316506451,1.07200311704127,1.03143649322647,1.07200311704127,1.07200311704127,1.07200311704127,0.99314103826329,0.99314103826329,1.2006717430963
"ENSG00000238974_x_st",2.03445208160385,1.3158402156367,1.40079057920553,1.19300390736749,1.56155364547722,1.40079057920553,1.52733086637266,1.40079057920553,0.96426135828674
"ENSG00000238975_x_st",0.763852248667395,1.04877548216647,0.73641116241625,0.618868566208295,0.73641116241625,0.735628491149144,0.73641116241625,0.556391421949292,0.850720461525464
"ENSG00000238978_st",1.46662165873077,0.950668057062392,1.32753981905386,1.16344182507849,1.14021419020369,1.08117214062408,1.22174235240335,1.50794391368386,1.11759489258253
"ENSG00000238979_st",0.950668057062392,1.05701634675296,0.938104498117637,1.11286460618028,0.923960774360447,1.05701634675296,0.950668057062392,0.971521983768407,0.778320216028478
"ENSG00000238981_st",0.938654166522803,1.07200311704127,0.864151849702767,1.32074784625163,0.931190835671853,1.03143027834628,1.03143027834628,0.941220200698632,1.03143027834628
"ENSG00000238981_x_st",0.972201244348125,1.07200311704127,0.950668057062392,0.913072924553037,0.950668057062392,1.16558805756865,0.748974721361005,1.27607731503782,0.912218834952111
"ENSG00000238982_x_st",0.869239944108582,0.739133788955873,0.994459518038559,0.869239944108582,0.856676385163827,0.854531544750716,1.08214087073094,0.869239944108582,0.869239944108582
"ENSG00000238983_st",0.865547372417918,1.03909192040548,1.24185509333816,0.97533770608391,0.939144324868549,0.913835289588719,1.18010850221664,1.1466791151715,1.14323808867305
"ENSG00000238983_x_st",0.984619080449097,1.44389399773486,1.56488348901843,0.939394541414361,1.07200311704127,0.857720353359608,1.07200311704127,1.07200311704127,0.898492183126305
"ENSG00000238984_st",0.881954011547533,1.08698988732958,0.94333449098624,1.04113008887511,1.01436632404286,1.07200311704127,1.10055964421233,1.08698988732958,1.31101220734763
"ENSG00000238984_x_st",1.24185509333816,1.40332115903987,1.24185509333816,1.59574420637046,1.54579679127529,1.65698861462885,1.85985877496846,1.32053307820152,1.25947104783278
"ENSG00000238985_st",0.875058250530093,0.75100254113813,1.13419821190647,0.820077108508896,0.944494153608932,0.944494153608932,0.977375339764336,1.07200311704127,0.977375339764336
"ENSG00000238986_st",1.02604119956564,0.857746222395128,1.23000062341817,1.07200311704127,0.885024617754477,1.37476463186881,1.07200311704127,1.07200311704127,1.22060719751161
"ENSG00000238986_x_st",1.26233678012767,1.09511673210443,1.09511673210443,1.09511673210443,0.937611185824845,1.09511673210443,1.01547572511581,1.2145902736085,1.09511673210443
"ENSG00000238988_st",1.10866556343929,0.950668057062392,1.10866556343929,0.94242303852685,0.84431976737182,0.950668057062392,0.977375339764336,0.950668057062392,0.950668057062392
"ENSG00000238988_x_st",0.992540051664678,1.15695348061009,0.897221602984006,0.96674478293537,1.15695348061009,1.15695348061009,1.44550858861221,1.15695348061009,1.19454861311945
"ENSG00000238991_st",1.10604396581937,1.2006717430963,0.893916708695839,1.1601051192815,0.938823917796131,0.965027384008208,1.10604396581937,0.938823917796131,1.36678592225986
"ENSG00000238992_st",1.15695348061009,0.998955974233192,1.19297824406702,1.1045472651582,1.32960495487226,1.05701634675296,1.90916457196099,1.21213445992422,1.12762460028822
"ENSG00000238994_st",0.966078406872063,1.07200311704127,1.10057403217829,1.27004352205343,1.07200311704127,1.07200311704127,0.990575004087461,1.07200311704127,1.07200311704127
"ENSG00000238995_st",0.683710574534247,1.08494596846718,0.893916708695839,0.893916708695839,1.15695348061009,0.893916708695839,0.692223372994452,1.04735083595783,0.812488595742029
"ENSG00000238995_x_st",0.857891945238912,1.19636313303537,1.28315496388999,1.11863390167941,1.24415088906303,1.11863390167941,1.11863390167941,1.11863390167941,1.11863390167941
"ENSG00000238996_x_st",1.40332115903987,1.33592533358738,1.10028097449928,1.2145902736085,1.21712085344285,1.2145902736085,1.15807926518249,1.14225955876541,1.08009442432388
"ENSG00000238999_st",1.23922316506451,1.41478291489866,1.53483718348112,0.970259158019149,1.2006717430963,1.68268715093672,0.945056158711799,0.786735575951056,1.2006717430963
"ENSG00000238999_x_st",1.10055964421233,1.08799608526758,0.970453489059626,1.02333057399951,0.942562137835435,1.18794368080451,1.10055964421233,1.00792394033755,1.4235880398926
"ENSG00000239000_st",0.908753755879186,1.45580447157751,1.20620229803296,1.19121552774465,1.28131703770146,1.19121552774465,1.19121552774465,1.13835095921066,1.16746469661683
"ENSG00000239000_x_st",0.906364958224961,0.971997018618662,0.971997018618662,1.03143649322647,1.06887400794865,1.15382437151747,0.971997018618662,0.80264399932872,0.971997018618662
"ENSG00000239005_st",2.24786128418879,2.14791368865187,2.24786128418879,2.38042898456239,2.24786128418879,2.24786128418879,2.38887786599995,2.70596002359989,1.92564136237922
"ENSG00000239005_x_st",1.40332115903987,1.40332115903987,1.43620234519528,1.48003532563973,1.33543988659312,1.51789891377394,1.23856289726314,1.07717091852841,1.40332115903987
"ENSG00000239008_st",1.03396707306082,1.03143649322647,1.03396707306082,1.03143649322647,1.07200311704127,0.954620495768764,1.02077241729643,1.03143649322647,1.03143649322647
"ENSG00000239008_x_st",1.07200311704127,1.09589998811832,1.07200311704127,1.07200311704127,0.995288950441411,0.836358757953178,1.23922316506451,1.07200311704127,1.07200311704127
"ENSG00000239011_st",1.10866556343929,0.98718478061663,1.44389399773486,1.10866556343929,1.00871796790236,1.15695348061009,1.10866556343929,1.12951949014531,1.03194560277716
"ENSG00000239011_x_st",0.977375339764336,0.864046194932728,1.11996249633156,0.818445147276104,0.864046194932728,0.977375339764336,0.748974721361005,1.2145902736085,1.09871039974321
"ENSG00000239013_x_st",1.84863159629651,2.00201825539223,1.81196914989849,1.69442655369054,1.61242709166694,2.23023436692829,1.81196914989849,1.81196914989849,1.70071903279754
"ENSG00000239015_st",0.944494153608932,1.1342820646349,1.05284690118407,0.926820789765893,1.03912193088587,1.32537233965781,1.07200311704127,1.17676825918747,1.07200311704127
"ENSG00000239015_x_st",0.766574875207019,1.10488430319667,1.03143649322647,0.869239944108582,0.909806567923382,0.836358757953178,0.902121130263987,0.821755854521144,0.788471507944504
"ENSG00000239017_st",1.10866556343929,0.818447499267886,0.793770663854722,1.01087054659847,1.10613498360494,1.43745302560355,1.10613498360494,1.4349224457692,1.10866556343929
"ENSG00000239017_x_st",1.22872109476321,1.07200311704127,0.899933632598952,1.24787731062041,1.40680750310864,1.22872109476321,1.20404433017595,1.54939465967587,0.911431266394459
"ENSG00000239018_st",1.27901467148605,1.5436036153189,1.40453165886967,1.27901467148605,1.27901467148605,1.05701634675296,1.08931061318851,1.3008534453484,1.19758655853224
"ENSG00000239018_x_st",0.977375339764336,0.974844759929988,1.03123859632775,0.762070991913886,0.932226055885306,0.924484625798365,1.23922316506451,0.974844759929988,1.03879392490758
"ENSG00000239020_st",0.977375339764336,1.05409530042647,0.84408284850348,0.911493528230389,0.964811780819581,1.0441021038573,0.977375339764336,0.996766408934219,0.977375339764336
"ENSG00000239020_x_st",1.19052183044709,1.39856004817346,1.03143649322647,1.03143649322647,1.61646764972263,1.27016283743572,1.27016283743572,1.28514960772403,1.25077176826584
"ENSG00000239024_st",1.07511755334203,1.2006717430963,1.33718019191926,0.96194539888705,0.785283636750263,0.978673418363217,1.2290447962635,1.18104226351123,1.11924363014249
"ENSG00000239024_x_st",1.10866556343929,1.47496965274548,0.929518889654894,1.11655371625551,0.878959792416975,0.994371031922154,1.01178857410931,1.44449355406529,0.973237152141102
"ENSG00000239025_st",0.981901607084461,1.07200311704127,1.03143649322647,0.954460520833316,1.07200311704127,1.07200311704127,1.21301969885243,1.10081013515277,1.07200311704127
"ENSG00000239025_x_st",1.03579552206401,0.978421750023919,1.48244824940136,0.913072924553037,0.921004202537374,0.871515395667156,0.937542374116145,0.90898584694508,0.937542374116145
"ENSG00000239026_st",1.23922316506451,1.70531715718063,1.11046874602479,1.04337351184086,1.04149566576873,1.2006717430963,1.13630553225257,1.07200311704127,1.2006717430963
"ENSG00000239026_x_st",1.19803981482264,1.07933668311742,1.3586692494732,1.66160422337553,0.950668057062392,1.07933668311742,1.21216546480975,1.32200680307518,1.19364598222664
"ENSG00000239027_x_st",1.32307005471634,1.2145902736085,1.60242884975747,1.17711982233057,1.01461077260689,1.64606713107623,1.2145902736085,1.2145902736085,1.13787031294637
"ENSG00000239031_st",1.21213119018697,1.2006717430963,1.23733418949432,1.23733418949432,1.48121474555138,1.23733418949432,1.28711816762133,1.00169865197281,1.56159888030859
"ENSG00000239031_x_st",1.10866556343929,1.07200311704127,1.12132849429869,1.17429762383299,1.17429762383299,1.25924798740181,1.198930515289,1.06208806013333,1.2219947082709
"ENSG00000239033_st",1.05701634675296,0.768461238750849,1.3094229735185,1.25505675176512,1.05701634675296,1.05701634675296,1.20690793390291,1.05701634675296,1.05701634675296
"ENSG00000239033_x_st",0.857891945238911,1.3863360469922,0.718523249913016,0.711941712853142,1.09939552986743,0.821742878974155,0.869239944108582,0.73773698158245,0.947943115744042
"ENSG00000239034_st",1.36851041289545,0.96564600578412,1.36252982678997,1.04236017238398,0.775596900290383,0.950668057062392,1.30219295081197,1.03289412981161,1.07995530489333
"ENSG00000239034_x_st",1.11892656046455,0.768061419104146,1.24545296173874,0.913621125442769,1.12344884040033,0.977375339764336,0.977375339764336,0.977375339764336,0.977375339764336
"ENSG00000239035_x_st",1.36693875660237,1.87976439727102,1.5310369597944,1.66160422337553,1.40332115903987,1.56863209230376,1.48720397934995,1.5310369597944,1.5310369597944
"ENSG00000239037_st",1.19361592700811,0.808230564030526,0.96592422083875,1.14870846207455,1.15695348061009,1.60960658258757,1.30684506776004,1.27828854058897,1.15695348061009
"ENSG00000239038_x_st",1.16472898448733,0.82640415529731,0.923764807139239,1.03143649322647,1.07200311704127,1.05701634675296,0.950008380272661,1.07200311704127,0.840407233455127
"ENSG00000239041_st",1.72498746776321,1.7310227162524,1.32732542326412,1.60180316331521,1.60180316331521,1.46123295153593,1.29904164848767,2.07317975272117,1.72587091621901
"ENSG00000239041_x_st",1.25167096789755,1.43996603759598,1.65051716706811,1.40332115903987,1.27002866777902,1.40332115903987,1.34681015061386,1.90320938100813,1.36650610186033
"ENSG00000239044_st",1.13630553225257,0.967237974895072,1.07200311704127,1.24333623935148,1.07200311704127,1.22060719751161,1.07200311704127,1.07200311704127,1.18541827795003
"ENSG00000239044_x_st",1.09984814440397,1.2006717430963,0.813901240232978,1.10928040739616,1.15695348061009,1.03195139683943,1.23922316506451,1.10866556343929,1.11181098723051
"ENSG00000239045_st",1.47217425321117,1.07082598166199,1.64953635797491,1.43640476797819,1.38990456875675,0.850734067677057,1.05692908655079,1.67039028468093,1.35969060137833
"ENSG00000239045_x_st",1.06846950173433,1.1903666857147,1.07913357766438,1.03143649322647,1.06846950173433,1.14989761468814,0.965804432832769,0.748662220755208,1.27016283743572
"ENSG00000239046_st",0.984619080449097,1.07200311704127,1.07200311704127,1.07200311704127,1.07200311704127,1.21718544431665,0.977375339764336,1.07200311704127,0.995283156379141
"ENSG00000239046_x_st",0.829743157525083,1.03143649322647,1.03143649322647,1.51579419872123,0.790472315878383,0.728669732329309,1.03143649322647,1.13736120339568,1.15666558905524
"ENSG00000239049_st",1.30027240565587,1.24834859007781,1.4386705705921,1.20809191733224,1.18967573464187,1.05059029515924,1.15813429739272,1.30865752318219,1.27834995772727
"ENSG00000239049_x_st",0.978157167986489,0.909812782803569,0.707761753751863,0.802151790500793,0.754930644999368,0.92563378050634,0.869239944108582,0.990575004087461,0.787811831154773
"ENSG00000239052_st",0.977375339764336,0.836358757953178,0.759638797291049,1.14870846207455,0.774006294925604,0.950668057062392,0.977375339764336,1.05176381305728,1.07200311704127
"ENSG00000239052_x_st",1.08865146727556,0.950668057062392,0.950668057062392,0.833125460854437,0.950668057062392,0.950668057062392,0.549432663129457,1.18631241615048,0.829332997083513
"ENSG00000239054_x_st",1.23922316506451,1.16447856883493,1.29679467830341,1.23698507812071,1.26442616437186,1.25806800568191,1.34279972804872,1.40079057920553,1.3080567220334
"ENSG00000239055_st",1.35948838781208,1.15683897186851,1.44091650076589,1.48870794074928,1.35948838781208,1.56880230847227,1.23922316506451,1.35948838781208,1.26278531598937
"ENSG00000239055_x_st",0.831407131953388,1.09217023575772,1.00631992006802,1.28459328308831,1.09217023575772,1.2799466384021,0.869239944108582,1.42095769792198,1.15443552763365
"ENSG00000239056_x_st",1.20869503986809,1.13901819261971,0.950668057062392,1.10055964421233,1.1314326723785,1.10055964421233,1.10055964421233,1.01034956656468,1.29602543705933
"ENSG00000239058_st",0.857891945238911,1.07200311704127,0.920715818314082,0.933940037586225,0.878565191829486,0.950668057062392,1.09123826884167,0.840970059320131,0.994386319548599
"ENSG00000239059_st",0.977375339764336,1.07200311704127,1.24364130764273,1.07200311704127,1.32414421716956,1.07200311704127,0.767644712438319,1.07200311704127,1.07200311704127
"ENSG00000239059_x_st",1.01359046520596,0.829955179350123,0.684797480750424,0.805485729787015,0.954089810257357,0.872573883394805,0.872573883394805,0.692554142927847,0.84401735622374
"ENSG00000239061_x_st",1.07200311704127,1.18631241615048,0.988544485972772,0.976738680034799,0.950522334218608,1.1516441240299,1.07200311704127,1.2145902736085,1.07200311704127
"ENSG00000239062_st",0.950668057062392,0.950668057062392,1.16108665717409,0.950668057062392,0.950668057062392,1.05701634675296,0.788471507944504,0.991234680877192,1.18666945995329
"ENSG00000239062_x_st",0.877629352563193,0.833650094733276,1.33028245454068,1.17786028755638,0.850922069861249,1.33028245454068,1.10055964421233,0.793593178369002,0.694653365148352
"ENSG00000239063_st",0.937156718804756,1.35727280475083,1.28797292104395,0.626998750995443,1.21246828175461,1.20170168811174,1.48035879566452,1.45349269117611,1.23010927030037
"ENSG00000239063_x_st",0.607870881868287,0.848065773582757,0.652522499989605,1.26442616437186,1.31497097148277,1.28999555621855,1.37226524067296,1.79548115282561,1.17680912456695
"ENSG00000239064_x_st",1.07200311704127,1.07200311704127,1.13798480889932,1.00770070182997,1.05674695326491,1.27465253298484,1.07200311704127,1.10947356831919,0.865717693493569
"ENSG00000239065_st",1.03143649322647,1.07200311704127,1.19363304234436,0.979030277774574,0.994774046828448,1.1753799154264,1.27410419219989,1.03143649322647,0.759638797291049
"ENSG00000239066_st",1.18043386278573,0.910974180807845,1.42394016308327,0.930074950410146,0.911091038609057,1.12789028888559,0.923307641936459,0.942136116277538,0.943061112751961
"ENSG00000239066_x_st",1.16107177889119,1.44425751806431,1.10866556343929,1.10866556343929,1.03196021840601,1.10866556343929,1.12122912238405,1.2145902736085,1.08398879885204
"ENSG00000239067_x_st",1.19671558531168,1.12699051073032,0.946995663218739,0.8717259949423,0.752342996196369,0.81489067604043,0.732530596170562,1.07200311704127,0.662847824038212
"ENSG00000239068_st",0.871898454728547,0.950668057062392,1.13995229979774,1.14870846207455,0.977375339764336,0.977375339764336,0.977375339764336,1.35560685541966,1.0774874386483
"ENSG00000239068_x_st",1.00555290715975,1.07200311704127,1.28909254157869,1.16472898448733,1.68268715093672,1.29024597187095,1.23385213547319,1.01558227218653,1.18558291119334
"ENSG00000239072_st",1.20654734224382,1.5801008497027,1.24487241540713,0.913072924553037,1.24487241540713,1.24487241540713,1.47738771131766,1.1634372519563,1.24487241540713
"ENSG00000239073_st",1.03686929069873,1.2134278963352,1.23922316506451,1.23922316506451,1.28131703770146,1.22448245961439,1.23922316506451,1.23922316506451,1.42038145086315
"ENSG00000239077_st",1.23148800406386,1.36185924839669,1.40503255205142,1.55989965340885,1.40332115903987,1.32426411588734,1.28043113544288,1.15262592528588,1.32426411588734
"ENSG00000239077_x_st",1.16440271268532,0.977375339764336,0.977375339764336,0.977375339764336,0.998458267325533,0.977375339764336,0.977375339764336,0.865165776064677,0.834737434015534
"ENSG00000239079_x_st",1.07200311704127,0.964707395060723,0.895341354904482,1.18421268074093,1.15695348061009,1.01436632404286,1.38595357640262,1.07200311704127,1.2006717430963
"ENSG00000239080_st",0.975828801718383,1.06860491354186,1.33252713008797,1.49133595512993,1.52125801551935,1.82049495213999,1.35969060137833,2.04504310856465,2.01141400644311
"ENSG00000239080_x_st",0.696324531097892,1.44389399773486,1.23922316506451,1.23922316506451,1.53387876066509,1.84863159629651,1.23922316506451,1.23922316506451,1.0316974268927
"ENSG00000239083_s_st",1.15940929429437,1.25516311230349,1.29954063717732,1.07569527894048,1.37352046609673,1.19988187425063,1.2145902736085,1.2145902736085,1.29602543705933
"ENSG00000239084_st",1.10866556343929,1.07011414147109,1.07011414147109,1.07011414147109,0.705965659675001,1.12744303296333,1.07011414147109,1.07011414147109,1.07011414147109
"ENSG00000239084_x_st",1.28131703770146,1.18824389105661,1.5275322366365,1.28131703770146,1.28131703770146,1.28131703770146,1.10055964421233,1.54939465967587,1.28131703770146
"ENSG00000239086_st",1.30115009539386,1.29602543705933,1.07625068083172,1.23922316506451,1.68268715093672,1.26019395100474,1.23922316506451,1.2145902736085,1.03015300846463
"ENSG00000239086_x_st",1.10866556343929,1.24185509333816,1.24185509333816,1.36960524710249,1.14190749780124,1.64659269189982,1.35969060137833,1.18452620184592,1.24185509333816
"ENSG00000239087_st",1.01456951709411,0.923421916369092,0.93734044688129,0.798130017243226,0.920802275302519,1.28131703770146,1.38435439664832,1.27214483294866,0.839087298933428
"ENSG00000239087_x_st",0.825688887960864,0.913072924553037,0.913072924553037,0.695582732808155,1.07200311704127,0.99802328812186,1.0540895063642,1.03440798453192,0.869239944108582
"ENSG00000239089_st",0.978157167986489,0.73835196073372,1.37831343033441,0.913072924553037,1.28131703770146,0.950668057062392,0.869239944108582,0.805737149162876,1.17537592038997
"ENSG00000239089_x_st",1.15695348061009,1.15695348061009,1.15695348061009,1.15695348061009,1.40332115903987,0.646400047874895,1.15695348061009,1.15695348061009,1.38024988394206
"ENSG00000239091_x_st",1.2362426661097,1.1719402508984,0.905176978804803,1.1719402508984,1.188831124228,1.15695348061009,1.07182815201443,1.1858587814106,0.980910991127057
"ENSG00000239093_x_st",1.23922316506451,1.10398435107579,1.10398435107579,1.18069851767565,1.15695348061009,0.996295325451921,1.06956944401792,0.976933740143135,1.13686553723119
"ENSG00000239094_st",1.10866556343929,1.44425751806431,1.10866556343929,1.16272671690143,1.10866556343929,1.10866556343929,0.979343469101273,1.15128426748397,0.8160524996578
"ENSG00000239094_x_st",1.27210435121991,0.983549243217796,1.22312618518467,1.02813787570521,0.747904884129704,0.950668057062392,0.983549243217796,1.10488430319667,0.795772840573415
"ENSG00000239095_st",1.11119614327364,1.10866556343929,1.03194560277716,1.35250266203472,1.02371519987047,1.10866556343929,1.43481580395076,1.10866556343929,1.07200311704127
"ENSG00000239095_x_st",0.881954011547533,1.07200311704127,1.16419722129485,1.07200311704127,1.07200311704127,1.17835140673184,0.984619080449097,1.07200311704127,0.759638797291049
"ENSG00000239096_x_st",0.977375339764336,1.2006717430963,1.04862889109408,1.18394372362013,1.44703942152608,1.2006717430963,1.23922316506451,1.35182302930081,1.2006717430963
"ENSG00000239098_st",0.977375339764336,1.2006717430963,1.0108799799741,1.03143649322647,1.15695348061009,1.15695348061009,1.01549210861526,1.03143649322647,1.07200311704127
"ENSG00000239098_x_st",1.36666230032943,0.899794518809532,1.21251588236256,1.27195535697037,1.50446268817387,1.21251588236256,1.11909287728293,0.75597826643398,1.09238559458099
"ENSG00000239100_x_st",0.950668057062392,1.2006717430963,0.950668057062392,0.972764158430532,0.950668057062392,0.895948160972825,0.907037499400844,0.913072924553037,0.950668057062392
"ENSG00000239103_st",1.23922316506451,1.17014859769374,1.23922316506451,1.23922316506451,1.22665960611975,1.59069091588758,1.23922316506451,1.1693307146275,1.03657374912093
"ENSG00000239103_x_st",0.813354879675564,1.2006717430963,1.2145902736085,1.2145902736085,1.33592533358738,1.40236667625288,1.50314538161061,1.2145902736085,1.20832847831358
"ENSG00000239111_st",0.977375339764336,1.44389399773486,1.03143649322647,1.07200311704127,1.28131703770146,0.88538595346255,1.23565840409999,1.07200311704127,1.7868333192043
"ENSG00000239111_x_st",0.910675512190839,0.901927005298628,1.00530328946777,1.08201745606763,1.15695348061009,1.00530328946777,1.00530328946777,1.16423877533513,1.20699662516916
"ENSG00000239114_x_st",1.33022656904867,1.18600253278823,1.3662513325056,2.24314279921525,0.916783235550909,1.30869338176294,1.30869338176294,1.12867364129598,1.40332115903987
"ENSG00000239116_st",1.95302379639767,1.24465459130344,1.07200311704127,1.24465459130344,1.05481046923245,1.16388615513936,1.3137777422893,1.13240636675654,1.34000828526647
"ENSG00000239121_st",0.748974721361005,1.31030105552034,1.47742970077037,1.17466818594283,1.36738373010497,0.930712290193,1.17466818594283,1.41031254503093,1.17466818594283
"ENSG00000239121_x_st",1.40079057920553,1.3641281328075,1.31549295147452,1.12010387407152,1.69544617480611,1.71508123360542,1.40079057920553,1.40079057920553,1.10341302974361
"ENSG00000239123_st",0.971814604449635,1.281986099061,1.99242191707869,1.04325975485175,1.40332115903987,1.281986099061,1.281986099061,1.46132185640044,1.3078486986846
"ENSG00000239125_st",0.857891945238912,1.0832766326893,1.00422137679002,1.15998197772258,1.28131703770146,1.15998197772258,0.996115457563061,1.28281773211269,1.40998566375649
"ENSG00000239125_x_st",1.12271850147197,0.785573236243777,0.988222652187351,1.40079057920553,0.793144916914058,0.988222652187351,0.988222652187351,1.14838395243999,1.10140908383896
"ENSG00000239126_x_st",0.96652623200548,1.07200311704127,1.07200311704127,0.96652623200548,1.36497636762161,1.25124018624112,1.07200311704127,1.07200311704127,1.42072603362084
"ENSG00000239128_x_st",0.825688887960864,1.12667385392763,0.913072924553037,0.913072924553037,0.913072924553037,0.611406124279202,0.869239944108582,0.843637021474199,1.00507910421005
"ENSG00000239129_x_st",0.748974721361005,0.95754330943786,0.971905013010146,1.0157379934546,0.857595713900932,1.05291641929813,0.971905013010146,0.881694935362495,1.17466818594283
"ENSG00000239130_st",0.977375339764337,0.940712893366315,1.15002681402651,1.22673215905979,1.24997440956343,1.24997440956343,1.0685987010727,1.29261397059373,0.869239944108582
"ENSG00000239130_x_st",1.51719273410018,1.41423143386064,1.52854073296985,1.22227590300441,1.39571195127752,1.68087852004234,1.52854073296985,1.4909456004605,1.52854073296985
"ENSG00000239132_st",1.06938151942134,1.05428137960417,0.941122301016516,1.68606804100723,1.2006717430963,1.0426742367194,1.33122934472151,1.2006717430963,1.2006717430963
"ENSG00000239132_x_st",1.19712929242755,1.03293774151681,1.39722067144141,1.03143649322647,1.31962477391731,1.23922316506451,1.07702661594662,1.53134818083074,1.37829512151374
"ENSG00000239133_x_st",1.08516390634701,0.893031264063985,1.02752711334861,1.39393065566211,0.942576749779786,1.20952746343838,1.11372043351808,1.08516390634701,1.17979168362395
"ENSG00000239134_st",0.910435702900251,0.904783069018034,1.07200311704127,1.18215647991744,0.989733432586857,1.51984413413226,1.07200311704127,1.38217461165263,0.936688284515219
"ENSG00000239134_x_st",0.858661877405383,1.2006717430963,1.2145902736085,0.82162886889752,0.950668057062392,0.829332997083513,1.10055964421233,0.950668057062392,0.950668057062392
"ENSG00000239135_st",1.07592118646566,1.29602543705933,0.945815031312954,0.983304073506298,1.28131703770146,1.10597633156559,1.3135020697374,1.10597633156559,1.06214335112114
"ENSG00000239136_st",0.871665570335716,0.958409487149333,0.950668057062392,0.950668057062392,0.9941478933658,0.950668057062392,0.895523052107223,0.779029866460931,1.09798503204717
"ENSG00000239136_x_st",1.23922316506451,1.07200311704127,0.967856948773698,1.02066515971307,1.04810624596422,1.01444516629861,1.07200311704127,1.35834955055815,1.07200311704127
"ENSG00000239137_x_st",1.28471147048403,1.51176790879408,0.703847944833218,1.0586333579611,0.9369964770027,1.87343835514025,1.96830552472266,1.27212856598228,1.29602543705933
"ENSG00000239140_st",0.71280455804074,1.33466539125371,0.858701980869838,1.15921235816942,0.9914966954183,1.53972067436623,0.945991536559379,0.9914966954183,0.936885557728052
"ENSG00000239140_x_st",1.00519352387518,0.978486241173235,1.55601948210688,0.978486241173235,1.15695348061009,0.970744811086294,0.869239944108582,0.849817615118204,0.978486241173235
"ENSG00000239141_st",0.951587385799497,0.836358757953178,0.850511470366281,1.06285641085332,1.13743756519,1.01302052008997,0.848922316897933,1.08973468668982,1.05004319801004
"ENSG00000239141_x_st",0.977375339764336,1.2006717430963,0.977375339764336,1.00487692340149,0.977375339764336,1.05701634675296,0.748974721361005,1.07200311704127,0.883505412837998
"ENSG00000239142_st",1.49506468049452,0.928102279407828,1.43147518805828,1.24186038671729,0.999122846563386,1.04174155060807,0.954809562109773,0.913072924553037,1.17810596544174
"ENSG00000239144_st",0.845111233672681,1.00747032905721,0.700787512587401,1.04208180145354,0.950668057062392,1.11476605103776,0.65695496068651,1.07200311704127,0.965376456420258
"ENSG00000239144_x_st",0.977375339764336,0.836358757953178,1.08551073542009,1.27654919556559,1.12986529661447,0.92293377538669,1.22840037770337,0.657568058785211,0.819377833387436
"ENSG00000239145_x_st",1.10866556343929,1.17075729316404,0.871520356543398,1.33462381332357,1.2455615332787,0.968384665817728,1.17075729316404,1.2145902736085,1.50218909215176
"ENSG00000239146_st",1.48464674592456,0.950668057062392,0.817839275370059,0.711941712853142,0.950668057062392,0.858975941740804,0.977375339764336,1.07200311704127,0.950668057062392
"ENSG00000239146_x_st",1.79288478509457,1.11152513240219,1.15695348061009,0.918227136400842,1.16469491069703,1.15695348061009,1.23922316506451,1.17780740731611,1.13475276727699
"ENSG00000239148_s_st",0.866370463775486,0.839663181073541,1.10681029084279,0.948812784465889,0.879738217095124,1.40332115903987,1.10055964421233,0.789550691061168,0.902965851969923
"ENSG00000239153_x_st",1.21687780665278,1.29602543705933,1.04965775862955,1.37273960365919,1.23838864406092,1.29602543705933,1.32890662321473,1.36315163069911,1.2006717430963
"ENSG00000239154_st",0.904373517716237,1.24834859007781,1.55676680881835,2.66586327266334,1.10521303265776,1.98426942887462,1.50411785505935,1.71150922324211,1.62304921497492
"ENSG00000239154_x_st",1.08837589126823,1.77207305706663,1.40332115903987,1.37083766313369,1.69352069774144,1.37083766313369,1.37083766313369,1.2653607780979,1.52213667466751
"ENSG00000239155_st",1.00586297947554,1.1260642705034,0.738981108903888,1.03143649322647,0.697403697366082,1.51459768528065,1.03143649322647,1.03143649322647,1.25085899700924
"ENSG00000239157_st",1.08551073542009,0.977375339764336,0.690449244940616,1.03157041960179,0.877427744227408,0.877438205907207,0.664903674076578,1.2145902736085,1.07272903372736
"ENSG00000239157_x_st",0.760941206026652,1.17469037708045,0.950668057062392,0.875179929579479,1.40856155501081,0.913197605784467,1.04330376093718,0.945515039506232,0.829332997083513
"ENSG00000239159_st",0.984575209035554,0.950668057062392,0.984575209035554,0.839392881760178,1.28440464951713,1.03286312620636,1.22801081311937,1.09049991920476,0.984575209035554
"ENSG00000239159_x_st",1.0411295540859,0.843444675379274,1.03143649322647,0.843444675379274,0.826621240063901,1.0894174712567,0.869239944108582,0.869239944108582,0.869239944108582
"ENSG00000239161_st",0.857891945238911,1.00154734158225,1.0763474126157,0.925005104998621,1.16373144920787,0.857891945238911,1.22623899976564,0.887947090338838,0.885318152844355
"ENSG00000239161_x_st",0.898458569053711,0.991234680877192,1.07200311704127,0.991234680877192,1.32188366151626,0.991234680877192,0.909806567923382,0.819596490275731,1.21416497252633
"ENSG00000239166_st",1.06029277587139,1.06029277587139,1.08700005857334,0.805485729787015,1.27778296761628,1.06029277587139,1.41879954942743,1.03565988441539,1.02174135390319
"ENSG00000239170_st",1.13963462840103,1.01041241549143,1.21972633615162,1.03143649322647,0.973749969093407,1.01041241549143,1.00230649626447,0.973749969093407,1.11770813747198
"ENSG00000239170_x_st",0.763689557775599,0.893110106319731,0.950668057062392,1.03143649322647,0.950668057062392,0.950668057062392,0.983549243217796,0.7404619229008,1.12875446540782
"ENSG00000239171_st",1.11238068859126,0.979224584233456,1.39174668048811,0.941629451724102,0.864915285124243,1.08557287392403,1.10055964421233,1.10985010875691,0.990958497394801
"ENSG00000239172_x_st",1.27895760194851,1.25742441466277,1.55832359384535,1.49321008593693,1.37173371377199,1.15695348061009,1.38487402079171,1.21465518673721,1.29030560081818
"ENSG00000239173_s_st",0.893995550951584,0.763889395798874,1.07401529141854,1.1507294580184,0.936089423588538,0.836358757953178,0.893995550951584,0.988623328228517,0.893995550951584
"ENSG00000239176_st",0.786569853870359,0.950668057062392,0.906835076617937,0.950668057062392,0.950668057062392,1.0600636772462,1.08349683875472,1.07200311704127,0.877104718684354
"ENSG00000239182_st",1.17636399890233,1.2314302602582,1.187711997772,1.26442616437186,1.31207555486336,1.187711997772,1.23125529523137,0.908108967180805,1.2205931839274
"ENSG00000239186_st",1.18472984265273,1.16319665536699,1.99461099067906,1.27155598749622,0.876270560543274,1.54939465967587,1.70504798137526,1.55994765360543,1.29602543705933
"ENSG00000239186_x_st",1.10866556343929,1.21565851338461,1.44389399773486,1.66160422337553,1.2006717430963,1.07630818600493,1.03680522293678,1.2145902736085,1.2006717430963
"ENSG00000239187_st",1.26666306981619,1.10866556343929,1.04523745371904,0.805485729787015,0.938695191726247,1.10866556343929,1.23922316506451,1.12258409395149,0.690287728789898
"ENSG00000239188_st",0.977375339764336,1.10055964421233,1.15695348061009,1.56149212449156,0.979224584233456,1.30987356487253,1.04375737221751,1.10055964421233,0.957972487645106
"ENSG00000239188_x_st",1.23922316506451,1.33122934472151,0.998258987716419,1.29328431852664,1.33917076060143,1.41880130591026,1.80922743810386,1.23390334680451,1.03114017387182
"ENSG00000239191_st",0.856040279785458,0.950668057062392,1.00822600780505,0.950668057062392,0.950668057062392,0.950668057062392,1.23922316506451,0.893339165570145,1.17469037708045
"ENSG00000239191_x_st",0.977375339764336,1.25229613032604,1.11445531572377,0.854703081705044,0.863066040655122,1.40332115903987,0.920864331338326,0.575156167726099,1.2006717430963
"ENSG00000239193_x_st",1.26053258269752,1.64821610005447,0.904418778997138,1.23922316506451,1.13927556952758,1.23922316506451,1.23922316506451,1.80365498631685,1.23922316506451
"ENSG00000239197_st",1.19400723837968,1.07200311704127,0.990575004087461,1.07200311704127,1.07200311704127,1.2159465392412,0.951737894293692,1.07200311704127,1.07200311704127
"ENSG00000251699_st",1.10659755267394,0.864188908112732,0.977375339764336,1.2801421006615,0.863066040655122,0.977375339764336,0.977375339764336,0.939780207254982,1.10604396581937
"ENSG00000251699_x_st",1.07200311704127,1.07200311704127,0.988544485972772,1.1260642705034,1.05943955809652,1.28131703770146,1.23922316506451,1.0390126363596,0.962401970223737
"ENSG00000251700_st",0.978945914520406,0.836358757953178,0.978945914520406,1.13470651545297,1.15159738878258,0.950668057062392,0.978945914520406,1.02277889496486,0.898300619915246
"ENSG00000251704_st",1.39303943931939,1.24364130764273,1.1669213469806,1.21276827947657,1.24364130764273,1.13595228201886,1.49086500291112,1.07200311704127,1.26532363856486
"ENSG00000251709_x_st",0.646309652459441,0.806640431880253,1.04986268651881,1.52854073296985,0.770259655927621,0.728669732329309,0.855210019496443,0.790907604285144,1.29602543705933
"ENSG00000251715_st",1.08372362945491,1.0451722074867,1.17835140673184,1.10892662876226,0.813803432665532,1.05701634675296,1.08372362945491,0.93862330168508,1.24782162343028
"ENSG00000251715_x_st",1.07200311704127,1.07200311704127,0.963867721385516,1.07200311704127,1.07200311704127,1.02035390035494,1.01179574483689,1.2145902736085,1.54939465967587
"ENSG00000251721_st",0.881508738289167,1.07492361175889,0.988350080512676,0.913072924553037,1.38566476383172,0.957381015550936,1.10055964421233,0.988350080512676,0.988350080512676
"ENSG00000251730_st",1.20224949763015,1.11572137952748,0.712974156984643,1.36702844785149,1.07200311704127,1.04103405207953,0.958861535767061,1.12963991003968,0.864748879722351
"ENSG00000251735_st",1.10866556343929,0.73641116241625,0.837338912230784,1.02737340209567,0.919919400314577,0.950668057062392,0.881232153983553,1.40079057920553,0.950668057062392
"ENSG00000251735_x_st",1.23922316506451,1.45619753307528,1.59857601762393,0.91151503122317,1.63366915317297,1.2242363947762,1.15183912847233,1.07200311704127,1.24988724099455
"ENSG00000251737_st",0.977375339764336,0.977375339764336,0.977375339764336,0.977375339764336,0.977375339764336,0.977375339764336,0.977375339764336,0.758483293819791,0.977375339764336
"ENSG00000251740_st",1.23922316506451,1.78933635899797,1.35814980360655,1.4466329826834,1.23922316506451,1.23922316506451,1.34748572767651,1.2145902736085,1.13108776940875
"ENSG00000251744_st",0.748974721361005,0.90602212867882,0.996581777597403,0.926058287468169,0.862303866192613,0.939023826854742,0.874867425137368,0.67532536690582,0.827010039206762
"ENSG00000251744_x_st",0.883456205727657,1.05701634675296,0.973557715684465,1.05701634675296,1.17132564586218,0.771838510947558,1.28833604685672,1.40079057920553,0.952248298051447
"ENSG00000251749_st",1.01794196357914,0.903632664469923,1.07200311704127,0.992146694849828,1.01794196357914,1.01794196357914,1.10055964421234,1.01794196357914,0.909806567923382
"ENSG00000251762_st",1.12352448551193,1.29602543705933,1.12352448551193,1.12352448551193,1.17523949691935,1.07853524531444,1.12352448551193,1.04681914047865,1.05985932119293
"ENSG00000251762_x_st",0.977375339764336,1.2006717430963,0.977375339764336,0.977375339764336,1.15695348061009,0.738666135253559,0.977375339764336,0.884739635889552,0.988039415694381
"ENSG00000251769_st",0.785077022217549,1.11572137952748,1.07200311704127,1.06375809850573,1.07200311704127,1.05701634675296,1.1914865115667,1.41577734949383,1.07200311704127
"ENSG00000251769_x_st",0.924805918802527,0.857532012285783,0.893916708695839,0.978867072264661,0.978867072264661,0.978867072264661,0.978867072264661,1.05558123886452,0.978867072264661
"ENSG00000251775_st",1.35623356605904,0.760913018142265,1.42753909458931,0.986250345103121,0.836358757953178,1.15695348061009,0.986250345103121,0.729516438036304,1.01913153125853
"ENSG00000251778_st",1.71543766833713,1.17994280966371,1.13622454717751,1.79027357140273,1.50781179953726,1.36724158775799,1.6406405812296,1.50781179953726,1.50781179953726
"ENSG00000251778_x_st",1.01520084504645,1.07200311704127,1.04808203120185,1.01520084504645,1.01520084504645,0.938486678446589,1.01520084504645,1.01520084504645,1.01520084504645
"ENSG00000251793_st",1.04106071019881,1.2006717430963,0.910954555046099,1.04106071019881,0.971986142828043,1.29259132716476,1.17377921118209,0.78500764354125,1.04106071019881
"ENSG00000251795_st",1.11128896294478,0.822733854942665,1.26221126503687,1.14870846207455,1.39900249944629,1.15695348061009,1.11128896294478,1.02107888529713,1.19271707589859
"ENSG00000251796_s_st",0.977375339764336,1.08098005047196,0.836358757953178,0.974844759929988,0.777833281532789,1.15695348061009,0.874710270862773,1.14147354295637,1.03758271196872
"ENSG00000251800_st",1.15249854388375,1.10312203004677,0.913072924553037,0.772302693470284,0.679970393439449,0.985156634218836,0.913072924553037,0.913072924553037,0.950668057062392
"ENSG00000251801_st",0.780068738301378,0.950668057062392,1.10160246159855,0.950668057062392,0.648084061110214,0.752627652050232,0.789100642921372,0.950668057062392,0.950668057062392
"ENSG00000251802_s_st",0.829743157525083,1.15277155320535,0.917127194117256,1.23353998936943,0.938514658559206,1.13778478291704,0.869239944108582,1.03143649322647,1.07134344025154
"ENSG00000251805_st",1.10866556343929,1.2006717430963,0.772219519213345,1.10866556343929,0.98718478061663,1.30778996495334,1.10866556343929,1.10866556343929,1.10866556343929
"ENSG00000251805_x_st",1.19865032636952,1.23922316506451,1.17769257024471,1.02824102576073,1.34651888704505,1.31986845966967,1.23922316506451,1.58794608164407,1.13108776940875
"ENSG00000251817_st",1.2804579893009,1.25892480201516,1.09685491409023,0.711941712853142,1.22237190147385,1.13340781463154,1.04279376062809,0.901262275203974,1.36144385792309
"ENSG00000251817_x_st",0.975126127711286,1.35894363416604,1.07200311704127,1.13763517743497,1.07200311704127,1.07200311704127,1.07200311704127,1.07200311704127,0.987052753472448
"ENSG00000251818_st",1.10866556343929,1.13386856274664,1.32852122976901,1.16032442607273,1.09124985870196,1.50734472285381,0.846155026245132,1.25520362272552,1.02910342060044
"ENSG00000251820_s_st",1.07200311704127,1.07200311704127,0.804017182281795,1.07200311704127,1.07200311704127,1.15695348061009,1.10055964421233,1.07200311704127,0.936688284515219
"ENSG00000251822_st",0.991232175741008,1.03143649322647,1.03143649322647,0.99086986941167,1.18128128123474,1.45738231250201,0.987603512782015,1.26865142707063,0.95904698561095
"ENSG00000251824_st",0.977375339764336,0.977375339764336,0.905044624921248,1.03143649322647,0.977375339764336,1.02489294681682,1.06202207499933,0.905044624921248,0.977375339764336
"ENSG00000251824_x_st",0.977375339764336,0.977375339764336,1.27196514064384,0.803584985742255,0.977375339764336,0.869686314140467,1.24157622602349,0.913072924553037,0.977375339764336
"ENSG00000251828_st",0.834788183197108,1.07200311704127,1.07200311704127,0.888849336659242,1.13872988113423,1.07200311704127,1.10055964421233,1.07200311704127,1.07200311704127
"ENSG00000251830_st",1.19163223441048,1.06017849073148,0.950668057062392,1.00741940542894,1.21370482897665,1.11900340107442,0.9967553294989,1.12732981919918,0.695055085678724
"ENSG00000251833_st",1.10866556343929,0.883328236478435,1.59458610471848,1.09193754396312,0.928756584686339,1.57057943256752,1.10866556343929,1.23694808469901,0.996455999739633
"ENSG00000251833_x_st",0.927477457982569,1.02261147489888,0.984272679480371,0.872922506137147,0.950668057062392,0.57969139562927,0.869239944108582,0.941176311448054,0.744382633514691
"ENSG00000251836_st",1.23134502723468,1.05539489905256,0.893916708695839,1.96512309616628,1.25619689716462,1.17969581054835,1.05249359415176,1.40424396697301,1.07334752085778
"ENSG00000251838_st",1.086893598846,1.45935099461291,0.950668057062392,1.19291513689998,1.086893598846,1.44752783386531,1.00329062289295,1.0225911836347,1.05159977186015
"ENSG00000251844_st",0.984619080449097,1.44290415533581,1.03143649322647,0.933940037586225,1.27927467604968,0.950668057062392,1.39815335755274,1.07200311704127,0.947956634051075
"ENSG00000251846_st",1.21251588236256,0.950668057062392,0.950668057062392,0.950668057062392,0.950668057062392,0.942926626975451,0.950668057062392,0.751125998830844,0.950668057062392
"ENSG00000251847_st",1.17902046809138,1.06917565946698,1.09556183702288,0.945898250233533,1.30184726057058,1.05701634675296,1.17902046809138,1.07200311704127,0.889169716952509
"ENSG00000251848_st",0.755910799276974,0.884226714396889,0.910423294350447,0.932519395718587,0.869239944108582,0.838270879146842,0.869239944108582,0.924420923422708,0.869239944108582
"ENSG00000251848_x_st",1.28131703770146,1.32188987639645,1.28131703770146,1.20986912213573,1.28384761753581,1.28131703770146,1.24690213064359,1.51457127614083,1.40332115903987
"ENSG00000251858_st",1.20697254309581,1.54453455287977,1.10282324423134,1.12974347288299,1.37861073369727,1.26430143458806,0.977375339764337,1.31822266019676,1.20697254309581
"ENSG00000251860_st",0.913072924553037,0.765882439288419,1.44715413948433,0.913072924553037,0.880191738397633,1.20078646105455,0.690142632903896,1.11583609748573,0.913072924553037
"ENSG00000251861_st",1.10866556343929,1.02152260137975,0.85894564134635,0.93677595346197,0.844860839242962,1.02152260137975,1.1117326790274,1.54939465967587,1.02152260137975
"ENSG00000251861_x_st",1.16031478012562,1.10866556343929,0.993995833728424,1.24008430309682,1.10866556343929,1.10866556343929,1.35969060137833,1.10866556343929,1.06271865294367
"ENSG00000251863_st",1.24788227277749,1.57329153075292,1.24788227277749,1.10269994550211,1.24788227277749,1.24788227277749,1.09373585481061,1.35264741492368,1.24788227277749
"ENSG00000251866_st",1.22724603121797,1.16514622011743,1.35160614763246,1.36991755103936,1.58652506997689,1.40079057920553,1.66499146546468,1.28242701053209,1.57002582907536
"ENSG00000251866_x_st",1.48641594186805,1.97592319381885,1.19786083386593,1.1460206944031,1.31919589384481,1.15695348061009,1.27862927003001,1.1460206944031,1.70577198785598
"ENSG00000251878_st",1.09809879356851,1.57294938692919,0.976094672230092,1.35289054694722,1.51017588716138,0.957528581789233,0.793430587813864,1.42112718924877,0.869239944108582
"ENSG00000251881_st",1.15695348061009,1.07630818600493,1.02213784228377,1.15695348061009,1.15695348061009,1.15695348061009,1.23922316506451,1.15695348061009,1.01436632404286
"ENSG00000251881_x_st",0.946885838230141,1.18253019731823,0.893916708695839,0.930157818753974,0.946885838230141,0.816779683077432,0.856784328273333,0.997245972361764,1.19952576085634
"ENSG00000251893_st",1.10866556343929,0.929134869776658,0.727257007905644,1.40079057920553,0.950668057062392,0.950668057062392,0.869239944108582,0.950668057062392,0.869239944108582
"ENSG00000251893_x_st",1.03686959154812,1.07200311704127,1.04753366747816,1.02667974077215,1.04753366747816,1.47901052494589,0.940627313121399,1.04753366747816,1.2385629272495
"ENSG00000251901_st",0.939320058192721,1.0320961700162,0.630860776083266,1.27945551922665,0.950668057062392,1.05701634675296,0.869239944108582,0.82334235124344,0.950668057062392
"ENSG00000251909_st",0.642146905468767,1.29602543705933,1.10866556343929,0.73757998580624,1.21204245928449,1.2141662253803,1.13384251743865,1.1021567568873,1.10866556343929
"ENSG00000251911_st",0.829470148203481,1.64572448455622,1.10866556343929,1.22920388891703,1.15249854388375,1.0883605744076,1.10866556343929,1.66163383479447,1.27450266522216
"ENSG00000251918_st",0.857891945238911,0.851145994223684,0.913072924553037,0.913072924553037,0.913072924553037,1.40332115903987,0.945954110708442,0.785322770788711,1.04590170624537
"ENSG00000251918_x_st",0.7705722022929,1.07200311704127,1.08899444396913,1.25257603238991,1.28480571584301,1.03143649322647,0.870309781339883,0.738463242646131,1.03143649322647
"ENSG00000251922_st",0.933149731206014,1.25617812688628,1.21561150307148,0.892583107391214,0.933149731206014,0.775152224829114,1.05341495395359,0.933149731206014,0.759638797291049
"ENSG00000251925_s_st",1.10954615608017,0.957397224270044,1.01597387076327,1.1636073095423,0.836358757953178,0.907192281714397,0.977375339764336,0.789888620105039,0.940073467869802
"ENSG00000251926_st",1.07200311704127,1.07200311704127,0.990575004087461,1.03440798453192,1.32537233965781,1.32165600739172,1.02385429917905,1.07200311704127,1.18667157284577
"ENSG00000251926_x_st",0.857891945238911,0.977375339764336,1.11917900926267,1.54180716101668,0.950668057062392,0.969633909677395,1.01592676173254,0.790396840477544,1.01025652591974
"ENSG00000251930_st",1.10866556343929,1.21931127045947,1.0280259960271,1.29602543705933,1.40332115903987,1.53990599311638,1.25219245661487,1.2145902736085,1.29602543705933
"ENSG00000251938_st",1.07878960036501,1.37839058045202,1.19905482311258,1.19905482311258,0.950668057062392,1.40534024666029,1.19905482311258,1.30997563919957,1.31299909381982
"ENSG00000251938_x_st",1.07200311704127,1.05046992975554,0.973749969093407,1.7829392833544,0.981901607084461,1.01436632404286,1.45333433686686,0.896951243515639,1.07200311704127
"ENSG00000251940_s_st",0.768365790530887,0.694079502892109,0.779029866460931,0.741996857953068,0.779029866460931,0.927633946931273,0.676364797559367,0.779029866460931,0.937960058949164
"ENSG00000251940_st",1.41058277722864,1.54965473367788,1.80302395629442,1.91523351999408,1.41058277722864,1.26956619541748,1.35969060137833,0.979105919760912,1.5200472997308
"ENSG00000251942_st",0.99069531493605,1.03143649322647,1.1313840887634,1.03143649322647,1.48408959520395,1.02369506313953,0.819854200447,1.07526947367093,1.03143649322647
"ENSG00000251942_x_st",1.10866556343929,1.09474703292709,0.925511783057263,1.10866556343929,1.11119614327364,1.07119511216137,1.36694862777494,1.10866556343929,1.25473906407528
"ENSG00000251944_st",0.857891945238911,1.22500482606119,0.81715895727469,1.45871285596775,1.50853840346142,0.923338025787355,1.10055964421233,0.901017585980787,0.956230913723925
"ENSG00000251944_x_st",1.40129147809864,1.29529952037323,1.01794196357914,1.07200311704127,1.07200311704127,1.04529583433933,0.977375339764336,0.99193097211124,1.07200311704127
"ENSG00000251949_st",1.13373051335282,0.957068751216035,1.19803292856412,1.13373051335282,1.05701634675296,1.05701634675296,1.3447126526566,1.29266070584106,1.05701634675296
"ENSG00000251959_st",0.941350576307409,1.11489512429497,0.977375339764336,1.11489512429497,1.54350371564304,1.11489512429497,1.0600067123648,1.52335564657207,1.03346701134116
"ENSG00000251959_x_st",1.10316523831574,1.12960158395355,1.09515193700237,0.835399702983639,1.26243036564588,1.15695348061009,1.32609552996488,1.49202756897736,1.26243036564588
"ENSG00000251967_st",1.2145902736085,1.2145902736085,1.28550909193305,1.26442616437186,1.00033337896236,1.25218540611785,1.2145902736085,1.2145902736085,1.17603885164029
"ENSG00000251974_s_st",1.01964757654968,1.18122845161731,1.13545061149081,0.428093733685639,0.885359927771125,0.77356075387783,0.94098730268726,0.87943673418039,0.576626880327091
"ENSG00000251974_st",0.857891945238911,0.956176343082373,0.956176343082373,0.913072924553037,1.0847111151545,0.913072924553037,1.03625722900104,0.913072924553037,0.893681855383155
"ENSG00000251974_x_st",1.20684579539897,0.912984258759244,1.07200311704127,1.36713718889438,1.07200311704127,1.07200311704127,1.09871039974321,1.07200311704127,1.05337908158492
"ENSG00000251979_st",0.977375339764336,1.15951726550702,0.739336002522116,1.00732193728159,1.82048753878116,1.40178447401528,1.35969060137833,1.25318039354494,0.901678829025466
"ENSG00000251979_x_st",0.948137477228043,0.948137477228043,0.948137477228043,0.973340476535393,0.975871056369742,1.05448576691861,0.851260487898059,0.881410713135081,0.867492182622883
"ENSG00000251987_st",0.683044263170439,0.870022762457232,0.834715950074693,1.03412096564926,0.870022762457232,0.950668057062392,1.09842338086056,0.777387058582447,0.960232840104883
"ENSG00000251992_s_st",1.52724826467433,1.57329153075292,1.45463588100348,1.62623144674049,1.51468470572958,1.45463588100348,1.52724826467433,1.89808343630525,1.73803826370125
"ENSG00000251999_s_st",1.23922316506451,1.57329153075292,0.836358757953178,1.46193990052647,1.28131703770146,1.28131703770146,1.28131703770146,1.71402201765744,1.34152440990584
"ENSG00000252000_st",0.977375339764336,0.950668057062392,0.977375339764336,1.13957188888222,1.07200311704127,1.05701634675296,0.977375339764336,1.45476688239893,0.977375339764336
"ENSG00000252009_st",0.951755304185673,1.02841602143616,1.14941164644122,1.02841602143616,1.56572718079808,1.35973406343476,0.869239944108582,1.22023853680572,0.907874217055494
"ENSG00000252011_st",0.988039415694381,1.04825228591344,0.674880567596458,0.842089183308611,1.15695348061009,0.618868566208295,0.759638797291049,0.674880567596458,0.552876049199265
"ENSG00000252014_st",0.999285837952977,0.913072924553037,0.893916708695839,0.881473651865566,0.799743779721429,1.15695348061009,1.14558822046356,0.913072924553037,0.913072924553037
"ENSG00000252016_st",1.15695348061009,1.15695348061009,1.10776904903703,1.1358705530489,1.15695348061009,1.15695348061009,1.44464096494715,1.15695348061009,1.15695348061009
"ENSG00000252020_s_st",1.27766773717786,1.49149122990632,0.982074977697975,1.429088927465,1.53990599311638,1.53990599311638,1.25219245661487,1.29602543705933,1.29602543705933
"ENSG00000252022_st",1.04537866489821,1.10055964421233,0.939081453855616,1.1696342115831,1.10055964421233,1.09281821412539,1.10055964421233,1.10055964421233,1.10055964421233
"ENSG00000252024_s_st",1.12970119956894,1.12717061973459,0.699227943099709,1.55058585917578,1.28131703770146,1.08749769100417,0.937121514240852,1.12717061973459,1.2414799188438
"ENSG00000252040_st",1.22787516619484,1.36055822504338,1.05049227963313,1.23922316506451,1.23922316506451,1.23922316506451,1.23922316506451,1.23922316506451,1.3199853863484
"ENSG00000252040_x_st",0.720018713681261,1.14167393255849,0.938910759625807,0.726201686463336,0.950668057062392,1.12668716227019,0.92855556082911,1.11825961912665,0.938910759625807
"ENSG00000252045_st",1.10866556343929,1.07200311704127,1.06193757794478,1.07200311704127,1.07200311704127,1.07200311704127,1.09663600849728,1.07200311704127,0.990575004087461
"ENSG00000252048_st",1.02977965495347,1.45356465540493,0.978064643546054,1.16484601100968,1.11078485754754,0.728669732329309,0.887854565898403,1.11745176922988,1.11078485754754
"ENSG00000252049_st",1.24364130764273,1.5060859398776,1.65395450055314,1.47448666719013,1.03205901486326,1.4077393016181,1.19202962722892,1.07200311704127,1.49364499367664
"ENSG00000252050_st",1.05605108060518,0.779029866460931,0.979041110229596,0.848264408767145,0.888831032581945,0.728669732329309,0.806470952712077,0.888831032581945,0.964314091417401
"ENSG00000252054_st",0.857891945238911,0.857891945238911,0.881119580113711,0.793589530027612,0.729223319183881,0.857891945238911,0.922194360450211,0.857891945238911,0.985510256366903
"ENSG00000252058_st",1.10866556343929,1.01826800417985,0.735557072815324,0.884490459354014,0.731341909356129,1.0572947176834,1.04178869060945,1.07200311704127,1.07200311704127
"ENSG00000252058_x_st",1.20835013689834,1.42533629789614,0.849208615602363,1.2504440095353,1.28131703770146,1.2504440095353,1.09126793220772,1.78199464463224,1.2504440095353
"ENSG00000252071_st",0.870309781339883,0.754930644999368,0.990575004087461,1.03440798453192,0.957693817932056,1.07552536765628,0.990575004087461,1.03440798453192,1.07200311704127
"ENSG00000252071_x_st",1.07989026997199,0.950668057062392,1.19389031170095,0.825151069678769,0.774006294925604,0.950668057062392,0.989219479030597,1.07200311704127,0.869239944108582
"ENSG00000252077_st",1.10866556343929,1.25598253842407,1.10866556343929,1.10866556343929,1.10866556343929,1.10866556343929,1.10866556343929,1.04436314822799,1.08195828073735
"ENSG00000252077_x_st",0.914643293605464,0.922111529891327,1.02789712727521,0.950668057062392,0.950668057062392,0.90712475960302,1.35969060137833,0.950668057062392,0.950668057062392
"ENSG00000252078_st",1.10866556343929,1.14875219475765,1.27023297758031,1.34693832261359,1.27023297758031,1.27023297758031,1.1613157537024,1.34693832261359,1.39890160363534
"ENSG00000252083_x_st",1.01682213772714,1.2006717430963,0.977375339764336,0.981488414051315,0.950668057062392,1.28131703770146,1.07200311704127,1.07200311704127,1.32404673448863
"ENSG00000252088_st",1.14392039472975,1.37363317842573,0.893916708695839,0.668089086815302,1.14392039472975,0.921922069996664,1.17062767743169,1.14392039472975,0.990486267467759
"ENSG00000252096_st",1.09219745364854,1.17958149024071,1.32818557071106,1.14870846207455,1.10120792656385,1.17958149024071,1.21246267639612,1.12225259874847,1.54389447538384
"ENSG00000252102_st",1.14181287394113,0.808104259889752,1.40332115903987,1.35884270854799,0.905481908939042,0.979224584233456,1.10055964421233,1.43615159883736,1.10055964421233
"ENSG00000252109_st",1.23922316506451,1.14386947110148,1.00357880597641,1.23922316506451,1.39815335755274,1.49259238768105,1.26777969223557,1.23922316506451,1.19245596852653
"ENSG00000252110_st",0.987083570481308,1.14427790669854,1.3437818988509,1.14870846207455,0.79210036210288,1.29158890398368,1.05692908655079,0.779523321934218,0.894274220664634
"ENSG00000252112_st",1.06733355508718,0.914829791343369,0.781328249681317,1.28040857765957,1.37750504969855,1.59967587142764,1.23922316506451,0.957990011818104,0.981206657764393
"ENSG00000252114_st",1.07200311704127,0.857746222395128,0.992362110052643,1.15444543773167,1.07200311704127,1.07200311704127,1.33183589546926,1.07200311704127,0.898492183126305
"ENSG00000252119_st",1.19803292856412,1.42132933189609,0.895538156396244,1.19550234872977,1.2919477762479,1.05701634675296,1.19803292856412,1.93497648914596,0.958607309233413
"ENSG00000252119_x_st",1.54939465967587,1.60619693167069,0.939780207254982,1.54939465967587,1.54939465967587,1.54939465967587,1.66723016771603,1.51179952716651,1.75479713365822
"ENSG00000252122_st",1.07200311704127,1.07200311704127,0.755124783469239,1.07200311704127,1.09946753467336,1.17835140673184,1.07200311704127,1.53968373461311,1.07200311704127
"ENSG00000252127_st",1.02255127703253,1.07200311704127,1.07636287899921,1.14870846207455,1.35598465128856,1.16477922886475,0.963085893163363,1.07200311704127,1.20991115065257
"ENSG00000252128_st",1.33268788345735,1.29602543705933,0.817846325867078,1.88562654339358,1.1673568110043,1.29602543705933,1.40823500075899,1.29602543705933,1.41069389286383
"ENSG00000252129_s_st",1.20791515594585,1.57256528623161,1.00509965383645,1.26442616437186,1.29529919253802,1.29529919253802,1.11454179904889,1.29276861270367,1.29529919253802
"ENSG00000252133_x_st",1.24916932111122,0.821631739140983,1.07200311704127,1.05357668222497,1.55401852488169,1.19752010442489,1.40025722519313,0.913072924553037,1.43652919473126
"ENSG00000252136_st",1.07200311704127,1.3974123750167,1.10488430319667,0.932599301652927,0.971861418742224,1.05701634675296,1.07200311704127,1.11256974085607,1.12880538903609
"ENSG00000252136_x_st",1.53630808707131,1.41545551260747,1.53759907044466,1.37235209407813,1.36774709414777,0.849781640166321,1.38060174453758,1.19311502487828,1.40332115903987
"ENSG00000252138_st",1.14137770122052,1.01127154606781,1.35999446264737,1.12364401612549,1.51326236703392,0.836358757953178,1.14137770122052,0.941835642988967,1.52433021372681
"ENSG00000252138_x_st",0.969332861454217,1.07200311704127,0.821999431007361,0.69670278933401,1.28131703770146,0.98252751721861,0.873432932373829,1.1286010178546,0.979996937384261
"ENSG00000252140_st",1.40332115903987,0.980437071369839,0.897090328926642,1.27546240218006,0.957693817932056,0.960385422261171,1.07200311704127,0.90036492643981,1.61358711199255
"ENSG00000252143_s_st",1.35756978973945,1.07200311704127,1.00600049453773,1.10866556343929,1.25726964390963,0.894382799757629,1.10866556343929,1.31490643690804,1.00053016778354
"ENSG00000252144_st",1.07037303347298,1.27504386614334,1.07300496174664,1.26442616437186,1.55694043787453,1.23447102744835,1.35969060137833,1.27504386614334,1.17027872399714
"ENSG00000252154_st",1.18487476901477,0.721533635109859,1.63120580187141,0.881694935362495,0.836358757953178,1.0143035109894,0.748974721361005,0.881694935362495,0.971905013010146
"ENSG00000252154_x_st",1.17850655146423,0.889845289678238,0.913072924553037,0.913072924553037,0.847440864159337,0.836358757953178,0.913072924553037,1.40079057920553,0.913072924553037
"ENSG00000252158_st",1.07453369687562,0.967237974895072,0.783389628418875,1.07200311704127,1.07200311704127,1.44024723018969,0.910435702900251,1.07200311704127,0.991234680877192
"ENSG00000252158_x_st",1.90334473973651,1.07200311704127,1.07200311704127,1.07200311704127,1.29178930118627,1.05701634675296,0.977375339764336,0.785077022217549,1.30764747612936
"ENSG00000252170_st",1.0200884943568,0.950668057062392,1.03143649322647,1.03143649322647,1.03143649322647,1.05701634675296,0.835970700379478,1.26708085231456,1.03143649322647
"ENSG00000252170_x_st",0.857891945238911,1.07200311704127,0.799696311555156,0.756320097843888,1.07200311704127,1.19752010442489,1.06133904111123,1.76421782712789,1.22638836308061
"ENSG00000252175_st",1.02077241729643,1.57329153075292,1.03143649322647,1.03143649322647,1.1081564538886,0.910101433247592,1.03143649322647,0.738463242646131,0.95079119862131
"ENSG00000252188_st",0.951737894293692,1.29529952037323,1.07200311704127,0.947586071941234,1.07200311704127,1.07200311704127,1.07200311704127,0.819596490275731,1.07786556384281
"ENSG00000252189_st",1.17183846063717,0.803647124136424,1.0948341604122,1.22834946906318,1.15695348061009,1.05701634675296,1.05701634675296,1.02792541117602,0.903582219490975
"ENSG00000252190_st",1.01045813425553,1.07200311704127,0.946413226245463,1.26442616437186,1.10309022404668,1.19333575603582,1.10055964421233,1.10055964421233,0.894167524141965
"ENSG00000252192_st",1.04402207658209,1.09230999375289,1.09230999375289,1.34471662051843,1.09230999375289,1.09230999375289,1.19497506265445,0.913072924553037,1.29495940969646
"ENSG00000252193_st",0.966027340894666,0.877427744227408,0.977375339764336,0.926425398199467,1.54939465967587,1.16515174240872,0.889991303172163,1.11996249633156,0.977375339764336
"ENSG00000252193_x_st",1.10055964421233,1.10055964421233,1.27410419219989,0.954609411826565,1.07200311704127,1.10055964421233,1.10055964421233,1.2145902736085,1.03473773592124
"ENSG00000252199_x_st",1.2310219753233,1.20431469262135,1.32564975260023,1.16726776100173,1.31245008827711,1.437307398871,1.2310219753233,1.11881241162364,1.07200311704127
"ENSG00000252200_st",1.38945243335721,1.36274515065527,1.1335173441107,1.0167280938686,1.54939465967587,0.950668057062392,1.38945243335721,1.39869304797222,1.08632872822199
"ENSG00000252203_st",1.10866556343929,1.51448818559655,0.986877070318856,1.17692617581259,1.17692617581259,0.930558497382811,1.40532679421592,0.996906435345635,1.17692617581259
"ENSG00000252204_st",0.962592062803299,1.38246723233386,0.985344682889047,1.38246723233386,1.40332115903987,1.32483043933545,1.52756756010369,1.0948684137906,1.38246723233386
"ENSG00000252213_st",1.80756507775602,1.79699645004594,3.49654338665606,1.59263581999149,1.68268715093672,1.62535825944448,1.43345974266391,1.62535825944448,1.64743648877437
"ENSG00000252213_x_st",1.09126793220772,1.28131703770146,2.07344660825506,1.35803120430132,1.61263507970006,1.28131703770146,1.06919574570813,1.28131703770146,1.15998197772258
"ENSG00000252218_st",1.1774441082215,1.1774441082215,1.06313480911229,1.13984897571215,1.31524449606593,1.24417087231446,1.1774441082215,1.1774441082215,1.2006717430963
"ENSG00000252218_x_st",0.7340011439456,1.2011253999095,0.830878133275584,1.05380842492473,0.903916837774783,1.05380842492473,1.05380842492473,1.47722366436591,0.869239944108582
"ENSG00000252227_st",0.913072924553037,1.03821929999305,0.705286252715001,0.805485729787015,1.04174155060807,0.913072924553037,0.883017779453111,0.913072924553037,0.956791187039245
"ENSG00000252228_st",1.56949960325359,1.2006717430963,1.24185509333816,1.23361007480262,1.24185509333816,1.24185509333816,1.24185509333816,1.84058169595164,1.24185509333816
"ENSG00000252228_x_st",0.931092504356005,1.3827895260913,0.854774731089682,1.03143649322647,1.09519070754804,1.30147613109574,1.20332610320379,1.09519070754804,1.09519070754804
"ENSG00000252230_st",1.03143649322647,1.03143649322647,1.29535870977258,1.03143649322647,1.36208547386554,0.902214280316867,0.987603512782015,1.03143649322647,1.03143649322647
"ENSG00000252236_st",0.857891945238911,0.740685075042666,0.861213118014354,1.57679048412208,1.21807661767726,1.07200311704127,1.01794196357914,1.03440798453192,1.07200311704127
"ENSG00000252236_x_st",0.976535666089129,0.950668057062392,0.707761753751863,0.869239944108582,1.15695348061009,0.869239944108582,0.869239944108582,0.779029866460931,0.869239944108582
"ENSG00000252238_st",1.10866556343929,1.07200311704127,1.46630358345877,1.08419611387618,1.07200311704127,1.10866556343929,1.29517825317996,1.10866556343929,1.13615939489793
"ENSG00000252238_x_st",1.20309712198462,1.29602543705933,0.931299426049199,1.05791479470924,1.06615981324479,1.07387490907502,1.61279786739769,1.40079057920553,1.24366374579942
"ENSG00000252241_st",1.09797088365879,0.921309121522,0.997181398783769,1.23365882564337,1.15695348061009,1.09797088365879,1.46955813601855,1.09797088365879,1.54939465967587
"ENSG00000252241_x_st",1.05333312596396,0.850720461525464,1.00667383588645,0.762793279829394,0.950668057062392,1.37610514024182,0.983751666000704,1.12201000093918,1.02738222366225
"ENSG00000252249_st",0.908766411744187,1.24399484603976,0.729371836837539,1.15278707627873,0.920790804969359,1.05701634675296,1.11168709845153,1.02357619518228,1.26722248091456
"ENSG00000252256_st",0.964240234929483,1.05701634675296,1.15983287381574,0.856653040163461,0.714520312836541,1.05701634675296,1.08372362945491,1.03132838853727,1.01193731936739
"ENSG00000252258_st",1.10866556343929,0.871027050073765,0.891525024074629,0.940342331256473,1.17906867546572,0.977375339764336,0.977375339764336,0.884739635889552,1.0774874386483
"ENSG00000252258_x_st",1.15427280149568,1.39046856587058,1.07200311704127,1.14313353231241,1.15427280149568,1.4748675241526,0.951509628562996,1.11667766898633,1.2110750734905
"ENSG00000252265_s_st",1.44299089201183,1.06885841117697,1.2145902736085,1.2828508859818,1.15695348061009,1.05063428061533,1.2145902736085,1.2145902736085,1.329258729413
"ENSG00000252274_st",1.25218540611785,1.25218540611785,1.30776611669099,1.68025281253653,1.35768606805886,1.06851677297251,1.05049207041647,1.2145902736085,1.28506659227326
"ENSG00000252277_x_st",4.12895072497732,5.17608796219206,4.642801885327,5.10143606638721,5.15328920364688,4.81272360572254,4.42738362067719,4.53030545060374,4.53030545060374
"ENSG00000252281_st",1.10866556343929,0.926458745127749,0.846817738139122,0.926458745127749,2.06143932304004,0.906153756096053,0.723695572195061,0.926458745127749,0.926458745127749
"ENSG00000252284_st",1.23922316506451,1.23922316506451,1.05979235290257,1.23672693823995,1.05988740772507,1.23922316506451,1.14459538778757,1.89808343630525,0.926858845314285
"ENSG00000252284_x_st",1.09992083584251,0.950668057062392,1.36440058941634,1.03561842063121,1.03561842063121,1.16822699625812,0.987469602768998,1.03561842063121,1.02169989011902
"ENSG00000252290_st",0.856040279785458,0.950668057062392,0.950668057062392,0.913635048554529,1.04529583433933,0.925476182864297,0.950668057062392,0.950668057062392,1.07093327980997
"ENSG00000252291_st",0.97922700521779,1.11572137952748,0.950668057062392,1.03143649322647,1.07200311704127,1.05701634675296,1.35969060137833,1.07200311704127,1.2110750734905
"ENSG00000252291_x_st",1.23817656325624,1.24661498318225,0.911841816788634,1.31922681230966,1.01444516629861,1.15695348061009,1.05114919033525,1.06682018554412,1.04732635245401
"ENSG00000252295_st",0.972201244348125,0.965376456420258,0.817947843060901,0.733177865317509,0.950668057062392,0.950668057062392,0.983549243217796,0.994501037506847,0.759638797291049
"ENSG00000252295_x_st",0.975581198619204,1.41641536948934,1.05401842296169,1.09626010884289,1.35965875525646,1.33616743011661,1.16924705080801,1.54939465967587,1.37094038650939
"ENSG00000252296_st",0.940003981132347,1.00741940542894,0.950668057062392,1.00472921052453,0.950668057062392,0.950668057062392,0.763689557775599,0.886365641851092,0.950668057062392
"ENSG00000252298_st",0.964240234929483,1.05701634675296,1.44389399773486,0.899718115497522,1.28131703770146,1.05701634675296,1.05701634675296,0.966806269105312,1.1750302339564
"ENSG00000252299_x_st",1.6163896283148,1.57329153075292,2.01928603679087,1.52655794627529,1.44641925660175,1.45881570145926,2.17540066757631,1.40079057920553,1.63687063222736
"ENSG00000252300_st",1.08372362945491,0.839526155008081,1.05701634675296,1.13373051335282,1.05701634675296,1.05701634675296,1.20690793390291,0.975581183302135,1.05701634675296
"ENSG00000252305_s_st",1.66968724454071,1.40783941924054,1.40783941924054,1.40783941924054,1.51373656508443,1.14540783769666,1.35969060137833,1.26985600902737,1.65197113424561
"ENSG00000252314_s_st",0.915528738237318,0.893995550951584,0.898355312909528,0.963070118322349,0.761275336950093,0.813227114787505,0.976265235405997,0.713975810484626,0.893995550951584
"ENSG00000252329_st",1.11788810508563,1.18568497280799,1.11788810508563,1.06548188963373,1.11788810508563,0.935681286774085,1.0878329599857,1.47794950927376,0.950668057062392
"ENSG00000252329_x_st",1.23922316506451,1.23922316506451,1.07194473642099,1.26442616437186,1.23922316506451,1.23922316506451,1.23922316506451,1.3275941215909,1.23922316506451
"ENSG00000252337_st",0.869239944108582,0.869239944108582,1.01025652591974,0.869239944108582,0.646309652459441,0.776166797463736,0.869239944108582,0.811911052616336,0.962016055932063
"ENSG00000252349_st",1.23922316506451,1.54754753655358,0.907534560956061,1.20219015655664,1.20219015655664,1.20219015655664,0.958740833148481,1.43783451564474,1.24988724099455
"ENSG00000252349_x_st",0.66534153141103,1.42469406311436,0.994355946574939,1.28345804332345,0.965027384008208,1.25275637042083,1.09062569742594,1.09062569742594,1.2006717430963
"ENSG00000252352_st",1.5319897850949,1.2006717430963,1.18826610533671,1.27738590969616,1.15695348061009,1.2006717430963,1.35969060137833,1.18390634337876,1.2006717430963
"ENSG00000252352_x_st",1.1900936763931,0.950668057062392,0.760618951568655,0.926198607499284,0.950668057062392,0.950668057062392,0.963231616007147,1.2145902736085,0.950668057062392
"ENSG00000252354_st",1.23922316506451,1.29602543705933,1.2145902736085,1.26043720610446,0.899127662625042,1.2145902736085,1.20392619767845,1.2145902736085,1.55792365832046
"ENSG00000252356_st",1.15264841164643,1.1673568110043,1.03131335166755,1.39987210691482,1.15264841164643,1.24542452346991,0.94106611886696,1.15264841164643,1.07200311704127
"ENSG00000252356_x_st",0.973266716351353,0.815269209974453,0.933769255546101,0.908342356619299,0.815269209974453,0.793580645628984,0.62829071068766,0.65633901748622,0.773027524093248
"ENSG00000252359_st",1.03608217915541,1.03608217915541,1.03598701203533,1.20732013434554,1.13061478931226,1.48921670607674,1.10055964421233,1.27361180249206,1.39135674575276
"ENSG00000252365_st",1.20869503986809,1.53410429784352,1.20869503986809,1.27253008982958,1.30332281714502,1.21694005840363,1.10055964421233,0.973059502346575,1.20869503986809
"ENSG00000252372_st",1.68025611086976,1.2006717430963,1.1677905569409,1.24651867559227,1.2006717430963,1.2006717430963,1.16515862866724,1.40079057920553,1.2006717430963
"ENSG00000252372_x_st",1.10649286790328,1.29602543705933,1.21101463407223,1.03143649322647,0.898607711534137,0.902214280316867,1.03143649322647,1.51537411013793,1.08339977424822
"ENSG00000252380_x_st",1.32267586443471,1.2006717430963,1.07630818600493,1.2006717430963,1.15695348061009,1.2006717430963,1.46050452152429,1.02903355249484,1.45067542913021
"ENSG00000252384_st",1.024669058832,1.28210690654713,1.22793656282597,0.934154355842045,1.2006717430963,0.942399374377587,1.23922316506451,1.2145902736085,1.07200311704127
"ENSG00000252384_x_st",1.10866556343929,1.01559241679445,1.50538941402544,1.10866556343929,1.10866556343929,1.23066968477771,1.10866556343929,1.10866556343929,0.902380139891591
"ENSG00000252387_x_st",1.10866556343929,1.07200311704127,0.962401970223737,1.03143649322647,1.03912193088587,1.15343122999508,1.15664985227626,1.17750377898228,1.00232034490892
"ENSG00000252388_st",0.950668057062392,0.873953890462532,0.787568419005267,0.906688799232475,1.1613014961978,0.950668057062392,0.841750833184485,1.2145902736085,0.950668057062392
"ENSG00000252392_st",0.977375339764336,0.980026992602783,0.850720461525464,1.11286460618028,1.06497735617161,0.950668057062392,0.950668057062392,1.02738222366225,0.778320216028478
"ENSG00000252402_s_st",0.989219479030597,0.950668057062392,0.911206112699096,0.711941712853142,1.15998197772258,1.05701634675296,1.1259738511754,0.913072924553037,0.950668057062392
"ENSG00000252404_st",1.27979579454283,1.44389399773486,1.00866682616303,1.44389399773486,1.74207836394174,1.31867442380488,1.63138071739416,1.82165032342265,1.45455807366491
"ENSG00000252404_x_st",0.851876737433519,0.767404564465944,1.40917100203585,1.0247870529541,1.16295580310081,0.816650990813902,0.948753726763503,1.2145902736085,1.05566008112027
"ENSG00000252405_st",0.977375339764336,0.856040279785458,1.22359053869938,1.16979838709492,0.967345974737557,1.05701634675296,0.870468985407573,0.977375339764336,1.08868103471644
"ENSG00000252405_x_st",0.584972359904826,1.29602543705933,1.05814377592841,0.977375339764336,0.864046194932728,0.977375339764336,0.775682004062949,0.939780207254982,0.977375339764336
"ENSG00000252408_st",1.07200311704127,1.07200311704127,1.04456203079012,1.00770070182997,1.1666308943182,1.09308604460247,1.07200311704127,1.48357864638692,0.963867721385516
"ENSG00000252409_st",0.646309652459441,0.972055521504342,1.24185509333816,0.936480734530753,1.64038928609126,1.07200311704127,0.984619080449097,1.14871728364113,1.07200311704127
"ENSG00000252425_st",0.984511326738917,0.945959904770711,0.945959904770711,0.744828693070815,1.18984046082777,1.05230819446128,0.902126924326256,0.945959904770711,0.869239944108582
"ENSG00000252427_st",1.10866556343929,1.10866556343929,1.10866556343929,1.08419611387618,1.07578437728389,1.07578437728389,1.3070110367427,1.10866556343929,1.24149434513162
"ENSG00000252433_st",0.472636806069945,1.2006717430963,0.730227100533212,1.17910797556896,1.376963904485,1.19025571114269,0.906202295571433,1.28332871042949,0.688160000328922
"ENSG00000252433_x_st",1.07200311704127,1.07200311704127,0.888353890920378,1.03904502287322,1.07200311704127,1.07200311704127,1.10488430319667,1.07200311704127,1.07200311704127
"ENSG00000252434_st",1.31495098698699,1.15695348061009,1.03143649322647,1.01177115333472,1.07200311704127,1.15695348061009,1.20681559133124,1.2145902736085,0.939216938136805
"ENSG00000252434_x_st",1.03678495596045,1.43472588668693,0.783389628418875,1.01525176867472,1.01525176867472,0.779607409586625,0.887675170988602,1.19333817702015,1.07200311704127
"ENSG00000252435_st",1.10866556343929,1.10866556343929,1.10866556343929,1.10866556343929,1.64264425230146,1.2412741390662,1.09800148750925,1.0031886784035,0.920443065000051
"ENSG00000252435_x_st",1.10866556343929,0.898337084174264,1.61680533940278,1.38259054801274,1.11582727591915,1.14870846207455,1.10055964421233,1.14870846207455,1.14870846207455
"ENSG00000252438_st",0.991659981959357,1.00527635294831,1.2145902736085,0.738758965694053,1.02454116811476,1.2677287983569,1.33242578164866,1.37352575947586,1.2474714597639
"ENSG00000252440_st",0.850043109703821,0.885631838301892,0.888865135400632,0.993841360717116,1.00317443450985,1.0157379934546,0.71137958885165,0.913072924553037,0.950668057062392
"ENSG00000252441_st",0.911953098701045,1.24602146438946,1.03143649322647,1.2600456733874,1.0915312395468,0.877284806580458,0.86403304437942,1.14916803254521,0.731862228063585
"ENSG00000252441_x_st",0.977375339764336,1.00683548347288,1.27555970597121,0.977375339764336,0.977375339764336,0.977375339764336,0.946628111268505,1.13630553225257,0.741043036399977
"ENSG00000252443_st",1.0162916919159,1.10866556343929,0.874053648482701,1.14870846207455,1.20329334071623,0.858294185539005,1.23184986788729,1.30885524748475,1.2006717430963
"ENSG00000252447_st",1.07214883988505,1.00799694855464,0.913893897018516,1.1691259912106,1.00799694855464,0.833125460854438,0.950668057062392,0.913072924553037,1.08349683875472
"ENSG00000252448_st",1.13658334238734,0.969363294364108,1.23328551091021,0.810433101875875,0.84802823438523,0.969363294364108,1.03253091355205,0.913072924553037,0.869239944108582
"ENSG00000252448_x_st",1.31079627024313,1.05943955809652,1.31142873637198,1.07200311704127,0.952529575537205,1.05169812800957,1.07200311704127,1.56929597414099,1.07200311704127
"ENSG00000252458_st",1.37589593536372,1.13493175801564,1.18191022401826,1.3772450758498,1.18906426439373,1.28901185993066,1.49908023981172,1.55069192022553,1.40332115903987
"ENSG00000252459_st",1.4214967890171,1.33026373552574,0.796367249112682,1.22258554100379,1.15695348061009,1.15695348061009,1.15695348061009,1.4208756971562,1.091131572319
"ENSG00000252461_st",1.08040652034872,1.57329153075292,1.11924363014249,1.79027284943056,1.2006717430963,1.28131703770146,1.08040652034872,0.779029866460931,1.2006717430963
"ENSG00000252461_x_st",1.16403269082913,2.04088762096773,1.64953635797491,1.36572602653052,1.11608845217943,1.40332115903987,1.03466033922562,1.4870610865094,1.19221509261555
"ENSG00000252473_st",1.64206562514951,1.27396891125784,1.38126463323839,1.63367126000393,1.28131703770146,1.22110333298575,0.898041346477144,1.4021185599444,1.38126463323839
"ENSG00000252476_st",0.895015259894469,1.2006717430963,0.977375339764336,0.940677858273904,0.954147704889537,1.06619484565753,1.08697648658187,0.798138270564485,0.869239944108582
"ENSG00000252495_st",0.831537912770674,0.765383832105922,0.8867188920848,1.13912551885034,0.8867188920848,0.836358757953178,1.08506436538821,0.8867188920848,1.09961981870716
"ENSG00000252502_st",0.980236267666629,1.17977832589818,0.977375339764336,1.17977832589818,1.30111338587706,1.17977832589818,1.32486352187534,1.08714262202339,1.35141651649964
"ENSG00000252502_x_st",1.28999201420827,1.480041119702,1.31856292934528,1.40332115903987,1.40332115903987,1.26731902849179,1.53638464944555,1.54939465967587,1.40332115903987
"ENSG00000252505_st",1.08933157791456,1.08933157791456,0.743251282286704,1.13316455835902,1.40867051889953,0.950668057062392,1.23922316506451,0.984943068763427,1.02068676534768
"ENSG00000252505_x_st",1.23922316506451,1.2145902736085,1.07357369179734,1.2145902736085,1.21712085344285,1.40332115903987,1.2145902736085,1.00168934698614,1.44028838599099
"ENSG00000252517_x_st",1.16840459953568,0.927440422187592,1.09853661773793,1.09330596281119,1.10180380998441,0.950668057062392,0.937705816009045,0.913072924553037,0.950668057062392
"ENSG00000252525_st",1.00284973042198,1.17166187996796,0.998102255951969,1.09023376701415,1.15695348061009,0.998102255951969,0.928666352873131,1.16694793361401,1.21728627339659
"ENSG00000252525_x_st",1.10866556343929,1.29602543705933,1.069203619076,1.10866556343929,1.10866556343929,1.25384789071467,1.10866556343929,1.01053036135187,0.890929020966004
"ENSG00000252526_st",1.549317351775,1.04566840970511,0.968948449042985,0.850584880369552,0.945720814168186,1.2663155368251,0.968948449042985,1.08830797073541,0.514138836143606
"ENSG00000252526_x_st",1.04501828932942,0.817839275370059,0.950668057062392,0.98071587411812,0.73641116241625,0.950668057062392,0.977375339764336,0.950668057062392,0.950668057062392
"ENSG00000252529_st",1.23922316506451,1.07200311704127,1.01856557626472,1.23922316506451,1.23922316506451,1.23922316506451,1.28276646252388,1.15778800161368,1.28970736506715
"ENSG00000252531_st",0.950668057062392,1.77569348858896,0.950668057062392,1.36709123327342,1.04520066721924,0.950668057062392,0.748974721361005,0.838419832515493,0.908426371181187
"ENSG00000252536_st",1.00474830957984,1.2145902736085,0.878144229382552,1.24394038758231,1.25218540611785,1.25218540611785,1.02501519043256,1.2145902736085,1.3277767052601
"ENSG00000252536_x_st",0.896606903600258,0.950668057062392,1.03143649322647,0.950668057062392,0.917786870906987,0.899018840376063,1.01442227138396,1.32002214304145,1.13802793068243
"ENSG00000252537_st",0.977375339764337,1.15002681402651,1.05007921848958,1.46237651814788,1.27437000571155,1.15002681402651,1.17858334119757,1.08330004993354,1.15002681402651
"ENSG00000252543_st",3.42696030158789,4.65371727594838,4.06841869630696,3.97953826162718,3.80166071759249,4.30292032908307,3.80393894273313,4.22735418217432,4.02723534606509
"ENSG00000252543_x_st",2.439166235033,3.0504597784582,2.84595063994933,3.25321624011613,2.52600899239724,2.57714964524617,1.99874479554297,2.57188644903449,2.48184228155674
"ENSG00000252550_st",0.748974721361005,0.912343362637918,0.783389628418875,0.869239944108582,1.02048479629085,0.869239944108582,0.996990097872908,0.776604240233798,0.869239944108582
"ENSG00000252551_st",0.857891945238911,0.917786870906987,1.15695348061009,1.34585427732567,1.0320961700162,0.917786870906987,0.950668057062392,0.994501037506847,0.744275936992022
"ENSG00000252551_x_st",1.20278285164255,0.866255539044326,1.03143649322647,0.954207423013649,1.32440974380681,0.953062929549604,0.792010873895761,1.03143649322647,1.03143649322647
"ENSG00000252557_st",0.977375339764336,1.00102819119401,1.23354348710454,0.853711216209238,1.00102819119401,0.950668057062392,1.00102819119401,1.00102819119401,1.10832391317456
"ENSG00000252557_x_st",0.921646159560479,0.869239944108582,1.1561660389323,0.945945289141863,0.800165376737817,0.869231122542004,0.869239944108582,0.720093231807787,0.869239944108582
"ENSG00000252559_st",0.925929616405277,1.27828854058897,0.890627408550533,1.36660123321158,1.07200311704127,0.655665066898444,1.02837255937972,1.07200311704127,1.10488430319667
"ENSG00000252559_x_st",0.977375339764336,1.30880713875205,1.24917303569976,0.949934253513191,0.977375339764336,0.950668057062392,0.977375339764336,1.00743048486426,0.977375339764336
"ENSG00000252565_st",0.950668057062392,0.938104498117637,1.07015145158782,0.862237078153568,1.24532365266297,0.836358757953178,0.950668057062392,1.12875446540782,0.950668057062392
"ENSG00000252565_x_st",0.950668057062392,1.19121524093265,0.783389628418875,0.820561901909682,0.950668057062392,0.950668057062392,0.748974721361005,0.779029866460931,0.950668057062392
"ENSG00000252566_st",1.15695348061009,1.15081929268813,1.08783032962423,1.69098612557608,1.26424920259064,1.21334731700785,0.748974721361005,1.07551831715926,1.39259783969818
"ENSG00000252566_x_st",0.997100768276769,1.30145917287972,1.42701814600296,1.26442616437186,1.28131703770146,1.38884320947189,1.30145917287972,1.30145917287972,1.23779400856072
"ENSG00000252571_s_st",1.23922316506451,1.27979600375949,1.11721904372609,1.13247902877472,1.00290974461688,1.00290974461688,1.07512517108914,1.06054653761528,1.04365570534806
"ENSG00000252572_st",0.785900999159178,1.07200311704127,0.977375339764336,0.733494783707281,1.26508887626585,0.977375339764336,1.0285686981326,1.32879963312579,0.913710175445337
"ENSG00000252576_st",0.857891945238911,1.07200311704127,1.47268931464259,1.07200311704127,1.19333817702015,0.957693817932056,0.909806567923382,1.12661141292719,1.08698988732958
"ENSG00000252580_st",1.2769704177746,1.57329153075292,1.48128535109591,1.86034301078703,1.47866375347598,1.36112115726803,1.47866375347598,1.47866375347598,1.47866375347598
"ENSG00000252580_x_st",1.37785270137876,1.09286823840501,1.08283887337823,1.05230161459021,1.14115615557581,1.14115615557581,0.784939188773696,1.14253957193321,0.950668057062392
"ENSG00000252582_st",1.28708984873106,0.73641116241625,0.938015096283276,0.923028325994969,0.840668246125101,1.55155927320789,0.735251923350588,1.0806022528505,0.846322980961688
"ENSG00000252592_st",0.940638692035612,0.715023697974299,1.07200311704127,0.913635048554529,1.10742667783381,0.950668057062392,0.950668057062392,1.29444228951495,1.04602175102542
"ENSG00000252601_st",1.07200311704127,1.07200311704127,1.3364828706151,1.07200311704127,1.09946753467336,1.07200311704127,1.07200311704127,1.07200311704127,1.07200311704127
"ENSG00000252601_x_st",1.40332115903987,1.2006717430963,1.11924363014249,1.11099861160695,1.38576101739675,1.11924363014249,1.03185959355032,1.05494121493119,1.11924363014249
"ENSG00000252602_st",1.3740591817456,1.15297045500441,0.946116505110716,1.05302285946748,1.05302285946748,1.01555240818955,1.05302285946748,1.2145902736085,1.29602543705933
"ENSG00000252605_s_st",0.782430982311464,1.07200311704127,1.13630553225257,1.07200311704127,0.849072825392129,1.25977951968565,1.07200311704127,1.13912931068105,1.2006717430963
"ENSG00000252609_st",0.878281252438324,0.865717693493569,1.03143649322647,1.07200311704127,1.15343122999508,1.23574297699563,1.07200311704127,1.07200311704127,1.2110750734905
"ENSG00000252617_x_st",1.10866556343929,1.17579175707907,1.10866556343929,1.06809893962449,0.903004118576849,1.58605710607389,0.977375339764336,1.26882686369193,1.07200311704127
"ENSG00000252638_st",1.17241946096504,0.977375339764336,0.913008011424329,1.37256156002761,0.855371218425923,0.849219473405466,0.977375339764336,1.07200311704127,0.977375339764336
"ENSG00000252638_x_st",0.805239844947674,1.07200311704127,0.957693817932056,1.1260642705034,1.02828485455506,1.07200311704127,1.36055822504338,1.33592533358738,0.879580069710684
"ENSG00000252640_st",0.950668057062392,1.41529402437602,0.817839275370059,1.40079057920553,0.848002988160828,0.998955974233192,0.950668057062392,0.950668057062392,0.950668057062392
"ENSG00000252646_st",0.923314186302203,0.765086372303712,0.950668057062392,0.977375339764336,1.05880345271815,1.05880345271815,0.977375339764336,0.939780207254982,1.05692876442375
"ENSG00000252646_x_st",0.977375339764336,0.950668057062392,0.950668057062392,1.10794260334546,1.231292593429,1.09461147926232,0.786569853870359,0.873962712029111,0.743905308970608
"ENSG00000252657_st",1.19028183544598,1.12597942023468,0.862737900077677,1.20268476526796,0.790211820219526,0.831775061889936,1.08214643979022,1.54939465967587,1.25464804628971
"ENSG00000252657_x_st",1.70027220966423,1.04051044284366,1.14661058963417,1.3054368852425,1.2006717430963,1.34927582356664,1.03847519397841,1.2006717430963,1.2006717430963
"ENSG00000252665_st",1.23418255082291,1.15695348061009,1.16388499876159,1.09319926628853,0.94269658596395,1.15695348061009,0.755718086677158,1.2145902736085,1.15695348061009
"ENSG00000252668_st",0.977375339764336,1.01962991072285,0.893916708695839,0.992188824471707,0.850650056159962,1.09927091771148,1.14738006448718,1.61835651333633,1.03417761175916
"ENSG00000252668_x_st",1.20103270539056,1.36277682911368,0.977375339764336,0.913621125442769,0.852408204306502,0.836805127985063,0.977375339764336,1.07244948707316,1.51120420000192
"ENSG00000252669_st",0.977375339764336,1.15695348061009,1.14501285266397,1.39980460604268,1.15695348061009,1.20524139778089,0.731260016028263,1.20271081794654,0.998955974233192
"ENSG00000252672_st",0.977375339764336,0.688820231762222,0.741730980676244,1.23439674154051,1.52228121504955,1.1414733337397,0.774612166831649,1.3004037354446,0.977375339764336
"ENSG00000252677_st",1.23922316506451,1.29602543705933,1.00172847598936,0.947586071941234,1.51526316467474,0.959793553341611,1.23922316506451,1.30764747612936,0.898492183126305
"ENSG00000252679_x_st",1.07413974891266,1.02722767925189,0.920587997716309,1.14870846207455,1.44065526788586,1.28131703770146,1.49401491844322,1.26818200357862,1.01443055066976
"ENSG00000252682_x_st",1.43142900954604,1.51860000634548,0.836358757953178,0.880191738397633,1.18170908745309,1.50097638122117,1.00095169396397,1.18170908745309,1.18170908745309
"ENSG00000252683_st",1.16463882091605,0.967237974895072,0.86960013090743,1.17947580080303,1.04529583433933,1.12933200853352,1.01560928064351,1.07200311704127,1.07200311704127
"ENSG00000252687_st",1.06956944401792,1.19823807007295,1.06956944401792,1.06956944401792,0.863907999155476,1.15695348061009,0.658623078388887,1.06956944401792,1.24120763461938
"ENSG00000252687_x_st",1.23759415188611,1.48984515162068,1.11611336906345,1.23759415188611,0.950668057062392,1.26846718005228,0.950668057062392,1.34235929403231,1.35190345099533
"ENSG00000252689_st",0.857891945238911,1.03712901443876,1.03712901443876,1.03712901443876,0.954768934568895,1.03712901443876,0.977375339764336,1.11384318103862,0.849352611794382
"ENSG00000252691_st",0.819471611442741,0.97904803647995,1.31076912176762,0.941452903970595,0.950668057062392,1.27325239482469,1.10800594883493,1.10161420422323,1.04996513949293
"ENSG00000252692_st",0.809116836362178,0.988263189571746,0.950668057062392,0.805485729787015,0.950668057062392,0.950668057062392,0.950668057062392,1.21339671690796,0.983549243217796
"ENSG00000252692_x_st",1.10866556343929,0.785262479601861,0.820052074816897,1.10866556343929,1.08195828073735,1.28824370428505,1.10866556343929,1.10866556343929,1.66406311548037
"ENSG00000252693_st",1.07200311704127,1.39065321433626,1.24185509333816,1.36702844785149,1.1666308943182,1.04529583433933,0.957911797747152,0.873657643737865,1.04344658987021
"ENSG00000252699_st",1.10055964421233,1.10055964421233,1.28013778505809,1.05362998698903,1.54402363008455,1.10055964421233,1.10055964421233,1.15819643721074,0.85033454369751
"ENSG00000252701_st",1.23922316506451,1.2122424703307,1.28131703770146,1.56285459671346,1.15695348061009,1.55675135102508,1.23748405725701,1.28131703770146,1.05245818824154
"ENSG00000252701_x_st",1.23922316506451,1.15695348061009,1.15695348061009,1.40079057920553,1.02143760542448,1.18687554099951,1.15695348061009,1.15695348061009,1.12558377369206
"ENSG00000252706_st",0.766574875207019,0.869239944108582,0.990575004087461,0.913072924553037,0.869239944108582,1.28131703770146,0.869239944108582,0.869239944108582,0.869239944108582
"ENSG00000252706_x_st",1.14872169818041,0.836358757953178,1.05880345271815,1.0540895063642,0.818199262436762,1.06232570333316,0.977375339764336,0.950919476438253,0.888814769418194
"ENSG00000252709_st",0.978571924692479,0.813324647822059,1.15695348061009,1.15211647268004,1.63252185344701,0.864262625583265,0.978571924692479,0.779029866460931,0.927633946931273
"ENSG00000252719_st",0.953164283886943,0.955819857095784,1.11286460618028,0.950668057062392,0.950668057062392,0.836358757953178,0.950668057062392,1.15085774110785,0.936749526550193
"ENSG00000252722_st",1.40332115903987,1.44389399773486,0.859833535494136,0.87870645118388,1.26690614058806,1.34926622045793,1.66160422337553,1.34926622045793,1.38121543969727
"ENSG00000252722_x_st",1.09871039974321,1.18609443633539,0.793691456475877,1.14147354295637,1.07200311704127,0.850004792308187,1.36055822504338,1.67072971965475,1.3004037354446
"ENSG00000252724_x_st",1.19348389986393,1.07200311704127,1.5729811805249,0.861003747139619,1.01993393962785,0.950668057062392,1.60953504596211,1.27423732248662,1.28626001168741
"ENSG00000252727_st",1.10866556343929,1.10866556343929,1.23000062341817,1.41057918543649,1.20860269729642,1.10866556343929,1.06483258299484,1.10866556343929,1.10866556343929
"ENSG00000252727_x_st",1.27355604479396,1.81374553593129,1.52890911665084,1.5643725616296,1.61944320036338,1.26073400247265,0.965096762684507,1.07200311704127,1.36633215661744
"ENSG00000252728_st",1.06497735617161,1.06497735617161,0.950668057062392,1.14168270120489,1.06497735617161,1.20892077837153,1.1881616606196,1.15960513344854,0.662847824038212
"ENSG00000252728_x_st",0.984619080449097,1.07200311704127,1.07200311704127,1.04620784831196,1.07200311704127,1.07200311704127,1.07200311704127,1.14871728364113,1.10488430319667
"ENSG00000252740_st",0.9501059330609,0.836358757953178,1.13533111630183,0.913072924553037,1.16717247570632,0.839487409311549,1.21760080075624,1.12957734319697,0.909898429431799
"ENSG00000252762_st",0.486608956616029,1.07200311704127,1.0272523192582,1.38576122435073,1.0272523192582,1.25272823060197,0.626016925325268,0.935336232597367,0.945824206304393
"ENSG00000252765_st",1.01794196357914,1.11256974085607,0.900669994731056,1.07200311704127,1.08024813557681,1.08024813557681,1.0124576419721,1.07200311704127,1.29529952037323
"ENSG00000252765_x_st",1.07200311704127,1.07200311704127,1.01903398750697,1.14870846207455,1.07200311704127,1.07200311704127,1.22189470419121,0.679600137181759,1.07200311704127
"ENSG00000252771_st",1.01913178192607,1.18643949983249,1.07200311704127,1.05511224371167,1.07200311704127,1.32188366151626,0.767644712438319,1.07200311704127,1.18643949983249
"ENSG00000252774_st",1.65219912019559,0.976247910588885,1.05701634675296,1.05701634675296,1.05701634675296,1.05701634675296,1.05701634675296,0.999687455260717,1.011169414257
"ENSG00000252777_st",0.99890852705007,1.0774874386483,0.977375339764336,1.14870846207455,0.880973857269927,1.15813273325346,0.977375339764336,0.898513260986356,0.759638797291049
"ENSG00000252778_st",0.779215777131164,1.07200311704127,1.07200311704127,0.900113507063949,0.892766047841418,1.07200311704127,1.45229030271534,0.825259043209748,1.02976143116007
"ENSG00000252787_st",1.28131703770146,1.33811930969628,2.50589299912596,1.14870846207455,1.40073923613621,1.28131703770146,1.2249232013037,1.28131703770146,1.31955097858064
"ENSG00000252787_x_st",1.29602543705933,1.29602543705933,1.46956998504689,1.24361922160743,1.32770995534715,1.4601234310347,1.29602543705933,1.29602543705933,1.09337602111575
"ENSG00000252790_st",0.763689557775599,0.950668057062392,0.873948096400263,1.2582034226383,1.23574685984915,1.02328753284799,1.0561687190034,1.07200311704127,0.910095218367405
"ENSG00000252792_st",0.869379876607224,0.836358757953178,0.980683451963948,0.856864548322526,0.887737576488689,1.06731571733444,0.793109799211755,1.10313386185721,1.06544168165854
"ENSG00000252792_x_st",1.05333312596396,1.09758297056776,1.26330177030066,0.913072924553037,0.950668057062392,1.05701634675296,1.34557145475508,0.7694175282097,1.15237004071599
"ENSG00000252798_s_st",1.00353688622178,1.04374120370724,0.950668057062392,1.24608470367885,0.951059372868626,0.699882991685995,1.69270238050414,1.11082935731503,1.06696883858204
"ENSG00000252798_st",1.17929883902182,1.07382195398603,1.09434847545299,1.00679788747442,1.7108715792779,1.17929883902182,1.68012435078206,1.17929883902182,1.07200311704127
"ENSG00000252799_s_st",1.10866556343929,0.950668057062392,1.10866556343929,0.919795028896229,1.40332115903987,1.28131703770146,1.50939519241119,1.10613498360494,1.08195828073735
"ENSG00000252800_st",1.18937481020403,1.05808458652907,0.86409887518361,0.731934346017603,0.95110885349601,1.26437001007677,1.05808458652907,1.07200311704127,1.1867532125841
"ENSG00000252805_x_st",1.01564497166888,1.01564497166888,0.618868566208295,1.14870846207455,1.05773884430583,0.988937688966931,1.01564497166888,0.951342556457577,1.07200311704127
"ENSG00000252824_st",1.23922316506451,1.23922316506451,1.54939465967587,1.13613471042608,1.23922316506451,1.28131703770146,1.03968110683296,1.40079057920553,1.23922316506451
"ENSG00000252829_st",1.10866556343929,0.939243254969428,0.797924520553466,1.46908315083568,1.15695348061009,1.15695348061009,0.89480150988345,1.56852900995574,0.954190307677405
"ENSG00000252829_x_st",0.8449294949689,1.20162782333849,1.43093154746485,1.16459481483062,1.40332115903987,1.03905086330509,1.20162782333849,1.46555003988459,1.45992040957293
"ENSG00000252834_st",0.831857532819907,1.41950522884233,1.33470619167981,1.2065673132232,1.25690166376596,0.82143395025219,1.1602095171376,1.46873756974458,1.03071713722955
"ENSG00000252834_x_st",1.06794002591047,1.06794002591047,1.02410704546602,1.14870846207455,0.953630726801259,1.06794002591047,0.935219811908982,1.37811152052183,0.900719977887237
"ENSG00000252840_s_st",8.24934461257113,8.67138679988692,9.2468082869351,8.57739116418403,8.69652709277198,8.53871935556414,8.26415135414705,8.17464922346838,8.5354608301601
"ENSG00000252840_st",1.06389450038286,1.09549377307033,0.983126064218783,1.06389450038286,1.34886299568687,1.03718721768092,1.47053878510679,0.768782057748798,1.00014007910731
"ENSG00000252840_x_st",1.21326843706923,0.940961631583113,1.21237192266696,1.26442616437186,1.81761772864933,1.15408367047826,1.38202379055385,1.1766059906712,1.33560232080891
"ENSG00000252844_st",0.836358757953178,0.836358757953178,0.766675985820828,0.805485729787015,0.836358757953178,0.792379500123261,1.10055964421233,0.746148680305527,0.836358757953178
"ENSG00000252849_st",0.748974721361005,1.17743958449647,1.03590081618473,1.14870846207455,1.03590081618473,1.27422544945817,1.03590081618473,0.945690738537074,0.850333264693335
"ENSG00000252849_x_st",0.987008397518916,1.44389399773486,0.945945289141863,0.91270705918365,1.03537931724294,1.25603690604273,1.52854073296985,1.14870846207455,1.14870846207455
"ENSG00000252852_st",1.09871039974321,1.07200311704127,1.31837079547105,1.15277155320535,0.957693817932056,1.07200311704127,0.892424976195514,0.892766047841418,1.07200311704127
"ENSG00000252853_st",1.05701634675296,0.980311001719682,1.30338402518274,1.05701634675296,1.05701634675296,0.980311001719682,1.13538991042983,1.11465313975137,1.18969371851115
"ENSG00000252853_x_st",0.869239944108582,0.906835076617937,0.792534599075301,0.869239944108582,1.07200311704127,0.848934955076886,1.10055964421233,0.789167799178553,0.869239944108582
"ENSG00000252868_st",1.34440721508558,1.08979451812025,0.777430198370031,1.03143649322647,0.890252459888704,1.23839859859059,1.21005974086783,1.08979451812025,0.887031345187564
"ENSG00000252870_st",0.753896847225463,0.913072924553037,1.10815065982633,0.913072924553037,0.913072924553037,0.950668057062392,1.52854073296985,0.855744033060791,1.00842661851606
"ENSG00000252873_st",0.965654827350699,1.02058077811131,0.851345528241485,0.965654827350699,1.4430463699853,0.950668057062392,1.11554641450064,1.06028260462763,1.16734816305209
"ENSG00000252873_x_st",0.977375339764336,0.871027050073765,0.992362110052643,1.00257833907169,0.950668057062392,0.946406274802596,0.977375339764336,0.767169205602744,1.28973965951456
"ENSG00000252878_x_st",0.955865777414524,1.38515364584632,0.931232885958516,1.35868875667296,1.07200311704127,1.07200311704127,1.07200311704127,1.08524496302919,1.07200311704127
"ENSG00000252883_st",1.23922316506451,1.16400929669828,0.895341354904482,1.23178739913043,0.976211576839957,1.04529583433933,1.07200311704127,1.05292574343982,1.07200311704127
"ENSG00000252883_x_st",1.36055822504338,1.19333817702015,1.16221319468892,1.27004352205343,0.842405913709796,0.975847985275266,0.934612405767847,0.901524382290252,1.07200311704127
"ENSG00000252888_st",1.20685144820535,1.20685144820535,1.04538538250364,1.03193866009072,1.03963140018212,1.41616536886554,1.35969060137833,1.20685144820535,1.20685144820535
"ENSG00000252904_st",0.792393124282826,1.72873041701531,1.30303695243348,1.30303695243348,1.30303695243348,1.30303695243348,1.63410263973837,1.53868131152157,1.12952601851851
"ENSG00000252917_st",0.857891945238911,1.30433090263605,0.893916708695839,1.11327457510677,0.913423007885779,1.29072753268463,0.954098497779196,0.711069133520005,1.1292931085327
"ENSG00000252920_st",0.962951056496067,0.924599543586472,0.995832242651472,1.03143649322647,0.962951056496067,0.618868566208295,0.734550438092735,1.30830138599598,0.962951056496067
"ENSG00000252921_st",2.28875928430441,3.33095017647173,2.41436662225413,2.86747012722712,2.55297266375146,3.18060468333644,2.32220132154624,2.58440303864808,2.6542151498722
"ENSG00000252921_x_st",1.0263760684747,1.8774612085575,1.5668833362758,1.73493020628536,1.81421617938257,1.83374294607129,1.54602940956978,1.95379681517798,1.40332115903987
"ENSG00000252923_st",1.04126404900172,1.1340401608252,1.03322097870151,1.07781504717874,0.842405913709796,1.05261204787139,1.05261204787139,1.07200311704127,0.864835645227007
"ENSG00000252923_x_st",0.867215320599333,0.836358757953178,1.0398667948615,1.0229759215319,1.32573836682565,0.836358757953178,1.1461602259799,1.0229759215319,1.11318599917955
"ENSG00000252932_st",0.950668057062392,0.950668057062392,0.950668057062392,0.913072924553037,0.950668057062392,0.833125460854437,1.10055964421233,1.28626001168741,0.950668057062392
"ENSG00000252932_x_st",1.0425238844996,1.0425238844996,1.52453929234002,1.01694403097311,1.28131703770146,1.45323057879312,0.934388488843844,0.963661805721618,1.0425238844996
"ENSG00000252945_st",1.4079374824917,1.09500137193414,1.08029297257627,1.10674883590236,1.12238684521323,1.08029297257627,1.05921004501508,0.913072924553037,1.06090190340639
"ENSG00000252946_st",0.950668057062392,0.950668057062392,0.817839275370059,0.805485729787015,1.15695348061009,0.950668057062392,0.950668057062392,0.893339165570145,1.06497735617161
"ENSG00000252946_x_st",0.772358658792269,1.02377632697402,0.747242085633815,0.995288950441411,0.862460168749078,0.995288950441411,1.07366251411828,1.07200311704127,1.04700396184882
"ENSG00000252961_st",1.39963793825087,1.16764242507317,1.32563993145007,1.02775327243746,0.950668057062392,1.05333312596396,1.35600738058932,0.918155693356933,0.924664499908925
"ENSG00000252969_st",0.950668057062392,0.950668057062392,0.869239944108582,1.05543319920859,0.950668057062392,0.950668057062392,1.23922316506451,0.913072924553037,0.950668057062392
"ENSG00000252981_st",1.0199850597871,1.0647577768399,1.15214181343208,1.15307046946251,1.12849392804157,1.05701634675296,1.1284229411589,0.983322613389076,1.0647577768399
"ENSG00000252981_x_st",0.791491979734817,0.686745840516285,1.19360864125556,0.950668057062392,1.15695348061009,0.950668057062392,0.791491979734817,1.34310923612817,0.808030151313589
"ENSG00000252985_st",1.40332115903987,1.64053609288404,1.64053609288404,2.45343432452243,1.64053609288404,1.26054026177405,1.43884275718265,1.8777510267282,1.64053609288404
"ENSG00000252985_x_st",1.24773751988853,1.33912885558866,1.17469037708045,1.29602543705933,1.40332115903987,1.29602543705933,1.12469231474911,1.12438724645787,1.21459732410552
"ENSG00000252989_st",1.64264052926994,1.47693249512455,1.16084960138764,1.58243315706556,2.05053003439378,1.58243315706556,1.23922316506451,1.91533052813372,1.66386832051638
"ENSG00000252992_st",1.22593753228737,1.41329740590741,0.703750182326268,1.14870846207455,1.05183147274457,1.22593753228737,1.14870846207455,1.14870846207455,0.867169941307507
"ENSG00000252992_x_st",1.2145902736085,0.787559610946255,0.950668057062392,1.43572981277194,1.64053609288404,1.2145902736085,1.01289693790711,1.2145902736085,1.25943582727563
"ENSG00000252993_st",1.08538767599973,0.950668057062392,0.868770959378435,1.14056865531386,1.0374683111581,1.063854488714,1.063854488714,1.063854488714,1.063854488714
"ENSG00000253004_st",0.821218051664873,1.07200311704127,1.10488430319667,1.23586963720079,1.07200311704127,1.14434624755997,1.07200311704127,0.752195836062145,1.07200311704127
"ENSG00000253007_st",1.17263415393609,0.917063187785835,1.24185509333816,0.986062824328726,1.31781287953778,1.46728974953667,1.34452016223973,0.959606961002642,1.24185509333816
"ENSG00000253009_st",0.89672905503268,1.07200311704127,0.766574875207019,0.960013312920784,0.869239944108582,0.848934955076886,0.869239944108582,0.613186877451024,0.98950516685616
"ENSG00000253013_st",1.26409694403511,1.20519808443068,0.959341454065391,1.05928904960232,1.05928904960232,1.06473344421008,0.869239944108582,1.09687689601188,1.13447202852123
"ENSG00000253014_st",1.16822340493588,2.79339824551171,2.07317975272117,2.1347229071086,2.07317975272117,2.26448470356538,1.52131527858404,2.07317975272117,2.07317975272117
"ENSG00000253014_x_st",1.80894045433938,3.41070375905154,2.8277511475856,3.16948894298881,2.36010584754489,2.55058880641847,1.93949805596459,2.07317975272117,2.35655060847917
"ENSG00000253027_st",1.35135787801812,1.23429673066566,0.925778170425409,1.14870846207455,1.02003983601952,1.05701634675296,1.14870846207455,1.34882729818378,1.26301776118376
"ENSG00000253028_st",0.902273443368922,1.28209985605011,0.902273443368922,0.913072924553037,0.950668057062392,0.950668057062392,1.27681829757386,0.950668057062392,0.662847824038212
"ENSG00000253036_st",1.44632812120703,1.17402131572091,1.17402131572091,1.37414015183014,1.28131703770146,1.0597120166117,0.983972210227177,1.13642618321156,1.29602543705933
"ENSG00000253041_x_st",0.768656243193285,0.950668057062392,1.09168463887355,1.14309110439298,0.809651475251233,0.950668057062392,0.950668057062392,0.913072924553037,0.988263189571746
"ENSG00000253042_s_st",0.977375339764336,1.20030563141348,1.20030563141348,1.36250218053137,1.34316367945791,1.0750860574835,1.20030563141348,1.40049531545893,1.20030563141348
"ENSG00000253042_st",0.838258240967888,0.825694682023133,0.681643888254416,0.848922316897933,0.746257247996369,1.04804671841198,0.968405711423358,1.42069925330315,0.752131343645096
"ENSG00000253042_x_st",1.2006717430963,1.2006717430963,1.0644462013127,1.38906916163743,1.29754873242628,1.19102875662527,1.10055964421233,1.2006717430963,0.950668057062392
"ENSG00000253047_st",1.04789860283146,1.29602543705933,1.29602543705933,1.29602543705933,1.21932009202605,1.26931815435738,1.62427954521118,1.29602543705933,1.33659206087413
"ENSG00000253049_st",1.76487879556194,1.23604384625719,1.15695348061009,1.40079057920553,1.41768145253513,1.3559450255384,1.40079057920553,1.40079057920553,1.40079057920553
"ENSG00000253051_st",1.28131703770146,1.28131703770146,1.09147291563047,1.28131703770146,1.7715652721883,1.28131703770146,1.34561945291276,1.14727397960935,1.28131703770146
"ENSG00000253051_x_st",2.00591706151977,1.68268715093672,1.28537246761768,1.68268715093672,1.78411501015388,1.68268715093672,1.68948723287695,1.54939465967587,1.47640172738902
"ENSG00000253052_st",1.03976880711468,1.35181326708327,0.686228027144624,1.55415676705488,0.858587326410802,1.06892826900775,1.03598754687206,0.790205434094293,0.869239944108582
"ENSG00000253059_st",0.912463402528346,1.29795388048073,1.00934039185833,0.967682278904903,1.03143649322647,1.31080248512332,1.09519070754804,1.2145902736085,1.12266953668994
"ENSG00000253060_st",1.00037398834973,1.15695348061009,1.13609955390408,1.02434490498318,1.15695348061009,1.15695348061009,1.1955049025783,1.35707231671932,1.35960289655367
"ENSG00000253065_st",1.12759983241333,1.22093260656923,0.999247223448769,1.36836885780239,1.22447682174332,1.40332115903987,1.00733167719463,1.19703573549217,1.19703573549217
"ENSG00000253067_st",1.31054504721639,1.22665939690309,1.34656981067332,1.40332115903987,1.40332115903987,1.40332115903987,1.52854073296985,1.40332115903987,1.50746732730745
"ENSG00000253068_st",1.00113675888486,1.10622195063064,1.66758719576489,1.09123826884167,1.25785304154763,0.950668057062392,0.824474996748069,1.32368774941234,0.868965942569022
"ENSG00000253068_x_st",1.01598824807306,1.20551073406937,1.16559933540416,1.14870846207455,1.31280645604992,1.07199429547469,1.01598824807306,1.14870846207455,1.14870846207455
"ENSG00000253072_st",1.68268715093672,1.08252020484965,0.832516518815746,1.08252020484965,1.08252020484965,1.08252020484965,1.6058520482748,0.789546954269316,1.00175176868558
"ENSG00000253076_st",1.27790081330912,1.2006717430963,1.18596334373843,1.16907247040883,1.62661756237184,1.17396446039436,1.27540458648457,1.07107650150353,0.928874047160879
"ENSG00000253076_x_st",0.857891945238911,0.836358757953178,0.913072924553037,0.913072924553037,0.913072924553037,0.913072924553037,1.08496253453036,0.913072924553037,0.945954110708442
"ENSG00000253085_st",1.16065870613607,1.07515475571268,1.03143649322647,1.02319147469093,0.988817789181789,1.03143649322647,1.12164657087412,0.851132435694621,0.965614584935374
"ENSG00000253090_st",1.4153192574971,1.14870846207455,1.14870846207455,1.14870846207455,1.07200311704127,1.15695348061009,1.10055964421233,1.25629565684057,1.29602543705933
"ENSG00000253090_x_st",1.07200311704127,1.53852177501179,1.3586831470268,1.40079057920553,1.07200311704127,1.05701634675296,1.07200311704127,0.794016636749238,1.07200311704127
"ENSG00000253091_st",0.977375339764336,0.843372335081845,1.10866556343929,0.683381397424376,0.943319930618773,0.92677118598534,1.23922316506451,1.72873041701531,0.869239944108582
"ENSG00000253092_st",1.05701634675296,1.27112751855532,1.06236143530373,1.11219732606709,0.942707047643749,1.05701634675296,0.948099122875056,0.855463419000272,0.975588233799154
"ENSG00000253094_st",1.32273271976127,1.29602543705933,1.45516549357661,1.40079057920553,1.29602543705933,0.950668057062392,1.09433210135794,1.00670542281295,1.29602543705933
"ENSG00000253094_x_st",1.24103591341474,1.09699162715378,1.40017573524865,0.938061434665547,1.15695348061009,0.975656567174902,1.24973869694085,0.788709367461669,1.66246976211293
"fru-let-7a_st",13.4159680773528,13.3877545205221,13.4426526514059,13.3621366159654,12.943813405933,12.8783650870482,13.4843600006741,13.2676339912282,13.475139718743
"fru-let-7b_st",13.8818297962042,13.9762535298653,13.9299422867565,13.9402135836594,13.855304129727,13.8316253578754,13.8874049950743,13.8262773523335,13.8064306785386
"fru-let-7d_st",5.63881156722664,4.52818353451139,3.94019001448426,4.57568458797744,3.82970723729661,3.27000990687828,5.20240733514504,3.27189055616205,4.463526472786
"fru-let-7e_st",3.71388302451465,3.41324424821773,2.2040184600316,2.09255212990793,1.9808715171436,1.7198475094016,3.18313905952149,2.05609031418175,2.70435025524023
"fru-let-7g_st",7.39662306530751,7.30616966627174,7.27048577766625,7.11363210595768,6.78779991285293,6.70319842182096,7.55478041297145,7.01417693840343,7.22423735375745
"fru-let-7h_st",4.28503776127421,3.5283756548092,3.47420531108804,3.831349187598,2.65855617309044,3.46951214036193,4.5559186554334,3.05373084082191,3.5283756548092
"fru-let-7i_st",9.96729988298843,9.90535389836269,9.95345626039255,9.90535389836269,9.84308202657871,9.49002010236294,10.0890680683883,9.55893707520556,10.0145087522167
"fru-let-7j_st",0.977375339764336,0.950668057062392,0.977375339764336,1.14870846207455,1.09168463887355,0.977375339764336,0.977375339764336,0.950668057062392,0.900655379102208
"fru-miR-1_st",0.913072924553037,0.836358757953178,0.674880567596458,0.486042261890794,0.891040522253808,0.891539737267304,1.15574062352646,0.968253903867163,1.09692252992219
"fru-miR-100_st",11.6231005539293,11.7813833411706,11.6555078797042,11.607754749441,11.5792860380011,11.607754749441,11.5041308150052,11.6086299077821,11.5190053128822
"fru-miR-101a_st",2.21308812251007,2.22644503633367,1.93355349159669,2.21308812251007,2.23144582239154,1.88767886453464,2.39247257782641,2.09711041556079,2.77893067123121
"fru-miR-101b_st",1.09230810607297,1.07200311704127,0.989643037171402,1.07200311704127,1.08889399037087,1.07200311704127,1.04680011773392,1.07200311704127,1.07200311704127
"fru-miR-103_st",13.2802026316798,13.228215979748,13.1898616249933,13.2802026316798,13.3750760843624,13.432355939291,13.2941610017686,13.3352574260319,13.2175680998604
"fru-miR-107_st",12.8711026303652,12.7878777716144,12.8058095923731,12.8021846893259,12.8474629745095,12.8727676871547,12.8898721160017,12.8620165603869,12.817497781688
"fru-miR-10b_st",1.49994281966713,1.49994281966713,1.34194531329023,1.30435018078088,1.53753795217648,1.74382337572419,1.26051720033642,1.54939465967587,1.53753795217648
"fru-miR-10c_st",1.08636339168654,1.54463143038705,1.64953635797491,1.56836722178355,1.28003328139707,1.38396402955982,1.45000365311012,1.16231616877306,1.54939465967587
"fru-miR-10d_st",1.23922316506451,1.29602543705933,1.23922316506451,1.23922316506451,1.23922316506451,1.10593067380365,1.19559260740296,1.10593067380365,1.33385094234144
"fru-miR-122_st",1.27065296177142,1.03094565980117,1.28131703770146,1.28131703770146,1.35803699836359,1.24843585154606,1.28131703770146,1.40079057920553,1.28131703770146
"fru-miR-124_st",1.41160505823867,0.950668057062392,0.836358757953178,1.01127154606781,0.927440422187592,0.836358757953178,1.39728573388768,0.950668057062392,0.950668057062392
"fru-miR-125a_st",7.85479129298029,8.06864221134271,7.23779870633617,7.96052290477569,7.28211052385557,7.2307347570745,7.94846694901531,7.48883509718392,8.2129347921244
"fru-miR-125b_st",11.3879831462235,11.1882719308745,11.2524812828815,11.2187266371687,11.0805685658389,11.029195595195,11.2729733903507,11.2329996311314,11.2142059874069
"fru-miR-126_st",1.07512496187247,0.813938999049591,1.40180012509791,1.35758673373794,1.2063419789091,1.23922316506451,1.23922316506451,1.23922316506451,1.90442345819397
"fru-miR-128_st",6.15306389841648,6.46495509397885,6.11415702081158,6.32078399431036,4.62336798710744,5.73955781970812,6.10952132512566,5.98343708963608,6.38054446530616
"fru-miR-129_st",1.0072251462485,1.45973485762409,0.736411162416249,1.0728572066422,1.0072251462485,1.0728572066422,1.0728572066422,1.41820753614211,1.62046736078198
"fru-miR-130_st",4.18018204050276,3.80556152796384,4.18018204050276,4.9452165243098,4.18018204050276,3.26283425221803,4.74709366203945,3.52657088132303,4.97637274993496
"fru-miR-132_st",6.6809326110867,6.6809326110867,6.42705287218396,6.74051404758664,6.84125792806111,6.72238083995993,6.67861800601204,6.54508019965018,6.6809326110867
"fru-miR-133_st",0.977375339764336,1.17906867546572,1.31588367309833,1.24085324863279,0.939174335348937,1.07200311704127,0.977375339764336,1.07200311704127,1.17906867546572
"fru-miR-135a_st",1.08152725554272,1.01722484033142,1.04190160491868,1.01722484033142,1.23133601213378,0.728669732329309,1.01722484033142,1.01722484033142,0.793202520313366
"fru-miR-135b_st",1.05144676242013,0.59101379248104,1.1415467495947,0.841798857857437,0.869239944108582,0.869239944108582,0.869239944108582,1.04590170624537,0.792534599075301
"fru-miR-137_st",1.14386947110148,1.2006717430963,1.34854030377183,0.926379279356597,0.877106199007883,0.855314363099365,1.20817188631278,1.70830129235383,1.06527427402461
"fru-miR-138_st",4.81196130013795,3.96229001877784,4.48802122796386,4.81548740860529,5.39395523124437,5.8293620119804,5.15861863123515,4.34252657851134,4.81548740860529
"fru-miR-140_st",2.71870086594638,2.71870086594638,1.54766431742999,1.99275053470272,1.5451323645714,2.01383346226391,2.71870086594638,3.45330161651958,3.63836998594883
"fru-miR-142a_st",0.902380139891591,1.05701634675296,1.07571771430764,1.24321665234999,0.942707047643749,1.05701634675296,0.96238856947603,1.65574294936644,1.07200311704127
"fru-miR-142b_st",0.977375339764336,0.700296679162105,1.15343122999508,0.950668057062392,1.2356365523664,0.917786870906987,0.881232153983553,0.948137477228043,0.950668057062392
"fru-miR-144_st",0.977375339764336,1.1914865115667,1.46888944943449,1.12575414695474,0.963245097231053,1.03268100030989,1.07015145158782,1.07015145158782,0.782331218563637
"fru-miR-148_st",1.2006717430963,1.2006717430963,0.940939865470214,1.03143649322647,1.2006717430963,0.880077020439386,1.52854073296985,1.48564023840031,1.21538014245417
"fru-miR-152_st",1.11061515305255,1.26682340277672,0.942163438976773,0.805485729787015,0.950668057062392,1.281986099061,0.775167100821982,1.10789321028849,0.796087637326421
"fru-miR-153a_st",1.14699669619668,1.17645683990522,1.43774978711293,1.37449724491738,1.14699669619668,1.01475677534959,1.23922316506451,1.3623929815652,1.06916111792468
"fru-miR-153b_st",0.885035996668691,1.09914716847105,1.02095716699339,1.06903162573582,0.950668057062392,0.950668057062392,0.908574184425437,0.858032353187607,1.07200311704127
"fru-miR-15a_st",0.977375339764337,1.64535825430462,0.829134956981673,1.50017592702924,1.24412286037168,1.63656403943746,1.24412286037168,1.24412286037168,1.24412286037168
"fru-miR-15b_st",1.54786664639994,1.13651053330949,1.10866556343929,1.72904881864953,1.71227857709339,1.48523344988906,1.33386259838626,1.47692206012128,1.54956094739943
"fru-miR-16_st",6.77931225321155,6.23791395199565,6.23791395199565,6.03652881263491,5.87564149973754,6.01160096669927,6.85370557310256,6.36233934074502,6.19407663474552
"fru-miR-17_st",12.3244141674014,12.1185780916938,12.0726934263251,12.211801426277,12.2026345999142,12.1877963767328,12.3641683647135,12.2801292537747,12.3070097362792
"fru-miR-18_st",10.1598873799183,10.1026584140344,10.1127224377927,10.2660615298116,10.3058834983411,10.3049935436936,10.2711036093655,10.2627390780181,10.2080664136512
"fru-miR-181a-star_st",5.64875845864066,4.95918769389572,5.75016881412966,5.83629365621211,5.98597913587935,6.26764217664683,5.7804513372592,4.79894029157191,5.56425344055603
"fru-miR-181a_st",10.6479412781626,10.7691649747829,10.5244029976734,10.5914630506254,10.742247941916,10.7401185760805,10.672159268177,10.6425885137326,10.6448797940953
"fru-miR-181b_st",9.96633388599466,9.91848722913942,9.95716754015047,9.80770003352111,10.0528780137384,10.1246970893393,10.0250911601019,9.96633388599466,9.94851229533717
"fru-miR-182_st",0.792259884845211,1.08988806841525,1.15695348061009,0.926966512609677,0.857891945238911,0.551094878474352,0.763264167961978,0.80228924987199,1.07200311704127
"fru-miR-183_st",7.88764458220405,7.74678211086025,7.54435059352674,7.55580699223454,7.09780337033101,7.2669817711161,7.58197821779108,7.46793208576665,7.66498873862073
"fru-miR-184_st",0.908574184425437,1.8611117637771,0.950668057062392,1.26442616437186,0.860566547105583,0.950668057062392,0.963231616007147,0.913072924553037,0.950668057062392
"fru-miR-187_st",0.912004841304072,0.847702426092773,1.16277845950445,0.711941712853142,1.07200311704127,0.663299233869044,1.17557141596632,0.56010360754951,0.82555852250574
"fru-miR-189_st",0.925465057755042,1.0320961700162,0.950668057062392,0.987729202319075,0.917786870906987,0.917786870906987,0.82522015259539,0.950668057062392,0.950668057062392
"fru-miR-190_st",0.863066040655122,0.836358757953178,1.05277009895266,1.48118255256754,0.863066040655122,0.784692476978256,0.863066040655122,0.957693817932056,0.90669659831667
"fru-miR-192_st",5.39897580027504,5.44651097629966,4.93288357795396,5.56435220663711,4.81607283600484,5.30070079336358,5.25394679458596,5.73461332272974,5.75736129094312
"fru-miR-193_st",1.37455339876801,1.34784611606606,1.11344064258345,1.66160422337553,1.50584362244296,1.54939465967587,1.53872480859837,1.21287037186262,1.94288375254219
"fru-miR-194_st",7.87460601869044,7.95186086730368,7.50817265487665,7.72765820633909,7.71196597890113,7.71304601337679,7.6237669611749,7.72765820633909,7.97525191177813
"fru-miR-196a_st",0.950668057062392,0.836358757953178,1.0655548992973,1.30939199789273,1.27126277971931,1.40332115903987,0.760618951568655,0.812684646849224,0.91400561066437
"fru-miR-196b_st",1.23922316506451,1.44389399773486,1.07200311704127,1.55703922815335,1.07200311704127,1.07200311704127,0.858575868178538,1.07164293024242,0.869239944108582
"fru-miR-199_st",1.52854073296985,1.40516574157752,1.52854073296985,1.52854073296985,1.94061782656273,1.50183345026791,1.52854073296985,1.41629250842295,1.52854073296985
"fru-miR-19a_st",7.01576518596362,6.77078413801212,6.69027622858583,6.03451627566678,6.29149858473943,6.54344716233527,7.05906124433106,6.75010033789612,6.96466376111617
"fru-miR-19b_st",11.2483736181946,11.2509707380554,11.0999335868154,11.1310659077777,10.7497329511417,10.6607430763398,11.3229450009956,10.9546181914554,11.1969135903962
"fru-miR-20_st",13.0209168548426,12.9412194174827,12.8569561986426,12.9202033187063,13.081514752926,13.0660644321265,12.9714049026074,13.0175610276281,12.9505038381672
"fru-miR-200a_st",6.61496879052352,6.34735256949162,6.53758823513871,6.82728950548585,6.31032448974864,6.30667792752183,6.9628876388557,6.5357421785596,6.78990915457892
"fru-miR-200b_st",7.41839806294593,7.41687994386372,7.22404906072602,7.1602502890918,6.93126407491206,7.08907905117549,7.37720481602663,6.87328173807493,7.61055673282658
"fru-miR-202_st",1.60596203118421,2.55163029566247,1.53518499626541,1.52126646575322,1.14843309554791,1.15695348061009,2.001517101729,1.26885983898768,1.52126646575322
"fru-miR-203_st",0.772897898110874,0.73641116241625,0.86723178611934,0.836358757953178,0.836358757953178,0.642791742958165,0.649380258666385,0.987496039638858,1.09592629379114
"fru-miR-204_st",1.23922316506451,0.701138250662709,0.980940100728855,1.23922316506451,1.39336958303138,1.84863159629651,1.1577950521107,1.45100637602978,1.84876424671113
"fru-miR-205_st",13.0405430692116,13.1024449840283,13.2770055532861,13.1773231413094,13.1773231413094,13.223408925407,13.1190569183847,13.0716144397612,13.2535285269257
"fru-miR-21_st",5.54071514191752,5.85363322263666,4.92527664835861,5.00797365341518,5.35922997460709,6.73876827994227,6.26455570658446,4.41108075565828,4.89223886496291
"fru-miR-210_st",7.49072164774141,7.72178983439499,7.8733957448005,7.8733957448005,8.66437201325774,8.60462704305001,8.14175767050547,7.76270525868215,7.40407397892903
"fru-miR-212_st",1.45476688239893,1.54939465967587,1.73618819812467,1.54939465967587,1.54939465967587,1.21759516882177,1.78422148330431,1.54939465967587,1.54939465967587
"fru-miR-214_st",1.91247986817512,1.50774226961347,1.403592970749,1.49085139628387,1.51003193538601,1.9808715171436,1.278145066282,1.6908960499955,1.14039381675852
"fru-miR-216a_st",1.02990924440432,1.44389399773486,1.28131703770146,1.52216098132017,1.33385094234144,0.905567194060656,1.52854073296985,0.998344253337643,1.21251588236256
"fru-miR-216b_st",0.651606521691211,1.00799694855464,1.15695348061009,0.805485729787015,0.950668057062392,0.930363068030696,1.06287762076205,0.950668057062392,0.994386319548599
"fru-miR-217_st",1.41775906321245,0.85132140009516,0.901753197092308,1.03143649322647,1.06903162573582,1.06903162573582,1.06903162573582,1.25873568403336,1.08401839602413
"fru-miR-218a_st",1.42744215955182,2.07639252879948,1.2145902736085,1.46938202698721,1.46938202698721,1.15703232286584,1.10444560999342,1.46938202698721,2.44419165741641
"fru-miR-218b_st",0.950668057062392,1.04529583433933,1.18444004837148,0.733177865317509,0.853791067732408,0.950668057062392,1.32255796894542,0.878337342219303,1.04529583433933
"fru-miR-219_st",0.950668057062392,1.43430356748234,0.950668057062392,0.805485729787015,0.950668057062392,0.950668057062392,0.977375339764336,0.779029866460931,0.950668057062392
"fru-miR-221_st",12.4193290580366,12.2914348469201,12.4288144906648,12.4130760574876,12.3445230776996,12.3209824629533,12.4381789913994,12.3701554767329,12.417528487544
"fru-miR-222_st",13.4169762259221,13.5016392758383,13.443728755604,13.5159365553577,13.5181604112771,13.5062170584549,13.3656943664412,13.4135396287154,13.3336340174789
"fru-miR-223_st",2.46701786523782,2.02304185053805,2.11918731234823,2.06977113545996,2.68401212381219,2.56001936994679,1.58147137447799,2.77541565531532,2.87167417661768
"fru-miR-22a_st",7.46474302290842,7.37330109815287,7.67398268237044,8.10411042190173,7.60996161063003,7.61501977990682,8.07795365210239,7.40081232206426,8.08495155612746
"fru-miR-22b_st",7.07663520509916,7.31892349926157,7.43943290437969,7.26306492573159,7.01328612213809,7.15898445909515,7.38986241453733,6.99710288034103,7.31933311696124
"fru-miR-23a_st",13.4217894832385,13.4682906964449,13.2741397685754,13.4330546103318,13.3293479253563,13.3213241576977,13.4766487974443,13.4120590484085,13.5693595529814
"fru-miR-23b_st",12.4006300694985,12.375122265539,12.2039783254564,12.2778759695566,12.249850665691,12.219619939034,12.3440630479278,12.3601984363649,12.3981716311257
"fru-miR-24_st",13.504440502224,13.4344946551042,13.4369210548849,13.482753156062,13.5903717061085,13.5880910410703,13.5081170367808,13.5071184982388,13.4075839203327
"fru-miR-25_st",10.2241759256114,10.3888245822153,10.1894192527332,10.107466051211,9.66174617857372,9.624315821175,10.1896089681041,9.95444840990611,10.1608271706983
"fru-miR-26_st",12.2241218669081,12.3892783605147,12.218577673316,12.3442474857162,12.1369602896682,12.1456266343967,12.2716439671499,12.1782304070221,12.2539562493783
"fru-miR-27b_st",10.0813250154705,9.83857877269625,9.77364902328866,9.88666731688215,9.54328129039278,9.53322852129044,10.1331975422118,9.82554675833725,10.1539034858194
"fru-miR-27c_st",1.39089039991321,0.950668057062392,0.986152801351563,0.828122560984215,1.07200311704127,0.850004792308187,1.2747402378095,2.01499629354823,1.52465621901875
"fru-miR-27e_st",4.28068800436798,3.55013904563088,2.05608145007308,3.63478578086588,3.4480445730629,3.69017032610127,3.40877080028409,3.66675717578795,3.08079341822361
"fru-miR-29a_st",5.02417935086017,3.01462526536143,3.94251014721238,4.05216719040581,3.23572496197242,3.5432804593201,4.20569628188706,3.94251014721238,5.1889363714959
"fru-miR-29b_st",3.82969678821248,3.55307235821782,3.65403437350205,2.91733163476163,3.00154206822738,3.53818455386019,4.43414650809547,3.15811934997304,4.48218909348716
"fru-miR-301_st",1.45939074760476,0.977375339764336,1.09226218199924,0.977375339764336,0.930396873761711,0.738366249457972,0.977375339764336,0.973015577806393,0.977375339764336
"fru-miR-30b_st",7.9582673072387,7.54468908174186,7.46033611555484,7.95990523874403,7.52828413747471,7.34146192536741,7.92443594515238,7.60827353349626,8.08054694291668
"fru-miR-30c_st",2.62668501187873,1.88695666945982,1.15695348061009,2.11065205783267,1.9808715171436,2.439166235033,1.81617963454103,1.59262762988365,1.72897280052162
"fru-miR-30d_st",7.80480770140553,7.94122607541207,7.76112954979409,7.96190559329561,7.74562040284328,7.71331868807502,7.65815533295116,7.80480770140553,7.80480770140553
"fru-miR-338_st",0.646309652459441,0.648054439500184,0.869239944108582,0.836358757953178,0.836358757953178,0.659109002779378,0.864915285124243,0.798763625443823,0.682924630691189
"fru-miR-365_st",1.15695348061009,1.01593689879893,1.07200311704127,1.24866487917806,1.15695348061009,1.30302698124609,1.15695348061009,1.25158125788703,0.954304064666519
"fru-miR-375_st",1.23922316506451,0.966916359578392,0.707184481952305,1.32673576342893,1.2060829692815,0.951929589290085,1.06569125550835,0.839018108776444,0.999797545733797
"fru-miR-429_st",1.02953013584037,0.950668057062392,0.888513554029213,1.26442616437186,0.721070853730917,0.998955974233192,0.748974721361005,1.0565927672316,0.950668057062392
"fru-miR-455_st",0.99735620955573,1.14256884090731,1.08959971137301,1.40079057920553,1.08745771951254,1.73018707722705,1.32842189686063,0.913072924553037,1.46394427937114
"fru-miR-458_st",0.780949118435702,1.04483358762127,0.983302992801476,0.983302992801476,1.01417602096764,0.89022984615663,0.646309652459441,1.1258901493687,1.25909048226741
"fru-miR-460_st",0.946256426758832,1.18631241615048,1.63051518673741,0.918815340507687,0.796341372683795,0.950668057062392,0.977375339764336,0.893339165570145,0.869239944108582
"fru-miR-489_st",1.3875237266719,0.880335722769735,1.37868826758387,1.08434389301962,1.09310949078584,0.836358757953178,1.31471914171171,1.26977125292262,1.27139254560332
"fru-miR-7_st",1.07200311704127,0.949330858981977,1.37352046609673,1.07200311704127,1.07200311704127,0.769328862415906,1.17466818594283,1.01467422554902,1.29493340869041
"fru-miR-9_st",0.995894822347455,0.96918753964551,1.07732293530126,1.04995597580959,0.836358757953178,0.942480256943566,1.25774264764762,0.865887759840682,0.96918753964551
"fru-miR-92_st",13.2887884088776,13.3140596601315,13.2417988560953,13.2190534865689,13.267590241372,13.2807062028894,13.267590241372,13.2556233351131,13.1938882675784
"fru-miR-96_st",1.11250464220423,1.40332115903987,1.35857036125681,1.40332115903987,1.40332115903987,1.84863159629651,1.03876308027768,1.32661581400659,2.28071269711939
"gar-miR2947_st",1.45567532751845,0.71900392058121,0.893916708695839,0.950668057062392,1.25553023573491,0.950668057062392,1.14428808659613,0.924212193736308,0.950668057062392
"gga-let-7a_st",13.4139585079279,13.3831857044232,13.488395665192,13.3919689733792,12.9683353825097,12.8644755640475,13.5064449681083,13.3102781288549,13.4823004544994
"gga-let-7b_st",13.8371683528377,13.9500109334687,13.8901201154991,13.9257110531127,13.8115244284022,13.8115879703496,13.8203353039601,13.7678143104272,13.7952311975443
"gga-let-7c_st",12.4718418713369,12.3750072041501,12.5162766133909,12.3859830884585,12.0044713219125,12.0184957683052,12.5243399331644,12.2473930339544,12.4438483997538
"gga-let-7d_st",5.49644743695158,5.95927576106523,5.95451307554907,5.68316383128337,5.6161134176946,5.68316383128337,5.77425782087837,5.09420521925286,5.60866602241308
"gga-let-7f_st",9.54054083441845,9.53395490321814,9.41121557728268,9.43430636379968,8.87461571775191,8.5423566188129,9.5184002095175,8.87393253118276,9.59241076062174
"gga-let-7g_st",6.08847436428844,6.55984864036781,6.08847436428844,6.3988481176654,5.6161134176946,5.9910285677279,6.43677357656272,5.07931985505131,6.18601252800843
"gga-let-7i_st",8.34954313456894,8.31642217135056,8.05855055413754,8.28654466787401,7.82779707017723,7.70978575066381,8.31361394047441,7.91035428373609,8.48581404009343
"gga-let-7j_st",13.419219126462,13.3412397276458,13.4227863966047,13.3520568987619,12.9301146564191,12.825837700024,13.4328686733587,13.2095921939756,13.505157770827
"gga-let-7k_st",2.62043422250013,3.91532454448342,2.32824541894601,3.0793166137367,2.11347325028399,2.75841068639008,2.11118358451145,1.77930141577967,2.97148699718022
"gga-miR-100_st",11.592178819091,11.7606659570601,11.5814845960462,11.5446390342,11.6039883591943,11.6279487207541,11.4915169207923,11.5667623430074,11.5446118835396
"gga-miR-101_st",1.30951227499551,1.35160614763246,1.35160614763246,1.33471527430286,1.60148669210745,1.05701634675296,0.75568995664388,1.05863289705212,2.85594081152381
"gga-miR-103_st",13.3211410176689,13.2750637555329,13.2102796798322,13.3143074329512,13.4287227846353,13.4438708481814,13.3656454771857,13.3908239579745,13.2351661611397
"gga-miR-106_st",11.595564641591,11.2709324614607,11.3140434766656,11.4044869503926,11.3471905483975,11.3491467097835,11.5817461061146,11.489728002485,11.6010970820282
"gga-miR-107_st",12.9055562417084,12.8605598881653,12.8488895340421,12.8207002578386,12.8741763327123,12.8947542066004,12.9238320570725,12.8717219432844,12.8287685466944
"gga-miR-10a-star_st",1.06809893962449,0.879451464058526,1.11882052981864,0.994403484718607,1.03143649322647,1.11882052981864,1.03143649322647,0.82212257256628,0.869239944108582
"gga-miR-10a_st",1.47143786784755,1.85713438875697,1.00800403558651,1.40079057920553,1.58533606995901,1.3398035264406,1.84664763140715,1.01911132189448,1.46113858641948
"gga-miR-10b_st",1.5033377336625,1.70352741770796,1.06955273781967,1.52854073296985,1.43393611023477,1.15695348061009,1.98778947266836,1.17370203668414,1.54939465967587
"gga-miR-122_st",1.40163881401963,1.07200311704127,0.73641116241625,1.04178914966284,1.07200311704127,1.02164298290965,1.23922316506451,1.07200311704127,0.955821074618551
"gga-miR-122b_st",1.09863619841251,1.03143649322647,1.02140712819969,0.973078468332688,1.02140712819969,1.03143649322647,1.03143649322647,1.03143649322647,1.07200311704127
"gga-miR-124a_st",1.5716035836092,1.39065321433626,1.10866556343929,1.27004352205343,1.04529583433933,0.621498356680473,1.07200311704127,1.07200311704127,0.869239944108582
"gga-miR-124b_st",1.54625547189813,1.29602543705933,0.8041057625013,1.19181855236207,1.1781469392366,1.09175591853623,1.51753314232401,1.30715220390475,1.37236881970052
"gga-miR-125b_st",11.1136337055807,11.0594843697899,11.118097934714,11.1063033297363,11.0890134500315,10.9383954673453,11.1709980829137,11.1012775098698,11.165876548805
"gga-miR-126-star_st",1.63464085914363,1.02385429917905,0.902519239200176,1.63211027930928,1.15695348061009,1.16062024610219,1.10055964421233,1.17560701639049,0.950668057062392
"gga-miR-126_st",2.42907423008171,1.72873041701531,0.783389628418875,1.52854073296985,1.57833833312653,1.1468614756588,1.52854073296985,1.41493909763321,2.10078377856565
"gga-miR-128_st",6.4444797208714,6.32878310855472,6.28154245689564,6.38740322153031,5.62528355339197,5.5457942608586,6.48706280340268,6.10157872732569,6.59246041060968
"gga-miR-1306_st",4.04893290793807,4.04893290793807,3.42216969512641,4.3407542315418,3.76324170690084,4.42064465744578,4.00805037963337,4.04893290793807,4.09022454189133
"gga-miR-130a_st",4.67041493027917,4.25107111690398,3.8620157278642,4.04880926631299,1.90506243319564,3.34011578745532,4.80575517764666,4.06012745297742,4.46605999478923
"gga-miR-130b_st",2.59523862169645,2.7687480199557,4.05705728094509,2.38696251973842,1.53008754794297,1.28131703770146,3.38762615457691,2.40382873336024,2.90453873374882
"gga-miR-130c-star_st",1.01317560762016,1.3238560475443,0.993653289855572,1.03625722900104,1.21486894332155,1.10055964421233,1.10055964421233,1.04323075272009,1.10309022404668
"gga-miR-130c_st",9.05676137369698,9.1648469531945,9.23156389172858,9.45353242534927,9.17648847035155,9.33400735609316,9.34775078622597,9.23156389172858,9.48058925018344
"gga-miR-1329-star_st",0.748974721361005,0.89667244832697,0.816024228883366,1.40079057920553,0.758466278140705,0.872775577249919,0.78267406729311,0.913072924553037,0.872775577249919
"gga-miR-1329_st",0.857891945238911,0.857891945238911,0.801838429671007,0.93866038140299,0.972201244348125,0.836358757953178,0.977375339764336,0.82122949884089,0.857891945238911
"gga-miR-133a_st",0.977375339764336,1.07200311704127,0.831644811599228,0.913072924553037,0.646309652459441,1.15890205789142,0.977375339764336,1.54939465967587,0.576626880327091
"gga-miR-133b_st",1.0169734481177,0.523637394400148,1.26330177030066,1.05701634675296,1.19030883801382,1.05701634675296,0.867312288455423,1.17835140673184,1.05701634675296
"gga-miR-133c_st",1.30219709316708,0.836358757953178,1.05974114887854,0.919868595447224,2.01902141756147,1.1719507125782,1.20055530058123,1.13435558006884,1.29717980840697
"gga-miR-1354_st",0.977375339764336,0.997908570163613,1.07076144228957,0.739133788955873,1.15695348061009,0.869239944108582,0.588757612192557,0.869239944108582,0.556875624358361
"gga-miR-135a_st",1.22866367989751,0.939023826854742,1.05333312596396,1.63120580187141,0.839076231317813,0.728669732329309,0.748974721361005,0.881694935362495,0.858680458941586
"gga-miR-135b_st",0.836358757953178,0.836358757953178,1.31836258805019,0.691176430677801,0.953901354161132,0.752182149424224,0.766922854874339,0.913072924553037,0.645329498181835
"gga-miR-137_st",1.05928904960232,1.15772792812941,0.836358757953178,0.887399439624998,1.05928904960232,0.918718837823046,1.58472854586799,1.10312203004677,1.05928904960232
"gga-miR-138_st",0.626146829729316,0.836358757953178,0.913072924553037,0.913072924553037,1.11935834810074,0.913072924553037,0.977375339764336,1.09747611677677,0.913072924553037
"gga-miR-1397-star_st",1.5310369597944,1.34119283772341,1.9808715171436,1.34119283772341,0.950668057062392,1.34119283772341,1.03683443312046,1.26019081838534,2.13602988071949
"gga-miR-1397_st",0.934202729196836,1.07200311704127,1.44389399773486,0.900113507063949,1.1666308943182,1.07200311704127,1.07200311704127,1.11256974085607,0.869239944108582
"gga-miR-140-star_st",7.90151705199309,8.11546403059038,8.17361553158078,7.93344758783671,8.58840283996562,8.534144244729,8.07231381063852,8.24222440999138,7.88708425756186
"gga-miR-140_st",1.41142707826683,1.2006717430963,0.674880567596458,1.46701013815006,1.281986099061,2.26808076054279,1.99292226537413,1.21583443938058,1.97674123510231
"gga-miR-1416-star_st",0.977639672534739,0.84753351738203,1.28131703770146,1.14870846207455,0.913072924553037,0.676879307468552,0.913072924553037,0.913072924553037,0.889322093425211
"gga-miR-1416_st",1.04107228003187,1.2006717430963,1.11831166322643,1.87279258997252,1.24276561573325,0.810179141311851,1.07653442721734,1.34674524373229,1.2006717430963
"gga-miR-142-3p_st",0.836358757953178,0.703529976260845,0.808149134473041,0.767235606967313,0.694819989641433,0.836358757953178,1.12574238052335,0.913072924553037,0.936470856837143
"gga-miR-142-5p_st",0.748974721361005,1.15695348061009,1.36626740127028,1.26442616437186,1.15695348061009,1.15695348061009,1.16830147947976,1.2145902736085,0.96592422083875
"gga-miR-1434_st",0.950668057062392,0.98012820077094,1.0320961700162,0.919795028896229,0.950668057062392,0.868398372607978,0.950668057062392,0.645649113795054,0.950668057062392
"gga-miR-144_st",0.748974721361005,1.27154517527282,0.928211790560856,0.979103966411173,0.928211790560856,0.928211790560856,1.04822711739704,0.643497836325215,0.858529018428507
"gga-miR-1451-star_st",0.848922316897933,0.697148328315114,1.1719507125782,1.01302052008997,0.836358757953178,0.836358757953178,0.819820586374406,0.836358757953178,1.16767679995178
"gga-miR-1451_st",1.02002226608764,1.2348460274426,1.14283984778559,1.26442616437186,1.14283984778559,1.28013778505809,1.10055964421233,1.06276770285556,1.52495497300382
"gga-miR-1452_st",0.884008042772186,1.07200311704127,1.36319015331704,1.56836822879088,0.917382062575069,0.92677118598534,0.986673111673749,1.40079057920553,1.04810624596422
"gga-miR-1453_st",0.768468804228837,0.73641116241625,0.893916708695839,0.592458318327717,1.15213293484954,0.972201244348125,0.857891945238911,0.768468804228837,1.08118834857088
"gga-miR-1454_st",1.06590928588816,1.10408422241923,1.02265610946542,1.24974259995835,0.927422460282441,1.40332115903987,1.08754605084046,1.20884936456543,1.10408422241923
"gga-miR-1456-star_st",3.1283309598993,3.08588435105128,1.53425102182757,2.73298645135625,2.19669949332073,2.02377078332511,2.24557161841625,3.05821918064858,2.68621925481828
"gga-miR-1456_st",8.65916655324424,8.55769553789452,8.4250663191049,8.58681028950938,9.06202491765983,8.70115596007001,8.37891228489594,9.08900138620967,8.81947099950547
"gga-miR-1457_st",0.858661877405383,1.2006717430963,0.950668057062392,1.12421260504995,0.950668057062392,0.950668057062392,1.33199927688799,0.913072924553037,0.804594556426399
"gga-miR-1458_st",0.549432663129457,0.814825570667444,0.762264604188632,0.913072924553037,0.59731248406302,0.923742794545351,0.836358757953178,1.07200311704127,0.576626880327091
"gga-miR-1459_st",0.994774046828448,0.994774046828448,1.07200311704127,0.867023893064123,1.15695348061009,0.88315635204835,0.994774046828448,0.994774046828448,0.778300696982154
"gga-miR-1460_st",1.31393588351314,1.11153198314973,1.2087856403479,1.24168972141795,1.38687204869333,1.38687204869333,1.41542857586439,1.40079057920553,1.38687204869333
"gga-miR-1462_st",1.01055101574885,1.07200311704127,1.03912193088587,1.0082489027197,1.03912193088587,1.13189804270935,0.944494153608932,0.867483740284405,1.07200311704127
"gga-miR-1463_st",1.34258958806641,1.01127154606781,0.788341254418665,0.828117765685778,1.55590425049017,0.836358757953178,1.32579906179393,1.01127154606781,1.01127154606781
"gga-miR-1464_st",2.46783355832388,2.33510703005246,0.717701682103446,1.53730258400062,2.37869416142427,2.66083465316969,1.71310306695692,1.46339085870976,2.90453873374882
"gga-miR-1465_st",2.56556889374365,2.79817395808407,1.90789996068357,2.84560121294389,2.79817395808407,2.22639702167886,2.23442258241646,3.80927090544021,2.9295926977416
"gga-miR-1466_st",4.35426804723387,3.93776342520244,2.57130165465747,4.07962635394854,3.67775735675888,3.43047269256888,2.94081379617704,3.96240287764293,3.67775735675888
"gga-miR-1467-star_st",0.995336418607684,0.994356264330078,1.10866556343929,1.27011308283378,1.08543792856449,1.29569293636028,1.09800148750925,1.10126112877689,1.45402294343623
"gga-miR-1467_st",1.36912906112054,1.29602543705933,1.24141326036601,1.04325975485175,1.40332115903987,1.09714735247579,1.07922292612831,1.24439096655164,1.281986099061
"gga-miR-146a_st",1.10866556343929,1.11175897368049,1.13846625638243,0.862413693642105,2.57610988886937,3.23204893651726,3.3313640252387,1.04436314822799,1.09841509653301
"gga-miR-146b-star_st",0.974648319603613,0.962084760658858,1.5396180015925,1.057315932467,0.796140315299068,0.935377477956913,0.987880029388166,0.962084760658858,0.662847824038212
"gga-miR-146b_st",1.65889320165839,2.11983020283467,1.53776660327768,1.58116077073163,1.46747749334668,2.22809872713882,1.65889320165839,1.25816357268649,3.15186604290933
"gga-miR-146c-star_st",0.93057915509386,1.07349484954159,0.893916708695839,1.18408890227153,0.978867072264661,1.50460074259129,0.922356063838651,1.07349484954159,1.1179390287139
"gga-miR-146c_st",0.857891945238911,0.810913479236286,0.857891945238911,0.913072924553037,1.07200311704127,0.891558773841446,0.748974721361005,1.02199014843094,0.753162215174222
"gga-miR-147_st",1.18567957979747,0.845191172026602,0.674880567596458,0.950668057062392,0.950668057062392,1.15695348061009,0.967863430085894,1.10959824955062,0.950668057062392
"gga-miR-148a_st",2.22765977612039,2.237125727328,2.68795260514022,2.10254730656352,1.90948121741258,1.78824129209373,2.10254730656352,1.89808343630525,3.75115542175904
"gga-miR-153_st",1.16505939983705,1.12839695343903,1.19904735324705,1.31915002972798,1.15695348061009,1.15695348061009,1.15695348061009,1.35971665354278,0.69791963785696
"gga-miR-155_st",8.41899068154939,8.46232920525345,8.44682104833843,8.38718279474107,8.35507170520984,8.43429940303893,8.44204511806398,8.22754809309829,8.76762275836904
"gga-miR-1550-3p_st",1.05741640204936,1.06417736878661,1.15695348061009,1.06417736878661,1.06417736878661,1.06417736878661,0.982749255832803,1.18551242876549,1.18551242876549
"gga-miR-1550-5p_st",3.80921110043788,3.69385702782872,3.32492518737195,2.61532458177723,2.64403371972982,2.12351809250375,4.02285139623754,3.30420382998182,3.55307235821782
"gga-miR-1551-star_st",1.57178807129388,1.85997253195757,1.58326062905942,1.72658113798201,1.44618065309998,1.17100023433598,1.52854073296985,1.68333379965798,1.52854073296985
"gga-miR-1551_st",1.10866556343929,1.51820191140559,1.08635345169828,1.12301589809631,1.56627594572978,1.12301589809631,1.12301589809631,0.958603297933958,0.950668057062392
"gga-miR-1552-3p_st",0.794919281768231,0.950668057062392,0.674880567596458,0.913072924553037,1.32726159810869,0.950668057062392,0.850555958178426,0.913072924553037,1.07200311704127
"gga-miR-1552-5p_st",1.10955137246802,1.2006717430963,1.10955137246802,0.950668057062392,0.950668057062392,0.65646369871765,0.950668057062392,0.693934149995574,1.2006717430963
"gga-miR-1553-star_st",1.10866556343929,0.836358757953178,0.893916708695839,0.977375339764336,1.40332115903987,0.977375339764336,0.789598937119956,1.16052912014636,0.950668057062392
"gga-miR-1553_st",1.91191042481403,0.877441133849792,1.4485370857247,1.26301776118376,0.950668057062392,1.2242363947762,1.03645999213182,1.23922316506451,1.2346168787229
"gga-miR-1554_st",1.17696944004814,1.07200311704127,1.2145902736085,1.2145902736085,1.13382183744442,1.5459083156071,1.2145902736085,1.7325484400579,1.49203529734365
"gga-miR-1555_st",0.977375339764336,1.07732293530126,1.20120652523301,1.14870846207455,0.836358757953178,0.615845388070988,1.17572081306774,0.549432663129457,0.957984270594454
"gga-miR-1556_st",1.00623349391912,1.34030185960753,1.52543892807962,1.03143649322647,0.935644370387676,0.824026675607577,1.01758149278879,0.838982955914275,0.845491762466268
"gga-miR-1557_st",3.27428176959241,2.50962735385491,3.05008689426549,2.26887674222642,4.86023999504912,4.57470580905082,2.63048884050173,3.95482888448068,4.37696808042476
"gga-miR-1558_st",0.946234605436973,1.15300513637934,0.759638797291049,1.00770070182997,1.07200311704127,0.925929616405277,1.33385094234144,1.07200311704127,1.4379895993531
"gga-miR-1559_st",0.901938540270389,0.770648316595434,0.61147223926786,0.805485729787015,0.54105111326396,0.950668057062392,0.770648316595434,0.770648316595434,1.08929841389042
"gga-miR-1560-star_st",4.21938200381914,3.44047917330953,2.99983125886457,3.7196374849779,3.70222186783754,3.00185744928442,4.59866769247536,4.30951487170646,3.80921110043788
"gga-miR-1560_st",1.00473537804138,1.59073743053732,0.821724000398922,1.25955626413772,1.02002739109852,1.13433669020774,1.01531344474457,1.40079057920553,1.54939465967587
"gga-miR-1561_st",0.932665201767453,0.774667695390553,0.855436131554631,0.855436131554631,0.960913016590421,0.855436131554631,0.779563854292863,0.913072924553037,0.77873078652135
"gga-miR-1562-star_st",0.893916708695839,0.861035522540434,0.893916708695839,0.861035522540434,1.06859824016346,0.679633945014176,0.893916708695839,0.803706631048188,1.88918894599398
"gga-miR-1562_st",3.01786116455065,2.12548950548852,2.40176627875914,2.59793783357562,3.01786116455065,3.30420382998182,2.52835391259985,3.16393466518664,3.86724545195152
"gga-miR-1563_st",0.903755443798055,1.04174155060807,0.939780207254982,0.913072924553037,0.996531555621535,0.795530328345083,1.23922316506451,0.913072924553037,0.869239944108582
"gga-miR-1564-star_st",0.94096635446869,1.21867401956717,0.929063334188322,1.23342173879127,2.319323089455,1.78081443774018,1.35969060137833,1.17609284729903,1.23342173879127
"gga-miR-1564_st",1.31280645604992,1.04049965056381,1.14870846207455,1.14870846207455,1.14870846207455,1.14870846207455,1.14870846207455,1.45887995668591,0.895339239458011
"gga-miR-1565_st",1.52850637996005,1.40079057920553,1.13609047793287,1.26442616437186,1.40079057920553,1.40079057920553,1.40079057920553,1.40079057920553,1.47307509261283
"gga-miR-1566_st",5.14491524409461,3.50889659854978,2.97507072452383,3.84711713992583,3.76973722629597,4.13495514865634,4.84083520338188,5.10919218042597,4.76795864810079
"gga-miR-1567_st",1.10866556343929,0.942562137835435,1.15614035478547,1.07497979068584,1.11554641450064,1.10055964421233,1.10055964421233,1.01912448076151,0.994211354521763
"gga-miR-1568_st",0.94111055316269,1.3601581592584,0.702369678520556,1.03221832144862,1.30118556366675,0.98059084100984,0.869239944108582,1.18082240191896,0.78311304678579
"gga-miR-1569_st",1.08445743300411,1.21930974074399,1.21122138935894,1.13399231914612,1.32870536092779,1.05701634675296,1.17455894296092,1.08445743300411,1.17455894296092
"gga-miR-1570_st",0.939023826854742,1.26205222253501,0.911582740603596,0.918814874618623,0.836358757953178,1.21513295481602,0.949687902784786,1.02640206938465,0.949687902784786
"gga-miR-1571_st",0.894157048636381,0.836358757953178,1.24185509333816,0.950668057062392,0.809651475251233,0.950668057062392,0.950668057062392,0.950668057062392,1.1825409836505
"gga-miR-1572_st",2.439166235033,2.32348218965719,1.50144780016531,1.82048753878116,1.82048753878116,1.61067497246006,1.82048753878116,1.67654411658123,1.7868333192043
"gga-miR-1573_st",1.12595840919129,1.1048754816301,0.800517077027145,1.14870846207455,1.30763865456278,0.854504103729809,1.1048754816301,0.992665917930437,0.730834304894795
"gga-miR-1574-star_st",0.960989691891613,0.934282409189668,0.892990775236408,0.711941712853142,0.892990775236408,0.836358757953178,1.08697648658187,0.888631013278465,0.869239944108582
"gga-miR-1574_st",1.12448876365169,1.2145902736085,1.40332115903987,1.40701332093908,0.9555089090888,1.23544420031451,0.786609184850982,1.2145902736085,1.23294797348996
"gga-miR-1575_st",2.57714964524617,1.81412723735563,2.60818383606067,1.89999277439513,2.62257799345407,3.56845610278205,3.02183931737711,2.49571448179534,2.20376383517219
"gga-miR-1576_st",13.0876226506556,12.8249360959446,12.88121663786,12.9996149769802,13.2322684858558,13.1460635281686,12.7880126349141,13.4153813024582,13.1160098584341
"gga-miR-1577_st",1.34954447516616,2.14421521051972,3.022428190554,1.79027357140273,1.70950513523865,1.44142751326425,1.67973275545618,1.6719100027293,1.59410201658625
"gga-miR-1578_st",1.40667340270303,1.04264418150088,1.13779726475289,1.15695348061009,1.15695348061009,1.15695348061009,1.23922316506451,1.15695348061009,1.11312050016564
"gga-miR-1579_st",8.79681611855708,8.18297594423267,7.99689860224594,8.22423178188462,8.34189250642483,8.4331881765593,8.5278938310422,8.99762776184114,8.55854862332863
"gga-miR-1580_st",0.944556893127739,0.867327822914918,0.649837631170036,0.867327822914918,0.954196035772986,0.836358757953178,1.15588293091703,0.68730808244796,1.07553109575186
"gga-miR-1581_st",5.32764554980124,5.17453367327128,4.81066882806971,5.13585708376949,5.27384840412772,4.93840585138832,5.57415956852686,5.32764554980124,5.37437177018031
"gga-miR-1582_st",0.721353249284429,1.37933569456743,1.41627252565828,1.15453500784087,1.12933200853352,1.84863159629651,0.92763867283213,1.03834891150912,0.841618472032006
"gga-miR-1583_st",6.90572940086528,6.57072474992772,5.98344777707563,5.92660369653126,6.40335858518236,6.52327157059674,6.69337736841918,7.69933610628732,6.10253973229669
"gga-miR-1584_st",9.45332953238321,8.72140716960231,8.73586151304128,8.79384865753761,9.04381499066143,8.90110875782052,9.11121804026515,9.55427754990704,8.89960730896307
"gga-miR-1585_st",1.21070960874228,1.27887054815887,1.06475937635651,0.905829183868277,1.06475937635651,1.14206479617539,0.977375339764336,0.820878820299454,0.866956499646974
"gga-miR-1586_st",5.55164798420821,5.83875567674496,4.35617642156409,5.63794652928856,5.31468386304342,5.68628028075016,4.7310987030534,5.82247362699675,5.17732996311609
"gga-miR-1587_st",8.08988425332509,7.34977917685165,7.18498081022752,7.46245469985946,7.6068610489083,7.35522762911132,7.7928433323499,8.04155884343757,7.48995372066092
"gga-miR-1588_st",1.23066134754027,1.20604617513338,1.27123418623525,1.0847111151545,1.0847111151545,1.11029096868099,1.0190790547608,0.913072924553037,1.0847111151545
"gga-miR-1589_st",0.748974721361005,0.950668057062392,0.836358757953178,1.14870846207455,0.950668057062392,0.950668057062392,1.19163223441048,0.870595912132362,0.950668057062392
"gga-miR-1590_st",0.7873262342706,1.44389399773486,0.977375339764336,0.946502311598174,1.18668926042453,1.18668926042453,0.767644712438319,1.27476628997396,1.07200311704127
"gga-miR-1591-star_st",0.806042217454122,0.976305502533036,0.992362110052643,0.977375339764336,0.836358757953178,0.977375339764336,0.977375339764336,0.977375339764336,1.09764056251191
"gga-miR-1591_st",1.13424541696578,0.963943200108117,0.622183078326547,1.05701634675296,0.991384286359262,1.05701634675296,1.3747997659122,1.12410450036075,1.29602543705933
"gga-miR-1592_st",1.16505939983705,0.876504291834935,1.18439338536178,1.60897670718402,1.08278971538264,1.13189654092588,1.02639587898488,0.913072924553037,0.876504291834935
"gga-miR-1593_st",1.22764335856865,1.08636244398709,1.28144017926038,1.16307661058695,1.51454436141002,0.868872252242204,1.08673695777138,1.16307661058695,1.2006717430963
"gga-miR-1594_st",2.86835243644273,3.67775735675888,1.59007886422658,2.70225042447265,3.41357462957986,1.99131425815952,3.4054000219437,2.46709141139832,3.28454341466752
"gga-miR-1595-star_st",0.977375339764337,0.8541139632442,0.688522928399358,1.13894275390536,1.08975832233229,1.07477155204399,1.34804138666794,1.20923186383636,1.08975832233229
"gga-miR-1595_st",1.8357357668685,1.77919164122159,1.50006828102111,1.5538391951373,1.5538391951373,1.61219722003108,1.35969060137833,0.925791856189696,1.91877561213109
"gga-miR-1596-star_st",1.79027357140273,1.83252814236125,1.46967884874582,1.66475658401911,1.79027357140273,1.36198982312195,1.89722320092046,1.89808343630525,1.79027357140273
"gga-miR-1596_st",1.0426742367194,1.0426742367194,0.950668057062392,0.87343898684957,1.39139715329897,1.12331953132456,1.20169309500143,0.91400561066437,1.0426742367194
"gga-miR-1597-star_st",0.857891945238911,1.36246588478105,1.03143649322647,1.00328300220069,0.693771601385949,0.453263844725533,0.776827277736854,1.07200311704127,0.774424152740764
"gga-miR-1597_st",1.20389673524744,0.618868566208295,0.783389628418875,0.943388188355532,0.974261216521695,1.08714382332957,0.964471115916729,0.776984396257432,1.20145312243879
"gga-miR-1598_st",1.10866556343929,1.08195828073735,1.10866556343929,0.978559408286582,1.50110674250507,1.10866556343929,1.00053016778354,1.72873041701531,1.25473906407528
"gga-miR-1599_st",9.65511908236804,11.1881031434854,10.9753277739187,11.1707547329999,10.6007580507815,11.0372695826444,9.94947830971599,10.1716534804123,10.004661066821
"gga-miR-15a_st",6.56306731955531,6.25863039763043,6.10487068590267,6.29448920567169,6.30049424001945,5.82052252998289,6.70816010081992,5.70735726474124,6.55612926222558
"gga-miR-15b_st",7.15248681638052,7.02628207213366,6.69149205982317,6.79877456026512,6.05025350303474,6.1566812203158,7.10032494328642,6.2187250832795,6.67936944122254
"gga-miR-15c-star_st",1.23922316506451,1.27754823822781,0.913072924553037,0.687735597592181,0.913072924553037,1.10916107990527,1.48944826557933,1.03291064965075,0.831644811599228
"gga-miR-15c_st",7.19358476417736,6.84620298058412,6.44170703528291,6.57911222941065,5.78534650254145,5.75550983916353,6.93439671239901,6.44218960898011,6.49217943050264
"gga-miR-16_st",6.97210040995072,6.89211411819446,6.84266409607553,6.71490068017139,6.22641572286385,6.4287012466675,7.1763525459975,6.62706489457579,6.46949320568147
"gga-miR-1600_st",1.23922316506451,1.39438714117924,0.950668057062392,1.14574579233568,1.66370395878508,1.66067546167259,1.34963634339617,1.51207138120225,1.06194885905912
"gga-miR-1601_st",1.3159371224477,1.29366411584645,1.40332115903987,2.35723597248943,1.40332115903987,1.15461555160485,1.40332115903987,1.49794893631681,1.40332115903987
"gga-miR-1602_st",1.15695348061009,1.25158125788703,1.10020213224354,1.2645399010761,1.15695348061009,1.15695348061009,1.15695348061009,1.58036872005128,1.26109964887766
"gga-miR-1603_st",0.857880498062895,1.17203823141848,1.07162176405219,1.04715231448908,0.884643264765394,1.15695348061009,1.23520585060643,1.37234976597862,0.869239944108582
"gga-miR-1604_st",1.31558810735838,1.65662392925346,0.783389628418875,0.8925070944249,0.870277670101743,2.02556650346347,1.36290697610041,1.19568692807718,1.34300390306195
"gga-miR-1605_st",1.1082633231392,0.869239944108582,0.792534599075301,0.869239944108582,0.766922854874339,0.836358757953178,0.977375339764336,0.740020391171385,1.08349683875472
"gga-miR-1606_st",0.938922716240932,1.12897182173467,1.02735369514976,0.938922716240932,0.862208549641073,0.725584547765245,1.12640943590023,1.37965181247751,0.869239944108582
"gga-miR-1607_st",12.7464841943708,12.189166216622,12.2637148804901,12.5016611981389,12.5318159327897,12.5493886041974,12.4599079241156,13.1125015770398,12.6033535466476
"gga-miR-1608_st",0.976255513912344,1.29795388048073,1.1903666857147,1.03143649322647,1.0167280938686,1.00138867617074,0.748974721361005,1.2145902736085,1.00138867617074
"gga-miR-1609_st",1.34036072012673,1.07200311704127,1.54939465967587,1.23558965465957,1.34036072012673,1.48992068139829,2.16390690107539,0.920663760551101,1.63897175435724
"gga-miR-1610_st",7.50095342148144,6.73244287778919,7.00081195474194,7.05278447768252,6.65294980158059,6.61940286488209,6.91918324103492,7.68457707886652,7.32785624017781
"gga-miR-1611_st",6.45228950920517,5.55264095087727,5.16726810364138,6.00762453164484,6.46444878563204,6.46272437603408,6.09344213785372,7.02659013621968,6.23963681814255
"gga-miR-1612_st",1.07861041833937,1.30976978618758,1.03143649322647,1.2427086215314,0.987330503460413,1.09367879315098,1.27588561146253,1.16600327649812,1.10866556343929
"gga-miR-1613_st",1.21680095909505,1.02109360225054,1.09764056251191,1.42749786190747,0.836358757953178,0.950668057062392,0.977375339764336,0.818445147276104,0.895947226810527
"gga-miR-1614-star_st",1.07835693815376,0.939146508515695,1.00385462133372,1.26442616437186,0.892838912012098,1.52819149550296,0.964941777245004,1.19453898057648,1.08970493702343
"gga-miR-1614_st",1.68366545149744,1.3495004610782,1.29653133154389,1.07412436985082,1.35602094158201,2.439166235033,1.40681978046087,1.49567577866226,2.0015792095913
"gga-miR-1615_st",1.31076577837393,1.08542845141307,1.11122372014238,0.913072924553037,1.11122372014238,1.51245911407531,1.10055964421233,1.11122372014238,1.02627335657356
"gga-miR-1616_st",0.857891945238911,0.945959904770711,1.13575733136284,0.633238541217682,1.07200311704127,0.869239944108582,0.869239944108582,1.13575733136284,0.792519983446453
"gga-miR-1617_st",0.966464913105887,1.05384894969806,0.892370759341341,0.966464913105887,1.05384894969806,0.836358757953178,1.03013007742489,1.07123005525209,0.652706805796422
"gga-miR-1618_st",1.45431403983544,1.14848825600913,1.09395716408142,0.732951315060339,1.28131703770146,1.28131703770146,1.34498220202046,1.40079057920553,1.28131703770146
"gga-miR-1619_st",1.4805502292527,1.15798306448954,1.06742987826496,1.73883329358835,0.996455999739633,0.986661442100878,1.10055964421233,0.990301994765859,1.10866556343929
"gga-miR-1620_st",0.646309652459441,0.836358757953178,0.783389628418875,0.718816161745223,1.21428237210234,1.13068779752935,1.03470423125658,0.836358757953178,0.836358757953178
"gga-miR-1621-star_st",5.7500859933218,5.18512103148506,5.33979469604712,5.56213486396571,6.07101617524288,6.35251773543944,5.72982946340618,6.54033576441188,5.73927868311207
"gga-miR-1621_st",1.5310369597944,1.5310369597944,1.58264864020821,1.5310369597944,1.5310369597944,1.64534625890362,1.5310369597944,2.0489951262438,1.29602543705933
"gga-miR-1622_st",1.1415467495947,0.869239944108582,0.869239944108582,0.739133788955873,0.769292348571654,1.15695348061009,0.869239944108582,0.811911052616336,0.869239944108582
"gga-miR-1623_st",1.5109083538059,1.28542256684537,1.28542256684537,0.913072924553037,1.07200311704127,1.50608015564515,1.28542256684537,1.23407145243344,1.64973555198849
"gga-miR-1624_st",1.12418146245007,1.21807661767726,1.44346994950666,2.39744165730685,1.06343411323108,1.54939465967587,0.792383153095433,1.63171473438014,1.5670474328452
"gga-miR-1625-star_st",0.549432663129457,1.0320961700162,0.950668057062392,0.618868566208295,1.0320961700162,1.2383815935639,0.950668057062392,0.860457979414741,0.825448483132415
"gga-miR-1625_st",0.977375339764336,0.831522900049794,1.07344818867643,1.03255631907846,0.765793046984866,1.17649974127839,0.607832636428939,0.898513260986356,1.29578348072984
"gga-miR-1626-star_st",0.950668057062392,0.821999431007361,1.24185509333816,1.01442247833795,0.950668057062392,0.906949794576184,0.646309652459441,1.2145902736085,0.950668057062392
"gga-miR-1626_st",0.977375339764336,0.977375339764336,0.936808715949537,1.02721123052769,1.0441021038573,0.977375339764336,1.38023974687566,0.977375339764336,0.900655379102208
"gga-miR-1627-star_st",1.10866556343929,0.986661442100878,0.986661442100878,1.06336678713416,0.929024649102472,0.986661442100878,0.757064238769404,0.986661442100878,0.986661442100878
"gga-miR-1627_st",1.23922316506451,0.950668057062392,1.07200311704127,1.07200311704127,0.946783543111293,0.751408394384355,1.07200311704127,1.07200311704127,1.07200311704127
"gga-miR-1628_st",0.877427744227408,0.73641116241625,1.10582836263074,0.877427744227408,0.7640985993958,0.957068751216035,0.877427744227408,0.784792040352624,0.939060578359823
"gga-miR-1629_st",1.28013685459188,1.10604396581937,0.974142042665596,0.789888620105039,0.977375339764336,0.859832743556382,0.977375339764336,0.977375339764336,1.2841303741648
"gga-miR-1630_st",1.38791442802448,1.11560762253836,1.11560762253836,1.17936204381392,1.40332115903987,1.15695348061009,1.11560762253836,0.828008803995101,1.11560762253836
"gga-miR-1631_st",8.01459659282867,7.2784031012209,6.93392566912826,7.08979638307834,7.73128667150123,7.73431557049035,7.1827259793699,8.06721175921766,7.31861964621153
"gga-miR-1632-star_st",0.994356264330078,0.611021430992321,1.03805209365456,0.691176430677801,0.836358757953178,0.728669732329309,0.836358757953178,0.930053849118779,1.08636244398709
"gga-miR-1632_st",0.67865487603906,0.857891945238911,0.694472186257673,0.903738877734878,0.857891945238911,0.868703981532796,0.998462157018185,1.54939465967587,0.827033532701597
"gga-miR-1633_st",0.857891945238911,0.801879943850748,1.25883003580898,0.805485729787015,0.695382895515227,0.857891945238911,1.23922316506451,0.779029866460931,1.20324932523585
"gga-miR-1634_st",0.977375339764336,0.679600137181759,0.873948096400263,1.40079057920553,1.4430463699853,0.950668057062392,1.33620400330043,1.2145902736085,0.950668057062392
"gga-miR-1635_st",1.2145902736085,1.18788299090655,0.912095501440621,1.05566008112027,1.08937069967852,1.54939465967587,1.2145902736085,1.68713735220287,1.35011265611902
"gga-miR-1636_st",10.6915237014901,10.4472238352294,10.2633596520566,10.3659492566592,10.2903373522775,10.2564299933463,10.3912500766001,11.1779336535536,10.2426180118525
"gga-miR-1637_st",1.49300091581395,1.12711017613698,0.9096199843921,1.40079057920553,1.06772920441485,1.38833438875157,1.30869338176294,1.36275453522507,1.40332115903987
"gga-miR-1638_st",0.740108449215277,0.857212684659193,1.58334089950683,0.798888306675253,1.10287614520743,0.836358757953178,0.836358757953178,0.857212684659193,0.756646620794049
"gga-miR-1639_st",0.898767629247966,0.877234441962232,0.674880567596458,0.931295595424366,0.877234441962232,0.877234441962232,0.877234441962232,0.874703862127883,1.1005308452942
"gga-miR-1640_st",1.52782548063115,1.99681814085534,1.75622609903448,1.49079247212328,1.90483017950482,1.61715414258524,1.64809070337872,1.75622609903448,2.32824541894601
"gga-miR-1641_st",0.978051540094413,1.10762160455386,0.899655276007356,1.14870846207455,1.07200311704127,1.15938715363344,1.19226833978885,0.979367413166485,0.743215654877015
"gga-miR-1642_st",3.53616666821189,3.04617673684527,2.68538143396804,2.92639838354916,2.3860277102846,2.6419705924643,1.92007647159204,2.439166235033,2.11375697705756
"gga-miR-1643-star_st",1.17033148789449,0.998258987716419,1.03143649322647,1.03143649322647,1.01809110605956,1.05701634675296,1.23922316506451,1.27839523711164,0.869239944108582
"gga-miR-1643_st",0.986696754213388,1.19136758688374,0.837761367079,1.26442616437186,1.02879062685034,0.914481327741129,1.17868221400029,1.20080792601575,0.948145332245182
"gga-miR-1644_st",1.42233361951262,1.12066228197554,0.793906649167202,1.28131703770146,1.28131703770146,1.28131703770146,1.60235335997958,1.28131703770146,1.53745577992151
"gga-miR-1645_st",1.01869514567161,0.99356439768226,1.06980922490425,1.26442616437186,1.15695348061009,0.969667526605208,1.52854073296985,0.820867538625963,1.11332292294855
"gga-miR-1646_st",1.60454199872018,1.14870846207455,1.11123801079663,1.14870846207455,1.03439916296534,1.46797575584262,1.105077904413,1.59883098421768,1.14870846207455
"gga-miR-1647_st",0.646309652459441,1.29602543705933,1.01903398750697,0.723285380992737,1.15264841164643,1.29266070584106,1.10055964421233,0.94333449098624,1.0991963157395
"gga-miR-1648-star_st",6.22623747356248,5.06735452198413,4.75821388515811,4.96203898831104,4.90734014372905,4.642801885327,5.8769710232042,6.19285838928772,5.23278948327655
"gga-miR-1648_st",1.14687887921531,0.987052753472448,1.07200311704127,0.926820789765893,1.07200311704127,1.15695348061009,1.66160422337553,1.07200311704127,1.07200311704127
"gga-miR-1649-star_st",0.974418888190218,1.0671950000137,0.783389628418875,0.866609023287699,0.811841928156817,1.34266300133864,0.974418888190218,0.974418888190218,1.01201402069957
"gga-miR-1649_st",1.22849771236633,1.88695666945982,1.44389399773486,1.30752958290119,1.82048753878116,2.03887135726876,1.25029938111811,1.44389399773486,1.38678732676642
"gga-miR-1650_st",0.972271124692969,1.2006717430963,0.799923283659055,1.2006717430963,1.53175274640056,1.48564023840031,1.2006717430963,1.2145902736085,1.2006717430963
"gga-miR-1651-star_st",1.19014910778044,0.73641116241625,1.34179929892276,1.26442616437186,0.836358757953178,0.950668057062392,0.977375339764336,1.4273640416246,0.843097428359547
"gga-miR-1651_st",1.15755762884092,0.703819683476731,1.16473513131141,1.09325521362962,1.29954063717732,1.09325521362962,1.09325521362962,1.2145902736085,0.647437474228541
"gga-miR-1652_st",1.2673201362806,1.0463417399729,1.21990325023064,1.16367641407356,2.03047052080088,1.9808715171436,1.08029276335961,1.40332115903987,1.40332115903987
"gga-miR-1653_st",1.20401925740232,1.29602543705933,1.5872124733351,1.26442616437186,1.75682237446216,1.29602543705933,1.29602543705933,1.30994396757153,1.29602543705933
"gga-miR-1654_st",5.42081860810322,5.22852026995195,5.00214445296618,4.94598651702264,5.08585120228998,4.73603513996514,4.7643041478301,5.89263620910103,5.08585120228998
"gga-miR-1655_st",1.21680095909505,1.09689977981384,1.09309823407927,0.944494153608932,0.754445048115195,0.836805127985063,0.977375339764336,0.758293848011905,0.977375339764336
"gga-miR-1656_st",1.22737902579825,1.2006717430963,1.44361232728947,1.26442616437186,0.950668057062392,1.14303495009789,1.32113917941012,1.2006717430963,1.00964248332496
"gga-miR-1657_st",1.78418156594318,2.1182499316316,1.24185509333816,1.50391130086313,1.70191188148877,1.60197474763164,1.904649002257,1.89808343630525,1.41419834498726
"gga-miR-1658-star_st",0.857891945238911,1.08974001351163,0.950668057062392,1.00627075242931,0.917786870906987,0.645649113795054,0.950668057062392,0.950668057062392,0.950668057062392
"gga-miR-1658_st",2.01033166085215,1.31565345901092,1.37888028846142,1.69388497466624,1.53175430167135,1.63810259136193,1.68123224532712,1.84867804135437,2.30207821240741
"gga-miR-1659_st",1.27843426343275,1.32692385232314,1.24251321572385,1.15695348061009,0.837146199630967,1.15695348061009,0.869239944108582,1.53518499626541,0.759638797291049
"gga-miR-1660_st",1.09944420329242,1.07200311704127,1.02976143116007,0.954460520833316,1.36752182526682,1.09944420329242,1.17781776696928,1.03271743919945,1.11780190317388
"gga-miR-1661_st",0.977375339764336,1.07200311704127,0.900655379102208,0.759885148019454,0.877427744227408,1.40332115903987,0.977375339764336,0.913072924553037,1.2006717430963
"gga-miR-1662_st",0.950668057062392,0.950668057062392,1.14071716255613,0.806724634862466,0.958913075597933,0.950668057062392,0.970973046094088,0.748314182696618,1.25502646166534
"gga-miR-1663-star_st",1.23922316506451,1.23922316506451,1.23922316506451,1.23922316506451,1.40332115903987,1.10015120861527,1.26777969223557,1.01520084504645,1.38654014004928
"gga-miR-1663_st",1.09073666896444,0.81527324119423,0.857891945238911,0.790803791631122,0.86042252507326,0.728669732329309,0.99890852705007,0.887947090338838,0.741709902816193
"gga-miR-1664-star_st",1.49788900884168,1.35969060137833,1.07200311704127,1.35969060137833,1.48405415846969,1.20169309500143,1.35969060137833,1.83786971257058,1.1648635604873
"gga-miR-1664_st",0.748974721361005,1.2006717430963,1.57256262378989,0.868872252242204,1.32200680307518,1.07933668311742,1.22737902579825,1.2006717430963,1.45295597644839
"gga-miR-1665_st",1.24524897413495,1.22371578684921,1.54431050950613,1.50374388569133,1.54431050950613,1.54431050950613,1.65652007320579,1.54431050950613,1.66406311548037
"gga-miR-1666_st",5.39776252167342,3.43683050281407,4.43088114527376,3.64902989212906,3.97798979812441,4.07114298107276,5.65274624931181,5.96227703378981,3.71204954192239
"gga-miR-1667_st",1.27843426343275,1.07200311704127,1.15695348061009,1.15695348061009,1.28029039583961,0.788625819025741,1.06685197065328,1.54939465967587,1.25158125788703
"gga-miR-1668-star_st",2.57714964524617,1.88630381175956,2.0491321295169,2.82496220700084,3.68961888689634,2.28095373140591,2.9554194066852,3.16426484704369,3.68438205387074
"gga-miR-1668_st",1.28131703770146,1.28131703770146,1.28131703770146,1.28131703770146,1.28131703770146,1.28131703770146,1.28131703770146,0.779029866460931,1.1480245464406
"gga-miR-1669_st",1.21807661767726,1.25625155420833,1.0965958348546,1.59370007459798,1.0965958348546,1.30302698124609,1.38920889863609,1.69546816031186,1.54939465967587
"gga-miR-1670_st",0.940003981132347,0.927440422187592,0.950668057062392,1.02737340209567,0.950668057062392,0.950668057062392,0.906835076617937,1.09325521362962,0.950668057062392
"gga-miR-1671_st",1.5310369597944,0.86507978847128,1.34927582356664,1.05169695205,1.34927582356664,1.28131703770146,1.1298947081775,1.2006717430963,1.2006717430963
"gga-miR-1672_st",1.3315592775915,1.78325629932679,1.20145312243879,1.6573338230036,1.42511721763713,0.950668057062392,1.94227515760882,1.36161442269142,1.90269722141917
"gga-miR-1673_st",1.0594448729916,0.952519722515845,0.763264167961978,0.735219687179619,0.836358757953178,1.05701634675296,0.857891945238911,0.857891945238911,0.857891945238911
"gga-miR-1674_st",1.31683237982375,1.26442616437186,1.26442616437186,1.26442616437186,1.26442616437186,1.22813654831363,1.43631577434918,0.817971897062928,1.12178825862305
"gga-miR-1675_st",0.879425132524645,0.73641116241625,1.4338228556252,0.72519032215284,0.983408932622534,0.777123509074833,0.803830791776778,0.857891945238911,0.73641116241625
"gga-miR-1676-star_st",1.30917483061843,0.950668057062392,1.30917483061843,1.30092981208289,1.9727088887895,1.16815824880727,1.30917483061843,1.22422446704961,1.58423936456502
"gga-miR-1676_st",2.34329268071403,2.19087771012726,1.44389399773486,2.22736901246477,1.92128554036946,2.47973907372798,3.13834082299758,2.04075908187352,2.15872419989789
"gga-miR-1677-star_st",0.992321500734789,0.950668057062392,0.91644922347302,0.989825273910237,1.28131703770146,1.54939465967587,1.52854073296985,0.988138508340316,1.30800451993217
"gga-miR-1677_st",1.00405094400787,1.29602543705933,1.1860789398175,1.06056195243388,1.40332115903987,0.6734019633688,0.961957071370915,1.27212856598228,0.831703102973956
"gga-miR-1678_st",1.23922316506451,0.841600188783404,1.23922316506451,1.89798612427763,1.44198633799719,1.15432155233643,1.18242089306968,1.23486340310656,1.35948838781208
"gga-miR-1679_st",1.10866556343929,1.07200311704127,1.10866556343929,1.07200311704127,1.15695348061009,0.861213118014354,0.860420824261799,1.07200311704127,1.10959824955062
"gga-miR-1680-star_st",1.09573890843777,1.03143649322647,1.03143649322647,0.993841360717116,0.950668057062392,1.21101463407223,1.08763298921081,0.993841360717116,1.00472921052453
"gga-miR-1680_st",1.95434845889838,1.83803532097499,1.61997621819972,2.42763714928142,2.42733871411621,2.31634865333505,1.58083130563683,2.15285062554836,2.12775622399942
"gga-miR-1681_st",1.10481447502926,0.950668057062392,0.950668057062392,0.950668057062392,0.971521983768407,0.950668057062392,1.15706017713276,0.837252896153636,0.798625205060174
"gga-miR-1682_st",1.5310369597944,1.85868146970983,1.88584683151035,1.63862338026041,2.22065121757772,1.5310369597944,1.79847409750545,1.79847409750545,2.03596966671059
"gga-miR-1683_st",1.23489807032941,1.11448752577312,1.06561505143911,0.826888707229861,0.950668057062392,0.864483839739215,1.35139768603429,0.987050007482497,0.985818899718094
"gga-miR-1684-star_st",1.11640699352623,1.04139173715657,1.50331536243454,0.933940037586225,0.958409487149333,0.950668057062392,1.27476451971652,1.13507124928612,0.876981374195523
"gga-miR-1684_st",0.97922700521779,0.957693817932056,1.07200311704127,1.07200311704127,1.07200311704127,1.27828854058897,1.22189470419121,1.07200311704127,1.07200311704127
"gga-miR-1685-star_st",1.44608659622558,1.29602543705933,0.977375339764336,1.02430603260336,1.28131703770146,1.27418657707835,1.15427280149568,0.968703337236441,1.05808458652907
"gga-miR-1685_st",0.870309781339883,0.913072924553037,0.913072924553037,0.989787091152897,0.816195935223053,0.836358757953178,0.870309781339883,1.03440798453192,0.950668057062392
"gga-miR-1686_st",1.98643198414095,1.54452625121474,1.58118869761276,1.63262825345497,1.82048753878116,1.52953948092643,1.67319487726977,1.67319487726977,1.8018635033248
"gga-miR-1687-star_st",0.968325901970681,0.86268919638108,1.07200311704127,0.838219746817972,0.780419511926666,0.751071501600981,0.86268919638108,1.00527635294831,0.723570521169891
"gga-miR-1687_st",1.09079050067309,1.04681124284317,1.20317348324105,1.34101560118792,0.923570452649856,1.28173374436729,0.977375339764336,1.09079050067309,1.35153245711359
"gga-miR-1688_st",0.932208251177451,0.938104498117637,0.932208251177451,1.40079057920553,0.950668057062392,0.950668057062392,0.950668057062392,1.76418481738162,0.778320216028478
"gga-miR-1689-star_st",0.83871310742876,1.26665578406364,1.28131703770146,1.26665578406364,1.07200311704127,2.13791204059582,1.26665578406364,0.987052753472448,1.15852038840789
"gga-miR-1689_st",0.857891945238911,0.903935211317496,0.857891945238911,0.810194860801004,0.715187452126257,0.845244616434032,0.977375339764336,0.66600754723418,0.857891945238911
"gga-miR-1690-star_st",1.23922316506451,1.1100009521549,1.17672771624787,1.35722464742329,1.0662826896687,1.1100009521549,1.13670823485685,0.825286997919262,1.14288213831031
"gga-miR-1691_st",1.16515174240872,1.05701634675296,1.33638233864981,0.957365070570681,0.950668057062392,1.16336463644353,1.16515174240872,0.855463419000272,1.05701634675296
"gga-miR-1692_st",0.972271124692969,1.2006717430963,1.23826687560565,1.25473289655843,1.07200311704127,1.17396446039436,1.41601469745357,0.880864462117175,1.58362425560259
"gga-miR-1693_st",0.591216117954069,0.847269184611627,1.11378657186588,0.847269184611627,0.992451511887004,0.849799764445976,0.977375339764336,0.847269184611627,1.16591928190662
"gga-miR-1694_st",6.27735954119552,5.99947764479087,5.54896603671338,5.15342853490306,5.74424855474461,5.51614540698083,5.73524910437327,6.64251053590581,6.00160501184891
"gga-miR-1695_st",1.05701634675296,0.652329035353834,1.05701634675296,0.768591926035763,1.05701634675296,1.04202957646466,1.08557287392403,1.2145902736085,1.25732195627892
"gga-miR-1696_st",0.950668057062392,0.630062872725678,0.804594556426399,0.886913842740824,1.05060519091952,0.950668057062392,1.32065127801832,1.11223547120341,1.2006717430963
"gga-miR-1697_st",1.30644416970989,1.40332115903987,1.51665030387148,1.40332115903987,1.40332115903987,1.40332115903987,1.40332115903987,1.24555742476619,1.24112460992199
"gga-miR-1698_st",1.37051338873946,1.33385094234144,1.1577950521107,1.43726357007667,0.90815747775961,1.68268715093672,1.23922316506451,1.33763451376667,0.951402932040327
"gga-miR-1699_st",2.439166235033,2.21714774693983,1.61087878728994,2.46581390922336,1.99833529346597,2.44772071988399,2.439166235033,1.72873041701531,2.90966330667346
"gga-miR-16c_st",3.18922512489764,1.84676867051172,1.38414882568748,2.06977113545996,1.68268715093672,2.0313759275661,2.11868429860482,1.96464916347314,2.53559842361111
"gga-miR-17-3p_st",6.52356944417724,6.51732687031374,6.56766273473688,6.62843216472762,6.93672741564661,6.70725059173952,7.03743663802276,6.90217125422382,6.72119619143258
"gga-miR-17-5p_st",12.9724027717411,12.9664426539684,12.9147175726715,12.9323519358134,13.0555530600185,13.1115336063715,12.9125656506088,12.939415263981,12.8917892189789
"gga-miR-1700_st",1.41403332302755,2.92341177859814,1.13222827993458,1.66239741153201,1.40332115903987,1.67064243006755,1.52854073296985,1.90623451012744,2.27193849317863
"gga-miR-1701_st",0.857891945238911,1.24364130764273,0.977375339764336,1.07200311704127,1.07200311704127,1.20461169266818,0.970841245104569,1.01467422554902,1.12396639806302
"gga-miR-1702_st",1.77901933058236,1.65272883795017,1.38906725609424,1.79027357140273,1.85442217365156,1.50322490022203,1.93756361824242,1.26781563671308,1.7473566152271
"gga-miR-1703_st",1.01403778616236,1.10866556343929,1.15695348061009,1.26442616437186,1.05613165879931,1.10866556343929,1.32808806722206,1.07107043092994,1.10866556343929
"gga-miR-1704_st",1.68268715093672,1.7517070361493,1.24185509333816,2.18166626174658,1.28131703770146,1.28131703770146,1.52768471613124,1.52768471613124,1.89262113312503
"gga-miR-1705_st",1.10866556343929,1.01869165232849,0.963024674854399,0.975588233799154,0.947031706628089,1.05701634675296,0.975588233799154,0.975588233799154,0.832950328050351
"gga-miR-1706_st",1.67139878101428,1.89062629922969,1.71197161970927,1.42700312440526,1.54939465967587,1.71197161970927,1.97180439813726,2.00631034460549,1.75681717337639
"gga-miR-1707_st",1.40332115903987,1.03143649322647,0.88019904082963,0.705286252715001,0.910101433247592,1.24075041388666,1.09390418407419,0.913072924553037,1.20303058189394
"gga-miR-1708_st",1.11895986620152,0.983549243217796,0.81627081457428,0.869239944108582,0.869239944108582,0.869239944108582,1.23922316506451,0.735196886016476,0.869239944108582
"gga-miR-1709_st",0.836358757953178,1.03805209365456,1.15938715363344,0.890419911415311,0.823795199008423,0.816053768921482,0.748974721361005,0.930986535230111,0.765512892939776
"gga-miR-1710_st",1.23922316506451,0.957972487645106,1.03087687207999,1.07311855796119,1.12141357091835,1.35392886682887,1.08807864279782,1.52625310879416,1.54939465967587
"gga-miR-1711_st",1.08432689609336,0.719795459821787,1.35160614763246,1.04766444969534,0.932569227837889,1.13261481326416,1.04766444969534,0.97518793188257,1.19284677697071
"gga-miR-1712-star_st",1.12085959639107,1.29602543705933,0.913072924553037,0.913072924553037,0.994501037506847,0.807596039517247,0.913072924553037,0.6080539812857,0.953639548367837
"gga-miR-1712_st",1.06809893962449,1.03143649322647,0.759638797291049,1.0216463926215,1.07200311704127,1.05251942078767,1.05814377592841,0.798784310635378,0.719072173476249
"gga-miR-1713_st",7.13508576129224,6.83349346413017,9.33114162508479,6.5601089374157,7.33312526383184,5.50924084916105,6.84225346933805,7.33427488906654,5.38049359187408
"gga-miR-1714_st",2.34251540415174,1.29602543705933,1.19724773669227,1.2362127898974,1.82048753878116,1.25729571745859,2.80480386235968,1.57547925234759,1.36144188572617
"gga-miR-1715-star_st",1.09143828814515,0.968766030085853,1.13262163838701,0.839907671179197,1.34480751076168,0.950668057062392,1.09143828814515,1.22415850214664,1.09143828814515
"gga-miR-1715_st",1.00600049453773,1.13256243451634,1.10866556343929,1.53208080288048,1.03196021840601,1.05102877044089,1.10866556343929,1.10866556343929,0.962592062803299
"gga-miR-1716_st",10.411268676519,9.97422049721779,9.82919146074445,10.2130271394333,10.4862599803299,10.2488438979892,10.1287718638051,10.7968786547462,10.2130271394333
"gga-miR-1717_st",1.23922316506451,1.19923446380649,1.11689886509413,1.03242032489167,0.869291808857727,0.951651888727595,0.772414819527743,0.780013698126135,0.662847824038213
"gga-miR-1718_st",1.75305765575544,3.0262875397513,1.5033377336625,1.52854073296985,1.37897417657113,1.28131703770146,1.5033377336625,1.00105056242197,1.51363203642473
"gga-miR-1719_st",0.938992230071316,1.27053001592538,1.23184986788729,1.09802906437799,1.13815477672169,0.851854036777307,1.10055964421233,1.21486894332155,1.10055964421233
"gga-miR-1720-star_st",0.605484459070746,1.07200311704127,1.07200311704127,0.816125930495833,1.0956264626049,1.40332115903987,1.11116938296635,1.02889969851193,0.886312541944706
"gga-miR-1720_st",1.05880345271815,0.950668057062392,0.917786870906987,0.950668057062392,0.950668057062392,0.950668057062392,1.23922316506451,1.28626001168741,0.950668057062392
"gga-miR-1721_st",1.20554255276928,0.712954088443812,1.25755697011942,0.887277655823729,0.646309652459441,1.05701634675296,0.913072924553037,0.913072924553037,0.913072924553037
"gga-miR-1722-star_st",3.10878889104161,3.13762077746077,0.869239944108583,2.61532458177723,1.71874767896581,2.40271628462049,2.08344899085241,1.89808343630525,3.52143683561493
"gga-miR-1722_st",1.10866556343929,0.904723496655165,1.28131703770146,0.926820789765893,1.15695348061009,1.15695348061009,1.43758190335747,0.777674077465098,0.869239944108582
"gga-miR-1723_st",1.17499995945522,1.21375575260491,1.15695348061009,1.18215647991744,1.07468379615568,1.13024619790815,0.985309401570351,1.46712497522145,1.13024619790815
"gga-miR-1724_st",1.78994804064949,1.82505803835941,1.89808343630525,1.4581485497954,1.56701774900035,1.74640474319012,1.84735517490511,1.75235290814014,1.98541383349649
"gga-miR-1725_st",1.07159043996177,1.15897447655394,1.60393275630223,0.913072924553037,0.872048381730222,0.94148428480906,1.12405506385681,0.978954736086985,0.808984364373941
"gga-miR-1726_st",1.0807742122151,0.869488492056387,1.00231727374872,0.855436885254245,1.09674155769838,0.950668057062392,0.863284020470219,0.775755268947763,0.950668057062392
"gga-miR-1727_st",1.19937366449742,1.19937366449742,1.0688160628722,1.39741406950958,1.18681010555266,0.950668057062392,1.19937366449742,1.29400144177435,1.2921497763209
"gga-miR-1728-3p_st",3.31607650546742,2.50723767151775,1.44389399773486,2.84560121294389,3.31607650546742,5.07669145306211,2.25930201660214,4.385345089326,4.22930104488445
"gga-miR-1728-5p_st",1.23922316506451,1.59763910155448,0.759638797291049,1.20835013689834,1.47794950927376,1.264803018591,1.18516201160237,1.23922316506451,1.00670786915398
"gga-miR-1729-star_st",1.37326622315661,0.970401816045284,1.11141839785644,0.875477792043683,0.913072924553037,0.913072924553037,0.71137958885165,0.913072924553037,1.2361013202333
"gga-miR-1729_st",1.10866556343929,1.07200311704127,2.18017838085944,0.983436467610522,1.31035889914068,1.09323763373154,0.988400340691714,1.21343070558549,1.10866556343929
"gga-miR-1730-star_st",1.17466818594283,1.07200311704127,0.783389628418875,1.03143649322647,1.23178739913043,0.989792885215166,0.990336515399272,1.22543724430326,1.07200311704127
"gga-miR-1730_st",0.67980553689348,0.86812143996653,0.893916708695839,0.913072924553037,0.750563874829352,1.07315377789569,0.734740631368265,0.893916708695839,0.893916708695839
"gga-miR-1731_st",0.857891945238912,1.35356993630935,0.802499940774203,1.18433468643952,1.30985167382315,0.879219901436332,1.02023648324749,1.02023648324749,1.07200311704127
"gga-miR-1732_st",1.24756055810731,1.54389447538384,1.40332115903987,1.14870846207455,1.36274832034489,1.40332115903987,1.52854073296985,1.2145902736085,1.96975882215716
"gga-miR-1733_st",1.10866556343929,1.13953859160545,1.26623949029483,1.10866556343929,1.10866556343929,1.09392485798918,0.927316401141733,1.1313953092671,1.25726964390963
"gga-miR-1734_st",1.09309304206164,1.05643059566362,1.26442616437186,1.26442616437186,1.26442616437186,1.02878180528376,1.35969060137833,1.18772081933858,1.48844848438991
"gga-miR-1735_st",0.857891945238911,1.01979120804826,0.780752363233209,1.10055964421233,1.28131703770146,1.15431621542443,1.10055964421233,1.61851781066173,1.26979489408217
"gga-miR-1736-star_st",2.19438575803486,2.45813467569778,1.64953635797491,2.19856713985982,2.5681208943903,2.0338919547492,3.4135179102384,2.19856713985982,2.18592299774319
"gga-miR-1736_st",1.04118276005235,0.733177865317509,0.950668057062392,0.950668057062392,1.07618504444601,0.840540685357922,1.35353246417372,0.783211793865675,0.788471507944504
"gga-miR-1737_st",0.893335800278427,1.05620580521642,1.09345876692739,0.911483771084689,0.841948910570279,0.921809496890608,0.748974721361005,0.948516779592552,0.959180855522597
"gga-miR-1738_st",1.14673577396338,0.979515725940148,0.979515725940148,1.52854073296985,0.882638736610164,0.952808443238203,0.979515725940148,0.781170252636743,0.979515725940148
"gga-miR-1739_st",0.861796982879678,1.02423922361075,1.39432260048757,1.27563379959275,1.26303237681261,1.56121674301949,1.26303237681261,1.26303237681261,1.07200311704127
"gga-miR-1740-star_st",1.20861315897622,0.836358757953178,1.05061565259932,1.10199776756028,1.25060184803062,1.05384894969806,1.00357880597641,0.766922854874339,1.08673013585346
"gga-miR-1740_st",1.15695348061009,0.999447934330503,0.987718230740262,1.29447326514072,1.38484078018507,1.15695348061009,1.22125589582139,1.2145902736085,0.989733432586857
"gga-miR-1741_st",1.25149458267589,0.917149880042496,1.13464007178738,1.03143649322647,1.49554468651635,1.13464007178738,1.16752125794278,0.954620331320421,1.2006717430963
"gga-miR-1742_st",0.694327155993954,0.618454878732186,0.793244136269891,1.03143649322647,0.869239944108582,0.950668057062392,1.20332610320379,1.66110265912829,0.826998258227378
"gga-miR-1743_st",1.34430992252738,1.29602543705933,1.30764747612936,1.26442616437186,0.671273488069369,0.970510424690015,1.07200311704127,1.07200311704127,1.07200311704127
"gga-miR-1744-star_st",0.748974721361005,0.862814621279262,0.690244463761743,0.851332662282981,0.805485729787015,0.950668057062392,0.723125649917147,0.779029866460931,0.805485729787015
"gga-miR-1744_st",1.46946086631653,1.02371519987047,0.902380139891591,1.10866556343929,1.10866556343929,1.10866556343929,1.05460440997716,1.14923218725409,1.07200311704127
"gga-miR-1745_st",1.22702913211272,1.06903162573582,1.13333404094712,1.03143649322647,1.07200311704127,1.03957148202728,1.00882425353144,1.06903162573582,1.06903162573582
"gga-miR-1746_st",1.19845452198435,0.950668057062392,1.011169414257,1.05701634675296,1.12871201046495,1.34198484205697,0.869239944108582,0.81624295114559,0.759638797291049
"gga-miR-1747_st",0.977375339764336,1.08304329626608,1.12210686410217,0.913072924553037,0.836358757953178,1.15695348061009,0.86944236689149,0.913072924553037,0.913072924553037
"gga-miR-1748_st",1.91682257307785,1.44259975407668,1.23677709360262,1.21662738477815,1.82048753878116,1.25352513769446,1.66160422337553,1.56809513560123,1.91682257307785
"gga-miR-1749-star_st",1.27681829757386,0.950668057062392,0.950668057062392,0.950668057062392,0.950668057062392,1.05701634675296,0.869239944108582,0.913072924553037,0.796890882130318
"gga-miR-1749_st",1.60136156405203,1.64193440274702,1.29964286661071,1.14870846207455,1.03439916296534,0.926710137341468,0.866246690209085,0.861109643531288,1.14870846207455
"gga-miR-1750_st",1.19745931501354,1.30338402518274,1.46558057430063,1.4155935888824,0.925152509527424,1.05701634675296,1.5616670895184,1.33228808303978,1.80890030668558
"gga-miR-1751-star_st",0.573744945694342,1.04202020281562,0.618868566208295,1.21335332512584,1.28131703770146,1.05701634675296,1.04202020281562,1.07453620299771,1.26745485901412
"gga-miR-1752_st",1.32932315223908,0.977375339764336,0.960837168185565,0.913072924553037,1.07200311704127,1.05701634675296,0.863960178855581,0.972065983184141,0.977375339764336
"gga-miR-1753_st",1.10866556343929,1.09515794506047,0.811799282352162,1.20287366775515,0.973822885081593,0.973822885081593,1.00053016778354,1.00053016778354,1.02138409448955
"gga-miR-1754_st",1.10866556343929,1.26746890988826,1.07200311704127,1.09409921840941,1.31942621321037,0.950668057062392,0.934923141081836,1.07200311704127,0.922111529891327
"gga-miR-1755_st",1.22360547855299,1.31638159037647,1.44863843416401,1.44035387200813,1.006479652381,1.31513429807815,1.0148341432498,1.27878645786711,1.18053330991925
"gga-miR-1756a_st",1.02423139544043,1.02423139544043,1.02423139544043,0.859710333229849,1.02423139544043,1.02423139544043,1.02423139544043,1.10094556204029,0.950668057062392
"gga-miR-1756b_st",0.809164540755544,0.86723178611934,1.15364858632193,0.836358757953178,0.879989315614725,0.908689472796266,0.836358757953178,0.809164540755544,0.576626880327091
"gga-miR-1757_st",1.16009890440131,1.2006717430963,0.912058254473905,1.48735738272799,1.2006717430963,1.43946489629816,0.897910228268761,1.32200680307518,1.2006717430963
"gga-miR-1758_st",1.28746143437392,1.40079057920553,1.54180716101668,1.36375757069766,1.59181983897687,1.00923528274638,1.66160422337553,1.34346168771328,1.5210558019531
"gga-miR-1759_st",2.78428607294713,3.48933620701616,1.95296141356412,2.67007511502703,3.29015972361039,2.78428607294713,2.59666304128949,2.4487223471271,3.15186604290933
"gga-miR-1760_st",1.06715044342113,0.937044288268424,1.52854073296985,1.03143649322647,1.54939465967587,1.77756646966489,1.45456992010649,1.7456735839676,1.32577756003716
"gga-miR-1761_st",0.982255502330279,0.923897477436498,0.683018565709634,1.14870846207455,1.28131703770146,0.784825520987263,0.893842332336571,0.923897477436498,0.923897477436498
"gga-miR-1762_st",1.23922316506451,1.23922316506451,1.9808715171436,1.4864468603329,1.10639438337217,1.11721904372609,1.74545345597741,1.07200311704127,1.10959824955062
"gga-miR-1763_st",11.7452839761906,11.4876074209022,11.4439616452119,11.537915547498,11.8573084290334,11.7350518107465,11.5486575999083,12.1003525930941,11.667031156706
"gga-miR-1764-star_st",5.21563662898164,4.47891354447988,3.7015557310623,4.30421641290702,5.47187133754078,5.08941615416264,4.81607283600484,4.88241608416233,4.55597300083515
"gga-miR-1764_st",2.12445732628928,2.12445732628928,1.82048753878116,1.56343940418357,1.69604797981048,1.53735651639576,2.38318754063178,1.62932121571752,1.2006717430963
"gga-miR-1765_st",4.14230520509822,2.2438170479416,3.23003178915315,2.2694530840093,3.07770858899745,2.71870086594638,3.63836998594883,4.27522619135558,3.69207834062665
"gga-miR-1766_st",1.00329335406266,1.20498668976405,0.668600049995769,1.26442616437186,1.18175905488925,1.20498668976405,1.23922316506451,1.20498668976405,1.20498668976405
"gga-miR-1767_st",4.45136528334227,5.68807868529935,3.91062879646236,4.38619716929928,3.65427052010127,5.20913799937306,3.79098194965017,4.64205681849702,3.94820039547562
"gga-miR-1768_st",1.31296729438936,1.07200311704127,0.98734170698872,0.923587492667153,0.935806699338561,0.954460520833316,0.823170297158361,0.99193097211124,0.954460520833316
"gga-miR-1769-star_st",0.92869428260259,0.754244370245625,0.854191965782553,0.777977226553401,1.15695348061009,0.910585802180311,0.567265870958832,1.03005934368438,0.63191963950991
"gga-miR-1769_st",2.17565306800486,1.32932467502131,1.32932467502131,1.45454424895129,1.04238415789655,1.05701634675296,1.23922316506451,1.08844576329445,1.43252825358222
"gga-miR-1770_st",10.6779247534841,10.289787168204,9.66451858230296,9.83414886124352,10.0178800459617,10.0321997838894,10.5256762329714,10.658353250003,9.82500097702641
"gga-miR-1771_st",1.35078888322135,1.2006717430963,1.14183851871554,1.26442616437186,0.928690644213141,1.01105072408301,1.13920659044188,1.06141085821463,1.22941666808953
"gga-miR-1772-star_st",0.961729962787758,1.14870846207455,1.14870846207455,1.14870846207455,1.2560041840551,1.54939465967587,0.860994925573041,1.20634525507296,1.14870846207455
"gga-miR-1772_st",1.20133170796061,2.11629031495535,0.513992244294572,1.40079057920553,1.04193879934633,2.01753396354162,1.36346228370618,1.16327385932521,1.23733418949432
"gga-miR-1773-star_st",4.14005103732483,2.90485038397074,2.47131974526237,2.9513059302868,2.45143128641765,3.08588435105128,3.23227471454341,4.02886024663072,3.08588435105128
"gga-miR-1773_st",1.46976415919187,1.59696909371921,0.986097424982729,0.914591128796715,1.09568068000756,1.19541134564292,0.951624137304578,0.986097424982729,1.40332115903987
"gga-miR-1774_st",1.29561700146226,1.03376917616209,0.798124817074002,1.11047452119538,1.03376917616209,1.14807847527131,0.977375339764337,1.29416914209319,0.948818812593272
"gga-miR-1775_st",1.01025652591974,0.664207606179422,0.937695947222276,0.618868566208295,0.950668057062392,0.869239944108582,0.869239944108582,0.963867721385516,0.803418035817486
"gga-miR-1776_st",1.15905495747963,1.07200311704127,1.1189815830439,0.926820789765893,1.07200311704127,0.931232885958516,1.02039143662746,1.54939465967587,1.07200311704127
"gga-miR-1777_st",13.7819799576921,13.5546237480112,13.6486391725665,13.7428087788776,13.7930279599664,13.7525776499641,13.4975815371478,14.0533643212153,13.9031516466615
"gga-miR-1778_st",0.977375339764336,1.13630553225257,1.49639332060649,0.939780207254982,0.863066040655122,0.683170981419595,0.977375339764336,0.913072924553037,0.977375339764336
"gga-miR-1779_st",1.11413969991216,1.12349396183464,0.836358757953178,1.14871728364113,1.07200311704127,0.817943786071906,1.77553309092761,0.913072924553037,1.10488430319667
"gga-miR-1780_st",1.11489512429497,0.879340349998647,1.03143649322647,0.943005514317646,1.02795587788647,1.31124962746607,1.38962319114294,0.840977378599676,0.899172533873191
"gga-miR-1781-star_st",0.964074558707706,0.783369272026235,1.16742444525807,1.07839460283646,0.836358757953178,0.883316867563163,0.836358757953178,0.836358757953178,0.638318352941018
"gga-miR-1781_st",1.0320961700162,1.00465508376506,1.52532211068867,1.03143649322647,1.12219767997301,1.0320961700162,1.28312120795524,0.737767130440029,0.950668057062392
"gga-miR-1782_st",1.26996903883179,1.60925687551124,1.77860989480118,1.28131703770146,1.03747993910603,1.46909344034584,1.28131703770146,1.28131703770146,1.2006717430963
"gga-miR-1783_st",1.25823562553725,1.11721904372609,0.855371218425923,0.909432371888056,1.01727144818916,1.28131703770146,1.38141992998525,1.09258615227008,1.11721904372609
"gga-miR-1784-star_st",0.857891945238912,1.0039654458749,1.0039654458749,0.688282426677522,1.25384599034989,0.845967939498004,1.13452304750012,1.0039654458749,1.0039654458749
"gga-miR-1785_st",1.25724765840388,1.29602543705933,0.775273820092271,1.37083766313369,2.24786128418879,1.47409819395867,1.40332115903987,1.70355209403306,1.38914783038985
"gga-miR-1786_st",1.2145902736085,0.901868910055469,1.20456090858172,1.47595823226888,0.855561313551872,1.39650367992954,1.11192520470693,1.2145902736085,1.32441997026374
"gga-miR-1787_st",1.51176408976983,1.66610050853799,1.24185509333816,1.74436915411025,1.21868712922414,1.09735206924526,2.04791762994374,1.67614321744343,1.34735575527917
"gga-miR-1788-3p_st",1.02096445274595,1.11297063240295,1.03258992351872,0.84509157670986,1.14323219883616,1.15695348061009,0.794320535107963,0.984302006347924,0.984302006347924
"gga-miR-1788-5p_st",1.10055964421233,1.10055964421233,1.06904533827156,0.889577504908559,1.40332115903987,1.13815477672169,1.10055964421233,0.941629451724102,1.22922827026737
"gga-miR-1789_st",0.977375339764336,0.913091092902723,1.05386132398548,1.2598371116298,0.835735290753762,1.04202071430146,0.843655189823885,0.662741311156469,0.95707035073264
"gga-miR-1790_st",11.1377332844584,10.4287572765472,10.339172052632,10.4032954028178,10.3968158473928,10.2885279545258,10.7657872951654,11.4453391821112,10.688341561494
"gga-miR-1791-star_st",1.31142873637198,1.07200311704127,1.16376023880712,1.0082489027197,1.07974454712821,1.07200311704127,0.992362110052643,0.913072924553037,1.07200311704127
"gga-miR-1791_st",0.955819195240074,1.07200311704127,1.15695348061009,0.913072924553037,1.68268715093672,1.25028864276494,0.967167194109745,1.37162370274382,0.991948168379426
"gga-miR-1792_st",1.00307427251429,0.950668057062392,1.03105219181961,0.860153354072437,1.21718544431665,1.09045830910646,0.791491979734817,0.835459552933352,0.721809207602468
"gga-miR-1793_st",1.5549369971724,1.40079057920553,1.15695348061009,1.68325235107099,1.25977399739437,1.27068442405282,1.20124852097398,1.49541835648246,1.43838571171488
"gga-miR-1794_st",1.06657169080234,1.25393156442237,1.53219641564484,1.37326622315661,1.23922316506451,1.7247401269329,1.10055964421233,1.23922316506451,1.02990924440432
"gga-miR-1795_st",1.14870846207455,1.30763865456278,1.19356879549198,1.14870846207455,0.648662920206765,1.32828660292031,1.10055964421233,1.14870846207455,1.06794002591047
"gga-miR-1796_st",2.44303664080813,1.72873041701531,1.62156132474027,1.66160422337553,1.87733449748565,1.50257975223841,1.72873041701531,1.68698294446213,2.14077369303945
"gga-miR-1797_st",1.00062251035521,1.44389399773486,1.05701634675296,1.43869560406401,1.05701634675296,1.572390415454,1.00062251035521,0.913072924553037,1.36947331460087
"gga-miR-1798-star_st",1.15166213951615,1.35633297218651,1.5919773312746,0.913072924553037,1.67692769484342,1.39996352984806,1.35389929916316,1.72537278782349,1.11311071754795
"gga-miR-1798_st",0.977375339764336,1.01794196357914,0.977375339764336,0.936808715949537,1.22725588423933,0.896606903600258,0.977375339764336,0.775822412011645,0.907692567631987
"gga-miR-1799_st",1.01682213772714,0.807508217066954,1.2309333095295,1.0606551181716,1.01682213772714,0.98394095157174,0.734360365861679,1.07200311704127,1.36217951772408
"gga-miR-1800_st",0.81804928873177,0.73641116241625,1.07200311704127,0.589094187431473,0.805485729787015,0.797744299700074,1.22626311008683,0.749883034420094,1.64293867660974
"gga-miR-1801_st",1.23922316506451,1.2145902736085,0.897711940036468,1.54337773577275,1.2145902736085,1.2145902736085,1.2474714597639,1.2145902736085,1.29110201742545
"gga-miR-1802_st",0.917516497322229,0.755640691874417,0.994433845076279,0.840287427109407,0.653308927822615,0.728669732329309,0.840287427109407,0.917001593709267,0.763567466447279
"gga-miR-1803_st",2.63155372074963,4.32267498353823,2.82128136025123,3.25916181558696,2.968824805286,2.48546780267605,3.05373084082191,3.05373084082191,3.48463772693073
"gga-miR-1804_st",1.2830559362923,1.57329153075292,1.20933544769441,1.40332115903987,1.58289929988563,1.42440408660107,1.47696390683691,1.42914041630108,1.14503809470422
"gga-miR-1805-3p_st",0.960557014140475,0.824714527745528,0.965731109556686,1.10122037597263,0.817688766875863,0.939023826854742,0.748974721361005,0.981642530899423,1.14178699978743
"gga-miR-1805-5p_st",0.844205893169152,1.03523515294049,1.22816904126841,0.618868566208295,0.844205893169152,0.844205893169152,0.833541817239107,0.64265296541646,0.844205893169152
"gga-miR-1806_st",1.20979901422838,1.65082844922475,1.12837090127457,1.20979901422838,1.20979901422838,1.1346632472527,1.35969060137833,0.846158752804803,1.14011624209603
"gga-miR-1807_st",1.07962370200007,1.29602543705933,0.953161105810996,1.40079057920553,1.73397013967894,1.28131703770146,1.30987356487253,1.13217032540067,1.28131703770146
"gga-miR-1808_st",1.04954047766401,0.889845289678238,0.949735370951059,1.06650705181503,0.928059694841344,0.772302693470284,0.869239944108582,0.913072924553037,0.913072924553037
"gga-miR-1809_st",1.7433208593456,1.52147595891314,1.74470841008553,1.66160422337553,1.29975013033725,1.54205899414195,1.84406496762508,1.53539448942534,1.66406311548037
"gga-miR-1811_st",1.24372190519211,1.10270532338095,1.24185509333816,1.24372190519211,1.28131703770146,1.40332115903987,1.6260371668061,1.0453764318887,1.19988892474765
"gga-miR-1812_st",1.29518576338412,0.613847472047799,0.869239944108582,0.76165274934256,0.983549243217796,0.761550918484713,1.01025652591974,0.869239944108582,0.695729010193617
"gga-miR-1813_st",1.3586692494732,1.24124458179129,1.24185509333816,1.15669248526638,0.663210807379761,1.2006717430963,1.08376463725223,1.07200311704127,1.2006717430963
"gga-miR-1814_st",0.866246690209085,0.953630726801258,0.837883604929123,1.14870846207455,1.03034489340112,1.03034489340112,1.17136147521228,1.03034489340112,0.716586786091653
"gga-miR-1815_st",0.776463832285102,0.754930644999368,1.43620234519528,0.83836691594242,0.836358757953178,1.07552536765628,0.549432663129457,0.913072924553037,0.994508088003866
"gga-miR-1816_st",1.22951961073894,1.10312203004677,0.82961429348454,0.710719050187263,1.35129253389495,0.885631838301892,0.913072924553037,1.02895279841832,0.886365641851092
"gga-miR-181a-star_st",5.3740955327257,5.01167808389443,5.85022587367901,5.68316383128337,6.00861537600485,5.9910285677279,5.8212945851145,5.5659951672399,5.68316383128337
"gga-miR-181a_st",10.6350419774611,10.7331028380738,10.5113605524679,10.6520484395021,10.8210466962244,10.8083019895804,10.7171672950912,10.6603597582719,10.6513935076679
"gga-miR-181b_st",9.89627233214709,9.94062832806429,9.96402891124666,9.90010019266278,10.0284324388535,10.0932222931066,9.88259242090259,10.036953897829,9.94062832806429
"gga-miR-183_st",7.84550954488041,7.86241643021948,7.5000973038528,7.56433606142581,7.36418674739061,7.22034422873891,7.63711828442635,7.75203112304696,7.69213111929639
"gga-miR-184_st",1.23922316506451,1.52854073296985,1.54939465967587,1.52854073296985,1.15664985227626,0.895220642177213,1.5917083521578,1.42448830413456,1.54324913232772
"gga-miR-1845_st",1.58661764214442,1.29602543705933,1.6969635276294,1.53690434878619,1.29602543705933,1.70230106206778,1.23951442863332,1.29602543705933,1.27740140160297
"gga-miR-187_st",1.19887564108694,0.869239944108582,0.869239944108582,0.895695807434666,0.869239944108582,0.983549243217796,0.959450021756233,0.811911052616336,0.734962032703792
"gga-miR-18a_st",10.3003395960013,10.0672344811541,10.1069090725005,10.2180954589296,10.3644642447436,10.2114426011978,10.2530686789358,10.2375325482027,10.2185916383998
"gga-miR-18b_st",7.07259801903968,6.6220626692319,6.71266515078479,6.83871856701079,6.73317010400926,6.59222746276941,7.16252434858909,7.03998520116241,6.91559040951443
"gga-miR-190_st",0.899351642779101,0.865717693493569,1.46444429610704,1.3158402156367,1.07200311704127,0.960385422261171,1.15427280149568,1.07200311704127,0.767180826463267
"gga-miR-193a_st",1.48559084349429,1.18906426439373,1.82048753878116,1.36572602653052,1.40332115903987,1.40332115903987,1.35969060137833,1.50394854337575,1.89347714996364
"gga-miR-193b_st",6.58734706162297,6.80433177355342,6.69435660537221,6.81678164588383,6.42645601103999,7.00500830641721,5.97270815143464,6.40453464643626,6.58592613374181
"gga-miR-194_st",7.52044778155697,7.56158608222638,7.19526905220721,7.65382963490161,7.32981027885678,7.50267094197921,7.74164771943108,7.53521423225767,7.8216966441668
"gga-miR-196_st",0.857891945238911,1.10876195590761,1.04794105073265,1.14870846207455,0.94799345519572,1.15695348061009,0.960557014140475,0.884739635889552,1.06758541741199
"gga-miR-199-star_st",0.857891945238911,0.977375339764336,1.18366076331204,1.2598371116298,1.38835172525999,0.847269184611627,0.977375339764336,0.741739802242823,0.79361206783931
"gga-miR-199_st",1.10866556343929,0.709177986522681,1.28131703770146,1.27276376663132,1.61263507970006,1.28131703770146,1.68204666667336,1.5642232190199,1.40998566375649
"gga-miR-199b_st",0.857891945238911,0.735219687179619,0.869239944108582,1.14035371710438,1.0595852809403,0.830450858987766,0.696324531097892,1.18092034091918,0.86042252507326
"gga-miR-19a_st",6.76977623220485,6.76208536178109,6.76076412677548,6.76208536178109,6.73158943225475,6.42903390284267,7.20367064993921,6.65534688813905,7.12783677677699
"gga-miR-19b_st",11.1611619296956,11.3067848934319,11.167184611745,11.1544842759814,10.7424565696779,10.668764728427,11.2281313846008,10.9396658110552,11.2620613551634
"gga-miR-1a_st",1.35083879865422,1.11582727591915,1.28131703770146,1.14870846207455,1.14870846207455,1.02737340209567,1.3800281621783,0.968688721607593,1.25420912401556
"gga-miR-1b_st",1.2006717430963,1.37064211480934,1.33295384228193,0.906456595753902,1.13787610700864,1.38228790366835,0.938823917796131,1.2145902736085,0.995626189790952
"gga-miR-1c_st",1.22480602927545,2.20456172492975,1.35160614763246,1.32515001814592,1.31219006586762,1.28131703770146,1.14727397960935,1.19110696005381,1.07200311704127
"gga-miR-200a_st",6.77078662405559,6.41569457593134,6.50212831973116,6.38001558672762,6.38001558672762,6.55347123857224,6.91227302052145,6.37799346766492,6.98417062333819
"gga-miR-200b_st",7.4310398422349,7.14968754957735,6.99865842729917,7.03651738487367,6.52102365599579,6.61867791866004,7.2890307353774,7.0056505746682,7.45065450910916
"gga-miR-202-star_st",0.767644712438319,1.07200311704127,0.934483332510639,1.07200311704127,1.54516736640609,1.47268931464259,1.23922316506451,1.11256974085607,1.29602543705933
"gga-miR-202_st",1.69350203601385,1.72873041701531,1.41184698884291,1.52763333562076,0.744936992219287,1.41184698884291,1.01218189260991,1.86353980868598,1.52740002404377
"gga-miR-203_st",1.03791168570587,0.916430902883207,0.836358757953178,0.703657134867106,0.836358757953178,0.921309121522,0.836358757953178,0.779029866460931,0.759638797291049
"gga-miR-204_st",1.44305775655138,0.953260759320386,1.82451451519514,1.53506393620839,2.10023806946046,2.25624384119772,1.66160422337553,2.15988208094577,1.00351330111145
"gga-miR-205a_st",13.1169728621231,13.1481486944974,13.2922485957101,13.1729050904554,13.1802639722083,13.2222055216399,13.1802639722083,13.1212283051258,13.282152754664
"gga-miR-205b_st",7.38699219594749,7.07851168954642,7.24332892037839,7.13566372303224,6.80678712940818,7.21120215809029,7.46493074607828,7.12598706726594,7.17752840640711
"gga-miR-206_st",0.859634860844368,1.2110750734905,1.07200311704127,1.03143649322647,1.07200311704127,1.07200311704127,1.4748675241526,1.07200311704127,0.987052753472448
"gga-miR-20a_st",12.926012770365,12.930033772899,12.8712586432689,12.9069204269582,13.096977712582,13.0438708738099,12.9343403615798,12.9663237766642,12.9677904101226
"gga-miR-20b_st",9.81673962069117,9.72270669875836,9.46666491335555,9.56115434364239,9.66534150438108,9.59524522837147,9.94448863380547,9.73228413403586,9.96617363870145
"gga-miR-21_st",8.91782015901195,8.73016035318978,8.54650446111291,8.31106450873729,8.16281526518086,8.48584694646627,8.95222918645531,8.44245018885237,8.60193428435757
"gga-miR-211_st",1.52375695844849,1.07489234356988,1.52375695844849,1.84814350040044,1.5569077514103,2.15741846084681,1.78204002278414,0.913072924553037,1.90726911861291
"gga-miR-2126_st",4.00966598439443,4.35321448962086,3.42556431596185,3.55307235821782,5.23278948327655,4.37383365866072,4.34252657851134,5.22312834040144,3.48760197702932
"gga-miR-2127_st",12.0806202506195,11.6871291980757,11.6331696165859,11.596298998084,11.7410330084275,11.7763282031466,11.7212620071355,12.3889204464131,11.5823230812162
"gga-miR-2128_st",1.80407744121623,0.940834665209814,1.80670936948989,2.61532458177723,2.41501897225128,1.80670936948989,3.43688346824247,1.54939465967587,2.22437153482372
"gga-miR-2129_st",0.893916708695839,0.867209425993894,0.893916708695839,0.937749689140294,1.21691325825423,0.950668057062392,0.893916708695839,0.585457426586384,0.975344821649648
"gga-miR-2130_st",0.892424976195514,0.939174335348937,1.15690472976934,1.20604617513338,0.989733432586857,1.11409698967822,1.07200311704127,1.07200311704127,1.09285704374729
"gga-miR-2131_st",1.09871039974321,1.07200311704127,1.29268817439318,1.27537216188,1.09871039974321,0.850004792308187,1.11127395868797,1.01863825481319,1.19333817702015
"gga-miR-214_st",2.37947026098104,2.98241053747711,1.57250407397723,2.38300945131494,1.28131703770146,1.73397013967894,2.2693522217403,1.88004364031494,2.34098064149122
"gga-miR-215_st",1.07933291480847,1.42477673530296,0.936676083600044,1.30718553927606,1.53591323739532,0.836358757953178,2.04480389564248,0.955832299457242,1.24343111800051
"gga-miR-216_st",0.977375339764336,0.917127194117256,1.03143649322647,1.03143649322647,1.03143649322647,0.907072936135102,0.869239944108582,1.89002597233914,0.759672948619051
"gga-miR-216b_st",0.869239944108582,0.842532661406638,1.44395634177175,1.21493590369356,0.826621240063901,0.848934955076886,0.869239944108582,1.07200311704127,0.869239944108582
"gga-miR-216c_st",1.40332115903987,1.25542319886151,1.21485036016652,0.955877901243256,1.12038908825177,1.21049059820858,1.12038908825177,1.21049059820858,1.21049059820858
"gga-miR-217_st",1.34883454705333,1.22907133480663,0.758574263166166,1.03143649322647,1.54939465967587,1.40332115903987,1.03966549248592,1.60774296548597,1.81227594302273
"gga-miR-218_st",0.863960178855581,1.07200311704127,0.844546558072004,0.939780207254982,0.977375339764336,1.05701634675296,0.977375339764336,0.970866533212344,0.977375339764336
"gga-miR-2188_st",1.18668926042453,1.44389399773486,1.24185509333816,1.39352660140112,1.28131703770146,1.26633026741315,1.35969060137833,1.54939465967587,1.35078725439989
"gga-miR-219_st",0.977375339764337,1.15310077522576,1.21470327849598,0.865501956682502,1.02566325693514,0.957070350732641,1.11787890264651,1.16701930573796,1.02566325693514
"gga-miR-22-star_st",4.67208728497777,5.3346694059064,5.07844426897914,4.67208728497777,3.51372582586666,4.09857068276151,5.21448191811118,3.8725843976499,5.18996570561777
"gga-miR-22_st",11.6546061868039,11.4117816033172,11.7629167807789,11.7487409232455,11.8499449460226,11.8543798670334,11.7435562015153,11.7421776715986,11.7373144495907
"gga-miR-221_st",12.4079349474465,12.3592918466295,12.4307844159613,12.355714286983,12.350246427263,12.316560500099,12.421171545981,12.3251135798786,12.417690266156
"gga-miR-222_st",13.40781993096,13.4960838810668,13.4464800622209,13.5066461306758,13.4813539674484,13.5385695102764,13.3741820094543,13.3793863938796,13.2929115976415
"gga-miR-223_st",2.61375860825971,1.57329153075292,1.55680660873039,2.42536118971858,2.47515878987526,2.41065279036071,2.79093997603478,2.04368193240753,3.37282430258889
"gga-miR-23b_st",12.544207544182,12.5909401633465,12.3603384451293,12.4640156528908,12.4042112736556,12.4376696679045,12.5621256971203,12.5066856900671,12.522920104894
"gga-miR-24_st",13.4943248101094,13.402367089185,13.414813038753,13.4964325059737,13.569872768134,13.5872887860395,13.5311059048315,13.4993535748061,13.3948772964886
"gga-miR-26a_st",11.1677242872854,11.4227089724622,11.1683275627694,11.376958753588,11.1605722500249,11.053500423175,11.0998305213982,10.966302565641,11.4019715515741
"gga-miR-27b_st",10.1781812098301,10.0715263088025,9.84326620307135,10.1169834640583,9.93024821164819,9.81506190963609,10.2188227653916,10.079956102914,10.3601835656321
"gga-miR-2954_st",1.15001696100515,1.07200311704127,1.67652056349825,1.40079057920553,2.49169838278423,1.24279307282863,1.60352769997376,1.90137203825612,1.19450515565782
"gga-miR-2964_st",0.980280386987011,1.07305649881049,0.759638797291049,0.946998670911084,0.770336908774297,1.0359294184145,1.13448539057038,1.37970365086706,0.870293325877804
"gga-miR-29a_st",5.15102580895167,3.856219127157,4.54644250354492,3.81575201294226,3.93601670008704,4.01020744768164,5.29126653021454,4.39804500313713,5.52910780800287
"gga-miR-29b_st",5.16621256125583,5.25902081436776,4.94548731226343,5.1008909892838,4.83409958720807,5.17019864988099,5.74125497157999,4.7691077618186,5.59404388662878
"gga-miR-29c_st",1.54939465967587,1.29602543705933,1.28131703770146,1.66160422337553,1.54939465967587,1.54939465967587,2.08831761799854,1.54939465967587,1.82428115588311
"gga-miR-301_st",0.97246541824447,1.06934240757445,1.47483874295944,1.04190132132331,0.747951114975779,0.737542916720358,1.149839428663,1.5336466602179,1.07200311704127
"gga-miR-301b-3p_st",5.85085843072384,6.13255226902756,5.9006629043348,6.02588823945293,5.80170393111092,6.34850145146717,6.02588823945293,5.51106479603126,6.47650634394987
"gga-miR-301b-5p_st",0.620616321496795,0.950668057062392,1.10866556343929,0.882714799999837,0.950668057062392,1.15695348061009,0.863284020470219,1.14923218725409,0.950668057062392
"gga-miR-302a_st",0.989938898709091,0.977375339764336,1.70176087405096,1.03143649322647,1.01946921240129,0.872645609699647,0.887273829807528,1.02773547389596,0.872645609699647
"gga-miR-302b-star_st",0.65958310565739,1.05010065919951,0.975266124854772,1.01643752521013,1.26710392313803,0.948421321674775,1.23922316506451,1.15872614397596,0.950668057062392
"gga-miR-302b_st",1.10377879862735,0.862814621279262,1.40332115903987,0.738397576179225,1.01177115333472,0.618868566208295,0.724057616833206,0.805485729787015,0.603082743653175
"gga-miR-302c-star_st",1.11800762039022,0.836358757953178,0.647631284644226,1.01127154606781,1.17020173855604,1.01127154606781,1.07437706272867,1.20097560436535,1.50151978055464
"gga-miR-302c_st",1.22319608289174,0.977375339764336,1.05880345271815,0.689776521221073,0.977375339764336,0.977375339764336,1.01025652591974,0.887165262116685,0.869239944108582
"gga-miR-302d_st",0.743582646129697,0.836358757953178,0.792379500123261,0.836358757953178,0.909922096331215,0.836358757953178,0.770726697559477,0.673849708229493,0.884055842391085
"gga-miR-30a-3p_st",7.70947715554328,8.03377494994331,8.08325487600946,8.16490671158667,7.83950422705409,7.85501990513881,8.19006018239625,7.84648111350371,7.85850325194645
"gga-miR-30a-5p_st",8.92923723214464,8.52704907712513,8.83054867905028,8.93756406727577,9.05982299767677,8.78432668506894,8.99652974377591,8.84536240136509,8.9668291816015
"gga-miR-30b_st",8.15528620980224,7.62508870242173,7.58887037845084,7.77496052342777,7.57438237059637,7.84667804079463,8.16570498859978,7.78240801976261,8.28356646772323
"gga-miR-30c_st",10.8438276633438,10.8979408093157,10.7993568701,11.0503913353231,10.596538069638,10.5234534433409,10.8391318212374,10.7205345395768,11.0682639934761
"gga-miR-30d_st",7.81648879877696,8.02473520046365,7.81648879877696,7.94056168863791,7.71814254979556,7.83246969179901,7.77730695665315,7.61506086102923,7.81648879877696
"gga-miR-30e_st",0.989182168913867,0.857891945238911,0.900133631120116,0.985642099003237,0.503954994270406,1.03747008608467,0.801498108841154,0.779029866460931,0.684381011323946
"gga-miR-31_st",11.1231650422504,10.7277651432297,10.8174190329236,10.7007190326317,10.5363798270358,10.4864968179874,11.2395895985543,10.9981420063263,10.8875954376718
"gga-miR-32_st",0.857891945238911,0.978157167986489,0.783797791474365,1.79105539962488,0.845328386294156,1.15773530883225,0.978157167986489,0.765256241364127,0.978157167986489
"gga-miR-33_st",0.857891945238911,1.07200311704127,0.925976784986103,0.745852876529801,1.11409698967822,1.11409698967822,1.07200311704127,1.2145902736085,1.53626369772132
"gga-miR-34a_st",3.02853413158328,2.01033166085215,1.9665188181168,3.51513043337511,2.97281128721704,3.32722037522573,2.97281128721704,2.97281128721704,4.20751066251568
"gga-miR-34b_st",1.23922316506451,1.15695348061009,1.45847082966555,1.26442616437186,0.890190208516496,1.15695348061009,0.962293073749402,1.35707231671932,1.07570823465816
"gga-miR-34c_st",1.84863159629651,1.79126939281542,1.15449955623455,1.52854073296985,1.96364712961641,1.11731873663286,1.24148990836233,1.49555025228818,1.60153034415233
"gga-miR-3523_st",1.51059174532654,1.30555940739738,1.26422406689676,1.40079057920553,1.51059174532654,1.51312232516089,1.02736845856529,2.51922986445083,1.62779078096539
"gga-miR-3524_st",1.28131703770146,1.29602543705933,0.85894564134635,1.01502590985679,1.28131703770146,1.40332115903987,1.34692732264212,1.31837079547105,1.15579614093954
"gga-miR-3525_st",0.646309652459441,0.7480553926239,1.28131703770146,1.16176109547029,0.848002988160828,0.848002988160828,0.760618951568655,0.848002988160828,1.09800667419474
"gga-miR-3526_st",0.925929616405277,0.836358757953178,1.14018651105142,0.818342421639255,0.925929616405277,0.849215449805418,0.738951117118485,1.07200311704127,1.24895801208554
"gga-miR-3527_st",0.824822193281058,0.749665334409963,1.17143284632044,1.27139931104926,3.03852771991257,2.0904483405459,2.03303403309539,0.779029866460931,1.03893336508342
"gga-miR-3528_st",1.48689707909461,0.836358757953178,1.2145902736085,1.19769940027889,1.33659439494691,1.2145902736085,1.15819643721074,0.927664178784778,1.32889957271771
"gga-miR-3529_st",1.07381085022146,1.28915656828167,1.81531720131836,1.25246598633037,0.950668057062392,1.1814675426578,0.906373654882023,0.846536582592009,1.02942469065558
"gga-miR-3530_st",1.10866556343929,1.18821898809871,0.93057915509386,0.8429194359223,1.10866556343929,1.20861315897622,0.680722886804412,1.2145902736085,1.54939465967587
"gga-miR-3531_st",0.836358757953178,0.73641116241625,1.15938715363344,0.793855422691124,0.836358757953178,0.873953890462532,0.728223362297424,0.836358757953178,0.836358757953178
"gga-miR-3532_st",1.10866556343929,0.953443340465116,1.14702988984246,1.40732105889644,0.549432663129457,0.898332219102922,0.869239944108582,0.913072924553037,1.11476626025442
"gga-miR-3533_st",1.64274677837058,1.78518983943663,1.48474927199368,1.20842779527508,1.46122692609087,1.77847218148293,1.13698264487297,1.40955900697497,1.40332115903987
"gga-miR-3534_st",1.15173446872468,0.637552552138451,0.797004201958634,0.948498116286532,0.855042743883334,0.755069279310885,0.869239944108582,1.56807864560602,1.31343453328032
"gga-miR-3535_st",1.14532800983731,0.979996937384261,1.10866556343929,1.55567951320632,0.975836781746959,1.15695348061009,1.25376589120912,1.07200311704127,1.10866556343929
"gga-miR-3536_st",1.23922316506451,1.13192744308396,1.08122565868761,1.26064508822164,1.36235702436147,1.92525262924371,1.34900053895703,1.33290267719406,1.06571223114954
"gga-miR-3537_st",1.88695666945982,1.88695666945982,1.53792990331158,2.20071477676929,1.67269977481368,1.50696083834984,1.88695666945982,1.59262762988365,2.144533529272
"gga-miR-3538_st",0.995288950441411,0.818627188304623,1.11965250753278,0.987043931905869,0.968581667739466,1.08023931401023,1.07755863489582,1.07200311704127,0.658842906215464
"gga-miR-3539_st",1.09661828944816,0.950668057062392,0.943734653013973,0.950668057062392,0.716056142105801,1.00922613648982,0.929585129501195,1.01775621067018,1.17396446039436
"gga-miR-3540_st",0.977375339764336,1.2006717430963,0.955369560320774,1.11043883017001,0.899763165600806,1.18668926042453,0.774612166831649,0.977375339764336,1.10604396581937
"gga-miR-365_st",1.2145902736085,1.2145902736085,1.17792782721048,1.26442616437186,1.10028097449928,1.28131703770146,1.36448186075844,1.14126538081246,1.27269317579749
"gga-miR-367_st",1.14471236581838,1.17314204695018,1.09170688349936,0.732910820430903,1.31736384008055,0.87809314770628,1.02798473485622,0.949119726932127,0.576626880327091
"gga-miR-375_st",0.951509628562996,0.938675847187421,0.869239944108582,0.843444675379274,0.846012309233783,0.869239944108582,0.869239944108582,0.869239944108582,0.869239944108582
"gga-miR-383_st",0.857891945238911,1.07200311704127,1.07200311704127,1.26442616437186,1.03912193088587,1.05701634675296,1.09871039974321,1.27476628997396,1.07200311704127
"gga-miR-429_st",1.29024597187095,1.02684732545738,0.893916708695839,1.34937652794068,1.15695348061009,1.03173390668012,1.06232570333316,1.15695348061009,1.35864681631148
"gga-miR-449_st",0.792403778833679,0.871087872229673,1.10866556343929,0.833492739720319,0.871087872229673,0.836358757953178,0.689738709932115,0.871087872229673,0.992422932208551
"gga-miR-449b-star_st",2.31634865333505,3.12638187234766,1.66018585300815,1.90740954827654,3.45207365032256,2.72293001638278,2.81514566209415,3.80934150787557,2.72293001638278
"gga-miR-449b_st",1.01943475121866,1.51023063839562,1.39559165826301,0.673620415423237,0.836358757953178,1.06379216740892,1.32136930394842,1.03368181961137,1.1623504456664
"gga-miR-449c-star_st",1.43164621239509,1.40059396949043,1.14309110439298,1.26442616437186,1.02878180528376,1.40332115903987,1.21036501090972,1.09855505801585,1.26442616437186
"gga-miR-449c_st",1.07200311704127,1.07200311704127,1.62316851024678,0.900113507063949,1.12029103421207,0.91400561066437,0.869239944108582,1.19333817702015,0.91400561066437
"gga-miR-451_st",1.07200311704127,1.2006717430963,1.27667394971162,1.00770070182997,1.1666308943182,1.28863501565662,1.07200311704127,1.07200311704127,0.840683416937517
"gga-miR-454-star_st",1.45256526438363,1.54534137620711,1.45256526438363,1.21354188535301,1.07200311704127,1.45256526438363,1.57424105380355,1.15332832776299,1.35431211643577
"gga-miR-454_st",2.190547337057,1.93687988146803,2.14176250112549,2.84699192842958,2.64403371972982,2.17631666269128,2.53577115711782,2.91760152179266,3.65022719099805
"gga-miR-455-3p_st",10.3815945302367,10.5675084094588,10.1848506622769,10.4446521906532,10.6772275244395,10.6583847184522,10.5082302010029,10.4566315461998,10.1482955347841
"gga-miR-455-5p_st",1.35353246417372,0.950668057062392,0.881232153983553,1.45131767950801,1.40380260789537,0.759135704491339,1.28246754791649,1.18631241615048,1.57682886750568
"gga-miR-456_st",0.844205893169152,0.618868566208295,0.953123117047059,1.18611278819244,0.88368721396822,0.77821032893243,1.12034316507029,0.88368721396822,1.16723428884942
"gga-miR-458-star_st",0.857891945238911,0.857891945238911,1.07214883988505,1.17024164936028,0.498862985182285,1.04081275054398,0.959384637590167,0.443955778093667,0.784328606860874
"gga-miR-458_st",1.10866556343929,1.08771167185853,1.05191421507274,1.00533806631798,1.42712691358566,1.19361592700811,1.16263629757342,0.949735370951059,1.4399836054379
"gga-miR-460a_st",0.779847749527167,0.836358757953178,1.05046992975554,0.836358757953178,0.767284190582412,0.770204677288425,0.900112972274745,0.891539737267304,0.900112972274745
"gga-miR-460b-3p_st",0.935590509655758,0.743171061886676,0.734049705819487,0.910397156295514,0.950668057062392,0.950668057062392,0.908574184425437,0.673735158807838,1.07497055274077
"gga-miR-460b-5p_st",0.923868947444149,1.34932030248808,0.893916708695839,0.597126213673278,0.938855717732455,0.923868947444149,1.1234110056757,0.923868947444149,0.750358013529183
"gga-miR-466_st",1.40332115903987,1.40332115903987,0.752082079073031,1.22385332567687,1.14714798064359,1.47373387015186,1.16610622519571,1.44267653768316,1.48844226950973
"gga-miR-489_st",0.83703148167272,1.2006717430963,1.3586692494732,1.2006717430963,1.22152566980232,1.39126968883717,0.977375339764336,1.40086142714176,1.07200311704127
"gga-miR-490_st",0.646309652459441,0.950668057062392,1.00713826365205,0.571871404020839,0.950668057062392,0.884592767573869,0.962966331250735,0.922187900083223,0.865201698403986
"gga-miR-499_st",1.03143649322647,1.17509188956981,1.0674612566834,0.979030277774574,0.909955710403808,1.03143649322647,1.23922316506451,0.95257441444849,1.07515475571268
"gga-miR-551-star_st",0.881945189980955,1.24333623935148,1.24185509333816,1.14571816603575,1.18630359458391,1.01090807423012,1.0405730664188,1.40140067601457,0.992284038773763
"gga-miR-551_st",1.07200311704127,0.950668057062392,0.977375339764336,1.19722269097125,1.07200311704127,0.869649242675496,1.10055964421233,1.12732981919918,0.950668057062392
"gga-miR-7_st",1.28131703770146,1.44389399773486,0.978822265533582,1.27882081087691,0.950668057062392,1.28131703770146,1.10055964421233,1.89808343630525,1.28131703770146
"gga-miR-757_st",1.07200311704127,0.81863389442473,1.31588367309833,1.59237959282536,1.01436632404286,1.25158125788703,1.07200311704127,1.07200311704127,0.726652787541354
"gga-miR-762_st",8.38462991421416,7.84352385620747,7.24448103087272,7.44955332969918,7.5460954135395,7.70755091429309,8.27366778031534,8.50820380582485,7.30039707592771
"gga-miR-7b_st",1.06417736878661,1.06417736878661,0.852595076007142,0.611042817953638,1.15695348061009,1.14912773235543,1.39635142762383,0.985315290008632,1.15695348061009
"gga-miR-9-star_st",1.23922316506451,1.18453156675302,0.914127864799461,0.886686778548316,1.10285875023084,0.555338746675349,1.10032817039649,1.14416115084094,1.36360070667133
"gga-miR-9_st",0.680653301281479,0.990253142984606,1.03143649322647,0.901778725955394,0.656548641147532,0.846597746641268,0.948090438992524,0.767735667863288,0.846597746641268
"gga-miR-92_st",12.4949142720064,12.3952739849936,12.2503454424139,12.2605341242736,12.3071691476796,12.2549731479089,12.5317097669734,12.3690430307928,12.3437636226751
"gga-miR-99a-star_st",0.834825037050712,0.774008772300435,0.618868566208295,1.04057734936578,0.950668057062392,1.0365183727521,0.896681030359728,0.869239944108582,0.8498488749387
"gga-miR-99a_st",7.21100055688302,7.41555015469835,7.28586528162852,7.24725666410049,7.24725666410049,7.07851168954642,7.10859377902653,7.06373220561299,7.44594832318411
"ggo-miR-100_st",11.6415975550687,11.7230887033705,11.6375010575703,11.6120055626855,11.5911893491205,11.6415975550687,11.5766001364054,11.6470578428805,11.6673773316456
"ggo-miR-101_st",1.93423352811681,2.69253431933007,2.31634865333505,2.31634865333505,2.15239266034187,2.31634865333505,2.50655565635036,2.06960457950353,2.95685834827275
"ggo-miR-103_st",13.2778545076134,13.2273557048172,13.2440327959195,13.2456258104045,13.3800766385954,13.4207318113556,13.347357020694,13.3409650194574,13.2399244669375
"ggo-miR-105_st",1.14824702545101,1.19834961866472,1.2145902736085,1.3104435745689,1.20464086184877,1.01902481254141,1.02195653281882,1.07200311704127,1.14824702545101
"ggo-miR-106a_st",12.7060877887018,12.6980155918356,12.6419570488569,12.687455433423,12.7353888819309,12.7583800180352,12.6980155918356,12.6980155918356,12.6057109390911
"ggo-miR-106b_st",11.7647717792972,11.6321021277226,11.727581563421,11.7059409185537,11.7059409185537,11.7006227078448,11.7674940062287,11.7059409185537,11.5408387168005
"ggo-miR-107_st",12.9321805685675,12.790516598735,12.8203015476233,12.7896946957147,12.8437007636987,12.9030736443629,12.9330976771523,12.8653425431566,12.8096220871304
"ggo-miR-10a_st",1.49678976320409,1.57329153075292,1.41607378172359,2.35998646934239,1.46012731680607,1.83196484347497,2.19735163786865,1.5887959428611,1.79958594188801
"ggo-miR-10b_st",1.10866556343929,1.40079057920553,1.20098687034376,1.47749592423881,1.40079057920553,1.15695348061009,1.76612401957452,0.785322770788712,1.07965181036488
"ggo-miR-124a_st",1.10042054490375,1.07200311704127,0.958659356580814,1.14870846207455,1.14870846207455,1.26301776118376,1.10042054490375,1.25347360422075,1.14870846207455
"ggo-miR-125b_st",11.1063254476512,11.1288543307936,11.2025862274228,11.1128331428098,11.0769208222546,10.9980131288191,11.1547684345364,11.0500322201091,11.191251287621
"ggo-miR-130a_st",7.9691075493893,7.76952155287099,7.96285054554685,8.00666440920006,7.71030447057137,7.62393138333689,7.75145965919376,7.66521123080918,8.46193430225934
"ggo-miR-133a_st",1.04181097605236,1.2006717430963,1.04181097605236,1.04181097605236,0.79458728078397,1.54939465967587,0.77389220308109,1.24200066009782,0.835418855981991
"ggo-miR-134_st",1.07200311704127,1.07200311704127,1.07200311704127,0.9260528846555,1.02595985096269,1.37594481497839,1.07200311704127,0.885024617754477,1.16477922886475
"ggo-miR-135_st",0.950668057062392,1.07933668311742,0.8933058972796,1.14870846207455,0.950668057062392,1.03302813693226,0.658810700602621,0.888407903934095,0.842532661406638
"ggo-miR-136_st",0.806532672103666,0.893916708695839,0.893916708695839,0.853350084881039,0.893916708695839,1.09235718727026,0.791251639794275,1.37130825133044,0.904580784625883
"ggo-miR-141_st",7.64102084028095,7.04177183422751,7.47809865671788,7.53520186126075,7.9560785646386,7.90306519691414,7.86855371680029,7.83555354367881,8.03184927840359
"ggo-miR-143_st",1.05701634675296,1.0686713299917,1.44389399773486,1.21180941344109,0.765055372183867,1.32007793774524,0.928552862206761,1.0825898605039,0.86598708698162
"ggo-miR-145_st",0.96963231016079,0.948099122875056,0.96963231016079,0.744294983199934,0.957068751216035,1.05701634675296,0.96963231016079,1.13373051335282,1.09096737013967
"ggo-miR-153_st",0.738306836072275,1.36053430202457,0.828408346029083,0.871027050073765,0.671484991842217,0.950668057062392,0.840971904973838,0.911593673888565,0.784900152750973
"ggo-miR-154_st",1.10866556343929,0.950668057062392,1.14626069594865,1.10866556343929,1.10866556343929,0.970230857882357,1.17296797865059,1.07107043092994,0.950668057062392
"ggo-miR-15a_st",8.68736488135011,8.29008169215813,8.48583585550279,8.71347652846821,8.25203077789457,8.29407767398081,8.81530820064085,8.58221695120005,8.75170369685866
"ggo-miR-15b_st",11.1513287326754,11.1116922391685,10.8098508896082,10.954224397002,10.2218823621931,10.2880238711868,11.0782075726751,10.679103025402,11.07858287801
"ggo-miR-16_st",12.8706558338766,12.8794343964891,12.9879213438264,12.9876832286052,12.8701041058019,12.9270716772566,12.9207338935549,12.8545911217154,12.9955431451422
"ggo-miR-17-3p_st",6.78924996085389,6.23290074666758,6.65875538719748,6.48099972102639,6.83226306503791,6.8814967050506,7.04000966417157,6.78924996085389,6.80438539168912
"ggo-miR-17-5p_st",12.9794734773876,12.9752576579489,12.9157845659947,12.9241803034703,13.0786439810708,13.098783925421,12.9740844970071,12.9868973544192,12.9184780593867
"ggo-miR-18_st",10.2860749400803,10.0462796301408,10.2051397227793,10.1653771675152,10.2644137204439,10.2770752077995,10.4581639219443,10.3409271334286,10.2514523488805
"ggo-miR-181a-star_st",5.29179312516602,5.40452328575877,5.85916684709019,6.00445270373965,6.32178961317044,6.30842092579429,5.85916684709019,6.08847436428844,5.57756280452939
"ggo-miR-181a_st",10.5798114710181,10.7898590649505,10.5360776493515,10.6884903901016,10.6618205710267,10.783682873583,10.6423952791219,10.662377654565,10.694035365553
"ggo-miR-181b_st",10.6457355687779,10.6963356459968,10.7365831959322,10.570939096831,11.0395038837912,11.1222945414556,10.6719962655442,10.6963356459968,10.5059995029066
"ggo-miR-181c_st",4.95728500586118,4.18018204050276,2.7534251055407,3.34519226260966,2.40872026502766,2.03376485634801,4.60411297706303,4.5181398484821,2.12351809250375
"ggo-miR-183_st",7.58367410686107,7.62665538771552,7.56967481096612,7.5497677905411,7.26306492573159,7.28970011922881,7.64940277519176,7.38278086257959,7.79460603892291
"ggo-miR-186_st",1.29934309739666,1.35982335006545,1.62116413336766,2.00811654573052,1.35982335006545,1.10981966403154,1.57753357570611,0.982896411210755,1.07200311704127
"ggo-miR-187_st",1.02696120165304,1.01439764270828,1.17104697614913,0.913072924553037,0.97474666229855,1.05701634675296,1.05701634675296,1.05701634675296,1.53440788938756
"ggo-miR-190_st",0.881176962722972,0.881176962722972,1.0006603572484,0.711941712853142,0.881176962722972,0.678823088357198,0.881176962722972,1.2213124237569,0.892524961592643
"ggo-miR-194_st",7.68532930160877,7.75104772065658,7.37371729881772,7.62561562743378,7.55767173904552,7.39188587827625,7.62561562743378,7.67668524721702,7.91428951832232
"ggo-miR-195_st",2.97019215311288,4.00026512641426,1.74665912323714,3.91863074737796,3.43866188911855,3.23379440442173,4.18018204050276,2.07317975272117,4.62840427665906
"ggo-miR-196_st",1.35353246417372,0.988263189571746,1.07200311704127,0.913072924553037,0.73641116241625,0.923960774360447,0.950668057062392,0.950668057062392,0.950668057062392
"ggo-miR-198_st",1.15502790656454,1.02414381288233,1.14168640909028,0.928912641074178,1.2145902736085,1.13394497900334,0.873767636119009,1.2145902736085,1.13394497900334
"ggo-miR-199a_st",1.07272903372736,1.1932194106279,1.20401925740232,0.928630466795047,1.89968863231885,1.1673568110043,0.964593638071609,1.12976167849494,1.29602543705933
"ggo-miR-19a_st",6.76522991162823,6.50019299707105,6.78462249548368,6.49859644237018,6.12797539933741,6.35395844596419,7.12114496600412,6.76522991162823,7.16647844114739
"ggo-miR-19b_st",11.2144155431402,11.3008335251203,11.124076423492,11.1037250778761,10.7782149868959,10.6805714059438,11.2726555127033,10.9750418800478,11.1988835298643
"ggo-miR-20_st",10.2970814526718,9.99103907473095,9.83910390280135,10.0628990758347,10.1236801687757,9.98112352200708,10.3072506853362,10.1420750427437,10.464523669093
"ggo-miR-200c_st",13.3682042921483,13.5097898669264,13.5550128038305,13.3757274551086,13.4369345858093,13.3911773214547,13.3451349290455,13.3193293342256,13.38250579437
"ggo-miR-204_st",1.0913355664615,1.2006717430963,1.007876935393,1.18596334373843,2.16939846355537,1.17871960305367,1.52854073296985,1.18596334373843,1.30796746507685
"ggo-miR-205_st",13.0698815466882,13.093865549113,13.2595895150025,13.166879922227,13.1392259007293,13.1980260297512,13.1021095518047,13.0617823701199,13.1811497726115
"ggo-miR-21_st",8.93259944452838,8.82283408685725,8.60070967585204,8.26184630915464,8.44335464063106,8.59183266835018,9.01494515980301,8.32274858743582,8.64747466052316
"ggo-miR-214_st",1.66160422337553,1.2006717430963,1.41057918543649,1.30309744981948,1.68268715093672,1.95594294827175,1.66160422337553,1.66160422337553,1.7868333192043
"ggo-miR-215_st",0.803830791776778,0.977375339764336,0.977375339764336,1.52854073296985,1.22725588423933,1.21180955102587,0.956521413058321,0.991293870276535,0.824350596742486
"ggo-miR-216_st",1.10866556343929,1.14902252640997,0.979787276540142,1.14870846207455,1.02413516059756,0.821789770163242,1.71547661933119,0.913072924553037,0.950668057062392
"ggo-miR-217_st",0.937881372194737,1.07200311704127,1.07200311704127,1.19722269097125,1.08698988732958,1.07200311704127,0.849072825392129,1.07200311704127,1.07200311704127
"ggo-miR-218_st",0.907939436685498,1.10963277238689,0.886406249399764,0.722568293679959,0.954147704889537,1.30037188932273,0.977375339764336,0.910648575671375,0.992083739122203
"ggo-miR-219_st",0.836358757953178,0.836358757953178,0.739481768623194,0.808917671702032,0.836358757953178,0.724741063173079,0.748974721361005,1.10028097449928,0.836358757953178
"ggo-miR-220_st",0.857891945238911,1.15223712763934,0.893916708695839,1.46793829619327,1.46793829619327,1.76612266240015,1.02447431032105,0.679990264754671,1.44931426073692
"ggo-miR-221_st",12.4490541099815,12.3942097090966,12.4717155495913,12.432741288039,12.3303611231763,12.3380024883652,12.5821510603604,12.4317158997283,12.4227278667936
"ggo-miR-223_st",2.23178065511575,1.10420697926605,1.3228528362205,2.20596041319416,2.70170919425382,2.12351809250375,2.64403371972982,2.73987297316183,2.61389578033399
"ggo-miR-224_st",6.16419013677569,6.47589008805262,6.16419013677569,6.047861270031,6.16419013677569,6.16419013677569,6.15991163862378,5.52292372940863,6.95354141477101
"ggo-miR-23a_st",13.5744283469678,13.5530418405073,13.5026996316785,13.5798488837871,13.4414248934869,13.409764071835,13.6525790353965,13.5499353441004,13.7603105289837
"ggo-miR-24_st",13.4934129126437,13.4280654141897,13.4044419261079,13.4818550093823,13.5984053455349,13.5728111220345,13.5142704432165,13.5128712769845,13.4250075400206
"ggo-miR-25_st",10.2155842680106,10.370288356259,10.2396239721273,10.2142885052628,9.66768898653176,9.68483222393538,10.141200006875,9.76811575757822,10.2334542320402
"ggo-miR-26a_st",12.2626281396742,12.4428798605208,12.2651035451431,12.4289752979498,12.1986984029971,12.1281176590946,12.3094550709751,12.256440836722,12.3153635310785
"ggo-miR-27a_st",10.9307799630635,10.405643914681,10.5113605524679,10.7414934159628,11.2720373025191,11.3220242923671,11.179455014919,11.0194422305953,11.1790402572634
"ggo-miR-28_st",7.63050007428089,7.5742062400323,7.51238566771714,7.50147750123545,7.62158731949215,7.62158731949215,7.60566951351863,7.67604437318011,7.88578135659595
"ggo-miR-29a_st",11.4777715478191,11.3193259839651,11.3719766533403,11.4879306726032,11.3520585710432,11.4222066712138,11.6688351159044,11.3974745718162,11.7453420021937
"ggo-miR-29b_st",1.65571627913761,1.3834094736515,0.952221840970256,1.3342003735904,1.19336036815776,1.29602543705933,1.52854073296985,1.20338973318454,1.1683096363048
"ggo-miR-30a-3p_st",7.85718543982814,8.11084115382384,8.03184927840359,8.19834840710859,7.76112954979409,7.82419910443077,8.20731286797116,7.94474735393341,8.02064831497523
"ggo-miR-30a-5p_st",8.65152251534969,8.60220543636294,8.7383447665965,8.76434366318452,8.84824316676258,8.76590992497084,8.92107242105387,8.74462055422078,8.9955748167205
"ggo-miR-30b_st",5.82564217816132,4.18818029910236,5.26232397782921,5.53810732696245,5.38798901546308,5.77731779138933,6.38357301113773,5.28896168401256,6.39122782376037
"ggo-miR-30d_st",7.86367786795914,8.00286994672264,7.94422086990979,7.83505800873787,7.75372133090798,7.66963824277083,7.70490042263158,7.63620178154823,7.86845932501823
"ggo-miR-31_st",13.9249618626005,13.7698390188038,13.7769160995532,13.7470624782058,13.900485631779,13.8901949070408,13.9149443212729,13.8500943126223,13.7684419992675
"ggo-miR-32_st",1.11734529040691,1.24095074275139,1.2145902736085,1.66160422337553,1.55807438664348,1.98955124411122,1.30470516402694,1.40947030617314,1.44022754653746
"ggo-miR-33_st",0.950668057062392,0.950668057062392,0.723130536926341,1.03143649322647,0.950668057062392,0.950668057062392,1.09168463887355,0.865717693493569,0.983549243217796
"ggo-miR-34a_st",2.17359762942136,2.22505499034123,2.32824541894601,3.26642251124033,1.9541619397617,2.47836373044538,2.5394648306204,1.7844070933295,2.32824541894601
"ggo-miR-7_st",1.2006717430963,1.75503383373316,1.13820966082419,1.26442616437186,1.50503014769925,1.17323065684515,1.10379475376632,1.2006717430963,1.2006717430963
"ggo-miR-9_st",0.845632613246184,1.02054540136081,1.13902368799249,0.913072924553037,0.951109498281974,0.728669732329309,0.753896847225463,1.22066423747004,1.22319481730439
"ggo-miR-92_st",13.3108298333195,13.319323857561,13.2611224942303,13.2583254892097,13.2852976550856,13.2788596549232,13.3167589706046,13.2553813093898,13.1537306807466
"ggo-miR-93_st",12.176682418707,12.0775363654031,12.1327331926439,12.1126274046976,12.4006846582568,12.392810637529,12.1962540976311,12.2308975589285,11.9646052128351
"ggo-miR-95_st",1.03070137138326,1.2006717430963,1.03070137138326,0.913072924553037,0.841182917394228,1.03311947567591,0.913745648272579,1.02065200262934,1.17677487201925
"ggo-miR-96_st",1.10866556343929,1.07200311704127,0.768061419104146,1.14107768441204,1.07200311704127,1.07200311704127,0.881954011547533,0.99193097211124,1.07200311704127
"ggo-miR-98_st",3.47662237675307,3.10665356455406,1.96440962496093,2.75466475801386,2.42815938728574,2.64403371972982,2.64403371972982,2.0593945746029,3.02021938572484
"ggo-miR-99a_st",7.45404314409647,7.29709891596578,7.29816133885102,7.5072918505987,7.1504456153882,7.14008967952192,7.13826556817836,7.29709891596578,7.61055673282658
"ghb-miR169a_st",0.753896847225463,0.950668057062392,1.15695348061009,0.913072924553037,0.73641116241625,0.913072924553037,0.822971414596228,0.551542972859689,1.07200311704127
"ghr-miR156a_st",1.5310369597944,1.29602543705933,0.802596368350987,1.93107391698692,1.80830305348799,1.82922132600128,1.50622477644288,1.72873041701531,1.91454911995882
"ghr-miR156b_st",1.54939465967587,1.88695666945982,1.38217461165263,1.7624617973267,2.66330078286069,1.33399837430734,1.80552276052423,1.24904801073852,1.54939465967587
"ghr-miR156c_st",2.39616288366789,1.57329153075292,1.41455858700295,1.93107391698692,1.58721006126512,1.25656108062605,1.41455858700295,2.24786128418879,1.96995613904402
"ghr-miR156d_st",1.44389399773486,3.03208308646724,1.16606434243092,1.79027357140273,0.950668057062392,1.44389399773486,1.27979600375949,1.44850028407647,1.44389399773486
"ghr-miR162a_st",1.13630553225257,0.950668057062392,0.995283156379141,1.07200311704127,1.42265690178678,1.48778441658129,0.748974721361005,1.07200311704127,1.07200311704127
"ghr-miR164_st",1.23922316506451,1.23922316506451,1.11055453900948,1.6626384045057,0.998258987716419,0.796539782979512,1.36978076668972,2.07317975272117,2.42338817454986
"ghr-miR166b_st",2.12133743121625,1.30822846133535,1.44089956356878,2.26506326244721,2.50607400979376,2.45317240191211,2.53577115711782,2.31216603924915,2.48403677806887
"ghr-miR167_st",1.01403778616236,1.33796928756565,1.10866556343929,1.35794916011809,1.26759575592752,0.997047868659193,0.87145062959513,1.10866556343929,1.10866556343929
"ghr-miR172_st",1.24815024381138,0.69317721987216,0.835055915764519,0.77333221955764,0.728465441339279,0.950668057062392,1.11686002013642,0.880919414323662,0.869239944108582
"ghr-miR2948-5p_st",1.20873345199073,2.80562040816445,1.43303426058627,2.15188073688437,1.60996884592366,1.23856650897669,1.52854073296985,1.54939465967587,1.63357340240659
"ghr-miR2949a-star_st",0.857891945238911,1.29602543705933,1.24907221500388,0.869239944108582,0.863945374236853,1.15695348061009,0.821091126246366,0.821091126246366,0.759638797291049
"ghr-miR2949a_st",0.890393986583468,1.00307427251429,1.04892120501025,0.913072924553037,0.601838878581353,1.10942256220486,0.725171731237421,0.601838878581353,0.585684701389524
"ghr-miR2949b_st",1.24002859396984,1.07578437728389,0.914306186927168,1.52854073296985,1.09901201215869,0.858661877405383,1.1704446202823,1.02859341850926,1.13189319831409
"ghr-miR2949c_st",0.977375339764336,1.02177044421028,1.01757140146929,0.940342331256473,0.966137599985782,0.965922184782966,0.940342331256473,0.565244855516223,0.520162864808493
"ghr-miR2950_st",4.97841245232879,5.01032180471921,4.33481052085248,4.642801885327,4.78931249226834,4.73754380409359,5.05334413830797,5.16477075271554,4.78931249226834
"ghr-miR3476-star_st",1.01436632404286,1.21903715671322,0.811603151110176,0.973799700228064,1.01436632404286,1.19394446488862,1.01436632404286,1.07200311704127,1.1534382804921
"ghr-miR3476_st",0.771089916216636,1.00747032905721,1.03556966979046,0.748314182696618,0.950668057062392,0.868398372607978,0.950668057062392,1.09325521362962,1.40332115903987
"ghr-miR390a_st",0.931986638324963,0.755324876188175,0.759638797291049,1.21444841019043,0.874428687582302,0.874428687582302,1.31257745722728,0.931986638324963,1.23874167272542
"ghr-miR390b_st",1.40332115903987,0.909088137981696,1.23610111101664,1.34086625316284,1.11173755392527,1.00045675192855,1.0990211350572,1.60649983119064,1.29602543705933
"ghr-miR390c_st",1.46762378346784,1.17098318690047,0.783389628418875,1.03388634819035,0.83539123227545,1.12231732709917,0.977375339764337,1.19903149369903,1.26575927477846
"ghr-miR393_st",1.10866556343929,0.618868566208295,0.776214331447964,0.913072924553037,0.850004792308187,0.728669732329309,1.04082307831736,0.913072924553037,0.728669732329309
"ghr-miR394a_st",1.82183096057837,1.54694028846808,1.16866134160698,0.991446488229904,1.6578749675852,1.76106071461359,1.35969060137833,1.35969060137833,1.2006717430963
"ghr-miR394b_st",1.28295162741662,1.58850180317935,1.40332115903987,1.14870846207455,1.57573912473679,2.35236760399204,1.57573912473679,1.90452658690105,1.5633334869772
"ghr-miR396a_st",0.938922716240932,0.73641116241625,1.02902422619774,0.739133788955873,1.22070769493166,0.848934955076886,1.0415877851425,0.842784080782498,0.977922620823496
"ghr-miR396b_st",1.36965715453582,1.16700773859225,1.10898951234524,1.24372190519211,1.16700773859225,1.28131703770146,1.06689563970828,0.909463855932245,1.09028777793012
"ghr-miR398_st",1.11119614327364,1.45402294343623,1.52836252301492,0.805485729787015,1.10866556343929,1.10866556343929,1.06756558561209,1.10866556343929,1.10866556343929
"ghr-miR399a_st",0.950668057062392,0.950668057062392,1.54939465967587,0.913072924553037,0.848002988160828,0.826304499971024,1.02904162073926,1.11476626025442,0.965376456420258
"ghr-miR399b_st",0.610963257949248,0.857746222395128,0.73641116241625,1.03917792331341,0.707840247279232,0.73641116241625,0.65498304946244,0.698816029906895,0.849826323325005
"ghr-miR399c_st",2.20568838650497,1.87532316980687,1.55199360655919,1.93907759108242,1.96903499513608,1.40332115903987,1.51469954763165,1.87532316980687,1.97862294961169
"ghr-miR399d_st",0.977375339764336,0.977375339764336,0.760444601729234,1.26442616437186,1.10493640107459,1.16742444525807,1.24157622602349,0.991293870276535,0.845204523448502
"ghr-miR479_st",0.901724925683366,0.913072924553037,1.5109083538059,0.913072924553037,1.03440798453192,0.772502712773764,1.02120832020879,0.913072924553037,0.791737864574159
"ghr-miR482a_st",1.15695348061009,1.15695348061009,1.15695348061009,0.836862617283431,1.15695348061009,1.57749579880394,1.41523654494574,0.968222595178717,1.37121037525623
"ghr-miR482b_st",1.29602543705933,1.34077623484239,1.29602543705933,1.49406584207149,1.87728981077598,1.15500885524817,1.18789004140357,1.27139254560332,1.29602543705933
"ghr-miR827a_st",1.40332115903987,1.49998420579879,1.52854073296985,1.80033842890527,1.29507963909324,1.28131703770146,1.62928484124933,1.70787649030929,1.74265190477221
"ghr-miR827b_st",1.68268715093672,1.74621522340738,2.11996724383695,1.83310972417405,1.56635138193233,1.45710508486768,1.70789015024407,1.70535957040972,1.75186940807399
"ghr-miR827c_st",1.6771104604304,1.37974694190821,1.30302698124609,1.30302698124609,1.15695348061009,1.30302698124609,1.46287769849112,1.30302698124609,1.19573125926554
"gi555853_copy0_st",12.8717700535603,12.881229319919,13.3226258356688,13.0564358980354,13.2869496213619,13.1249048286879,12.8271316008972,13.1207799707957,13.0856647843934
"gi555853_copy1_st",13.0328766342165,13.0368642945524,13.3118020199275,13.0766385489933,13.3188384975037,13.2641099114765,13.1641443148823,13.1673373460196,13.1641443148823
"gi555853_copy2_st",12.7736069589789,12.8020361853019,13.3263095736401,12.9849411421617,13.235772081614,13.0746220979464,12.9106788658962,12.9849411421617,12.9849411421617
"gi555853_copy3_st",13.0179645779414,12.9614623239755,13.3076974170943,13.0830439645184,13.249494324027,13.2285693719926,13.1133508064515,13.1466345436134,13.1306950319076
"gi555853_copy4_st",13.043364232229,12.9777058398045,13.4065432152291,13.1174792428406,13.2214976623376,13.2640728871864,13.1561080597319,13.1561080597319,13.1491076288046
"gi555853_copy5_st",12.9609575383352,12.9914201089058,13.3135935753054,13.1254660161141,13.2578305874771,13.2085758792681,13.0575074245671,13.1254660161141,13.1254660161141
"gi555853_copy6_st",12.9327663151568,12.9093996179823,13.272058829065,13.0412553253808,13.2363225121068,13.2681344748553,13.1350755944554,13.1507233134933,13.1350755944554
"gi555853_copy7_st",12.8687181251587,12.9736549736443,13.158471137234,13.0440221347438,13.2675414752757,13.1765107451312,12.9217671735766,13.1456036032073,13.0797474780922
"gi555853_copy8_st",12.7067700946026,12.8071817143557,13.099656351736,12.9972663185249,13.1252345952506,13.0671445263725,12.8910754539285,12.9972663185249,12.9972663185249
"gi555853_copy9_st",12.7856677923296,12.7860015722749,13.0375909395867,12.7705590394272,12.8725058249804,13.2196799431383,12.7110557859822,12.8822647621095,12.8677383956139
"gma-miR1507a_st",0.986450787561002,1.07383482415318,1.0347387047318,1.0347387047318,1.07200311704127,0.929261819696013,0.953798431047326,1.29866092127791,0.662847824038212
"gma-miR1507b_st",1.08683572267682,0.8048490007243,0.860861002112463,0.812282897817717,1.21992365118102,0.8048490007243,1.52854073296985,1.21992365118102,1.04828430070862
"gma-miR1508a_st",0.915583178208448,0.838869011608589,0.915583178208448,1.07715059234947,0.915583178208448,1.12186860175615,0.748974721361005,0.915583178208448,0.915583178208448
"gma-miR1508b_st",0.751912253714609,1.35894363416604,1.46894313916101,1.03143649322647,1.07200311704127,1.09308604460247,0.751912253714609,1.19147665854533,1.19147665854533
"gma-miR1509a_st",0.808636455103168,0.950668057062392,1.28173360942467,0.888318071409649,0.771966950438326,0.950668057062392,0.983549243217796,1.19766041502015,1.02752850104771
"gma-miR1509b_st",1.08029297257627,0.957823722336105,0.836358757953178,0.908403362598952,1.28914176433471,0.721786199020232,0.748974721361005,1.07200311704127,0.812607926825352
"gma-miR1510a_st",0.991797644215566,0.836358757953178,0.78401097237753,0.991797644215566,0.991797644215566,1.34326539503864,0.735744577558008,1.28949330878615,1.38423882328134
"gma-miR1510b_st",0.861589871351824,1.44389399773486,1.1371389633344,1.52854073296985,1.2205975944029,1.26422815206444,1.2205975944029,1.41030165270044,1.26422815206444
"gma-miR1511_st",1.10866556343929,0.940712893366315,1.07200311704127,1.10481109655835,0.926004494008448,0.838307709374648,0.940712893366315,1.19408211598285,0.819377833387436
"gma-miR1512_st",0.785077022217549,1.50047660773156,1.01436632404286,1.12183900780463,1.02828485455506,1.13872988113423,1.10055964421233,1.07200311704127,1.07200311704127
"gma-miR1513_st",1.14926494974166,0.790758176185617,1.0082483679305,1.12161593754696,0.790758176185617,0.950668057062392,0.977375339764336,1.02120832020879,0.977375339764336
"gma-miR1514a_st",1.23922316506451,1.29266070584106,1.168019017914,1.32377961884656,0.836358757953178,1.05701634675296,0.594660435773112,0.876996606286006,1.2006717430963
"gma-miR1514b_st",1.02014932175222,1.12538108545495,0.839526155008081,0.932599301652927,1.50197462650125,1.05701634675296,0.782046731932424,1.2145902736085,1.05701634675296
"gma-miR1515_st",2.29718329883006,2.29718329883006,2.01025720400634,1.78909098078398,2.17584823885118,2.38213366239888,2.24557161841625,2.31540689830592,2.5041377837373
"gma-miR1516_st",0.771370087188935,1.21680095909505,1.10866556343929,0.973471162347558,0.981156600006953,1.34535582816096,1.01403778616236,1.01403778616236,1.11236615701558
"gma-miR1517_st",0.821066744896029,0.836358757953178,1.01637270435787,1.26442616437186,1.24439096655164,0.870162373370853,0.903043559526258,0.913072924553037,0.913072924553037
"gma-miR1518_st",0.825687766765131,0.905886838419949,1.28131703770146,0.825006926355872,1.28131703770146,1.22648156107686,0.549432663129457,0.932594121121894,0.79039393977928
"gma-miR1519_st",1.27895760194851,1.15695348061009,0.79264049546697,1.02434490498318,1.15695348061009,1.00533627883258,1.13544243398529,1.45847082966555,1.15695348061009
"gma-miR1520a_st",1.27873014021017,1.07200311704127,0.745310578539503,1.01329651329898,0.957693817932056,0.669438301277735,0.798517740604482,0.957693817932056,1.35013499699783
"gma-miR1520b_st",0.934606111838771,0.913072924553037,0.913072924553037,0.913072924553037,0.743220948256142,0.66228785917664,0.945954110708442,0.913072924553037,1.48003532563973
"gma-miR1520c_st",0.936306353490106,0.936306353490106,1.11946013387213,0.847875374581282,0.836358757953178,0.97390148599946,0.892473373045651,0.922528518145577,1.09523654597834
"gma-miR1520d_st",1.01520084504645,1.07200311704127,1.07200311704127,1.40079057920553,0.949998995702856,1.02164298290965,1.23922316506451,1.07200311704127,1.07200311704127
"gma-miR1521_st",0.646309652459441,0.92530887331315,1.25564864393195,0.805485729787015,0.829955179350123,1.23793393859921,0.829955179350123,0.779029866460931,0.657607338316209
"gma-miR1522_st",0.727334343613697,0.836358757953178,0.857891945238911,1.0345537073757,0.767790435282103,0.950668057062392,0.990720726931244,0.820296812729557,0.868556021168956
"gma-miR1523_st",0.950668057062392,0.73641116241625,1.19454861311945,0.950668057062392,0.950668057062392,0.821445844152789,0.950668057062392,0.893339165570145,0.962016055932063
"gma-miR1524_st",1.19400723837968,1.02802385921135,1.23458007707467,1.44059178622953,0.922111529891327,1.46617163975602,1.13566828136027,0.703759003892847,1.07200311704127
"gma-miR1525_st",0.825010759083507,1.14071716255613,0.836358757953178,1.11582727591915,1.12933200853352,0.676197457700542,0.836358757953178,0.779029866460931,0.614086431680534
"gma-miR1526_st",0.977375339764336,1.05409530042647,0.977375339764336,1.36644500454784,1.18002475570791,0.564807412746162,0.948804424627319,0.977375339764336,0.977375339764336
"gma-miR1527_st",0.616607252355836,1.03080699522421,1.28131703770146,1.43748693720094,0.909471935245332,1.00941953078226,1.04230071693767,1.00470558442831,1.24506388987035
"gma-miR1528_st",0.977375339764336,0.950668057062392,1.31877767751337,0.983549243217796,0.950668057062392,1.25578263284892,1.09168463887355,0.779029866460931,1.14848691086837
"gma-miR1529_st",1.15695348061009,1.31588367309833,0.862749122265351,1.01177115333472,1.17531118049156,1.15695348061009,1.18366076331204,1.19752010442489,1.15695348061009
"gma-miR1530_st",0.95783954077584,1.05061565259932,0.791750092444503,0.876518569893017,0.836358757953178,0.764309006193358,0.96918753964551,0.878977461997859,0.878977461997859
"gma-miR1531_st",0.582340395478041,1.14071716255613,1.3879064339917,0.833125460854437,0.950668057062392,0.829332997083513,1.46457147598845,0.748314182696618,0.744224072242877
"gma-miR1532_st",1.48559084349429,1.28341997975867,1.62446069820332,1.40332115903987,1.40332115903987,1.76598921490532,1.36391700084722,1.22330141857292,1.32660119837775
"gma-miR1533_st",1.08345092527857,3.20563695702552,1.14171547989272,1.33950399193613,1.33950399193613,1.80759106014829,1.31865006523011,1.33950399193613,1.33950399193613
"gma-miR1534_st",0.81188930839007,0.890605664324266,0.785182025688125,0.81188930839007,0.81188930839007,0.618868566208295,0.81188930839007,0.933224368368948,0.614086431680534
"gma-miR1535_st",0.895871333339598,0.944159250510399,0.693517458973825,1.01323381788116,1.06549431048928,0.944159250510399,1.18512342785849,0.779029866460931,0.950668057062392
"gma-miR1536_st",0.869239944108582,1.02261954493748,1.05550073109288,0.711941712853142,1.24583348515488,0.630216565077966,0.926456496403118,0.612506037041765,0.76288766731139
"gma-miR156a_st",1.31447009273168,2.09276119875221,1.55741067692485,1.93107391698692,1.40332115903987,1.28131703770146,1.56549513067072,1.70185954550439,1.56549513067072
"gma-miR156b_st",1.16768562151836,1.13102317512034,1.12154189265421,0.913072924553037,0.978954736086985,0.835299339743648,1.21027443619074,0.953639548367837,0.978954736086985
"gma-miR156c_st",0.769588667926301,1.29602543705933,1.03143649322647,1.05663949253382,1.33537819116359,1.08315150463388,1.03143649322647,1.00287996605541,0.771704615600383
"gma-miR156d_st",0.892424976195514,1.92538129728332,1.10959824955062,1.07200311704127,0.849072825392129,0.995288950441411,1.07200311704127,1.2145902736085,1.07200311704127
"gma-miR156e_st",1.22760044027916,0.86909366672312,0.814923323001958,0.913072924553037,0.727554898411376,0.886365641851092,0.913072924553037,1.4993299853663,0.826946027230245
"gma-miR159a_st",0.950668057062392,1.31498104220551,0.871027050073765,1.0407695670192,0.774006294925604,0.950668057062392,1.13815477672169,0.950668057062392,0.869239944108582
"gma-miR159b_st",1.10866556343929,0.972638816559347,0.869239944108582,1.05340725272343,0.999346099261292,0.750640491826264,0.999346099261292,0.769098245809536,1.09397387653823
"gma-miR159c_st",1.23638115497716,1.88695666945982,0.893916708695839,0.827900644174485,0.918616457945555,1.36357473769384,0.944567360247259,1.14821366127703,1.14626069594865
"gma-miR160_st",0.962311550895732,1.09309266502,0.939658537758007,1.01637270435787,1.62705673825332,1.16031612655779,0.921744927080932,0.913072924553037,1.01637270435787
"gma-miR162_st",0.799743779721429,0.900509365608282,0.913072924553037,0.976827345828593,0.889845289678238,0.728669732329309,1.13080946702632,0.913072924553037,1.2361013202333
"gma-miR164_st",1.74222522050716,1.13709736001757,1.12229368988616,1.66160422337553,1.68268715093672,1.28957211852968,1.54939465967587,1.49905631989329,1.54939465967587
"gma-miR166a_st",1.87972573642378,0.867539246783001,1.72228295334895,2.01029300000491,2.90357712312242,1.89808343630525,1.89808343630525,1.89808343630525,2.12378154868774
"gma-miR166b_st",2.57005992091109,1.90134405115189,2.38713021208252,3.19636005560485,1.95622332597371,2.26191063815255,2.83680683179893,2.07317975272117,3.05976313036054
"gma-miR167a_st",0.913072924553037,0.710201183929507,0.836352963890908,0.982147491923803,0.73641116241625,0.801455229772938,1.11581004532127,1.04579313855453,1.05196791922106
"gma-miR167b_st",1.24587859078393,0.836358757953178,0.98676079609027,0.929431904598024,0.69983470126655,0.836358757953178,1.21798701260014,0.929431904598024,1.2006717430963
"gma-miR167c_st",0.950668057062392,1.17266638179547,0.674880567596458,0.913072924553037,0.950668057062392,1.13844445970677,0.950668057062392,1.00102819119401,0.884846148771295
"gma-miR167d_st",0.977375339764336,0.65646369871765,1.02691288428439,0.950668057062392,0.950668057062392,0.930363068030696,0.950668057062392,1.10959824955062,1.16492495170853
"gma-miR167e_st",1.14145155388551,0.983454047508607,0.670103577022295,1.09325521362962,0.788896809026669,1.09325521362962,1.09325521362962,1.2145902736085,0.968035639699643
"gma-miR167f_st",0.932042971713705,0.836358757953178,0.809878265951417,0.65935981005548,1.23042058414526,0.802136835864476,1.30710869858067,1.01942121424361,0.942707047643749
"gma-miR168_st",2.24252946928092,1.90093604066834,1.28131703770146,1.66160422337553,1.60896154761688,1.54939465967587,2.18479809296126,3.05373084082191,2.45306203997778
"gma-miR169a_st",1.12464139112084,1.08608996915264,0.977375339764336,0.996531555621535,1.09052052452865,1.21488408162001,0.862793565820675,0.739797648554718,0.83608628311873
"gma-miR169b_st",1.20224949763015,0.871884280932045,0.885802811444243,1.07200311704127,1.07453369687562,0.957693817932056,1.07200311704127,1.40883566089962,1.07200311704127
"gma-miR169c_st",1.02120832020879,0.880191738397633,0.803826627488385,0.913072924553037,1.22061249089074,0.618868566208295,0.913072924553037,0.913072924553037,0.994501037506847
"gma-miR171a_st",0.869239944108582,0.977714233556342,0.869239944108582,0.925750952534593,0.990575004087461,0.65495718042692,0.869239944108582,0.779029866460931,0.634404058891184
"gma-miR171b_st",0.936306353490106,0.807802230782113,0.907749826319041,0.777376161001873,0.713376061840964,0.97571051168276,0.936306353490106,0.980139333934561,1.1374105762384
"gma-miR172a_st",0.902729918066844,1.1168410898692,0.88119673078111,1.22097256433959,1.17323492626696,1.23115038897842,0.748974721361005,1.23087171926537,1.04935718401907
"gma-miR172b_st",1.12477179361547,1.34226198536035,0.666242744028185,1.21784494026031,1.14312949349693,0.997055992860938,1.12227556679092,1.2145902736085,1.2193995708924
"gma-miR172c_st",1.18712250190567,1.07200311704127,1.10488430319667,1.40079057920553,1.07200311704127,1.05701634675296,0.977375339764336,1.07200311704127,1.07200311704127
"gma-miR172d_st",0.694913567898871,0.72226743865906,1.05291641929813,0.748974721361005,0.652097732031021,0.917555744941994,0.748974721361005,1.2145902736085,0.765512892939776
"gma-miR172e_st",1.24661257619036,0.96592422083875,1.20995012979234,0.805485729787015,0.991863347895082,1.15695348061009,0.992631503540695,0.794286030237289,0.96592422083875
"gma-miR2107_st",1.1523838259255,1.2006717430963,1.02109360225054,1.19242672456076,1.24276561573325,1.32503530018767,1.10055964421233,1.44450884169173,1.3019216851245
"gma-miR2108a_st",0.977375339764336,1.09589998811832,1.15695348061009,0.757589155619333,0.863066040655122,0.836358757953178,0.977375339764336,1.07200311704127,0.895947226810527
"gma-miR2108b_st",0.950668057062392,1.11324501709579,0.836358757953178,0.840866890941378,0.906949794576184,0.950668057062392,0.850555958178426,1.56743445566618,0.950668057062392
"gma-miR2109_st",0.748974721361005,0.748974721361005,0.519480424381147,1.14870846207455,0.863284020470219,1.14965205062775,0.748974721361005,0.568954980894047,0.599083134211061
"gma-miR2119_st",1.25689061446722,1.25689061446722,1.27080914497942,1.15118589712432,1.15695348061009,1.11751599849472,1.48940591037775,1.45700945057645,1.25689061446722
"gma-miR319a_st",0.760618951568655,1.33362056956868,0.950668057062392,1.14870846207455,0.950668057062392,0.950668057062392,1.20169309500143,0.950668057062392,0.869239944108582
"gma-miR319b_st",0.884507950375696,1.44389399773486,0.971891986967869,0.924550849010955,0.839063205275536,0.992745913673885,0.971891986967869,1.01572496741232,0.819849134965651
"gma-miR319c_st",0.857891945238911,0.819340523270706,0.939320058192721,0.741559415183006,0.899985817875866,1.02198993921428,1.04100239968702,0.779029866460931,0.724599453978055
"gma-miR390a-3p_st",0.93866038140299,1.03143649322647,1.16272671690143,0.711941712853142,0.836358757953178,1.01644972293816,1.31912397756353,0.872506300738237,1.03143649322647
"gma-miR390a-5p_st",1.42233361951262,1.39869628655938,0.836358757953178,1.35812344786439,1.18136944216453,1.28131703770146,1.31674495973604,1.42400525939834,1.84827943878816
"gma-miR390b_st",0.978359381552732,1.03182161150478,1.07113549337621,1.14870846207455,0.665082318840544,0.905888517009682,1.35969060137833,0.921988781075417,1.30559201377825
"gma-miR393_st",0.853368811452302,0.875602473275113,0.893916708695839,1.5077370282472,1.17883580909383,1.17883580909383,0.976186393150252,0.913072924553037,0.976186393150252
"gma-miR396a_st",0.689298584605668,0.763118445118194,0.920394932147369,0.667887273310047,0.836358757953178,0.755377015031253,1.02036427191056,0.957693817932056,1.38006161125352
"gma-miR396b_st",0.909494067317585,1.35894363416604,1.07200311704127,1.07200311704127,1.09647256660438,0.887599924817541,0.676816896777996,1.07200311704127,1.07200311704127
"gma-miR396c_st",1.11553109059463,0.840261615369647,0.734811030166725,0.913072924553037,0.861640258245019,1.11973013333562,0.876105471263919,1.10418383191575,1.03830202038181
"gma-miR398a_st",1.39336958303138,1.23922316506451,0.9711455430901,1.02416872764076,1.23922316506451,1.15695348061009,1.23922316506451,1.41855892240395,1.49383586202983
"gma-miR398b_st",1.26695674420621,0.682622987483851,1.16968686276311,1.26442616437186,1.54632273610305,1.33115292846482,1.30297758634006,0.999834886466214,1.45315704980323
"gma-miR482_st",1.53506393620839,1.53506393620839,1.10866556343929,1.38774696122361,1.54939465967587,0.939881162765764,1.66160422337553,1.06696705888017,1.97589487777542
"gra-miR157a_st",0.910488522010727,1.55820329684407,0.796985825277621,0.910488522010727,0.841413954639962,0.950668057062392,1.34422595728822,0.81614204113482,1.17700590926498
"gra-miR157b_st",1.06512226597992,1.15713969700849,1.03492024538482,1.05701634675296,1.23659448759872,1.05701634675296,1.05701634675296,0.992713931541664,1.03030906405102
"gra-miR398_st",1.42749786190747,1.44554137698859,1.19805345843729,1.40079057920553,1.40079057920553,1.10314386506732,1.55068216635547,1.72873041701531,1.29602543705933
"gra-miR482_st",0.683475721221563,1.07034941158221,0.970401816045284,0.677946431722701,1.07034941158221,0.962660385958343,1.33455029784137,0.913072924553037,1.15913270147666
"gso-miR1507a_st",0.8443500574716,1.14870846207455,1.37710908047788,0.816908971220455,1.47173685775482,1.14870846207455,1.23922316506451,0.924686142056494,1.25420912401556
"gso-miR1507b_st",1.03143649322647,1.01887293428172,0.957342339461924,0.908764235167178,1.54939465967587,1.03318128026721,1.13410156212803,1.03143649322647,1.14574579233568
"gso-miR1508a_st",1.05701634675296,1.2006717430963,1.09367879315098,1.03143649322647,0.951091636583756,0.989353313271767,0.549432663129457,1.58507502067197,1.05701634675296
"gso-miR1509a_st",0.729767320497221,0.917127194117256,1.07200311704127,0.917127194117256,0.836358757953178,1.00207755768608,0.873294213672801,0.917127194117256,1.0244229160978
"gso-miR1510a_st",0.843637021474199,0.950668057062392,1.15695348061009,0.913072924553037,1.36620747538601,0.913072924553037,0.869239944108582,0.855744033060791,0.734070025984668
"gso-miR1510b_st",0.977375339764336,1.02109360225054,0.946526081148316,1.34896259212409,1.07204306853194,0.865757644984238,1.6296492972581,1.2145902736085,0.869239944108582
"gso-miR167a_st",0.857891945238911,0.717121714156158,0.982255502330279,0.857891945238911,0.775622260784498,0.857891945238911,0.809743127376695,0.831436081912828,0.972201244348125
"gso-miR2109_st",0.75399867808331,1.05835708268626,1.03143649322647,1.05835708268626,1.05835708268626,0.836358757953178,1.19118586437859,1.07921100939228,1.52261766336631
"gso-miR2218_st",1.40079057920553,1.07292158933197,1.4947054268893,1.26442616437186,1.64715825763531,1.40079057920553,1.52854073296985,1.40079057920553,1.40731105970934
"gso-miR3522a_st",1.00815537087604,1.29602543705933,1.04099000880135,0.900219777718599,0.927660863969744,0.983666911371375,0.896282874779202,1.07200311704127,1.06038107797123
"gso-miR3522b_st",1.07200311704127,1.07200311704127,1.54009999436949,1.40079057920553,0.836358757953178,1.07200311704127,0.957972487645106,1.07200311704127,0.86960013090743
"gso-miR482a_st",1.40332115903987,1.29602543705933,1.24684100548626,0.935964032871199,1.4203889941507,1.74386645415031,1.23963160066157,1.13709524457109,1.10358059248746
"gso-miR482b_st",1.5310369597944,1.29602543705933,1.15695348061009,1.14870846207455,1.40332115903987,1.29602543705933,1.80922743810386,1.89808343630525,1.29602543705933
"HBI-100_st",1.44389399773486,1.18850152567408,1.44389399773486,1.60282948360222,1.11282831042997,1.48335594209816,1.41383885263493,1.44389399773486,1.60902743898899
"HBI-115_st",1.48244541970307,1.77569842212884,1.4377200942814,2.10758746056907,1.367179831135,1.41101281157946,1.42304007102885,1.44389399773486,1.44389399773486
"HBI-36_st",0.962081105792119,0.949517546847364,0.80797877853562,1.18639301369986,1.31454633179682,1.28131703770146,1.31454633179682,1.1096788471,1.05798246456953
"HBI-43_st",1.2099101827697,1.40332115903987,1.40332115903987,1.40332115903987,1.64968883746966,1.35960289655367,1.52854073296985,1.41830792932818,1.40332115903987
"HBI-6_x_st",0.977375339764336,1.02333725723997,1.76372687668098,1.4060888566615,1.52727302672164,1.18096821443473,1.26430143458806,0.976613950251001,1.48832375460611
"HBI-61_s_st",1.10333298759185,0.949934253513191,0.505280648504609,0.949934253513191,0.949934253513191,0.864309608561236,0.977375339764336,0.880498350434352,1.11468098646152
"HBI-61_st",1.35036123910378,1.57329153075292,1.57329153075292,1.64813010520026,1.69880851813654,1.54939465967587,1.45302630800534,1.45492796207949,1.61385815456772
"HBI-61_x_st",0.994298614723939,0.732244616229789,0.820062894871835,0.880484999012453,0.950668057062392,0.981541085228554,0.950668057062392,1.07200311704127,0.950668057062392
"HBII-108_st",1.5310369597944,1.18630359458391,1.10472920424463,1.14870846207455,0.864126963170778,1.15695348061009,1.14870846207455,1.02095830831023,1.39507614050433
"HBII-108B_st",1.30928956845486,1.33909692375218,1.08176854241319,1.16341686143242,1.29602543705933,1.29602543705933,1.49554906720444,1.00842661851606,1.29602543705933
"HBII-115_st",3.80921110043788,3.42044842943301,3.84428005463698,3.72587933322292,4.35354950135796,3.80921110043788,3.80921110043788,4.0149275781039,3.80921110043788
"HBII-13_st",1.00368420793136,1.38576122435073,1.6054668828165,0.951704800818827,1.26442616437186,1.15695348061009,0.977500069548135,1.26442616437186,1.37873546348107
"HBII-13_x_st",1.45955100738175,1.68357332739981,1.00641645654877,1.875145065981,1.54450137095057,1.33821594740287,0.977375339764337,1.39524859217045,1.55417878465868
"HBII-135_x_st",7.0234769649395,7.5151065388996,8.02167310520627,7.52934040727148,7.71151727243993,7.49381720764613,7.04975363811052,7.08434932338859,7.74782171533695
"HBII-142_st",7.94333901690028,8.08030656705438,8.63799917039144,8.0122966145712,8.39795269813227,8.15477893897856,7.6834888534134,8.01304609410523,7.9573733391356
"HBII-142_x_st",7.63505206268543,7.62537606691737,9.00946978351203,7.92504252625343,8.25580089227054,7.8506586241916,7.79253176537909,7.7139531086899,7.74178848181745
"HBII-166_st",1.80369780172095,1.69751405123501,1.51102019137464,2.03803572455103,2.104864271009,1.72873041701531,1.72873041701531,1.54229744602803,1.72873041701531
"HBII-180A_x_st",7.88397297302308,8.32944853931289,8.43102342696863,8.47500144234566,8.44268056452416,8.45070363266065,7.91054960405153,8.25421420680355,8.11520398447913
"HBII-180B_x_st",2.58014954102877,2.41292949300554,3.62630885179186,2.9513059302868,2.6846169132093,2.6846169132093,2.29949007244227,2.30951943746905,2.95403522514295
"HBII-180C_x_st",5.90000601734089,5.93224151812611,6.26736647281812,5.98868520812955,5.90000601734089,5.90000601734089,5.31498958746468,5.90000601734089,5.85251798843886
"HBII-202_st",9.20626518055397,9.76461081572543,9.34633216520336,9.75204251547611,9.98809600993175,10.1660032170368,9.09737070232337,9.6893048387053,9.6893048387053
"HBII-210_st",5.49693552116575,5.46820381303452,5.4682549177586,5.8255732458954,5.41457544129588,6.01057775529609,5.41457544129588,5.47189886431502,5.71402946514198
"HBII-234_st",0.977375339764336,0.847609576063507,1.13054272372721,0.978817550362877,0.997169637535208,0.938398339431231,1.02505195458767,1.02495687563358,1.00383166086086
"HBII-234_x_st",1.66927326935317,1.85739904307034,1.8985823933122,2.0134625337113,1.70073758054476,1.49308605792721,1.63410263973837,1.72873041701531,2.1161942271353
"HBII-239_st",5.2661420040703,5.21477091190945,5.50315095980316,5.77091490308537,6.00418719364753,5.818042427562,5.62633526425116,5.694311074663,5.72644736313512
"HBII-240_st",1.36789179111954,1.17323065684515,1.2006717430963,1.2006717430963,0.965027384008208,1.23459929985868,1.35056333024624,1.2006717430963,1.2006717430963
"HBII-251_st",3.73986589666662,3.30420382998182,4.25881982918754,3.79048232968642,4.11229124425312,3.99419692340535,3.57766934754874,3.7069654944292,3.64822718210636
"HBII-276_st",5.24309913923751,5.55284201203531,5.16925930715044,5.65901087584183,5.23205959446434,5.73852178493386,5.04651283977383,5.3506622157196,5.45338816418812
"HBII-289_st",3.67266798483004,3.82339571133785,4.34252657851134,4.73856087787889,5.17885127716224,5.15762217519096,3.58665637193354,4.34252657851134,4.64669102181751
"HBII-295_st",1.73627136959209,1.52877544168319,3.05091796756731,1.57734117710385,1.94558529025228,1.94558529025228,1.66160422337553,1.73627136959209,1.73627136959209
"HBII-296A_st",1.05880345271815,0.950668057062392,1.10866556343929,1.23013657502836,0.89158340469491,0.950668057062392,0.850555958178426,0.663069238519129,0.950668057062392
"HBII-296A_x_st",0.8443500574716,0.950668057062392,1.98911830518219,1.14870846207455,1.28131703770146,1.15695348061009,1.41585256695834,0.999561749773756,1.07200311704127
"HBII-296B_st",1.68695701984787,1.24671500917488,2.06977113545996,1.31046943045044,1.65201625041545,1.8946748623751,1.82136612089009,1.72873041701531,1.56239802837227
"HBII-296B_x_st",1.33528348787351,1.44389399773486,1.58605710607389,1.62610000470915,1.54939465967587,1.54939465967587,1.06739082957885,2.55057129535577,1.42805959969699
"HBII-316_st",1.5310369597944,1.48144353023248,3.03177439620142,1.93107391698692,1.93107391698692,2.24349795157968,2.33393832409824,1.89808343630525,1.94111020933863
"HBII-336_st",5.93850418628786,5.9374952586748,7.44308140277445,6.11415702081158,6.60556881329161,6.19543164833211,5.74744615318106,6.15175215332094,6.35643581973075
"HBII-382_s_st",1.78005105863986,1.18560413017276,2.13440060862485,1.9808715171436,1.9808715171436,1.75851787135413,1.9808715171436,2.54604565039567,1.96454863232795
"HBII-419_st",1.24464060309239,1.40995914178005,1.5064779333129,1.42387767229224,1.54370213846357,1.54939465967587,1.36018376921026,1.31021917128265,1.19408175724018
"HBII-420_st",2.57517141195935,2.26000846150866,2.38274836462877,2.57517141195935,2.74896176598144,2.65581670656451,2.57517141195935,2.6027231589971,2.57517141195935
"HBII-429_st",8.39593772205631,8.56665841587223,9.35068452883882,8.70303044349903,8.82647426435463,8.72694908555768,8.24488903979792,8.30810034518551,8.60236039026565
"HBII-436_st",1.28131703770146,1.24128016101333,1.32494759536301,1.28131703770146,1.40332115903987,1.28131703770146,1.10055964421233,1.20124489277143,1.28131703770146
"HBII-437_st",0.977375339764336,0.977375339764336,1.10866556343929,0.960647320288169,1.1414733337397,0.95707035073264,0.977375339764336,0.977375339764336,1.18013851269702
"HBII-438A_s_st",4.09013574180545,4.31552902618272,4.10789752709546,4.70423725458083,4.24119001835631,4.06798729273466,3.42774281152817,4.10789752709546,4.40587008828354
"HBII-438B_s_st",4.27739058995521,4.80021692887027,4.29664942389233,4.98969126375377,4.58526291251472,4.57027614222642,4.58526291251472,4.58526291251472,4.69751113706162
"HBII-52-1_x_st",1.11858106499889,1.44389399773486,1.31680728836935,1.1626576302234,1.20596510159106,1.00815119182215,0.919039006767343,0.987171591390993,1.11584021744602
"HBII-52-10_x_st",1.09382346981761,1.33676405401078,1.53184178928408,1.76483146042946,1.40332115903987,1.19310865766745,1.55815792564324,1.33676405401078,1.16325312009582
"HBII-52-11_x_st",1.13630553225257,1.07200311704127,0.800358193576816,1.11522260469137,1.06729496474959,1.15695348061009,1.07200311704127,1.07200311704127,0.990575004087461
"HBII-52-12_x_st",0.96963231016079,0.980302180153104,0.842400295411533,1.52854073296985,1.5472645812398,0.942347890948461,1.05701634675296,1.07640741592285,1.05701634675296
"HBII-52-13_x_st",1.10866556343929,1.68916815741642,1.35160614763246,1.26442616437186,1.10525008704428,1.54939465967587,1.35160614763246,1.24830636782763,1.54939465967587
"HBII-52-14_x_st",0.877152792681686,1.07200311704127,1.07199606654425,0.851357523952377,1.3339013383024,0.627067450162026,0.7676376619413,1.00448648410264,0.990567953590441
"HBII-52-15_x_st",0.972201244348125,0.836358757953178,1.15695348061009,0.827995799003099,1.25367067266951,0.950668057062392,0.760618951568655,0.960697422089171,1.0649914656707
"HBII-52-16_x_st",0.950668057062392,0.950668057062392,0.950668057062392,1.06728618721945,0.950668057062392,1.03805209365456,0.842532661406638,1.0565927672316,0.877104718684354
"HBII-52-17_x_st",0.93001078456318,1.03210322051322,0.950668057062392,0.96982427291959,1.01739482115535,0.950668057062392,0.836637427666228,0.866692572766155,1.13170412026457
"HBII-52-18_x_st",0.991935003331017,1.09791077947762,1.05493221888702,1.16547955131858,1.00328300220069,0.981749814914954,1.00328300220069,0.913072924553037,1.00328300220069
"HBII-52-19_x_st",0.869239944108582,1.227941201253,0.905902390506604,0.852982794921442,0.754930644999368,0.776166797463736,0.787811831154773,0.869239944108582,0.869239944108582
"HBII-52-2_st",1.14915729995219,0.950668057062392,1.03143649322647,1.03143649322647,1.00820885835167,0.987457235396553,1.03143649322647,1.29951411520088,1.03143649322647
"HBII-52-2_x_st",1.09168463887355,0.87383117008024,0.992761929699346,0.977123920388476,1.07618504444601,0.950668057062392,0.814927371270588,1.07200311704127,0.866871123785824
"HBII-52-20_x_st",0.658543041296158,0.950668057062392,0.977375339764336,0.695275585001609,1.07200311704127,0.900307922930769,1.14502743357452,0.950668057062392,1.12230624766385
"HBII-52-21_x_st",0.870309781339883,1.07200311704127,1.22950866332086,1.35147163500724,1.07200311704127,1.05726241159116,1.06215406710189,1.07200311704127,0.869239944108582
"HBII-52-22_x_st",1.10866556343929,0.967648981628133,1.15695348061009,1.10866556343929,0.967648981628133,1.10866556343929,0.977375339764336,1.05133667194705,1.61577519830957
"HBII-52-23_st",0.957829079096041,1.15695348061009,1.1719402508984,1.03143649322647,1.15695348061009,1.29024597187095,0.848911855218134,1.2145902736085,1.15695348061009
"HBII-52-23_x_st",0.857891945238911,1.04794105073265,0.900729670251919,1.04794105073265,1.13289141430147,1.22133485458863,1.04794105073265,1.14256882800958,1.18715148037071
"HBII-52-25_x_st",1.37811815973252,1.07200311704127,1.29328431852664,1.23922316506451,1.36358672215587,1.23922316506451,1.23922316506451,1.2145902736085,1.02148662259122
"HBII-52-26_x_st",1.68268715093672,0.995758289819276,0.995283156379141,1.13354627142869,1.02595985096269,1.07200311704127,1.10055964421233,1.07200311704127,1.35360436087811
"HBII-52-29_x_st",1.23922316506451,1.03345169507306,0.939174335348937,1.46718933730454,1.07200311704127,1.15343122999508,0.85823406166446,1.38217461165263,1.07200311704127
"HBII-52-3_x_st",0.991384773024632,0.954722326626611,1.38270341538413,1.03143649322647,0.683077403162157,0.928015043924666,0.867338290034438,1.04935010390354,0.878002365964482
"HBII-52-30_x_st",1.3225527228758,0.950668057062392,0.950668057062392,1.26066613280546,0.705133944586946,0.919390839233088,1.15845472890043,0.913072924553037,0.595566949097415
"HBII-52-31_x_st",1.20861315897622,1.07200311704127,1.92842979667447,1.55223789825226,1.1719507125782,1.05061565259932,1.2048318987336,0.99193097211124,0.917144414396546
"HBII-52-32_x_st",1.03453266576335,1.03453266576335,1.66960058777756,0.859619877648717,0.86468068946645,0.756991663842581,1.00569727127761,1.07200311704127,1.07851192359326
"HBII-52-33_x_st",0.748974721361005,1.45238768119424,1.12128666851824,1.02834071325785,1.06593584576721,0.804040022309356,1.03968871212752,0.990745580748499,1.15476477795233
"HBII-52-34_x_st",0.869239944108582,0.836358757953178,0.869239944108582,0.891336045476722,0.869239944108582,0.869239944108582,0.912783241567954,1.13731756608299,0.869239944108582
"HBII-52-35_x_st",1.03889366515517,1.09569593714999,1.07330857221304,0.956623980700755,0.956623980700755,0.90878751000246,0.748974721361005,0.733874721887831,1.04683405834841
"HBII-52-36_x_st",1.08372362945491,0.725216855898867,1.00026499838641,0.85431476600064,0.942707047643749,1.05701634675296,1.57813767429387,0.705935958810239,0.975588233799154
"HBII-52-37_st",0.857891945238911,1.18013851269702,0.870807470742063,0.977375339764336,1.06232570333316,0.863066040655122,0.774612166831649,1.03255631907846,1.07200311704127
"HBII-52-37_x_st",1.10866556343929,1.07200311704127,1.17929883902182,1.03497010853341,1.05943955809652,0.957693817932056,1.23922316506451,1.07200311704127,0.869239944108582
"HBII-52-38_x_st",1.21242691590903,1.0847111151545,1.0847111151545,1.1894762573007,1.0847111151545,1.0847111151545,1.0847111151545,0.913072924553037,0.917491067131262
"HBII-52-39_x_st",0.789750583152262,1.34411267378912,1.18911360930619,0.862257092438045,1.32940427443125,0.979799688645999,0.920308184777477,0.913072924553037,0.788770428874656
"HBII-52-4_x_st",1.53736421713198,1.2429814281738,1.00328300220069,1.16547955131858,0.593265643573912,0.698790160871375,0.913072924553037,0.913072924553037,0.913072924553037
"HBII-52-40_x_st",0.900290124389266,1.04352803198582,0.977375339764337,1.91558469530535,0.918004829722007,1.00295519329083,1.00295519329083,1.07200311704127,1.00295519329083
"HBII-52-41_x_st",1.07200311704127,0.821631739140983,1.34008073901568,1.07200311704127,1.07200311704127,0.957693817932056,1.08456667598603,1.07200311704127,1.07200311704127
"HBII-52-42_x_st",0.941435853460147,1.07913665336342,1.07200311704127,1.37476987793843,1.07200311704127,1.07200311704127,0.884226714396889,1.50470809699725,1.07200311704127
"HBII-52-43_x_st",0.942952656375811,1.07200311704127,0.950668057062392,0.950668057062392,0.950668057062392,1.29574269096221,1.10055964421233,0.788159007338707,0.901574168247463
"HBII-52-44_x_st",0.829743157525083,1.28144017926038,1.03143649322647,1.03143649322647,1.17033148789449,1.06947241008405,0.630201099293535,0.85979830262501,0.657395316491169
"HBII-52-48_st",1.11996249633156,0.878998318983478,1.00047910180614,0.761455722775524,0.878998318983478,0.794193678258439,0.788896809026669,1.2145902736085,1.2145902736085
"HBII-52-48_x_st",1.23922316506451,1.24731321101903,0.901955831022095,1.24731321101903,1.24731321101903,1.45662713167922,1.41453325904227,1.35207835316523,1.24731321101903
"HBII-52-5_x_st",1.07200311704127,1.07200311704127,1.07200311704127,1.07200311704127,1.03912193088587,1.25977951968565,1.51862079386656,0.752195836062145,1.07200311704127
"HBII-52-6_x_st",0.788070840782377,0.836358757953178,0.863066040655122,0.877910610957957,0.836358757953178,0.836358757953178,0.955842152478603,0.836358757953178,1.05061565259932
"HBII-52-7_x_st",1.00295519329083,0.950668057062392,1.20308984738896,1.05701634675296,1.05124311046163,1.09911021938992,1.05701634675296,1.2145902736085,0.894819797635075
"HBII-52-8_x_st",0.950668057062392,1.0320961700162,0.950668057062392,0.972764158430532,0.950668057062392,0.950668057062392,0.916253150004521,1.23701449057927,0.950668057062392
"HBII-52-9_x_st",1.14870846207455,1.18928130076954,1.0790256899422,1.14870846207455,0.983456852184999,1.02670434073614,1.14870846207455,1.14870846207455,1.14870846207455
"HBII-55_st",9.40987634185314,9.35559081692593,9.86164396007814,9.58895672766978,9.36163117454649,9.48761259596129,9.26909434414964,9.29028771849819,9.54599070218732
"HBII-82_st",1.15695348061009,1.15695348061009,1.27514515017343,0.913072924553037,0.995542119582241,1.36323890415779,1.35969060137833,0.985315290008632,1.15695348061009
"HBII-82B_st",1.07200311704127,1.07200311704127,1.91833151002482,1.14870846207455,1.2309333095295,1.2159465392412,1.00256721396243,1.07200311704127,0.832577497710561
"HBII-85-1_x_st",1.10866556343929,1.17184105107312,1.28131703770146,1.44250773547319,1.13975587350545,1.96255405934971,1.20039757824418,0.95013829088486,1.32277673524165
"HBII-85-10_st",1.19895695783159,1.32699450202107,1.2890584677884,1.46572022992519,1.3122861026632,1.28131703770146,1.3122861026632,1.33167717183308,1.3122861026632
"HBII-85-10_x_st",1.2145902736085,1.55792365832046,1.39534766709762,1.2145902736085,1.63175665334978,0.870816041155936,1.03501213276274,1.2145902736085,1.35348526827652
"HBII-85-11_st",4.8188330223914,5.26232397782921,4.98508307358983,5.26810977426455,5.03679808499724,5.03679808499724,4.27978657841681,4.81590245216855,5.65415251426332
"HBII-85-11_x_st",2.31634865333505,3.25170486878363,2.6554283818534,2.7599364054232,3.02645379267746,3.14755904540474,1.95012428864777,2.39247310783476,3.40867757096264
"HBII-85-12_x_st",1.05845207547842,1.05407899030474,0.759874631959999,1.1178334115803,1.14583611207059,0.728669732329309,1.00932819252167,1.37710738598501,0.989411688769803
"HBII-85-13_st",0.986590351661344,1.09589998811832,0.805084905247123,0.85139250175072,0.984094124836792,0.963789135805096,0.984094124836792,1.07200311704127,1.11147368012169
"HBII-85-13_x_st",1.17805745088986,1.44389399773486,1.52254149645625,1.23008611213366,1.02931555578378,1.51480006636931,1.30124175533786,1.28496380524663,1.77521203973346
"HBII-85-14_x_st",1.26148951432041,1.93234717218216,1.508064736855,1.51754258097797,1.54939465967587,1.21130836487754,1.50556167923141,1.54939465967587,1.22619568733456
"HBII-85-15_x_st",1.16969111561052,1.84553132357296,1.34234258987269,1.79027357140273,1.33139118016615,1.08705327138456,1.29848060787464,1.03893579584357,1.33139118016615
"HBII-85-16_x_st",0.984619080449097,1.07200311704127,0.821631739140983,1.73130390590254,1.07200311704127,1.25977951968565,1.07200311704127,0.82170068010525,1.07200311704127
"HBII-85-17_x_st",0.973574262519438,1.13644958623406,1.61846499407449,1.08448630521231,1.13644958623406,1.05593434238931,1.28634117338401,1.07200311704127,1.74346008804634
"HBII-85-18_x_st",0.748974721361005,1.3783342599675,1.0157379934546,0.951435578243302,1.09716610640841,1.31392235966148,1.0157379934546,0.733841421723403,0.934969557290522
"HBII-85-19_x_st",1.10866556343929,1.44389399773486,1.10866556343929,1.27086211255718,1.20144167526277,0.85161794826678,1.10866556343929,1.10866556343929,1.2006717430963
"HBII-85-2_x_st",4.49957032333827,4.73861635896959,4.40131717539041,4.70468511094948,4.83669984624422,4.35670207607366,4.3471670490237,4.41146687297613,4.84235012119566
"HBII-85-20_x_st",0.977375339764336,1.03879333243852,0.871898454728546,1.24963280088482,1.0842816941211,1.0842816941211,0.843327539591529,1.23035519475709,1.08743625176693
"HBII-85-21_x_st",1.39916499092827,1.29016850785858,1.14995193642333,1.77917997411674,1.83941892756706,1.58754026325822,1.27949863786626,1.36688267445844,1.29602543705933
"HBII-85-22_x_st",0.991667032456376,1.29602543705933,1.19424628841548,1.29602543705933,1.29602543705933,1.29602543705933,0.700109246070745,1.39180610774273,1.64217525861767
"HBII-85-23_x_st",2.83165675138746,2.79428610943945,2.96194141031675,2.96194141031675,2.9644719901511,2.62456332663111,2.96194141031675,3.64834386627958,3.68466892361498
"HBII-85-24_x_st",0.814173682752704,1.44389399773486,1.15695348061009,1.34937652794068,1.15695348061009,1.15695348061009,1.32417352863333,1.2145902736085,0.950668057062392
"HBII-85-25_s_st",1.06763037991976,1.26680979447272,1.20455962690147,1.66160422337553,0.869381201119578,1.05188837917385,1.03500771124869,1.27904852692279,1.24287714432859
"HBII-85-26_s_st",0.969588400993025,1.03137705161701,1.45358510964789,0.983458347524515,0.933838337690908,1.16002430485056,0.822631817219782,1.04863693935664,1.25808933531937
"HBII-85-26_st",6.37715543462784,8.46359822328579,7.85356506284783,8.22075735939223,8.48337671128328,8.58815739558385,7.94942976375822,8.42237448037354,7.61129740972598
"HBII-85-26_x_st",0.709353195763395,1.84733514386221,1.02927216929193,1.43422206917049,1.25991911157971,1.28131703770146,0.937753814166727,1.17496874801089,1.10948302122267
"HBII-85-27_x_st",1.4388985395875,1.18631241615048,1.04906593482887,1.36166946937468,0.950668057062392,0.931523338620915,1.09168463887355,1.09168463887355,1.03288200721042
"HBII-85-28_st",1.34430992252738,1.07200311704127,0.723823159653979,1.00455477663463,1.02902422619774,1.36421090181705,1.06026920387993,0.86192373057652,0.869239944108582
"HBII-85-29_st",3.17097322637051,4.60716932374645,4.11705066716758,5.2555623380189,4.57856965705873,4.11705066716758,4.11705066716758,2.99766094787633,3.99270747548254
"HBII-85-29_x_st",3.44707839934645,3.67775735675888,3.73986589666662,4.29813961903557,4.03452149226721,4.00553585305797,3.73986589666662,3.15978495872855,3.92304239314239
"HBII-85-3_x_st",1.30801446738205,1.54206642011843,1.26950035553057,1.69291559497176,1.40079057920553,1.3602078818629,1.3191881312058,1.40079057920553,1.31443101239515
"HBII-85-4_x_st",2.26005158294509,2.10261951095455,1.83798381981823,2.01033166085215,1.56537338110386,2.20326392515071,1.52854073296985,2.04038680595207,2.12706248383186
"HBII-85-5_x_st",1.43414007260639,0.950668057062392,1.64953635797491,1.87216242205381,1.39125329363926,1.8365637308959,2.17681781018628,1.79560985861091,1.64953635797491
"HBII-85-6_x_st",5.91507805100169,7.73153601892631,7.31713749129537,7.57106093171057,7.89392419878483,8.00470366047364,7.09562901402542,7.50532725343773,7.14560178480602
"HBII-85-7_x_st",1.13267627533842,0.958996406869194,0.84145381066124,1.29982291413299,1.23159547666829,1.05894400240612,0.869239944108582,0.772017907582401,1.17325330151534
"HBII-85-8_x_st",4.89162111159435,5.73718582710504,5.71110861048779,6.15522132039568,5.71402946514198,5.59972016603276,5.67558916905628,5.71402946514198,5.71402946514198
"HBII-85-9_x_st",1.36369476556043,1.0336349086168,1.06034219131875,1.85347836650435,1.26927926770489,1.63492272523279,0.9324447392102,1.2145902736085,1.39794789375992
"HBII-95_st",1.09433210135794,1.52301924838283,2.02701791736432,1.25843030454997,0.950668057062392,1.4601234310347,1.29602543705933,1.12438724645787,1.12880538903609
"HBII-95_x_st",1.23922316506451,0.774962584384455,1.4090751413614,1.03143649322647,1.21330898007998,1.4485370857247,1.27777458703271,1.60857725104356,1.23922316506451
"HBII-95B_st",1.01929603460556,0.73641116241625,1.12743143026132,1.2648223507514,1.10072414755937,1.2040239273642,1.01929603460556,0.978589271165698,1.2040239273642
"HBII-99_st",6.92991457647535,7.29336248593083,7.54425975402099,7.36479884525597,7.13947091016319,7.32720196370279,6.84422422329719,7.21182978304855,7.5536574146713
"HBII-99B_s_st",1.80530732448177,1.89808343630525,2.05864826504862,1.89808343630525,1.84668530378809,2.10073285224882,1.24684435633841,1.89808343630525,1.97005673929157
"hbv-miR-B20_st",7.15161249240341,5.64338220999573,4.95658746556495,5.82564217816132,6.18778070082613,6.57721960286834,6.00056666712078,7.26658863376718,6.64309426378335
"hbv-miR-B2RC_st",5.47171447550065,3.90896554931547,4.26597715200299,4.0023059298066,4.15435003278833,4.44536524562176,4.64027256033407,5.67377388599762,5.09180822388015
"hbv-miR-B4_st",8.56030278876313,7.86493314451179,7.69407746021099,7.93245697196868,8.00611718040581,8.08071610194594,8.22145109668645,8.76317179387059,8.18865246986615
"hcmv-miR-UL112_st",1.1183919215755,1.23291185843108,0.977375339764336,1.14870846207455,1.27270121593995,1.14870846207455,1.10055964421233,1.01466540398244,1.33841252037209
"hcmv-miR-UL148D_st",2.10874873238724,0.950668057062392,1.02100589742588,1.89246013923554,1.68268715093672,1.40332115903987,1.40332115903987,1.84723491762685,1.44695171670142
"hcmv-miR-UL22A-star_st",0.857891945238911,0.817839275370059,0.759638797291049,1.04236017238398,0.950668057062392,0.950668057062392,1.35969060137833,1.07200311704127,0.965654827350699
"hcmv-miR-UL22A_st",0.863284020470219,0.843372335081845,0.893916708695839,0.948137477228043,0.950668057062392,1.05701634675296,0.977375339764336,0.679092732603802,1.21141001350289
"hcmv-miR-UL36-star_st",0.883337223955803,0.836358757953178,0.891582242491345,0.464009115660846,0.671754931176332,1.13794992092113,1.20050723974926,0.938518203269929,0.759638797291049
"hcmv-miR-UL36_st",1.07348844604353,1.24261554759269,0.736411162416249,1.36435723531346,1.08700541956469,0.884651545198913,1.10354359114346,1.10354359114346,1.2521476716138
"hcmv-miR-UL70-3p_st",9.03419876636432,8.34038938260908,8.15892995625954,8.41899068154939,9.14771539683312,8.96418606904618,8.71253259761613,9.47574472630204,8.99200999242307
"hcmv-miR-UL70-5p_st",0.970351555365564,1.29367996785431,2.07579043694776,1.31295693506839,1.40332115903987,1.54704919047085,1.38514865412464,1.10670146856752,1.36275453522507
"hcmv-miR-US25-1-star_st",0.977375339764336,1.05880345271815,0.657568058785211,0.869788144998314,1.37305582932396,0.836805127985063,0.977375339764336,0.977375339764336,0.977375339764336
"hcmv-miR-US25-1_st",1.2006717430963,1.48761226022107,1.49261854890761,1.50090267808949,0.950668057062392,1.2187456790368,1.06938151942134,1.2006717430963,1.1867532125841
"hcmv-miR-US25-2-3p_st",1.0908816163843,1.13459987887051,0.924015378068016,1.26442616437186,1.0908816163843,1.18365772820778,1.21036501090972,1.01201953760632,1.01023632177914
"hcmv-miR-US25-2-5p_st",1.39075613253439,1.53682963317039,1.24185509333816,1.91850889048144,1.53682963317039,1.28131703770146,1.93755926214229,1.36432868162299,1.7868333192043
"hcmv-miR-US33-3p_st",0.786569853870359,0.836358757953178,1.53279556378678,0.950668057062392,0.836358757953178,1.05701634675296,0.950668057062392,0.950668057062392,1.10959824955062
"hcmv-miR-US33-5p_st",1.47824044198655,1.3252142641412,1.05229462271102,0.880405012733694,1.82048753878116,1.69721012954771,1.43460988432501,1.43460988432501,1.43382582490376
"hcmv-miR-US4_st",3.55013904563088,3.55013904563088,2.14989350266167,4.17299908050267,4.23053805331495,3.55013904563088,4.10077268615591,3.46032056563785,3.42333344598173
"hcmv-miR-US5-1_st",1.05049227963313,1.07200311704127,1.40332115903987,1.2145902736085,1.2145902736085,1.2145902736085,1.23922316506451,1.2145902736085,1.50891931318467
"hcmv-miR-US5-2_st",0.821230359064878,1.03143649322647,0.94667826353188,1.03143649322647,0.821230359064878,1.1081564538886,0.810501610132795,1.07200311704127,1.05466412810127
"hiv1-miR-H1_st",6.11005993218807,5.03200185120585,5.04345661629648,5.61138169138063,5.27738633467871,5.62593874121919,5.90949379261395,6.14393131907304,5.8955111881113
"hiv1-miR-N367_st",0.780730277044234,0.849937450865922,0.706140306051458,0.893916708695839,1.15695348061009,0.893916708695839,1.10030882876621,0.893916708695839,0.908903478984146
"hiv1-miR-TAR-3p_st",1.39648579646347,1.03210322051322,0.950668057062392,0.906688799232475,0.950668057062392,0.906688799232475,0.869239944108582,0.950668057062392,1.17469037708045
"hiv1-miR-TAR-5p_st",1.10866556343929,0.842532661406638,0.869239944108582,1.02841602143616,0.869239944108582,0.841798857857437,0.869239944108582,0.856539563307552,0.869239944108582
"hma-miR-2022_st",1.39219439219445,1.30942342852618,2.439166235033,1.88695666945982,2.104864271009,2.15784265675704,1.88695666945982,1.88695666945982,1.2848986702139
"hma-miR-2030_st",1.21079504226787,1.21079504226787,0.893916708695839,1.0648448098821,1.21079504226787,1.95936646449439,1.23935156943893,1.15346615077562,1.30357115409135
"hma-miR-3002_st",0.950668057062392,0.950668057062392,1.32255893775598,0.881544906076527,0.722368828748953,0.919698992100651,0.850555958178426,0.970059126232274,1.00747032905721
"hma-miR-3003a-3p_st",0.857891945238911,0.950668057062392,1.24185509333816,1.0847111151545,0.91400561066437,0.899018840376063,0.856040279785458,0.950668057062392,0.870955919903263
"hma-miR-3003a-5p_st",0.666787138487149,1.15627792012443,1.00874067559945,0.9711455430901,0.682590435087985,1.28131703770146,1.12103713024004,0.9711455430901,0.9711455430901
"hma-miR-3003b-3p_st",0.977375339764336,1.13630553225257,0.900661173164477,1.27117062884049,0.73641116241625,1.05701634675296,1.195085565405,0.977375339764336,0.734153085125776
"hma-miR-3003b-5p_st",1.42045143433925,0.953639548367837,0.82417330623668,0.913072924553037,0.646309652459441,0.839330249258623,0.913072924553037,1.40079057920553,0.913072924553037
"hma-miR-3004_st",1.33268788345735,0.89522185911448,1.09326226412664,1.09326226412664,1.05282150145522,1.28103866677102,1.09326226412664,1.37823075943065,0.869239944108582
"hma-miR-3005_st",0.977375339764336,1.2006717430963,1.0311658658666,1.11783543390839,1.14870846207455,1.32034665267601,1.14870846207455,1.14870846207455,1.23014362552538
"hma-miR-3006_st",1.54492966335948,1.46599580877237,0.881565931398331,1.15713044239131,1.17402131572091,1.29602543705933,1.50355117523114,1.2145902736085,1.29602543705933
"hma-miR-3007-3p_st",0.913072924553037,0.956791187039245,0.650036152638783,0.913072924553037,1.23366764720995,0.913072924553037,0.940514010804183,0.855744033060791,0.779780433292181
"hma-miR-3007-5p_st",0.665147785272837,1.13166644324336,0.958374720505162,1.08856302471403,0.646309652459441,0.875655436415054,1.15273409701729,0.889441548599809,1.00650888738457
"hma-miR-3008_st",1.50385562767408,1.57329153075292,1.17728749226332,1.75990869433164,1.57329153075292,1.57329153075292,1.66160422337553,1.51518862856393,1.57329153075292
"hma-miR-3009_st",1.17157288745523,0.883017779453111,0.883017779453111,0.845984770945248,0.765216334781169,0.883017779453111,0.992618926270644,0.913072924553037,0.883017779453111
"hma-miR-3010_st",0.881954011547533,1.13912931068105,1.07200311704127,1.38595357640262,1.07453369687562,1.07200311704127,1.07200311704127,1.07200311704127,1.07200311704127
"hma-miR-3011_st",1.07200311704127,1.29602543705933,1.07200311704127,1.03440798453192,0.857746222395128,1.05701634675296,1.07200311704127,1.07200311704127,1.07200311704127
"hma-miR-3012a_st",0.970653235421145,0.836358757953178,0.836358757953178,0.798763625443823,0.957693817932056,0.724741063173079,0.748974721361005,0.836358757953178,1.14071716255613
"hma-miR-3012b_st",0.884572454705336,1.14006260728049,1.10718142112508,1.14870846207455,1.15695348061009,1.15695348061009,1.28063281905976,1.02664744637173,1.14006260728049
"hma-miR-3013_st",0.730881872917388,1.02333725723997,0.809651475251233,0.761954390813326,0.786423840376434,0.836358757953178,0.836358757953178,1.05543319920859,0.950668057062392
"hma-miR-3014_st",0.87034960109332,1.29602543705933,1.26918913449423,1.46930797060346,1.56384473009482,1.14971559299017,0.977375339764337,1.40079057920553,1.23252668809621
"hp_hsa-let-7a-1_st",2.32500179064452,2.21307559062637,3.36657497177435,2.57085797686037,1.45780232805462,1.79926812031789,2.04310521891332,1.72873041701531,2.47193979309417
"hp_hsa-let-7a-1_x_st",0.977375339764336,1.66447197299066,1.39818882715147,1.17223806371201,1.28131703770146,1.85333635761299,1.23768648003991,1.28131703770146,1.23768648003991
"hp_hsa-let-7a-2_st",1.10055964421233,0.850188266312048,1.14113248290732,1.10055964421233,0.972860524371341,1.28833604685672,1.10055964421233,1.10055964421233,1.15736191620716
"hp_hsa-let-7a-2_x_st",1.21613824720106,1.68076421451468,1.25216301065798,1.26442616437186,1.26442616437186,1.24943939408355,1.58014015173108,1.26442616437186,1.26442616437186
"hp_hsa-let-7a-3_st",1.10055964421233,1.10055964421233,1.32486033516083,0.742052870656294,1.24916372468268,1.06093811861473,1.10055964421233,1.07200311704127,1.19256582386934
"hp_hsa-let-7b_st",1.17915364760932,1.29602543705933,1.44389399773486,1.22889924341955,1.1673568110043,1.29602543705933,1.35969060137833,0.880361337504277,1.30937030280825
"hp_hsa-let-7b_x_st",0.9040454396348,1.29015092301183,1.1017388968557,0.901549212810248,1.40450041168324,1.28131703770146,1.08049552225666,1.03743648164441,0.910472315794503
"hp_hsa-let-7c_st",1.2006717430963,1.2006717430963,0.869239944108582,1.03143649322647,1.406957166644,1.53132072373537,1.23922316506451,1.16307661058695,1.2006717430963
"hp_hsa-let-7c_x_st",1.01657856124093,1.2006717430963,0.889749333162633,1.39871214810846,1.15695348061009,1.05701634675296,1.22737902579824,0.920898156839086,0.993033174220129
"hp_hsa-let-7d_st",1.18890269984944,1.83861848444932,1.33822804779396,1.37895180534318,1.66887702843303,1.15695348061009,1.60238445333959,1.17075522580289,1.59156282020908
"hp_hsa-let-7d_x_st",1.40332115903987,1.56257434888567,1.40493323747987,1.49560202527043,1.40493323747987,1.08433851482295,1.35969060137833,1.55100673811586,1.65130091590965
"hp_hsa-let-7e_st",1.5310369597944,1.62500944144623,0.965122998627021,1.52854073296985,0.983904389134439,1.29644104062563,1.54545601678681,1.0141929082901,1.51937133227477
"hp_hsa-let-7f-1_st",0.977094752089884,1.28026491173115,1.14119295528192,1.52148014095598,1.28979703575226,1.05701634675296,0.940147917581746,1.14119295528192,1.14119295528192
"hp_hsa-let-7f-1_x_st",1.35969060137833,1.56436143404868,1.17095971594695,1.14870846207455,1.54939465967587,1.37658147470793,1.35969060137833,1.40079057920553,1.35969060137833
"hp_hsa-let-7f-2_st",1.27276355741466,0.967648981628133,1.12564648800503,1.27023297758031,1.15695348061009,1.35254611949635,1.06232570333316,0.851931656372474,0.955231436177303
"hp_hsa-let-7f-2_x_st",1.15695348061009,1.2006717430963,1.15695348061009,1.09107166907614,1.03561842063121,1.36626740127028,1.27721870335767,1.15695348061009,0.922117595392694
"hp_hsa-let-7g_st",1.8469686892441,1.72873041701531,1.60754306991339,1.56492112531843,1.91148476785052,1.82856674751196,1.60754306991339,1.62400909086617,1.66160422337553
"hp_hsa-let-7g_x_st",1.13281422602673,1.72873041701531,1.41270355643933,1.13281422602673,1.01133344320406,1.13281422602673,1.1070017541583,1.34692539782908,1.17040935853608
"hp_hsa-let-7i_st",1.0914064818756,1.13483770378076,1.06687532403059,1.14358949063045,1.14658746118972,1.14658746118972,1.23922316506451,1.14658746118972,1.28565941763896
"hp_hsa-mir-1-1_st",1.19400723837968,1.14973234839723,1.07200311704127,0.821631739140983,1.07200311704127,1.15695348061009,0.849072825392129,1.07200311704127,0.964707395060723
"hp_hsa-mir-1-1_x_st",0.9245166576458,0.901330338073761,1.0410187398145,0.994403484718607,1.12596910338332,1.97771248174694,1.04400005217123,0.913072924553037,0.923301097570716
"hp_hsa-mir-1-2_st",1.18040000937393,1.27449224977359,1.33205020051625,1.48844848438991,1.29602543705933,1.29602543705933,1.29602543705933,1.30994396757153,1.29602543705933
"hp_hsa-mir-1-2_x_st",0.895947226810527,0.869239944108582,1.05407869069378,0.869239944108582,0.657657651329112,0.869239944108582,0.667546608407195,0.934309880500792,0.869239944108582
"hp_hsa-mir-100_st",1.05701634675296,1.01954589547504,0.749625698685663,1.10286327924893,1.09461147926232,0.935369286946085,1.35969060137833,1.05701634675296,1.05701634675296
"hp_hsa-mir-100_x_st",1.07200311704127,1.10287614520743,1.07200311704127,1.00770070182997,1.04529583433933,0.995187119583564,1.10055964421233,0.922856404740475,1.07200311704127
"hp_hsa-mir-101-1_st",0.977375339764336,1.20087368141219,0.977375339764336,1.00383120309042,0.896244782624413,0.977375339764336,1.10259491369431,0.913072924553037,0.872645609699647
"hp_hsa-mir-101-1_x_st",1.10866556343929,1.16400929669828,0.909494067317585,0.913072924553037,1.40265209768034,1.12328610578349,0.872461058809722,0.90036492643981,1.07200311704127
"hp_hsa-mir-101-2_st",0.995302147019603,0.73641116241625,1.04125738125478,1.03534504565486,0.958639700621582,0.941152961714062,0.987196227792646,0.732389181708269,1.15194296074098
"hp_hsa-mir-101-2_x_st",1.07200311704127,1.07200311704127,1.16292998439563,0.805485729787015,1.03912193088587,0.950668057062392,1.1914865115667,1.2145902736085,1.07200311704127
"hp_hsa-mir-103-1-as_s_st",1.12164257177353,1.49353345246712,1.12164257177353,0.857053627940675,1.07200311704127,1.12164257177353,1.10055964421233,1.12164257177353,1.38972019374794
"hp_hsa-mir-103-1_s_st",0.933908471002704,0.73641116241625,1.0020110547846,0.843080862296369,1.56891585624472,1.08696141835342,0.748974721361005,0.991803634477033,1.23826687560565
"hp_hsa-mir-103-2-as_s_st",1.07200311704127,0.740203626187174,1.42719097167323,1.33901391854782,0.950668057062392,0.91400561066437,1.07200311704127,0.957334661236768,1.19333817702015
"hp_hsa-mir-103-2_s_st",0.908275673410869,0.872015467312941,1.93583405204137,1.5175730654765,1.20381495816704,1.31016324785761,1.03541533118979,0.913072924553037,1.12238684521323
"hp_hsa-mir-105-1_s_st",0.951737894293692,1.07200311704127,1.1487230777034,0.898142018450168,1.07200311704127,1.13686836265942,0.951737894293692,1.40079057920553,1.10146326074982
"hp_hsa-mir-105-2_s_st",0.984520840118771,0.984520840118771,0.943954216303971,0.913072924553037,1.58324744273225,0.865047298614706,0.9501059330609,0.984520840118771,1.55148324120547
"hp_hsa-mir-106a_st",0.897910108495393,0.908574184425437,0.908574184425437,0.877701156259275,0.950668057062392,0.908574184425437,0.908574184425437,0.736073232878044,0.908574184425437
"hp_hsa-mir-106a_x_st",0.900536259890264,1.02681016871227,1.07200311704127,0.776441268186819,1.02978166001772,1.01479488972941,0.935153882740786,0.98921503620292,0.98921503620292
"hp_hsa-mir-106b_st",1.60274689949965,1.57329153075292,1.50047732660631,1.6656537818577,1.59271753447287,1.95054384692331,1.70811372419304,1.60274689949965,1.60274689949965
"hp_hsa-mir-107_st",1.09164087388212,1.10220639358771,0.783389628418875,1.34856586459663,0.866562034499616,0.610825322725589,1.17910063432038,0.631447575278543,1.00112617089216
"hp_hsa-mir-107_x_st",1.40712673866031,1.07200311704127,0.954078352044552,0.976649423078243,1.01721604689304,0.732080027311469,0.872650239090743,0.990567953590441,0.967144832189891
"hp_hsa-mir-10a_st",0.893916708695839,0.989270402658866,0.893916708695839,0.776374112487884,0.893916708695839,0.763810553543129,1.01418193144342,1.0133902501999,0.812488595742029
"hp_hsa-mir-10b_st",1.18469161598443,1.2006717430963,1.06627450060819,1.03143649322647,0.938323937554648,1.03339331445278,1.06627450060819,0.853373573985826,0.83074389850921
"hp_hsa-mir-1178_st",1.15695348061009,1.22342261128876,1.15695348061009,1.00571030741378,1.15695348061009,1.15695348061009,1.18551000778116,1.13841193049985,0.747798187607035
"hp_hsa-mir-1179_st",1.40332115903987,1.00126404590397,1.6927165159635,1.08203248206805,1.07200311704127,1.48270981133479,1.02797132860592,1.15670293216636,1.00532713703477
"hp_hsa-mir-1180_st",2.22885441238026,2.32348218965719,2.32348218965719,2.46921405208873,2.64403371972982,2.44182284868476,2.20285606256089,2.41937816132537,2.20214712967831
"hp_hsa-mir-1181_st",1.53196834980669,1.87389811296679,1.14797858562749,1.52854073296985,1.9808715171436,1.43772884594285,1.59790250901393,1.74265190477221,1.52854073296985
"hp_hsa-mir-1182_st",1.59947344558426,1.56281099918624,1.52224437537144,1.53547592683893,1.37296687711525,1.99220298306146,1.48325757452682,2.04020254182083,1.7868333192043
"hp_hsa-mir-1183_st",1.22506275972687,0.971430949446819,0.88132943949001,0.913072924553037,0.823692646491604,0.971430949446819,1.20129731901193,1.04814511604668,1.0916961721944
"hp_hsa-mir-1184-1_s_st",0.820110455437177,1.00747032905721,0.825151069678769,0.805485729787015,1.15744889176614,1.32806505171413,0.950668057062392,0.944159250510399,0.950668057062392
"hp_hsa-mir-1184-2_s_st",1.32754615904958,1.12963991003968,1.07200311704127,1.35720047833689,1.2145902736085,1.2145902736085,1.24314680077956,1.2145902736085,0.950668057062392
"hp_hsa-mir-1184-3_s_st",1.30828948980053,1.2566402731142,1.28131703770146,0.911565639214382,1.38435081175348,1.2566402731142,1.2566402731142,1.2566402731142,1.08490037171963
"hp_hsa-mir-1185-1_s_st",1.17210082795928,1.2412383669111,1.3705237193932,1.33373523350197,1.2006717430963,0.965027384008208,1.2006717430963,1.2006717430963,1.2006717430963
"hp_hsa-mir-1185-2_s_st",1.25855715058924,1.10055964421233,0.972055521504342,1.4143177515218,1.07200311704127,0.986250345103121,1.10055964421233,1.55068216635547,1.00618554093331
"hp_hsa-mir-1193_st",1.08989753290837,0.836528310291828,0.960214236774205,1.09407891473333,1.57998589975419,1.05701634675296,1.21511710683834,1.26923329024781,1.08989753290837
"hp_hsa-mir-1197_st",1.0540895063642,0.913072924553037,0.816195935223053,0.913072924553037,1.00770070182997,0.691074599819954,0.913072924553037,1.07200311704127,0.913072924553037
"hp_hsa-mir-1200_st",1.23922316506451,1.07200311704127,1.15695348061009,1.16090273535763,1.16376023880712,1.07200311704127,0.735009776699235,1.01640042167435,1.00618120875017
"hp_hsa-mir-1201_s_st",3.31954382461148,3.62670906793736,3.30781181000354,3.31954382461148,3.31954382461148,3.17347032397548,3.35202732051765,3.14790563401001,3.31954382461148
"hp_hsa-mir-1202_st",1.40332115903987,1.23956845005523,1.18281710168868,1.45983216746588,1.9290548293665,1.40332115903987,1.5351164853936,1.42844036624263,1.40332115903987
"hp_hsa-mir-1203_st",1.24278007802952,1.2145902736085,1.2145902736085,1.14264825916811,1.07357369179734,1.17087201112229,1.37360913189053,1.33740785530645,0.773557327803247
"hp_hsa-mir-1204_st",1.07200311704127,1.04456203079012,1.07200311704127,0.949330858981977,1.07200311704127,1.04456203079012,1.19722269097125,1.17258979951524,0.8656109969709
"hp_hsa-mir-1205_st",1.03293774151681,0.792670550685492,0.865717693493569,0.950668057062392,0.950668057062392,0.950668057062392,0.762891654418011,0.801521344761597,0.880985284930042
"hp_hsa-mir-1206_st",0.977375339764336,0.955842152478603,0.726347855498745,0.955842152478603,1.16995332428096,0.661637794133861,0.846924928600696,1.1914865115667,0.879122191816474
"hp_hsa-mir-1207_st",1.68482665960996,1.17604098063485,1.42375660456209,1.14870846207455,1.36619865381943,1.38558972298932,0.884022986202021,1.21865968467954,1.36619865381943
"hp_hsa-mir-1208_st",1.67416504922325,2.01033166085215,1.1514778902291,1.67923064817614,1.60085708449928,1.62159385517774,1.67923064817614,1.67923064817614,2.12006158974317
"hp_hsa-mir-122_st",1.18144270008495,1.07200311704127,1.07200311704127,1.03143649322647,0.719086789105097,0.833396088214311,0.983287675364254,0.795800955704956,1.0590734919798
"hp_hsa-mir-1224_st",6.74121451204573,6.42033310283087,5.88080163522869,6.38300786632162,6.5735959107068,6.4400783359982,6.51075802008595,6.73595706256734,6.35643581973075
"hp_hsa-mir-1225_st",1.23303481085693,1.15695348061009,1.04264418150088,1.34135667283382,1.4882715226087,1.15695348061009,1.06168845244086,0.774000968103803,1.15695348061009
"hp_hsa-mir-1226_st",1.73502875959279,1.61439150858012,1.46904975036727,1.45498565904297,1.28131703770146,1.24705142563419,1.40079057920553,1.23363289114304,1.40079057920553
"hp_hsa-mir-1227_st",1.84863159629651,1.86361836658482,1.36904722852305,1.66160422337553,1.73701888327717,1.84863159629651,2.53577115711782,1.97144917799446,1.63956143969663
"hp_hsa-mir-1228_st",3.04820639450987,2.01033166085215,2.65070716504342,2.28580729547043,2.64403371972982,2.28326441539425,2.79430819242076,2.04479732591184,2.33777057649218
"hp_hsa-mir-1229_st",1.70739216605277,1.1644318052217,1.54857223925142,1.65407290119242,1.85463301381496,1.54939465967587,1.73456992228097,1.48685285316919,1.65407290119242
"hp_hsa-mir-1231_st",1.40332115903987,1.10485561490932,0.836358757953178,1.26932132902368,1.28131703770146,1.30988795283848,1.38826151651534,1.57796557481288,1.30988795283848
"hp_hsa-mir-1234_st",1.68268715093672,1.12428771046847,0.888643351380377,1.12175713063412,1.41200124696998,1.06569643468307,1.12428771046847,1.12428771046847,1.62829821823368
"hp_hsa-mir-1236_st",1.10866556343929,1.10866556343929,1.79509104562302,1.00107836867327,1.10866556343929,1.19361592700811,1.01403778616236,1.05133667194705,1.1523838259255
"hp_hsa-mir-1237_st",1.26442616437186,1.62312742151628,1.20602986412373,1.26442616437186,0.99766289227826,1.44391387020462,1.26442616437186,1.74175657027753,1.12183900780463
"hp_hsa-mir-1238_st",1.40332115903987,1.44389399773486,0.836358757953178,1.2560041840551,1.97734274653731,1.59109756168426,1.66413480320987,1.40332115903987,1.32876674350009
"hp_hsa-mir-124-1_s_st",1.12899254154185,0.821218051664873,1.03143649322647,1.16507626368612,0.782152896547671,1.07200311704127,1.07200311704127,1.36620747538601,1.16608863927679
"hp_hsa-mir-124-1_st",0.913072924553037,1.07200311704127,0.641428001088583,1.03143649322647,0.734063704963368,0.913072924553037,0.961235282067709,0.913072924553037,0.804937528897283
"hp_hsa-mir-124-1_x_st",1.28399920317592,1.01856557626472,1.23860400410426,1.06671439412694,0.851345528241485,0.836358757953178,1.01856557626472,0.990009049093656,0.937137463310911
"hp_hsa-mir-124-2_s_st",1.10866556343929,1.08010903626823,1.17454737497324,1.27253208359881,0.853952652316325,1.40332115903987,0.977375339764336,1.26410444970168,1.10866556343929
"hp_hsa-mir-124-2_st",0.977375339764336,0.977375339764336,0.977375339764336,0.882273756611303,0.977375339764336,0.89900177608747,0.977375339764336,1.02120832020879,1.16839509454742
"hp_hsa-mir-124-2_x_st",0.878763002300637,0.86449809628751,0.870027385786372,1.23366764720995,1.15695348061009,1.15695348061009,1.27721870335767,1.49254543523511,1.15695348061009
"hp_hsa-mir-124-3_s_st",0.950668057062392,1.0320961700162,0.783389628418875,0.700296679162105,0.950668057062392,0.868398372607978,0.812004536210221,1.40079057920553,1.37550800747825
"hp_hsa-mir-124-3_x_st",1.31593733166437,1.09240868189248,0.893916708695839,0.87195554142867,1.11583609748573,0.913072924553037,0.913072924553037,0.72558620489374,0.803471777735504
"hp_hsa-mir-1243_st",0.972201244348125,0.950668057062392,0.950668057062392,0.686079113229535,1.06497735617161,1.09461147926232,1.27997199539219,0.950668057062392,0.762075627726761
"hp_hsa-mir-1244-1_s_st",0.99547400580898,0.949934253513191,0.834007940107271,0.977375339764336,0.903890987434607,1.19803292856412,0.977375339764336,0.977375339764336,0.907692567631987
"hp_hsa-mir-1244-2_s_st",0.807414173208413,1.07200311704127,0.794850614263658,0.677308018055704,0.966344365696646,0.951357595408339,0.64331597001638,0.807414173208413,0.927679395955991
"hp_hsa-mir-1244-3_s_st",1.06512226597992,1.05701634675296,1.24185509333816,1.01942121424361,0.854279225984729,1.38766532739203,1.08372362945491,1.19893444196066,0.776981293496579
"hp_hsa-mir-1245_st",0.727078088623519,1.03143649322647,1.15277155320535,1.03143649322647,1.03944240837374,0.917127194117256,1.17245307503763,1.04947177340052,0.992885071258264
"hp_hsa-mir-1246_st",1.04278375190534,1.11204601567653,1.14870846207455,1.14870846207455,1.14870846207455,1.46018456806549,1.1754157447765,1.2568949237077,1.23014362552538
"hp_hsa-mir-1247_st",1.22374301819412,1.62337924848929,1.26205222253501,1.5895214646369,1.07200311704127,1.79576233810565,1.17466818594283,1.40332115903987,1.71389900911788
"hp_hsa-mir-1248_s_st",1.07200311704127,1.03912193088587,0.911841816788634,1.11583609748573,1.03912193088587,1.51273221327785,1.16221319468892,1.00770070182997,1.07200311704127
"hp_hsa-mir-1249_st",0.897401173314676,1.31012650420332,1.4157928685968,1.09652557482873,0.875867986028942,1.09652557482873,1.0168845678401,1.09652557482873,1.2006717430963
"hp_hsa-mir-1250_st",1.09412283729468,1.2145902736085,1.2145902736085,1.2145902736085,1.40332115903987,1.2145902736085,1.23922316506451,1.17792782721048,1.14102693523046
"hp_hsa-mir-1251_st",0.857891945238911,1.2006717430963,1.09674155769838,0.711941712853142,1.00799694855464,0.950668057062392,0.906835076617937,0.950668057062392,0.827490765423115
"hp_hsa-mir-1252_st",0.977375339764336,1.06328283523637,1.22688172379757,1.52854073296985,1.07200311704127,1.38834778949927,0.977375339764336,1.30921805088543,0.854266574567982
"hp_hsa-mir-1252_x_st",0.870309781339883,0.915075113887375,0.957693817932056,1.03143649322647,1.07200311704127,1.12933200853352,0.881657780209554,0.957693817932056,0.957693817932056
"hp_hsa-mir-1253_st",0.850133747394939,1.29602543705933,1.51853197154562,1.2145902736085,1.32889957271771,1.09325521362962,0.969617141920364,1.2145902736085,1.55120920207798
"hp_hsa-mir-1253_x_st",1.05460440997716,0.977375339764336,0.783389628418875,0.977375339764336,1.09871039974321,1.42521635685532,1.00408262246628,0.724309036209067,0.895947226810527
"hp_hsa-mir-1254_st",0.98851301010913,1.21180941344109,1.70033498545099,1.23929807548553,1.36481506286915,1.05701634675296,1.27457573860038,1.21180941344109,1.36041349391144
"hp_hsa-mir-1255a_st",1.10076421136658,0.73641116241625,1.10076421136658,0.970658056213875,1.00460794901701,0.977166862765867,1.10076421136658,1.01463731404379,1.08684568085439
"hp_hsa-mir-1255a_x_st",0.748974721361005,1.07200311704127,1.32987395771822,1.5329355973205,0.845851710690989,1.15695348061009,1.06878200234013,1.07200311704127,1.07200311704127
"hp_hsa-mir-1255b-1_st",0.875983309424735,1.31411680124515,1.48350412690537,0.903635757678962,1.15695348061009,1.04881808495434,1.07552536765628,1.2145902736085,0.782912303874792
"hp_hsa-mir-1255b-2_st",0.799636947338677,1.06903591566835,0.632635010660636,0.9038769889939,0.917312445531746,0.881545627295278,0.987043505778991,0.903404758538382,1.09512412837584
"hp_hsa-mir-1256_st",0.913072924553037,0.913072924553037,0.856321576186484,0.913072924553037,0.880191738397633,1.2383815935639,0.79280770180546,0.956905904997492,0.950668057062392
"hp_hsa-mir-1257_st",1.42816034381262,1.04149862993522,0.994375347969787,1.03143649322647,1.27016283743572,1.57292435226326,1.27016283743572,1.4742036098912,1.27016283743572
"hp_hsa-mir-1258_s_st",0.977375339764336,0.783882662156438,1.45731591706108,1.00310320456298,0.892869766379188,1.63913175722703,1.32896026261567,0.884739635889552,1.04289908944827
"hp_hsa-mir-1258_x_st",1.21459266600767,1.10729694402712,1.19224730759594,0.755829193204043,1.14489207653648,1.10729694402712,1.14017813018253,1.10729694402712,1.07200311704127
"hp_hsa-mir-1259_s_st",1.8028718336972,1.88695666945982,1.88627231711845,1.84639004564502,2.104864271009,1.7836918228136,1.96952969061604,2.09609400540142,2.22782227685049
"hp_hsa-mir-125a_st",1.1435977249593,1.26117012354446,1.10055964421233,1.4033264051095,1.10055964421233,1.10055964421233,1.10055964421233,0.985672801977427,1.02383968355021
"hp_hsa-mir-125b-1_st",1.08756059221276,1.06085330951081,1.08506436538821,1.08506436538821,1.23921078335508,0.836358757953178,0.856663746984874,1.08506436538821,1.41986875145557
"hp_hsa-mir-125b-1_x_st",1.10866556343929,1.19604960003146,1.15695348061009,1.14870846207455,1.25473906407528,1.01126945708778,1.07447507027769,1.10866556343929,1.0225386661165
"hp_hsa-mir-125b-2_st",0.977375339764336,0.844546558072004,1.00205210435159,1.1754157447765,0.992362110052643,0.977375339764336,0.673433641827212,0.913072924553037,0.977375339764336
"hp_hsa-mir-125b-2_x_st",1.10514331282428,0.836358757953178,1.07200311704127,1.04113008887511,1.15343122999508,1.15695348061009,0.984619080449097,0.909550673938024,1.27828854058897
"hp_hsa-mir-126_st",1.23922316506451,1.44389399773486,0.817046044992232,1.23922316506451,1.23922316506451,1.12701360136485,1.39999345596698,1.23922316506451,1.23922316506451
"hp_hsa-mir-1260_st",1.88695666945982,1.88695666945982,1.74788471301059,1.88695666945982,2.35746271224275,1.79805705114346,2.06275715241612,1.88695666945982,1.7868333192043
"hp_hsa-mir-1260b_st",1.24642083801954,0.789691977764898,0.990958497394801,0.799930966452989,0.796092671918542,1.01034956656468,1.10055964421233,1.31058050155787,0.928921453610874
"hp_hsa-mir-1261_st",1.07200311704127,1.07200311704127,1.36442491039667,0.662898573219787,1.10959824955062,0.950668057062392,0.917856699074398,1.07200311704127,1.22061821390194
"hp_hsa-mir-1262_st",1.02622324274889,1.14923840213428,1.10866556343929,1.14870846207455,1.07200311704127,1.05701634675296,1.06503500577774,1.10866556343929,1.41542059783975
"hp_hsa-mir-1262_x_st",0.679190838614845,0.792525777508723,0.933542359319881,1.14870846207455,0.869239944108582,0.869239944108582,0.825406963664127,0.945954110708442,0.983549243217796
"hp_hsa-mir-1263_st",1.30222370624922,1.30222370624922,1.30222370624922,1.26165708243442,2.27032655009688,1.38717406981805,0.979195310568958,1.40079057920553,1.22551836121594
"hp_hsa-mir-1264_st",1.1900936763931,1.0320961700162,0.950668057062392,1.07014159856646,0.72773776541325,0.950668057062392,0.868307977192524,0.816624998970286,0.950668057062392
"hp_hsa-mir-1265_st",1.07200311704127,1.29602543705933,1.15695348061009,0.912781451767562,1.17929883902182,1.05046992975554,1.30451841295179,1.07200311704127,1.07200311704127
"hp_hsa-mir-1266_st",1.00610683196224,1.2006717430963,1.2006717430963,1.28531847833129,1.2006717430963,1.18568497280799,1.15857787045935,1.66497599573975,1.31498104220551
"hp_hsa-mir-1266_x_st",1.12545616394559,1.12545616394559,1.60284770658019,1.12073339602506,1.01114686483638,1.29140060930538,1.54531631957239,0.65633901748622,1.02819365295391
"hp_hsa-mir-1267_st",1.53387876066509,1.23922316506451,1.23922316506451,1.26442616437186,1.40992630057148,1.29561700146226,1.23922316506451,1.02990924440432,1.23922316506451
"hp_hsa-mir-1269_st",1.05701634675296,1.30702003278687,1.05701634675296,0.821014943862063,1.46499510600205,1.05701634675296,1.04635227082292,1.05701634675296,1.05701634675296
"hp_hsa-mir-1269_x_st",1.68268715093672,1.27038985127842,1.68268715093672,2.17449364021021,1.68268715093672,1.68268715093672,1.45698903855423,1.9347692680677,1.68268715093672
"hp_hsa-mir-127_st",1.42400704356451,1.36790939305012,1.09909051064114,1.66160422337553,1.40079057920553,1.40079057920553,1.09025310218957,1.93234121430247,1.40079057920553
"hp_hsa-mir-1270-1_s_st",1.17604336684863,0.941023579818057,1.63464085914363,1.11768534195484,1.27661553444308,1.28833604685672,1.10055964421233,1.14439262465679,0.964251214692857
"hp_hsa-mir-1270-2_s_st",0.786569853870359,1.2006717430963,0.950668057062392,0.950668057062392,0.950668057062392,1.15998197772258,0.983549243217796,0.913072924553037,0.803108025449131
"hp_hsa-mir-1271_st",0.841387387732733,1.47960704301473,0.978467363692167,1.03143649322647,1.03143649322647,1.03143649322647,1.60375862146002,1.26708085231456,1.06431767938187
"hp_hsa-mir-1272_st",0.963231616007147,0.950668057062392,0.856325261650383,1.17831863339709,0.552524921713624,1.08874860339077,1.05586731988193,0.963231616007147,0.856883326316575
"hp_hsa-mir-1274a_st",1.10806875171132,1.40500357266948,1.19373634690248,1.13787610700864,1.2145902736085,0.925861933399774,0.975367057284954,1.2145902736085,0.940073230299104
"hp_hsa-mir-1274b_st",1.42132393888556,1.18631241615048,1.18631241615048,0.914721928130869,1.04023891551449,0.950668057062392,1.18631241615048,1.18631241615048,1.18631241615048
"hp_hsa-mir-1274b_x_st",1.15695348061009,1.18085035168714,1.1898346667655,0.913072924553037,1.20524139778089,1.27126277971931,1.15695348061009,1.00834940013975,0.869239944108582
"hp_hsa-mir-1275_st",2.117725872028,2.48265824806816,1.52854073296985,2.2449299457895,2.08106342562997,2.0375201281706,1.94138708864171,1.91390573756749,2.30508574564803
"hp_hsa-mir-1276_st",1.48140336815266,1.20909656266654,0.821939019076707,1.10140753704268,1.20909656266654,1.0206391008786,1.35969060137833,1.02907682219959,1.02470219200939
"hp_hsa-mir-1277_st",1.32172303913421,0.965654827350699,0.824779421772879,1.07200311704127,1.07200311704127,1.07200311704127,1.07200311704127,1.07200311704127,1.18631241615048
"hp_hsa-mir-1278_st",0.906899021099577,0.880191738397633,0.913072924553037,0.913072924553037,0.913072924553037,0.885631838301892,1.02267407137057,0.913072924553037,1.00584903637652
"hp_hsa-mir-1278_x_st",0.857891945238911,1.22122477610443,0.927388109626065,1.28497919737998,0.666862685467569,0.971221090070519,1.12111267722046,1.02885788306893,0.971221090070519
"hp_hsa-mir-1279_st",1.10055964421233,1.18476304056887,1.02218608053547,1.22240612309539,0.859595466864248,1.10055964421233,1.10055964421233,1.10055964421233,0.909530384440992
"hp_hsa-mir-128-1_st",1.24968214525045,0.977375339764336,0.893916708695839,1.03143649322647,0.950668057062392,0.977375339764336,1.23922316506451,0.913072924553037,1.2006717430963
"hp_hsa-mir-128-1_x_st",1.22787516619484,1.10639438337217,1.26389992965176,1.17546895074294,1.15695348061009,1.1091170099118,1.23575824407401,1.54939465967587,1.44198633799719
"hp_hsa-mir-128-2_st",1.14923218725409,1.07200311704127,1.07200311704127,1.25336366172447,1.34309599614656,0.803925495066864,1.18421268074093,1.07200311704127,0.950668057062392
"hp_hsa-mir-128-2_x_st",0.946122835180789,1.09762051870632,0.859279688528896,1.13617194067453,1.01298763622653,1.13617194067453,1.27718852248568,1.29773935481555,1.29602543705933
"hp_hsa-mir-1280_st",2.33034889847593,1.52139707618196,1.2145902736085,2.18947852801616,1.68482778525072,1.89414170591092,1.56177232117732,1.59307066348488,1.68482778525072
"hp_hsa-mir-1281_st",1.10866556343929,0.744517081643206,1.10866556343929,0.921178843779994,1.52858889441433,1.28131703770146,1.10866556343929,0.921178843779994,1.92979520972282
"hp_hsa-mir-1282_st",1.25125272000652,1.12991766002764,1.42741106675076,1.25125272000652,1.1663023564377,1.25125272000652,1.16982460705271,1.2145902736085,1.25125272000652
"hp_hsa-mir-1283-1_x_st",1.20529560830213,0.73641116241625,1.10959824955062,1.07200311704127,1.16344182507849,0.950668057062392,1.40655110347051,0.991803634477033,1.07200311704127
"hp_hsa-mir-1283-2_x_st",1.10866556343929,1.08734259826469,1.03339331445278,1.08734259826469,1.08734259826469,0.973033299155478,1.37589770626681,1.05878607109363,1.2006717430963
"hp_hsa-mir-1284_st",1.48941166218519,1.07200311704127,1.61743233084223,1.35905394164879,1.09499600054339,0.942780904131667,0.975126127711286,1.07200311704127,1.21622601553374
"hp_hsa-mir-1285-1_x_st",1.10866556343929,1.32881654298003,1.20904964524465,1.28824370428505,1.66437755827874,1.28824370428505,1.5465267686207,1.16620453625157,1.22357640275011
"hp_hsa-mir-1285-2_st",0.894130985254002,0.867423702552057,1.34560281374431,1.17721875648511,1.08110948454079,1.19807268319113,0.712781822956444,0.883272231609894,0.890651337426857
"hp_hsa-mir-1285-2_x_st",1.09352748276043,1.07199429547469,1.09352748276043,1.14870846207455,1.03589068976202,1.09352748276043,1.21301087728585,1.09352748276043,0.941484630758207
"hp_hsa-mir-1286_st",1.034933290507,0.793969113158911,0.893916708695839,1.18894203950606,1.12956106778393,0.893916708695839,0.806532672103666,0.745312628225497,0.820353370317802
"hp_hsa-mir-1287_st",1.14481804006263,1.22783259983611,0.836358757953178,1.08051562485133,1.17712054693615,1.01559582715303,1.03236680698912,1.07200311704127,1.08051562485133
"hp_hsa-mir-1288_st",1.15940929429437,1.22957704389681,1.36245883428403,1.2145902736085,1.2145902736085,1.10028097449928,1.24146320927897,1.2145902736085,1.2145902736085
"hp_hsa-mir-1289-1_st",0.975126127711286,1.07200311704127,1.01525176867472,1.14871728364113,1.07200311704127,1.07200311704127,1.17466818594283,1.19147665854533,1.07200311704127
"hp_hsa-mir-1289-1_x_st",1.29860644170472,1.38221146756205,1.24185509333816,1.41807998320878,1.29860644170472,1.07660811697163,1.29860644170472,1.29860644170472,1.29860644170472
"hp_hsa-mir-1289-2_st",1.04381038906773,1.92766939770625,1.2014218936853,1.21735493705529,1.46896921860907,1.86880588325897,1.02360463067084,1.43469206392118,1.2006717430963
"hp_hsa-mir-1289-2_x_st",1.61611630038599,1.29602543705933,0.965376456420258,1.29602543705933,1.40332115903987,1.38341980423929,1.25393156442237,1.43861259362656,1.29602543705933
"hp_hsa-mir-129-1_st",1.1900936763931,0.917786870906987,0.950668057062392,1.02737340209567,0.950668057062392,1.28131703770146,0.858523270504148,0.847368277257563,0.950668057062392
"hp_hsa-mir-129-1_x_st",1.34692732264212,1.12502909377544,1.00368265488235,1.10055964421233,1.07200311704127,0.886276880530672,1.10055964421233,1.18941564241373,1.11122372014238
"hp_hsa-mir-129-2_st",1.21708650043305,1.34589546636422,1.2145902736085,1.66540418064086,0.978945914520406,1.2145902736085,1.01182710067581,1.18813441028241,1.2145902736085
"hp_hsa-mir-129-2_x_st",1.00637105664757,1.72873041701531,0.950668057062392,1.14482394812345,1.07200311704127,0.978929970396424,1.21394709910932,1.09285704374729,0.946783543111293
"hp_hsa-mir-1291_s_st",0.857891945238911,1.12344267288348,1.03143649322647,1.03143649322647,1.03143649322647,1.07972441039727,1.18132808037641,0.993841360717116,1.12164657087412
"hp_hsa-mir-1292_st",1.81769537236633,1.48805967538797,1.38391037652349,1.66160422337553,1.46652648810223,1.32789837513533,1.65123547557033,1.55518586902775,1.28565668925413
"hp_hsa-mir-1293_st",1.03661823344052,1.10055964421233,1.10055964421233,0.913072924553037,1.10055964421233,1.21486894332155,1.10055964421233,1.66499146546468,1.10055964421233
"hp_hsa-mir-1294_st",1.10866556343929,1.0407695670192,1.08195828073735,1.01630011745609,0.73641116241625,1.03030906405102,0.950668057062392,1.21743132915599,1.29602543705933
"hp_hsa-mir-1295_st",0.943566276115392,1.15695348061009,1.44389399773486,1.22602804798086,1.06685197065328,1.15695348061009,1.15695348061009,1.15695348061009,1.08339014223206
"hp_hsa-mir-1296_st",2.39383266978263,2.10884820680887,1.80783507330637,2.52364113700331,2.31454735227509,2.20023805316588,2.20023805316588,2.24782058818213,2.12351809250375
"hp_hsa-mir-1297_st",1.06867855520493,1.12548082719975,1.29129561864178,1.14870846207455,1.15695348061009,1.02737340209567,1.14870846207455,1.2145902736085,1.14870846207455
"hp_hsa-mir-1298_st",1.15695348061009,1.39129118066314,1.16830147947976,1.35465793204898,1.09931668761169,1.15695348061009,0.691337928362599,1.11935834810074,0.998955974233192
"hp_hsa-mir-1299_st",1.50872617236297,0.950668057062392,1.08557852960289,1.40079057920553,1.28131703770146,1.07200311704127,1.04194797194134,1.17943781130559,0.759638797291049
"hp_hsa-mir-1301_st",1.01062263760256,1.33365103328283,1.0028832310529,1.52854073296985,1.41860139685165,1.21231597330395,1.19123304574275,1.29890302984887,0.9720377457072
"hp_hsa-mir-1302-1_st",1.07200311704127,0.799696311555156,1.17792782721048,1.12183900780463,1.28131703770146,0.914429190185735,1.07200311704127,1.07200311704127,1.07200311704127
"hp_hsa-mir-1302-10_s_st",1.05191421507274,0.866475622444693,0.997216488500668,0.771244450636546,0.861035522540434,0.836358757953178,1.00351785551337,0.779029866460931,0.893916708695839
"hp_hsa-mir-1302-11_s_st",0.962107748327864,0.705807812616794,0.87089178890978,0.861551948029351,1.07200311704127,0.892424976195514,0.835913967769504,1.00001217096154,0.892424976195514
"hp_hsa-mir-1302-2_s_st",1.0540895063642,1.07200311704127,0.836358757953178,0.848770509341738,0.626146829729316,0.913072924553037,1.17727381081219,0.968253903867163,0.662847824038212
"hp_hsa-mir-1302-3_s_st",1.06475937635651,1.09838603988949,1.13504848628751,1.3076374303033,1.06475937635651,1.05701634675296,0.977375339764336,1.06475937635651,1.07946777571438
"hp_hsa-mir-1302-4_st",0.964471115916729,0.618868566208295,0.688683626450796,1.00830409636118,1.00503773973153,1.3635245514874,0.95144745789452,1.00503773973153,1.28287925688224
"hp_hsa-mir-1302-5_st",0.88096045652222,0.739943874711061,1.03847924959934,0.818290002543713,0.752657942150012,1.05701634675296,0.975588233799154,1.07021601107609,1.17835140673184
"hp_hsa-mir-1302-6_st",0.853183792947231,0.945959904770711,0.869239944108582,0.776724654900881,1.24502144014189,0.945959904770711,0.978841090926116,1.1816042638588,1.05487712864862
"hp_hsa-mir-1302-7_st",1.26256019425689,0.97400508625478,0.97400508625478,0.837640671421111,1.06863286353171,1.28131703770146,1.23820597251394,0.913072924553037,0.808307782406839
"hp_hsa-mir-1302-7_x_st",0.840359465740373,0.878998318983478,1.2145902736085,1.16893089357601,1.15230353080003,0.748892163830769,0.869239944108582,0.933295356054497,0.71921403689432
"hp_hsa-mir-1302-8_st",1.00408262246628,1.34168832490746,0.853011782672969,0.789888620105039,0.977375339764336,0.977375339764336,0.977375339764336,1.18013851269702,0.977375339764336
"hp_hsa-mir-1302-9_s_st",0.748974721361005,0.836358757953178,0.817202542095979,0.805485729787015,0.836358757953178,0.728669732329309,0.709067146440225,1.07200311704127,0.911830319372913
"hp_hsa-mir-1304_st",0.885161351942348,0.940342331256473,0.805027498730423,0.940342331256473,1.09927252374471,1.08990229252804,0.977375339764336,1.07670674609014,0.940342331256473
"hp_hsa-mir-1304_x_st",1.0268717998018,1.29602543705933,0.974465584349905,0.943592556183742,0.646309652459441,1.23113684269972,0.974465584349905,1.0792307264961,0.974465584349905
"hp_hsa-mir-1305_st",1.09154481029685,1.05701634675296,0.874004429789005,1.23367810888975,1.05701634675296,1.05701634675296,0.975588233799154,1.5071388688961,1.05701634675296
"hp_hsa-mir-1306_st",1.46198938488146,1.22008408426184,1.38827318071385,1.26875618174816,1.51263673780521,1.38827318071385,1.10055964421233,1.22008408426184,1.20669277228219
"hp_hsa-mir-1307_st",1.368459999761,1.28131703770146,1.22448500111475,1.36596377293645,1.33428616723576,1.11679597549088,1.13710096452258,1.28131703770146,1.28131703770146
"hp_hsa-mir-1308_st",1.32602706301326,1.59400114732054,1.28131703770146,1.62753960474062,1.51028808893542,1.51028808893542,1.42290405234325,1.73330788513832,1.67952333880525
"hp_hsa-mir-130a_st",1.04300740015804,1.28173374436729,0.943379249123801,1.00597439165017,1.05799417044634,1.02270241112634,0.977375339764336,1.07306254525796,1.19619917736309
"hp_hsa-mir-130b_st",0.894516872457543,1.62968536715068,1.10288820493447,1.05369294978512,1.15695348061009,1.15695348061009,1.15695348061009,1.21262314227335,1.21262314227335
"hp_hsa-mir-130b_x_st",1.3852966657005,1.49307608673982,1.54939465967587,1.70515526060843,1.30302698124608,1.46851910403298,1.81409476094852,1.09706811372279,1.98155888924135
"hp_hsa-mir-132_st",1.10866556343929,1.19047759457414,1.10866556343929,1.10866556343929,0.964382612895556,1.42927074777601,0.998327927297483,0.804292727560765,1.10866556343929
"hp_hsa-mir-1321_st",1.11328770650413,1.2006717430963,1.55276621154891,1.3054368852425,1.2006717430963,0.950668057062392,0.998978407394913,1.2006717430963,1.07042066303663
"hp_hsa-mir-1322_st",1.10866556343929,1.47297854858241,1.05569643390499,1.36947920760929,1.26281198140616,0.994734359431757,1.36947920760929,0.913072924553037,0.920889160794911
"hp_hsa-mir-1323_st",1.10866556343929,1.07200311704127,1.03576377352775,0.918221177319794,1.03576377352775,1.03576377352775,1.27672795087584,0.779029866460931,1.26927810094777
"hp_hsa-mir-1324_st",1.09308532263029,1.2006717430963,1.57256262378989,1.2006717430963,1.37332321735847,1.28131703770146,1.10604396581937,0.83703148167272,1.2006717430963
"hp_hsa-mir-133a-1_s_st",1.05463770725393,1.13561945017585,0.803819959321756,0.82675408379479,0.913621125442769,0.8059320998189,0.977375339764336,0.764474413141974,0.759638797291049
"hp_hsa-mir-133a-1_st",0.857891945238911,1.00127221084139,0.977375339764336,0.950668057062392,0.950668057062392,0.873953890462532,0.950668057062392,0.657694806482053,1.08369421274836
"hp_hsa-mir-133a-1_x_st",0.913072924553037,0.913072924553037,0.836358757953178,0.913072924553037,0.73641116241625,1.09265106539879,0.913072924553037,1.09747611677677,0.804937528897283
"hp_hsa-mir-133a-2_s_st",0.913072924553037,0.913072924553037,0.7230238190593,0.913072924553037,0.913072924553037,0.913072924553037,0.913072924553037,0.913072924553037,0.869239944108582
"hp_hsa-mir-133a-2_st",1.15695348061009,1.65824189432174,1.15695348061009,1.23365882564337,1.58512657646645,0.908247873175065,0.8395424426114,1.39416841445425,1.04123577831279
"hp_hsa-mir-133a-2_x_st",1.76798630169135,1.06784296140397,1.15576453399601,1.01656347992728,1.28209985605011,1.38844814574068,1.23922316506451,1.40079057920553,1.2006717430963
"hp_hsa-mir-133b_st",0.992947861141986,0.956285414743965,1.37682773293781,1.14870846207455,1.28131703770146,1.19268771990447,1.41282303067255,1.10445677958652,1.19268771990447
"hp_hsa-mir-134_st",1.40332115903987,0.857720321414249,1.65561963665875,1.27028824843242,1.3690979531141,1.11280564566849,1.38223823147868,1.01788162166688,1.18951981226835
"hp_hsa-mir-135a-1_st",1.29678111580717,0.850720461525464,0.893916708695839,0.919795028896229,0.965654827350699,0.950668057062392,0.926797894851243,1.29935683369177,0.950668057062392
"hp_hsa-mir-135a-2_st",0.860566547105583,0.950668057062392,0.950668057062392,0.975871056369742,0.950668057062392,0.950668057062392,1.02904162073926,0.779029866460931,1.2006717430963
"hp_hsa-mir-135b_st",1.62625145068902,1.17359834871153,1.13413640434824,1.52854073296985,0.950668057062392,1.17359834871153,1.23922316506451,1.08338827106388,1.17359834871153
"hp_hsa-mir-136_st",0.895487077748266,1.07200311704127,0.950668057062392,0.65646369871765,0.950668057062392,0.950668057062392,0.979224584233456,0.950668057062392,0.988263189571746
"hp_hsa-mir-137_st",0.81185249036366,1.31953044064349,0.799288931418905,1.05408068479762,1.06232570333316,1.15695348061009,0.889991303172163,0.977375339764336,1.21301969885243
"hp_hsa-mir-138-1_st",1.27230656478615,1.68509985935376,1.14494174663487,1.43640476797819,1.48405415846969,1.35969060137833,1.25259016155428,1.46561531154753,1.29602543705933
"hp_hsa-mir-138-1_x_st",1.23922316506451,1.38642300093819,1.44091650076589,1.46719143710226,1.44091650076589,1.44091650076589,1.3403839797597,1.84372226953582,1.55895958038601
"hp_hsa-mir-138-2_st",1.2145902736085,1.10140384195689,1.2145902736085,1.02214609809166,0.836358757953178,1.2145902736085,1.76155181891245,0.913072924553037,1.53761866928876
"hp_hsa-mir-138-2_x_st",1.47020336259103,1.65708368529974,1.14592213918198,1.34436232174671,1.65708368529974,1.54939465967587,1.60379434222422,1.7932317582713,1.26059059498648
"hp_hsa-mir-139_st",1.47300393117222,1.39628976457236,1.25551373942734,1.73976720326582,1.47300393117222,1.77736233577517,1.66049065083152,1.49857744492316,1.40332115903987
"hp_hsa-mir-140_st",1.5310369597944,1.29602543705933,1.14704406513714,1.18411026675917,1.24786448108074,1.34064059290422,1.53555196541779,0.82258031506582,1.24786448108074
"hp_hsa-mir-141_st",0.748974721361005,0.949330858981977,1.07200311704127,1.07200311704127,1.07200311704127,1.26291758992191,1.23922316506451,1.07200311704127,1.07200311704127
"hp_hsa-mir-142_st",1.03574518261233,1.22579428810607,0.841759471266868,0.913072924553037,1.06889597557414,0.818254990867447,1.03574518261233,0.718953898119181,1.05027194011779
"hp_hsa-mir-143_st",0.837338912230784,0.906835076617937,1.06903162573582,1.23771888166991,0.950668057062392,1.19454861311945,0.816733566661128,1.23562253878219,0.906835076617937
"hp_hsa-mir-144_st",0.966464913105887,0.966464913105887,0.885036800152078,1.24892668497135,0.966464913105887,0.836358757953178,0.980428988534606,0.916126573323307,1.0287747183174
"hp_hsa-mir-145_st",1.21634265975308,1.5032687545768,1.517187285089,1.44149609557094,1.40332115903987,1.40332115903987,1.21634265975308,1.20377910080833,1.40332115903987
"hp_hsa-mir-1468_st",0.944052456634297,1.2006717430963,1.03143649322647,1.04850666241008,1.03143649322647,0.950668057062392,0.975042656828712,1.08907328622488,1.03143649322647
"hp_hsa-mir-146a_st",0.857891945238911,0.857891945238911,0.857891945238911,0.857891945238911,0.857891945238911,0.85015051515197,0.655128772306224,1.30801446738205,0.784328606860874
"hp_hsa-mir-146b_st",1.44534574693718,1.22507078572857,1.26442616437186,1.26442616437186,1.08776440223507,1.56685611722925,1.24455801108737,1.26442616437186,1.38965526020063
"hp_hsa-mir-146b_x_st",0.748974721361005,0.873962712029111,1.15695348061009,0.94817183023784,1.54939465967587,0.950668057062392,1.46356381836337,0.950668057062392,0.950668057062392
"hp_hsa-mir-147_st",1.5310369597944,1.52854073296985,1.07540618213688,1.36961054048162,1.52854073296985,1.15695348061009,1.70300716507897,1.67363961123662,1.54939465967587
"hp_hsa-mir-147_x_st",1.10055964421233,1.19518742148927,0.93746000615521,1.78478852782352,1.07385236151039,1.07385236151039,1.10055964421233,0.913072924553037,1.21750775785373
"hp_hsa-mir-1471_st",1.47450547951445,1.34129601757522,0.873948096400263,1.17132564586218,0.950668057062392,1.17132564586218,1.35969060137833,1.63607289365547,1.17132564586218
"hp_hsa-mir-147b_st",0.774978278514471,1.2006717430963,1.02258533475087,1.03143649322647,0.771245400318111,1.02258533475087,1.1816041930329,1.04174155060807,0.888307423346079
"hp_hsa-mir-147b_x_st",0.989219479030597,0.950668057062392,0.869239944108582,0.826251011962356,0.950668057062392,0.950668057062392,0.950668057062392,0.950668057062392,0.950668057062392
"hp_hsa-mir-148a_st",1.40332115903987,1.57329153075292,0.967578032383388,1.40332115903987,1.49911020619525,1.27711188146216,1.40332115903987,1.40079057920553,1.91443543396987
"hp_hsa-mir-148a_x_st",1.23922316506451,1.22665960611975,1.32437809307525,0.879161760876378,0.846781985998732,1.19567986760513,1.23922316506451,1.24925253009129,1.44091650076589
"hp_hsa-mir-148b_st",1.31419822385687,1.65697802171425,1.49903697044207,1.59366674182283,1.28131703770146,1.31419822385687,1.31419822385687,1.20872133882108,1.31419822385687
"hp_hsa-mir-149_st",1.19412857184603,1.16124738569063,0.909556632625718,1.19412857184603,1.41418227720585,1.76241067948494,1.23922316506451,0.766185895211151,1.29617477623315
"hp_hsa-mir-150_st",1.27589081156379,1.47908162456305,1.06504435822144,1.17021625818199,0.965096762684507,1.21146444111429,1.51622374376738,1.07200311704127,1.30911125285001
"hp_hsa-mir-151_st",1.23922316506451,1.41758016114838,1.52306950471258,1.93002284187265,1.44164139175877,1.62457110058733,1.34814425806954,1.25440499030464,1.4793347453198
"hp_hsa-mir-151_x_st",1.88379069051747,2.01033166085215,2.04687820690477,2.04309387110416,1.96192784333595,1.96082123987618,1.88518043796462,1.96192784333595,1.87939256552041
"hp_hsa-mir-152_st",1.443364492968,1.33396887278419,1.68268715093672,1.41614995305616,1.443364492968,0.917630822641366,1.22025352171411,1.40079057920553,1.31007200170714
"hp_hsa-mir-153-1_st",0.950668057062392,1.13000381440183,0.767656140098434,1.10410218432438,1.07200311704127,0.950668057062392,0.950668057062392,0.950668057062392,0.950668057062392
"hp_hsa-mir-153-1_x_st",1.15331747300597,0.950668057062392,0.906835076617937,0.821167244076562,1.07104778855155,0.873953890462532,1.01497047227369,1.09220805436247,0.797233929800403
"hp_hsa-mir-153-2_st",1.52160730503803,1.18888359186319,0.965962767546705,1.19545706452656,1.40332115903987,0.901252706181821,1.23922316506451,0.831816803102982,1.10933016720377
"hp_hsa-mir-153-2_x_st",0.958405568699927,1.2006717430963,1.16009890440131,1.27957244590538,1.16009890440131,1.62121406129014,0.958405568699927,1.16307661058695,0.95744948845774
"hp_hsa-mir-1537_st",1.16792315068019,0.618868566208295,1.10866556343929,0.902489523768992,1.11746503685042,1.11746503685042,0.813106632247465,0.921179076848665,0.950668057062392
"hp_hsa-mir-1538_st",1.85444585177024,1.72176615282698,1.758428599225,1.68514579780485,1.82404079247287,1.84863159629651,1.758428599225,1.29591710189459,2.00921713162163
"hp_hsa-mir-1539_st",1.2086353377502,1.3524854489573,0.842045726910948,1.1168410898692,1.20179145343803,1.82987699159189,0.748974721361005,1.157407713684,0.869239944108582
"hp_hsa-mir-154_st",1.19803292856412,0.889778696799143,1.44097351275729,0.999382829918413,1.29921145356856,1.05701634675296,0.869239944108582,1.2324846894756,1.08989753290837
"hp_hsa-mir-155_st",1.12314096497221,1.46346643011161,1.15916572842914,1.24104613693458,1.31532991469357,1.31565455871186,1.22142870553133,1.2145902736085,1.42835731473878
"hp_hsa-mir-15a_st",1.47690967658771,1.31891217021081,1.28131703770146,1.59632172390628,1.4999453091715,1.28131703770146,1.23956956514829,1.19636667413264,1.23748405725701
"hp_hsa-mir-15b_st",1.25816807562933,1.07200311704127,0.978929970396424,1.15277155320535,1.07200311704127,1.03271913512927,1.08729841662458,1.07200311704127,1.16532797955689
"hp_hsa-mir-16-1_st",1.05887757947762,1.03143649322647,1.03143649322647,1.09892047811287,0.931488897689542,1.49960667571419,0.869239944108582,1.26708085231456,0.857925559311505
"hp_hsa-mir-16-1_x_st",0.750563874829352,0.913072924553037,0.933401013443486,1.06221963685383,0.903043559526258,1.221114549945,0.831644811599228,0.913072924553037,0.950668057062392
"hp_hsa-mir-16-2_st",1.23623092501744,1.2006717430963,1.01361189520656,1.15462847701772,1.28014546440134,1.15462847701772,0.951865304085028,1.03626490834428,1.40332115903987
"hp_hsa-mir-16-2_x_st",1.66406175441524,1.07200311704127,1.39985259971506,1.10866556343929,1.08699223187958,1.10866556343929,1.37286644969845,0.65633901748622,1.00231727374872
"hp_hsa-mir-17_st",1.68268715093672,1.43447956691217,1.73797019367696,1.35305145395836,1.09476838962271,1.23838299815386,1.35305145395836,1.35305145395836,1.35305145395836
"hp_hsa-mir-181a-1_st",1.10237146321552,1.28772906924966,0.969078971954668,0.684110476650657,0.836358757953178,1.21895951642966,0.767385636253281,0.969078971954668,0.942371689252723
"hp_hsa-mir-181a-2_st",0.984302006347924,1.30921805088543,1.2145902736085,1.14344575905347,1.15695348061009,1.07402006182922,1.2145902736085,1.2145902736085,1.29602543705933
"hp_hsa-mir-181b-1_st",1.13613471042608,0.944493902835289,1.28131703770146,1.11940669094992,1.28220821106208,1.13613471042608,1.05649370343746,1.04997078787108,1.25080316623059
"hp_hsa-mir-181b-1_x_st",1.15914607910081,0.984860154981728,1.07200311704127,1.04113008887511,1.07200311704127,0.957693817932056,1.36055822504338,1.04672523965157,1.18631241615048
"hp_hsa-mir-181b-2_st",1.07200311704127,1.07200311704127,1.07200311704127,1.07200311704127,1.01436632404286,1.02164298290965,1.04732635245401,1.07200311704127,1.07200311704127
"hp_hsa-mir-181c_st",1.2145902736085,1.2145902736085,1.24129755631044,0.738758965694053,1.2145902736085,1.82527430750395,1.23922316506451,1.2145902736085,1.33659439494691
"hp_hsa-mir-181c_x_st",1.34398085353108,1.25683789147154,1.15695348061009,1.52854073296985,0.922996515320674,1.03561842063121,1.15695348061009,1.19805345843729,0.954190307677405
"hp_hsa-mir-181d_st",1.5310369597944,1.36693896581903,1.36693896581903,1.70797968426368,1.94701990375711,1.07838385781692,1.28551085286523,1.33967414608937,1.03720653467941
"hp_hsa-mir-181d_x_st",1.34692732264212,1.10055964421233,0.867342954868659,0.850188266312048,1.10055964421233,1.10055964421233,1.10055964421233,1.19423915634189,1.10055964421233
"hp_hsa-mir-182_st",2.62172094928847,3.02864480323749,2.8269514675361,2.84560121294389,2.82407482365424,2.9230493845005,2.8269514675361,2.72365168773127,2.82724772243603
"hp_hsa-mir-1825_st",1.28548779104192,1.2948420529644,1.38143923140559,1.18584659251934,1.22344172502869,1.9808715171436,1.41677801471688,1.9140708718166,1.80282075471565
"hp_hsa-mir-1826_st",1.68268715093672,1.88695666945982,1.68268715093672,1.55827010583669,1.68268715093672,1.68268715093672,1.98536140556209,1.41159427183143,2.06226249772131
"hp_hsa-mir-1827_st",1.33988318943866,0.844232117057063,1.15695348061009,0.913072924553037,1.15695348061009,1.15695348061009,1.32417352863333,1.15695348061009,1.15695348061009
"hp_hsa-mir-1827_x_st",1.24968214525045,0.977375339764336,1.07607229950484,0.930889972229468,0.771713894901893,0.977375339764336,0.977375339764336,0.764474413141974,1.35092886654139
"hp_hsa-mir-183_st",1.25218540611785,1.71312240729413,1.2677334290184,1.24104613693458,1.25218540611785,1.15695348061009,1.25218540611785,1.2145902736085,1.47788351850034
"hp_hsa-mir-184_st",0.960190044756608,0.957693817932056,0.957693817932056,0.926820789765893,1.04264418150088,0.836358757953178,0.957693817932056,1.03440798453192,1.18171613795011
"hp_hsa-mir-185_st",1.10866556343929,1.58534300496467,1.60128128626117,1.50407128340674,1.52854073296985,1.52854073296985,1.52854073296985,1.52854073296985,1.69328746591818
"hp_hsa-mir-185_x_st",1.40332115903987,1.71284548225814,1.5287983355292,2.21084949824487,1.36393204322717,1.88687072893664,1.2646576381877,1.39855195494033,1.83923688175875
"hp_hsa-mir-186_st",1.09573890843777,1.2006717430963,1.03143649322647,1.03143649322647,0.854774731089682,0.901330338073761,1.03143649322647,1.03143649322647,0.878002365964482
"hp_hsa-mir-187_st",1.10866556343929,0.857746222395128,1.07856522769153,1.03440798453192,1.07200311704127,1.07200311704127,1.20257038062239,1.2145902736085,0.944287316286742
"hp_hsa-mir-188_st",1.5310369597944,1.08572652253776,0.768848188965734,1.08774047458928,1.08572652253776,1.53068480228605,0.884033186836378,1.25599760344134,1.04189354209331
"hp_hsa-mir-18a_st",0.788600581201712,0.913710175445337,1.32272566926425,0.823228921797465,0.977375339764336,0.977375339764336,0.977375339764336,1.01847531759153,0.95269857517708
"hp_hsa-mir-18a_x_st",1.10866556343929,1.07200311704127,1.10866556343929,1.12663654092946,1.20656751814008,1.36791574397016,1.10866556343929,0.779029866460931,0.963673354649202
"hp_hsa-mir-18b_st",1.115737561468,1.2006717430963,1.16979871493014,1.24630482504913,1.16979871493014,1.0261433185868,1.16979871493014,1.3839098867325,1.07154556698228
"hp_hsa-mir-18b_x_st",1.55648196410425,1.55648196410425,1.13362021646552,1.41523439521972,1.41523439521972,1.39837449510717,1.35969060137833,1.80565138431696,1.3329836224564
"hp_hsa-mir-190_st",1.43187768621094,1.06200822224413,1.06767845805693,1.33678082385427,1.10055964421233,1.18198775716614,1.10055964421233,0.941629451724102,1.05672666376788
"hp_hsa-mir-190_x_st",1.03668825786251,1.02412469891776,1.28131703770146,1.32828660292031,1.19904735324705,1.35864681631148,1.15695348061009,1.09265106539879,1.17166187996796
"hp_hsa-mir-1908_st",2.15575041561394,1.93182493201193,1.91123619245545,1.97314333379665,2.1795672035863,2.12351809250375,2.33024252095006,2.00723280342531,2.04037714116019
"hp_hsa-mir-1909_st",3.06168807442639,3.01148836326655,2.81132708565823,3.01148836326655,3.51555046762926,3.03706821679304,3.01148836326655,3.16382615033904,3.23995478218011
"hp_hsa-mir-190b_st",0.984619080449097,1.08423350740444,0.916766531783739,1.04113008887511,1.07200311704127,1.07200311704127,1.11950365255197,0.886754893380603,1.15543938798432
"hp_hsa-mir-191_st",1.48003773499315,1.6802274190386,1.36122743395016,1.5437921562687,1.47640172738902,1.68268715093672,1.40048431033373,0.943271835377887,1.80768224490857
"hp_hsa-mir-1910_st",2.00830702794309,2.0648180363691,1.99574346899833,2.03816332797963,2.11751358289797,2.31634865333505,1.93338172258986,2.06556012093842,2.0648180363691
"hp_hsa-mir-1911_st",0.769307362113048,1.073665766716,1.24301878600594,1.37608227641162,1.2799511902637,1.64775638456759,1.24301878600594,1.4432084700514,1.22439475054959
"hp_hsa-mir-1912_st",1.156533519883,1.07200311704127,1.50362230104335,1.10488430319667,1.49154601707407,1.02651073951981,1.10488430319667,0.959783975426846,1.10488430319667
"hp_hsa-mir-1913_st",1.68268715093672,2.8675755815118,1.86533237271936,1.70582345597737,1.95265571941357,2.15815424015112,2.10254730656352,2.12340123326953,2.15415898697733
"hp_hsa-mir-1914_st",2.71001515108337,2.48687037449516,2.24786128418879,2.33777057649218,1.64347346392973,1.9808715171436,2.31123458140082,2.09359598607286,1.89347714996364
"hp_hsa-mir-1915_st",1.79264020362778,1.72873041701531,1.22185654650562,1.63821571402535,2.50776269255033,2.2842914422846,1.60768382152953,1.72619983718096,1.89282841099068
"hp_hsa-mir-192_st",1.31612951470138,1.40813569435839,0.701990612093954,1.12053687581513,0.836358757953178,1.08939094109958,1.2158013128216,1.22812407058115,0.880077020439386
"hp_hsa-mir-193a_st",1.40332115903987,0.957054872394278,1.21817867877299,1.28193342788376,1.61747407067314,1.29781968576161,1.48002650407316,1.16943811178683,1.53682877606798
"hp_hsa-mir-193b_st",1.14393876759609,1.57329153075292,1.35948817859542,1.42810920347754,1.81129991828896,1.5472645812398,1.35969060137833,1.2145902736085,1.15309605852505
"hp_hsa-mir-194-1_st",1.07200311704127,1.07200311704127,0.857746222395128,1.23357053118229,1.07200311704127,0.989733432586857,1.07200311704127,1.40079057920553,0.995283156379141
"hp_hsa-mir-194-1_x_st",1.36055822504338,1.07200311704127,0.979996937384261,0.951764088212081,1.44301579666408,1.07200311704127,1.11055453900948,1.33975852888401,0.86268919638108
"hp_hsa-mir-194-2_st",1.29797006242125,0.955139367710433,0.84213652577562,1.42875117654551,1.13075001439802,1.15695348061009,1.65405772035347,1.31038760787208,1.22960031811255
"hp_hsa-mir-194-2_x_st",1.44389399773486,1.44389399773486,1.40332115903987,1.40629886522551,1.26619782937559,1.44389399773486,1.37780934483788,1.56522905771374,1.60799199171023
"hp_hsa-mir-195_st",1.12387534706648,1.07200311704127,1.06772920441485,1.04664627685366,0.751620946043436,1.04664627685366,1.32601226875051,1.56460444330305,1.18741650793641
"hp_hsa-mir-196a-1_st",0.836358757953178,0.799696311555156,0.950668057062392,0.805485729787015,1.08355476598142,0.836358757953178,0.836358757953178,0.665728320397753,0.812461886876126
"hp_hsa-mir-196a-1_x_st",1.29887341329832,1.06807686674987,0.678518814442105,1.40079057920553,0.972723172786847,1.2166037288439,0.818576754819975,0.972723172786847,0.722498072272022
"hp_hsa-mir-196a-2_st",0.890425397738899,0.988547161821915,1.14870846207455,1.17516432540063,1.14870846207455,1.14870846207455,1.2389185397222,1.14870846207455,0.950668057062392
"hp_hsa-mir-196b_st",0.94998531116477,1.07675010573586,1.19972497577624,1.24117678418727,0.717721145679228,1.05701634675296,1.08200070685969,0.947318349010703,0.759689336617522
"hp_hsa-mir-197_st",2.82227499790243,2.99151024777226,2.70597911924428,2.82227499790243,2.94779198528605,2.82227499790243,2.62058166220104,2.49235796584465,2.92642116617
"hp_hsa-mir-1972-1_s_st",1.07200311704127,1.11257595573626,0.878017405695809,1.06947253720692,1.15938715363344,1.37594481497839,1.02837255937972,1.0749808232269,1.07200311704127
"hp_hsa-mir-1972-2_s_st",1.20860269729642,0.861928149799872,1.11433477656541,1.15695348061009,1.32859167121155,1.15695348061009,1.07459340074022,1.40079057920553,1.32618873047992
"hp_hsa-mir-1973_st",1.29602543705933,1.29602543705933,1.49315360672087,1.45759285120035,1.54612273625517,0.950668057062392,1.29602543705933,1.33985841750378,1.29602543705933
"hp_hsa-mir-1976_st",1.87751419182775,1.42045741894311,1.68268715093672,1.68015657110237,1.63664388485814,1.68268715093672,2.48336118358271,2.57505880999885,1.68268715093672
"hp_hsa-mir-1979_st",1.54939465967587,1.66370395878508,1.67375821676723,1.65686734343763,1.54939465967587,1.54939465967587,1.36981651883011,1.27293952950013,1.78503901876396
"hp_hsa-mir-198_st",0.890778925456585,0.945959904770711,0.992938370773336,0.915086876604548,0.869245738170852,1.18503653410899,0.958523463715466,0.945959904770711,0.869239944108582
"hp_hsa-mir-199a-1_st",0.917405606248088,1.18420597575829,1.32382951789828,1.08072198121797,1.01018171807157,1.03688900077351,1.03688900077351,1.03688900077351,0.662847824038213
"hp_hsa-mir-199a-1_x_st",1.68268715093672,1.2006717430963,1.15695348061009,1.15695348061009,0.950668057062392,1.15695348061009,1.13192744308396,1.2145902736085,1.29602543705933
"hp_hsa-mir-199a-2_st",1.18954571324922,1.07200311704127,0.887050941081346,1.38196876057981,1.49971720786059,1.36191682001615,1.46896997936475,1.18954571324922,1.08141031759347
"hp_hsa-mir-199a-2_x_st",0.668206285196926,0.950668057062392,0.950668057062392,0.749536845362496,0.950668057062392,1.09585038433777,0.896606903600258,0.950668057062392,1.01442227138396
"hp_hsa-mir-199b_st",0.985176177141744,1.07172474611083,1.52353500472349,1.67248415516978,1.36095804469009,1.05701634675296,0.876258953263838,1.05701634675296,1.03030906405102
"hp_hsa-mir-19a_st",1.32987395771822,1.07200311704127,0.743215654877015,1.41304383548592,1.01900314434295,1.07200311704127,1.23593977188129,0.975126127711286,0.774625567579356
"hp_hsa-mir-19b-1_st",0.829854633425082,0.968887886703584,0.974796620759916,0.886365641851092,0.817291074480327,0.917238670017255,0.979001345725877,0.826044573861846,0.782211593417391
"hp_hsa-mir-19b-1_x_st",0.950668057062392,0.836358757953178,1.13846484008316,0.923226970811246,0.866158034597046,0.677221120086944,1.10055964421233,0.780816080765497,1.10285101305657
"hp_hsa-mir-19b-2_st",1.37227842385693,1.03912193088587,1.07200311704127,0.914704885785829,1.03912193088587,0.790416323450838,1.07200311704127,1.05583173767103,0.94068408799281
"hp_hsa-mir-19b-2_x_st",0.979996937384261,1.07200311704127,1.55401852488169,1.03143649322647,1.28131703770146,1.4732385109742,1.27154517527282,1.07200311704127,1.03670929005542
"hp_hsa-mir-200a_st",1.29340040773666,1.2006717430963,1.53572652284676,1.30112170109266,1.34168832490746,1.52126646575322,1.34168832490746,1.43631610218439,1.34168832490746
"hp_hsa-mir-200b_st",1.95012428864777,1.95012428864777,1.45426317409388,1.95012428864777,2.04826590910099,1.95012428864777,1.95012428864777,1.92549139719176,2.29884720522733
"hp_hsa-mir-200b_x_st",2.40921849205791,2.38364010634896,2.25505682608159,2.33777057649218,2.3269488076035,3.29351341949716,2.56045808628091,2.56292657128929,2.6360810332941
"hp_hsa-mir-200c_st",3.8725843976499,3.8725843976499,4.16912120257477,3.90137323786875,3.85844067389271,3.8725843976499,3.88514795659466,3.80075081665883,4.09588080098187
"hp_hsa-mir-202_st",0.977375339764336,1.39596257091646,0.755718086677158,1.47071158791956,1.15695348061009,1.29024597187095,0.969177077965712,0.650241201641368,1.1719402508984
"hp_hsa-mir-203_st",0.903994730768937,0.689737836122795,1.10866556343929,0.982279472124866,1.31607182436182,0.655289123333909,0.692412437989466,1.1412096646131,0.736774682745701
"hp_hsa-mir-204_st",1.46519736310981,1.00616352035667,1.61369876013836,0.767437176147423,1.36461618082276,0.821760328132945,1.00616352035667,1.00616352035667,0.869239944108582
"hp_hsa-mir-205_st",1.56801062722876,1.39427009870171,1.82048753878116,1.40079057920553,1.45432135798947,1.38770462916037,1.45432135798947,1.36627919907634,1.40079057920553
"hp_hsa-mir-2052_st",0.950984975452164,0.836358757953178,1.91406623072246,1.18707412472393,1.02789804739636,1.13424633708693,1.13056311629792,1.13056311629792,1.14923310737523
"hp_hsa-mir-2053_st",1.10866556343929,1.00072905034567,1.02817013659681,1.33028618137692,1.0572947176834,1.10342434609716,1.13630553225257,1.07200311704127,1.07200311704127
"hp_hsa-mir-206_st",0.78577630733795,0.906041530085528,0.836358757953178,0.946084428720787,1.19375506658704,1.64600756294275,0.906041530085528,0.703687655719754,0.860194597589561
"hp_hsa-mir-208a_st",0.884599227940856,0.977375339764336,1.1017388968557,1.40079057920553,0.94802406199918,1.2875468343757,0.977375339764336,0.818445147276104,0.895947226810527
"hp_hsa-mir-208b_st",1.23922316506451,1.14870846207455,1.15695348061009,0.75630548221504,1.14870846207455,1.14870846207455,1.1093043038819,1.1111133295652,1.18158964822996
"hp_hsa-mir-20a_st",0.936808715949537,1.40332737392006,0.634313943781659,1.10814183825975,1.07200311704127,0.954722326626611,1.05999302039753,0.866963492979782,1.2006717430963
"hp_hsa-mir-20b_st",1.14524025538809,1.98546432408212,1.06221963685383,1.06221963685383,1.06221963685383,0.840221312120749,1.04886315144938,0.913072924553037,1.71193542145372
"hp_hsa-mir-20b_x_st",1.17383847335353,0.895341354904482,1.07200311704127,1.07200311704127,1.28611428884363,1.07200311704127,1.11545355283179,0.958587956132514,1.07200311704127
"hp_hsa-mir-21_st",2.07469839308334,1.66051592123545,1.64953635797491,1.53609887613541,1.66051592123545,1.66051592123545,1.35775440640791,1.32919787923684,1.86614674716931
"hp_hsa-mir-210_st",1.68484554261576,1.22581169986263,1.52854073296985,1.52854073296985,1.52854073296985,2.01146320270044,1.61179810646744,1.52854073296985,1.19255938446029
"hp_hsa-mir-211_st",1.14923218725409,1.28949330878615,0.965654827350699,1.29580094457366,0.991234680877192,0.950668057062392,1.07200311704127,1.07200311704127,0.847167381497913
"hp_hsa-mir-211_x_st",0.748974721361005,0.965036205574787,0.759638797291049,0.913072924553037,0.950668057062392,0.994501037506847,0.913072924553037,1.59322764012032,0.725296521908656
"hp_hsa-mir-2110_st",1.09519070754804,1.10293213763498,1.09519070754804,1.03143649322647,1.12599190175567,1.09519070754804,1.03879687115028,1.21816246627722,1.2006717430963
"hp_hsa-mir-2113_st",1.5310369597944,1.1152680435702,1.22256376555075,1.03467783267839,1.21171811509973,1.10055964421233,0.870962440880861,1.10055964421233,1.13815477672169
"hp_hsa-mir-2114_st",1.35570928395788,0.785247042730927,0.950971685396224,1.03561842063121,1.15695348061009,0.924000725851115,1.03561842063121,0.83326454626544,1.03561842063121
"hp_hsa-mir-2115_st",0.977375339764336,0.942238998232894,0.962565342697386,0.821795111614632,0.950668057062392,1.41963054086749,0.942238998232894,0.65633901748622,0.620019076423323
"hp_hsa-mir-2116_st",1.07200311704127,1.07200311704127,1.07200311704127,1.15277155320535,1.07200311704127,0.756354974512025,1.02990924440432,1.08592164755347,1.07200311704127
"hp_hsa-mir-2117_st",1.06574980997756,1.03830872372641,1.28348635245085,1.03830872372641,1.06574980997756,1.06574980997756,1.04789230434283,1.07200311704127,1.06574980997756
"hp_hsa-mir-212_st",1.4882715226087,0.921309121522,1.02727018447593,1.23365882564337,1.15695348061009,1.15695348061009,1.15695348061009,1.15695348061009,1.61789048178637
"hp_hsa-mir-214_s_st",1.40332115903987,1.34576320829721,1.10898243414365,1.42247737489707,1.42167885892134,1.58762330428113,1.40332115903987,1.40332115903987,1.5319897850949
"hp_hsa-mir-214_st",1.29569739628694,1.44389399773486,1.28566803126016,1.29569739628694,1.03177517974084,1.25822694500902,1.28566803126016,1.40079057920553,1.41000669539616
"hp_hsa-mir-215_st",1.08799608526758,0.980700363287033,0.997894575310771,1.12617102179865,0.759840153377116,0.90137892168886,1.10055964421233,1.26212705835335,1.08799608526758
"hp_hsa-mir-216a_st",0.909276134877242,1.07200311704127,0.957564052048043,1.03143649322647,1.17929883902182,1.78148208858155,1.01520084504645,0.842604823231922,1.19333817702015
"hp_hsa-mir-216b_st",0.977375339764336,0.863066040655122,1.26508887626585,0.977375339764336,0.977375339764336,0.977375339764336,1.00408262246628,0.939780207254982,0.977375339764336
"hp_hsa-mir-217_st",1.2145902736085,1.2145902736085,1.50230381011001,1.17699514109914,1.02328532276429,1.2145902736085,1.2145902736085,1.2145902736085,1.2145902736085
"hp_hsa-mir-218-1_st",0.857891945238911,0.857891945238911,0.857891945238911,0.857891945238911,0.542429334255455,0.96558097086278,0.656198609537524,1.04229513746264,0.857891945238911
"hp_hsa-mir-218-2_st",1.10866556343929,1.53423549631495,0.974621221671875,0.913072924553037,0.98718478061663,0.954303594461225,1.09939434431629,1.03101776106108,0.759638797291049
"hp_hsa-mir-219-1_st",0.857891945238911,0.867022437508667,1.35160614763246,1.07200311704127,0.836358757953178,0.836358757953178,1.23922316506451,1.42072603362084,1.07200311704127
"hp_hsa-mir-219-2_st",0.975163914086992,1.14870846207455,1.32817629543756,1.14870846207455,1.07200311704127,1.52059312788795,1.14870846207455,1.12225259874847,1.2006717430963
"hp_hsa-mir-22_st",0.89871627922498,1.2006717430963,1.03143649322647,1.03143649322647,1.15095821787437,1.03143649322647,0.869239944108582,1.49754939456907,1.27856652019303
"hp_hsa-mir-220a_s_st",1.11964791162528,1.10055964421233,0.950668057062392,1.03467783267839,1.67688318225148,1.04292285121393,1.10055964421233,1.2145902736085,1.35056333024624
"hp_hsa-mir-220a_st",0.97922700521779,1.07200311704127,0.97922700521779,0.926820789765893,1.16376023880712,0.97922700521779,0.97922700521779,0.97922700521779,0.697961940305969
"hp_hsa-mir-220a_x_st",0.877592015882187,0.970368127705668,1.13294508773907,1.16654701424301,0.73641116241625,0.970368127705668,0.928274255068713,1.08984166920973,0.904435566990146
"hp_hsa-mir-220b_s_st",1.61788202882212,1.76173214002921,1.33255822264347,1.2691545913455,1.54939465967587,1.53561234436771,1.61788202882212,1.90425653448417,2.02832428738798
"hp_hsa-mir-220b_st",1.03555479150757,0.969533409569152,1.08384270867837,1.03143649322647,1.33721193129491,1.20820626576973,1.21892321288577,1.02651381718612,0.982342604411541
"hp_hsa-mir-220b_x_st",1.2961471447778,1.38970197823539,1.16567965821733,0.711941712853142,1.1441464709316,1.08060638309892,0.976056281451137,1.58909489765852,1.38970197823539
"hp_hsa-mir-220c_st",1.16130838869512,1.11351817843198,1.28131703770146,1.14022546113393,1.14022546113393,1.15695348061009,1.14022546113393,1.09573785866061,1.091131572319
"hp_hsa-mir-221_st",1.7426888571059,0.806355285867593,1.06051674557708,1.10055964421233,1.02384547761248,1.10055964421233,1.10055964421233,1.26465784740437,1.60607592571517
"hp_hsa-mir-222_st",1.28509607720379,1.40753040959231,1.22017053597227,1.40079057920553,1.47213010211685,1.45272251686843,1.36207613646716,1.00284794486826,1.23546391696111
"hp_hsa-mir-223_st",1.28901185993066,1.56589811907327,0.820736602809381,1.21626109580555,1.40332115903987,1.28901185993066,1.48169472271674,1.52465621901875,1.43508536056665
"hp_hsa-mir-224_st",1.68268715093672,1.57329153075292,1.36203478605583,1.5177953869884,1.47640504849338,1.54939465967587,1.52854073296985,1.65415980182206,1.54939465967587
"hp_hsa-mir-2276_st",1.42440408660107,1.44703942152608,1.36585070776195,1.18956756589002,1.40332115903987,0.918031209186403,1.11560762253836,1.40332115903987,1.79932519752947
"hp_hsa-mir-2277_st",1.14870846207455,1.18703353523786,0.640428364927306,1.69160709604116,0.950668057062392,1.3478328635886,1.14870846207455,1.27839175820871,1.28626001168741
"hp_hsa-mir-2278_st",1.40903283845599,1.42739053833745,0.949998995702856,1.25292410622834,1.73756203294881,1.46948441097441,2.01699164467171,1.42739053833745,1.54939465967587
"hp_hsa-mir-2355_st",1.23922316506451,1.3004037354446,0.923314186302203,1.43625773100091,0.944494153608932,1.38535409901342,0.977375339764336,0.895940176313508,0.977375339764336
"hp_hsa-mir-23a_st",1.85188943184374,1.54939465967587,1.54939465967587,1.48509224446457,1.70181644004426,1.51651347352046,1.54939465967587,1.42948954909765,1.61075903648499
"hp_hsa-mir-23a_x_st",6.29868054412631,6.73971879040418,6.53299091281821,6.53299091281821,6.65412559679045,6.57239507101087,6.53299091281821,6.44223440943932,6.64859448295469
"hp_hsa-mir-23b_st",0.977375339764337,0.844818583521271,0.981702036658653,1.07015591048213,0.948820850503249,1.313324811096,1.07015591048213,1.07015591048213,1.18446520959134
"hp_hsa-mir-24-1_s_st",0.863173503715161,0.913072924553037,0.913072924553037,0.989787091152897,0.913072924553037,0.913072924553037,0.869239944108582,1.14871728364113,0.874521502584832
"hp_hsa-mir-24-2_st",1.11764557500783,1.01194085766492,1.01194085766492,1.01194085766492,1.01194085766492,0.688787686767633,1.27022392200058,1.01194085766492,1.2006717430963
"hp_hsa-mir-24-2_x_st",1.43358849787792,1.48764965134006,1.48597905756856,1.48764965134006,1.6409845718031,1.48764965134006,1.52854073296985,1.87814225312451,1.48764965134006
"hp_hsa-mir-25_st",1.70248475032395,2.15418177205924,2.43412318453304,2.12330874389308,2.15418177205924,2.30278585252958,2.05406967317528,2.1348294901255,2.21796198266328
"hp_hsa-mir-26a-1_st",1.26041483357501,1.23419966615916,1.03143649322647,1.31090501119244,0.810885786157276,1.19869544749278,1.31093132802506,0.825208850792299,0.847694824404331
"hp_hsa-mir-26a-1_x_st",1.40332115903987,1.50507502903312,1.47431677873991,1.47347575634565,1.38009352416507,1.17837431942817,1.28999201420827,1.7156854787901,1.07828953608238
"hp_hsa-mir-26a-2_st",0.965893996074416,0.965893996074416,1.51132320987538,1.14870846207455,0.965893996074416,0.743895671341333,0.786212735172744,1.0085127001191,0.867640848126554
"hp_hsa-mir-26a-2_x_st",1.10055964421233,1.14280133009354,1.3830214160778,1.06968661604617,1.14419020187388,0.950668057062392,1.10055964421233,1.00792394033755,1.10055964421233
"hp_hsa-mir-26b_st",1.15086519581925,1.60258389577786,1.15086519581925,1.51618402947493,1.27522875291062,0.911841816788634,0.93928290303978,1.07200311704127,1.38384382755563
"hp_hsa-mir-27a_st",1.22459903503273,1.47671897570195,1.05051214950696,1.52854073296985,1.61593510014981,1.52854073296985,2.20744752953478,1.54578456111609,1.59805403568082
"hp_hsa-mir-27a_x_st",2.98797926544911,2.7319427119343,2.23250435702627,2.56180262741036,2.79470903709358,2.83150881968504,2.79470903709358,2.71293990909604,3.04244772148895
"hp_hsa-mir-27b_st",1.38877549599833,1.16400929669828,1.07200311704127,1.0082489027197,0.91400561066437,1.29517941602892,0.884472721735401,1.07200311704127,1.07200311704127
"hp_hsa-mir-28_st",1.00637165704102,1.16192555060927,1.18772081933858,1.26442616437186,1.24471718036295,1.2726711829074,1.29568922494636,1.00234967633304,1.06317392903584
"hp_hsa-mir-28_x_st",1.22499804897377,1.72873041701531,1.65124279347157,1.63153226810672,1.52405958434495,1.52405958434495,1.35969060137833,0.916538766864317,1.54939465967587
"hp_hsa-mir-2861_st",1.25095308458005,1.14391853112524,1.14690090731929,1.24185509333816,1.28131703770146,1.10020026863903,1.66173026286872,1.28242171715296,1.08385758696126
"hp_hsa-mir-2909_st",0.881954011547533,1.07200311704127,1.24364130764273,1.07200311704127,0.950668057062392,0.964314091417401,1.35969060137833,1.07200311704127,1.2006717430963
"hp_hsa-mir-296_st",1.40332115903987,1.57329153075292,1.40768092099782,1.40332115903987,1.40332115903987,1.40332115903987,1.40332115903987,1.15944060298282,1.2006717430963
"hp_hsa-mir-297_st",1.32228876213364,1.15222351420814,0.61490830133538,1.00704118693276,1.2737042970308,1.00950341077164,1.28505229590047,1.39317783853486,1.30097934450062
"hp_hsa-mir-298_st",0.977375339764336,1.00396105038236,1.33706618184262,1.51751573204247,1.18259092608074,1.04599134582559,1.26486061053515,1.09764056251191,1.09764056251191
"hp_hsa-mir-299_st",0.98107624968691,0.894307323326107,1.48185275964162,1.03143649322647,0.91742093838927,1.03689447989334,1.10055964421233,1.03689447989334,1.03689447989334
"hp_hsa-mir-29a_st",0.667290094731824,1.02882004642517,0.836358757953178,1.02882004642517,0.988247207730186,1.13432070836618,1.02882004642517,1.11561290411018,1.3888814506133
"hp_hsa-mir-29a_x_st",0.857891945238911,0.857891945238911,0.703130988944328,0.820858936731048,0.93461190590104,0.960089239182828,0.758395903481441,1.22401145572894,0.857891945238911
"hp_hsa-mir-29b-1_st",0.870309781339883,1.07200311704127,0.959905667711879,1.27004352205343,0.857746222395128,1.41449366434093,1.51917190585749,0.777674077465098,1.04911638388978
"hp_hsa-mir-29b-1_x_st",0.977375339764336,0.964811780819581,1.44986956995957,0.805485729787015,1.27104479990421,0.95707035073264,1.09764056251191,1.06475937635651,1.06475937635651
"hp_hsa-mir-29b-2_st",0.837338912230784,0.950668057062392,0.950668057062392,1.05543319920859,0.950668057062392,0.942926626975451,0.950668057062392,1.10410218432438,0.825448483132415
"hp_hsa-mir-29b-2_x_st",1.2006717430963,1.2006717430963,1.24276561573325,1.30814442685806,1.06795152909481,1.2006717430963,1.46251956839647,1.16269347080323,1.03345169507306
"hp_hsa-mir-29c_st",1.03143649322647,1.07200311704127,1.03143649322647,0.646523291989383,0.962949124080217,1.17661882050185,0.872260415898896,0.843703888727831,1.15425407492442
"hp_hsa-mir-300_st",0.977375339764336,0.870079617783789,0.977375339764336,1.45120323424243,1.03470423125658,0.977375339764336,1.18835747906811,0.977375339764336,0.900669994731056
"hp_hsa-mir-301a_st",1.23922316506451,1.17555800074551,1.32649240528167,1.14395872805804,1.09060763717668,1.17555800074551,1.23922316506451,1.17555800074551,1.28105866268651
"hp_hsa-mir-301a_x_st",1.10866556343929,0.882790782754402,1.53938217916083,1.30290296623111,1.61480987662873,1.2145902736085,0.910231869005548,0.969910542128172,1.27545996261472
"hp_hsa-mir-301b_st",0.977375339764336,0.955842152478603,0.893916708695839,0.996834341507776,1.09168463887355,0.869686314140467,1.06113675671907,1.33407366813392,0.867808344274806
"hp_hsa-mir-301b_x_st",0.982724136172173,1.03689447989334,1.03830484674531,0.945129003662819,0.90045445171776,0.982724136172173,1.10055964421233,0.890088432297388,0.982724136172173
"hp_hsa-mir-302a_st",1.10866556343929,0.962201950920257,0.94333449098624,0.879580276664673,1.07200311704127,1.27465253298484,1.09230810607297,0.976120481432455,1.2006717430963
"hp_hsa-mir-302a_x_st",0.902121130263987,1.07093327980997,1.23587284528594,0.832206935600719,0.98950516685616,0.98950516685616,0.869239944108582,1.06621933345602,1.11817379291119
"hp_hsa-mir-302b_st",1.09871039974321,1.07200311704127,0.807802230782113,1.26442616437186,1.07200311704127,1.2527605105304,1.35892921186499,0.894678169035083,1.10488430319667
"hp_hsa-mir-302b_x_st",1.10866556343929,0.960477497914685,0.98718478061663,1.35693774397761,1.10866556343929,1.17539232753225,0.977375339764336,1.07200311704127,1.2219947082709
"hp_hsa-mir-302c_st",0.881201331251966,0.88911441519945,1.002915683712,1.27854994535234,0.983524614542119,1.08347221007905,1.34009377794815,1.0261433185868,1.0261433185868
"hp_hsa-mir-302c_x_st",0.977375339764336,0.977375339764336,0.977375339764336,0.886493542189858,0.950668057062392,1.05409530042647,1.07398026184916,0.874075559959508,0.977375339764336
"hp_hsa-mir-302d_st",0.894782992629373,1.10028097449928,0.983270573504746,1.2145902736085,1.74867148853979,1.05701634675296,1.2145902736085,1.24221847436301,1.00819815353813
"hp_hsa-mir-302e_st",1.15133767250768,1.03143649322647,0.949076413356602,1.03143649322647,1.12319361499232,1.03143649322647,0.949076413356602,1.03143649322647,1.03143649322647
"hp_hsa-mir-302f_st",1.03143649322647,0.901330338073761,1.56824033469739,1.03143649322647,1.20408796748864,0.950668057062392,1.21892321288577,1.1260642705034,0.759638797291049
"hp_hsa-mir-3065_s_st",1.51731355429791,1.07200311704127,1.02028810563386,1.06613503812982,0.950668057062392,1.31588367309833,0.848959068403015,0.937960058949164,1.40332115903987
"hp_hsa-mir-3074_s_st",1.07418484504134,1.1284180886717,1.04103405207953,0.945769615073059,0.769389128615076,1.07862918458888,1.04103405207953,0.948398348204745,1.07200311704127
"hp_hsa-mir-30a_st",0.950668057062392,1.15343122999508,0.956319924318932,0.814196879667717,1.07200311704127,0.900307922930769,0.950668057062392,0.950668057062392,1.0320961700162
"hp_hsa-mir-30a_x_st",1.62646798297101,1.41571012438666,1.62646798297101,1.711114718206,1.5999610813144,1.44206479074729,1.26282772154743,1.54939465967587,1.66406311548037
"hp_hsa-mir-30b_st",1.09325521362962,1.25210205687673,1.1181451002666,0.948072886354244,0.895214808617461,1.09325521362962,1.50227775794556,1.2145902736085,1.09325521362962
"hp_hsa-mir-30c-1_st",1.2006717430963,1.2412383669111,1.01447143749927,1.2006717430963,1.37230993369776,1.15031160896468,1.2006717430963,1.2006717430963,1.40332115903987
"hp_hsa-mir-30c-2_st",2.2947537495037,2.41501897225128,2.64887933375044,2.882546174553,2.09521169127215,2.41501897225128,2.52315436790703,2.51315682084934,2.26894547161528
"hp_hsa-mir-30c-2_x_st",1.95689155744496,2.04157586064109,1.8349329251246,2.04157586064109,2.24786128418879,2.04157586064109,2.04157586064109,2.18947315895801,1.81933692168163
"hp_hsa-mir-30d_st",1.27191916510075,1.28584236862633,1.0576622704546,1.25083623753955,1.27191916510075,1.27191916510075,1.29862644780269,1.10028097449928,1.17366601715288
"hp_hsa-mir-30d_x_st",1.10866556343929,1.3063590206602,1.10937041851433,1.07107043092994,1.15695348061009,0.950668057062392,1.46717233699533,0.933752775324663,1.10866556343929
"hp_hsa-mir-30e_st",1.97987197525793,1.39950307252592,1.18640131624164,1.40079057920553,1.61562590582564,1.56612267915203,1.52854073296985,1.54939465967587,1.54939465967587
"hp_hsa-mir-30e_x_st",1.2477147441884,1.07200311704127,1.07200311704127,1.07200311704127,1.10669816237724,1.04857043185249,1.07200311704127,0.873657643737865,1.00632874597129
"hp_hsa-mir-31_st",2.44312944763537,2.4348700161788,2.3996948292534,2.40399698801264,2.48445305894799,2.49927679214173,2.83478959585605,2.48445305894799,2.48445305894799
"hp_hsa-mir-3115_st",1.19850194569379,1.27077530902221,1.24085324863279,1.26442616437186,0.891229735136815,1.32049425562142,1.52854073296985,1.24085324863279,1.24085324863279
"hp_hsa-mir-3116-1_s_st",1.48392690047857,1.08188865052243,1.20456090858172,1.22713197961541,1.20456090858172,1.20456090858172,0.926334756954177,1.2145902736085,1.20456090858172
"hp_hsa-mir-3116-2_s_st",1.03413589891214,1.27828854058897,1.15695348061009,1.15695348061009,1.25534658518329,1.15695348061009,1.36182096530691,0.779029866460931,1.0460326645231
"hp_hsa-mir-3117_st",1.10866556343929,1.10866556343929,1.10866556343929,1.18943399960337,1.23302912053066,1.06494730095308,1.13722209061036,1.07200311704127,1.10866556343929
"hp_hsa-mir-3118-1_x_st",0.987441155884839,0.990821608122076,1.0274840545201,1.0274840545201,1.0680506783349,0.950668057062392,1.2149707741794,1.29400144177435,1.17266638179547
"hp_hsa-mir-3118-2_x_st",1.10942256220486,0.993261925477407,0.975588233799154,1.05701634675296,0.987941779382198,0.78622257464529,1.23922316506451,1.38495618456274,0.769196113728784
"hp_hsa-mir-3118-3_x_st",1.2006717430963,1.2006717430963,1.2006717430963,1.35643234402886,1.07200311704127,1.2006717430963,1.2006717430963,1.32372720716971,1.09432345340573
"hp_hsa-mir-3118-4_x_st",0.958948904948033,0.936295891810307,1.30072359491168,0.949255844088599,1.82048753878116,1.15695348061009,0.881719834735211,0.714223754495872,1.01301005841017
"hp_hsa-mir-3118-5_x_st",1.20038797915533,0.840866890941378,0.950668057062392,1.23771888166991,0.852592040902882,0.950668057062392,0.975986043237032,1.04529583433933,0.662847824038212
"hp_hsa-mir-3118-6_x_st",1.60204185633156,1.2006717430963,0.855314363099365,1.14870846207455,1.45404096571284,1.16009890440131,0.977375339764336,1.55737007146589,1.2006717430963
"hp_hsa-mir-3119-1_s_st",1.15958215807588,1.13630553225257,0.977375339764336,0.94010161744453,0.871027050073765,0.977375339764336,1.08551073542009,0.977375339764336,0.869239944108582
"hp_hsa-mir-3119-2_s_st",1.07200311704127,1.05943955809652,1.10641802409914,1.14870846207455,1.07200311704127,1.28131703770146,0.791520785125245,1.07200311704127,0.950668057062392
"hp_hsa-mir-3120_s_st",1.40408068205059,1.44633525300911,1.02351853470823,1.40155010221624,1.40408068205059,1.42505146799083,1.40408068205059,1.54939465967587,1.29678496007004
"hp_hsa-mir-3121_st",1.45039166518924,1.37064211480934,1.33847213094073,1.06177674842828,1.11572137952748,1.2006717430963,0.91295820659479,1.02903355249484,1.2006717430963
"hp_hsa-mir-3122_st",0.910861074773214,0.950668057062392,0.913493003046873,0.805485729787015,0.995288950441411,0.724741063173079,0.836358757953178,0.664720567351717,0.754930644999368
"hp_hsa-mir-3123_st",1.24185509333816,1.56958540172869,1.24185509333816,1.2959162468003,0.910789406033269,1.10083851152701,1.65410815795223,1.11160871274929,1.24185509333816
"hp_hsa-mir-3124_st",1.23922316506451,1.23922316506451,0.934864760461555,1.23922316506451,1.23922316506451,1.4013538380594,1.1577950521107,1.12697494051761,1.49879070090247
"hp_hsa-mir-3125_st",1.11935834810074,1.097825160815,1.36810412687013,1.11935834810074,1.15695348061009,1.09265106539879,1.13637658278321,0.862624441033921,0.96592422083875
"hp_hsa-mir-3126_st",0.670986417046697,0.652952531347752,0.893916708695839,1.06524983100605,1.28635788776161,0.950668057062392,1.03901703646567,0.82961429348454,0.773374904315176
"hp_hsa-mir-3127_st",1.43704201887049,1.29602543705933,1.21525700089525,1.29602543705933,1.68268715093672,1.29602543705933,0.967552245237147,1.33659206087413,1.29602543705933
"hp_hsa-mir-3128_x_st",1.29206120649069,0.895341354904482,1.07200311704127,1.07200311704127,0.73641116241625,1.41604612687398,1.19294877834483,1.07200311704127,1.17520669560218
"hp_hsa-mir-3129_st",1.13333404094712,0.969084030198896,1.06903162573582,1.03143649322647,1.06903162573582,0.950668057062392,1.21004820754698,1.06903162573582,1.06903162573582
"hp_hsa-mir-3129_x_st",0.950668057062392,0.874928250677869,1.27126277971931,1.07014159856646,0.760618951568655,0.950668057062392,0.950668057062392,0.950668057062392,0.965376456420258
"hp_hsa-mir-3130-1_s_st",1.06646559156,0.987603512782015,0.987603512782015,1.03143649322647,0.905243432912147,0.987603512782015,0.987603512782015,1.17200670500574,0.968212443612133
"hp_hsa-mir-3130-2_s_st",1.23328769271593,0.944732584713813,1.89808343630525,1.1371556320444,1.154046505374,1.154046505374,1.10055964421233,1.19666520941869,1.154046505374
"hp_hsa-mir-3130-3_s_st",0.97922700521779,0.853710017834167,0.853710017834167,0.83327677283202,1.27828854058897,0.97922700521779,1.23045483183569,0.92888866543521,1.07200311704127
"hp_hsa-mir-3130-4_s_st",0.950668057062392,0.873953890462532,0.950668057062392,1.26442616437186,0.950668057062392,0.866491448533438,1.35969060137833,0.950668057062392,0.950668057062392
"hp_hsa-mir-3132_st",1.35160614763246,1.3230496204614,1.47260177263752,1.14870846207455,1.35160614763246,1.47753347431989,1.35160614763246,1.3230496204614,1.71654256462625
"hp_hsa-mir-3133_st",1.45971499543763,1.42180590312479,1.28131703770146,0.933075872881634,1.02828485455506,1.01638326883082,1.14648942398353,1.15695348061009,1.22573632712833
"hp_hsa-mir-3134_st",0.650808898104769,1.29602543705933,1.0409052890149,0.970616179083894,0.912979386085488,0.786212986860166,0.856585549687731,0.970616179083894,0.970616179083894
"hp_hsa-mir-3135_st",1.39170070569429,1.31331962124574,0.921006220172174,1.03143649322647,1.24421026124257,1.14533302726451,1.15817793374934,1.59815604052619,1.28440498371374
"hp_hsa-mir-3135_x_st",1.08010903626823,1.07200311704127,1.07200311704127,0.813710530806826,0.987052753472448,1.05340175356628,1.09439723594083,1.2145902736085,0.963867721385516
"hp_hsa-mir-3136_st",1.32118855514799,1.21389283316745,1.81067548471222,1.48002650407316,1.40332115903987,0.968425025335847,1.60605827980811,1.54939465967587,1.81134454607176
"hp_hsa-mir-3137_st",1.17171715649443,1.07200311704127,1.08698988732958,1.05511224371167,0.965654827350699,1.11749549456273,1.15037668071814,1.07200311704127,1.07200311704127
"hp_hsa-mir-3138_st",1.70033519685377,1.49768578091019,1.64953635797491,2.24312996504958,1.28131703770146,1.68534842656546,1.70033519685377,1.69780461701942,1.87360614753161
"hp_hsa-mir-3139_st",0.900669994731056,1.29602543705933,1.07200311704127,1.07200311704127,1.07200311704127,1.23794756240106,0.917856699074398,1.07200311704127,1.07200311704127
"hp_hsa-mir-3140_st",0.812437672113761,0.950668057062392,1.54939465967587,0.950668057062392,0.950668057062392,1.84161734342496,1.10055964421233,1.07200311704127,0.844704502301497
"hp_hsa-mir-3141_st",1.79884937268671,1.79884937268671,1.57735427176253,1.71038825145444,1.7980309108352,1.90824499287051,2.10679973373846,1.99824229210984,1.89347714996364
"hp_hsa-mir-3142_st",0.857891945238912,1.23440423731848,0.985232179344275,1.31830086572498,1.43900029771865,1.42863562466127,1.23440423731848,1.18993658398483,1.22209131683899
"hp_hsa-mir-3142_x_st",1.14650543386131,1.07200311704127,1.07200311704127,0.926820789765893,1.07200311704127,1.12839695343903,1.07200311704127,1.07200311704127,1.07200311704127
"hp_hsa-mir-3143_st",1.10866556343929,0.751697347900628,0.869239944108582,0.819442343951899,0.836358757953178,0.838270879146842,0.779138434151774,1.2048318987336,0.869239944108582
"hp_hsa-mir-3144_st",1.16401094071987,1.45415815024473,1.62962649296737,1.1027908968417,1.14247775343414,1.28131703770146,1.25139497731205,1.07137523684509,1.25139497731205
"hp_hsa-mir-3145_st",1.48025281579905,1.52854073296985,1.0178969048192,1.52854073296985,1.52854073296985,1.52854073296985,1.52854073296985,1.52854073296985,1.57225899545606
"hp_hsa-mir-3145_x_st",0.956285414743965,1.10459121454746,0.956285414743965,1.14870846207455,0.956285414743965,0.831921857652597,0.866183904787156,0.797355222255732,1.17039658654632
"hp_hsa-mir-3146_st",1.07200311704127,1.17211521592524,1.18013851269702,1.07200311704127,1.07200311704127,1.0284598195819,1.07200311704127,1.07200311704127,1.07200311704127
"hp_hsa-mir-3147_st",1.42784088682378,1.25520716787946,0.674880567596459,1.39781737260785,1.04892174433176,1.29034468884609,2.15136168143028,1.19787827638721,1.10177304061747
"hp_hsa-mir-3148_st",0.857891945238911,1.05989294491838,0.728093454064281,0.820858936731048,0.906179862409712,0.906179862409712,0.824751749455903,1.02751492238859,1.03484848846474
"hp_hsa-mir-3148_x_st",1.28103327376049,0.893585382477761,0.922053149271046,0.950668057062392,1.17151587158045,0.618868566208295,1.23922316506451,0.693934149995574,0.950668057062392
"hp_hsa-mir-3149_st",1.10866556343929,1.32527025818922,0.889516342899048,1.28470363437442,1.15695348061009,1.15695348061009,1.15695348061009,1.09850332877739,1.43330771484476
"hp_hsa-mir-3150_st",1.69643815180174,1.03068068975105,0.893916708695839,1.22872109476321,1.54798838853128,1.22872109476321,1.22872109476321,0.984840538706152,1.37237649110654
"hp_hsa-mir-3150_x_st",1.41979507566966,1.43703722127177,1.30642429800606,1.39871214810846,1.39871214810846,1.39871214810846,1.51092171180812,1.30183515877848,1.2006717430963
"hp_hsa-mir-3151_st",1.10866556343929,1.36962468067389,0.992500411291042,1.50839930415284,1.32438372458305,0.916975765003562,1.32206676013757,1.17696643236774,0.874734079122358
"hp_hsa-mir-3152_st",1.23922316506451,1.10294775137463,0.947956300042779,0.833791774110334,1.02938441299659,1.00907942396489,0.909119190249011,1.07200311704127,1.02938441299659
"hp_hsa-mir-3152_x_st",0.950668057062392,0.923960774360447,0.950668057062392,1.06287762076205,0.950668057062392,0.950668057062392,1.07015145158782,1.07014159856646,0.869239944108582
"hp_hsa-mir-3153_st",1.52854073296985,1.46446836800785,1.52854073296985,1.52854073296985,1.20793554863314,1.52854073296985,1.52854073296985,1.79246294951596,1.39404488368523
"hp_hsa-mir-3153_x_st",0.944440514207997,1.29602543705933,1.29602543705933,1.82377819500637,1.15695348061009,1.29602543705933,1.74815279234461,1.41884301875728,1.48986972800896
"hp_hsa-mir-3154_st",2.50080748041096,1.96767909078017,1.39302503715389,2.1442183453084,1.96767909078017,1.49567708001317,1.89354167802003,2.07317975272117,1.83901046472514
"hp_hsa-mir-3155_st",1.28587303399643,1.20510459783235,1.20864396378361,1.28587303399643,1.74456916144051,0.983106273099266,1.52854073296985,1.28587303399643,1.45510828386626
"hp_hsa-mir-3155_x_st",1.30796746507685,1.30796746507685,1.30796746507685,1.30796746507685,1.5873334569737,1.30796746507685,1.23853156199801,1.05316041899247,1.2006717430963
"hp_hsa-mir-3156-1_x_st",0.977375339764336,0.930986535230111,1.40332115903987,0.805485729787015,1.07200311704127,1.12029103421207,0.963867721385516,1.30764747612936,1.25936299066131
"hp_hsa-mir-3156-2_x_st",0.986560571293942,1.2006717430963,0.987571206886905,1.23978195562023,1.28562210666512,0.721146827951153,1.04174155060807,1.04174155060807,0.997908570163613
"hp_hsa-mir-3156-3_x_st",1.06808776108358,1.19752631930508,1.31886137928396,0.905070934982497,1.15695348061009,1.64985710347883,1.28217305454007,1.21144484981728,1.16086387290706
"hp_hsa-mir-3157_st",1.5310369597944,1.24364130764273,1.15695348061009,0.904871363479118,1.15695348061009,1.22060719751161,1.16951703955485,1.07200311704127,0.967237974895072
"hp_hsa-mir-3158-1_s_st",1.13890479320658,1.59762329954359,1.25945422902594,0.812754552695106,0.957936879970483,1.05701634675296,0.770090251929242,0.957936879970483,0.804502752708494
"hp_hsa-mir-3158-2_s_st",0.764560962430381,1.2006717430963,1.05701634675296,1.01644972293816,1.05701634675296,1.05701634675296,1.10055964421233,1.05701634675296,1.24832129759717
"hp_hsa-mir-3159_st",1.10866556343929,1.1651765718653,0.793291906051898,1.1651765718653,1.25795268368878,1.1651765718653,1.21432212602723,1.31125007250129,1.31035889914068
"hp_hsa-mir-3160-1_s_st",1.24887190765758,1.34087808731458,1.09307339210677,1.19722269097125,1.19722269097125,1.19722269097125,1.27559625464811,1.39081730758799,1.07200311704127
"hp_hsa-mir-3160-2_s_st",1.01665938378228,1.10866556343929,0.836358757953178,1.18537090847257,0.994356264330078,1.10866556343929,1.08781163673328,1.23000062341817,1.10866556343929
"hp_hsa-mir-3161_st",1.11788810508563,0.950668057062392,1.18675401577169,1.11476626025442,0.945789838423599,1.00799694855464,0.869239944108582,0.865717693493569,0.865717693493569
"hp_hsa-mir-3162_st",1.55981788772142,1.07200311704127,0.950090588020449,1.01618324952734,1.15695348061009,1.36811811667207,1.51753768414817,1.61524819849949,1.15695348061009
"hp_hsa-mir-3163_st",1.22401739952759,1.29602543705933,1.10597633156559,1.05889079494714,1.10597633156559,0.883978006832507,1.09433210135794,1.07974472165315,1.66033842220245
"hp_hsa-mir-3163_x_st",1.45287815471809,1.28845701542537,1.19612337901808,1.60863875565065,1.40276631453458,1.84863159629651,1.24861989656771,1.40079057920553,1.40276631453458
"hp_hsa-mir-3164_st",1.23610111101664,0.950668057062392,1.07200311704127,1.23868444941564,0.987052753472448,1.47674071560292,1.07200311704127,0.750966794763154,1.07200311704127
"hp_hsa-mir-3165_st",1.2145902736085,1.54865863929691,1.2145902736085,1.16448903051473,1.18170908745309,1.05701634675296,1.32272566926425,1.2145902736085,1.2145902736085
"hp_hsa-mir-3165_x_st",1.23922316506451,0.888358251850876,0.869239944108582,0.950668057062392,0.899192182856892,0.857694572295387,0.979748098207886,1.39808143637624,0.950668057062392
"hp_hsa-mir-3166_st",0.895015259894469,1.03890593458413,0.977375339764336,0.769588667926301,1.1414733337397,0.977375339764336,0.977375339764336,0.977375339764336,1.17173471627646
"hp_hsa-mir-3166_x_st",1.2006717430963,1.2006717430963,0.98908945031683,1.62305280140732,1.2006717430963,1.19293031300936,1.33350052478863,0.976649423078243,1.04088746100714
"hp_hsa-mir-3167_st",1.05697961609584,0.7160935352056,0.966464913105887,0.966464913105887,1.19448317529966,0.811324707013747,1.05697961609584,0.863165133301058,1.01842819412764
"hp_hsa-mir-3167_x_st",0.907836573179537,1.45560471712508,1.25232061874592,1.07034562290322,1.15119350030294,1.08925471736881,1.14659923451219,0.907836573179537,1.11804270734113
"hp_hsa-mir-3168_st",0.585108201201483,0.867569973066949,1.31252825281523,1.03143649322647,0.908136596881749,0.938347007985744,0.646309652459441,0.810241081574702,0.70778569097779
"hp_hsa-mir-3169_st",0.857891945238911,1.2006717430963,0.870854395508923,1.06302553313873,0.687330879917256,1.35424087654088,1.1238876961516,1.0595852809403,1.0595852809403
"hp_hsa-mir-3170_st",1.22297486254851,0.90804935301771,0.950668057062392,0.950668057062392,0.90804935301771,1.22865453735442,0.885035996668691,0.783448009039156,0.950668057062392
"hp_hsa-mir-3171_st",1.20000947805751,0.923960774360447,0.850720461525464,0.826251011962356,0.950668057062392,0.950668057062392,0.929585129501195,1.10062253649723,1.16145805608931
"hp_hsa-mir-3172_st",0.65492998774532,0.949934253513191,1.26669290766968,0.977375339764336,1.15695348061009,0.950668057062392,0.977375339764336,0.977375339764336,1.2006717430963
"hp_hsa-mir-3173_st",1.40332115903987,1.24967983601884,1.5938166345655,1.56644967507382,1.48568123890974,1.48568123890974,1.37235209407813,1.48568123890974,1.48568123890974
"hp_hsa-mir-3174_st",1.07200311704127,1.07200311704127,1.07200311704127,1.14107768441204,1.07200311704127,0.954460520833316,1.02990924440432,1.07200311704127,1.29217223478678
"hp_hsa-mir-3175_st",1.14870846207455,1.0079382309918,1.14870846207455,1.14870846207455,1.52331220701643,1.14870846207455,0.971995195590811,1.19254144251901,1.14870846207455
"hp_hsa-mir-3176_st",1.40079057920553,1.3165912948803,1.40079057920553,1.40079057920553,1.50905314181753,1.40079057920553,1.40079057920553,1.14405667213871,1.36021774051054
"hp_hsa-mir-3177_st",1.77391847541902,1.78105201174116,1.24196487685914,1.27862732325716,1.53485999796965,1.27862732325716,1.23922316506451,1.11611827353348,1.35818074791658
"hp_hsa-mir-3178_st",3.30497172422824,2.21368867855422,2.50205367086308,2.87613715004739,2.87613715004739,3.90163444888829,2.79470903709358,3.14005936659349,2.8364339966044
"hp_hsa-mir-3179-1_s_st",1.07200311704127,0.99135782243611,1.07200311704127,1.07200311704127,1.07200311704127,1.15695348061009,1.15483397296616,1.12963991003968,1.07200311704127
"hp_hsa-mir-3179-2_s_st",0.716122539043063,1.23838864406092,1.19361592700811,1.15695348061009,1.15695348061009,1.15695348061009,1.32417352863333,1.15695348061009,0.926912538069979
"hp_hsa-mir-3179-3_s_st",1.10866556343929,1.1900936763931,1.46536389180888,1.40079057920553,0.836358757953178,1.10866556343929,1.02980348466131,1.02980348466131,1.10866556343929
"hp_hsa-mir-3180-1_s_st",3.66940378505587,3.30420382998182,2.98334678309127,3.45420671032162,3.8767069818764,3.43496948236467,3.50058423598638,3.93399028849372,3.45420671032162
"hp_hsa-mir-3180-2_s_st",4.99503667006214,4.04929677455159,4.0333474639216,4.27422637564846,4.46482432138933,4.66376438807615,4.80964335053678,4.73181408843452,4.50291455334521
"hp_hsa-mir-3180-3_s_st",3.4480445730629,2.91414620597704,2.8810821719762,2.95230772394338,3.12609807796546,2.9064047758901,2.80021234379084,3.82235756121629,3.255301648347
"hp_hsa-mir-3182_st",1.10866556343929,0.932003801302504,1.31333639610965,1.10866556343929,1.43931454407836,1.10866556343929,1.35969060137833,1.10866556343929,0.829197045473323
"hp_hsa-mir-3183_st",1.68268715093672,1.40079057920553,1.13140515029883,1.40079057920553,1.14473751254797,2.04295083971319,1.27437426241458,1.71096207381689,1.42401821408032
"hp_hsa-mir-3184_s_st",1.63182438957782,1.13423912485648,0.976049914904286,1.26442616437186,1.19398648911796,1.78347458072014,1.07816276954776,1.76576342552317,1.70109612398823
"hp_hsa-mir-3185_st",2.71870086594638,2.12102313026747,2.00388759348535,2.63667849134718,2.63667849134718,2.68571546981678,2.63667849134718,3.15361252763273,2.81320720161484
"hp_hsa-mir-3186_st",1.19190429632248,1.07200311704127,1.24185509333816,0.859229349025169,1.07200311704127,1.39260830137798,0.977375339764336,0.913072924553037,1.16400929669828
"hp_hsa-mir-3187_st",1.26468070544023,1.54939465967587,2.15409189980677,1.54939465967587,1.52616702480107,2.12351809250375,1.57610194237781,1.37015759047602,1.54939465967587
"hp_hsa-mir-3188_st",2.18931203918993,2.01033166085215,1.93325897253237,1.96976503703735,2.18931203918993,2.22018506735609,2.2732488009603,2.81479282872438,2.32073077884745
"hp_hsa-mir-3189_st",1.34788317941237,0.973878542483809,1.03143649322647,1.03143649322647,1.29447326514072,0.836358757953178,1.05606938468248,1.07200311704127,0.888849336659242
"hp_hsa-mir-3190_s_st",1.18932374422663,1.2006717430963,1.2006717430963,1.16307661058695,1.2006717430963,1.2006717430963,1.57065496405222,1.16307661058695,1.2006717430963
"hp_hsa-mir-3191_s_st",1.15695348061009,1.30060887695343,1.01593689879893,1.15695348061009,1.15695348061009,1.15695348061009,1.15695348061009,1.72897280052162,0.813200371514787
"hp_hsa-mir-3192_st",0.738981108903888,1.4571299578083,1.7634555871008,1.00696704366336,1.07200311704127,1.20494742714144,0.941334983269661,1.11804638311985,0.792870333548557
"hp_hsa-mir-3193_st",0.97922700521779,1.41736049703821,1.20762762362112,1.23443815484735,1.98518863902464,1.818643586772,1.09871039974321,1.04419146471935,1.07200311704127
"hp_hsa-mir-3194_st",1.54939465967587,1.54939465967587,1.16426781890884,1.62894808433528,1.91029927440484,1.54939465967587,1.54939465967587,1.59975479380749,1.54939465967587
"hp_hsa-mir-3197_st",1.48897578360567,1.46074266008122,1.21129586387497,1.2888530501039,1.54939465967587,2.09068145701036,1.46074266008122,1.63204021611343,1.71074634611513
"hp_hsa-mir-3198_st",1.24087655382034,1.08673013585346,1.08673013585346,1.08673013585346,1.08673013585346,0.836358757953178,1.08673013585346,1.23280363648946,1.40332115903987
"hp_hsa-mir-3199-1_s_st",1.07214883988505,0.950668057062392,0.950668057062392,0.950668057062392,0.950668057062392,0.950668057062392,0.950668057062392,0.788159007338707,0.950668057062392
"hp_hsa-mir-3199-2_s_st",1.04118276005235,1.00747032905721,1.1535657426203,0.711941712853142,0.646309652459441,0.858975941740804,0.950668057062392,1.07200311704127,0.950668057062392
"hp_hsa-mir-32_st",1.37835077130548,1.2006717430963,1.23733418949432,1.23733418949432,1.3586692494732,1.14843457117797,1.19623421166712,1.47297854858241,1.2006717430963
"hp_hsa-mir-3200_st",1.41053925061106,1.42188724948073,1.74205690388673,1.75412476928734,1.42188724948073,1.28131703770146,1.5002608131576,0.796909229265494,1.55918421071012
"hp_hsa-mir-3201_st",0.947236115147374,1.58071105193427,0.950668057062392,0.919795028896229,1.33654571151854,0.831001704000386,0.769418852132913,0.835781214827484,1.31943198000474
"hp_hsa-mir-3201_x_st",0.937530976827322,1.74103720481628,1.26508887626585,1.31915002972798,1.39259783969818,1.15695348061009,1.10880466274788,0.989733432586856,1.52126646575321
"hp_hsa-mir-3202-1_s_st",1.28810769828177,1.19170621578736,1.07037115580848,0.913072924553037,0.95704201097687,1.14798795330115,1.22026274295842,0.782772337265215,1.07037115580848
"hp_hsa-mir-3202-2_s_st",0.910676898394141,0.907982415617005,1.00790346496075,1.19680426167633,1.08933157791456,1.08159014782762,1.23922316506451,1.56751068910681,1.10067957678423
"hp_hsa-mir-320b-1_st",1.10866556343929,1.15092013439781,0.850003771715869,1.32789475732476,0.97217606339538,0.980949762684763,1.00073259056645,0.84747319188152,1.24712632116068
"hp_hsa-mir-320b-1_x_st",1.12440933249317,1.04529583433933,1.25714018551335,0.982664468724332,0.965104738946038,1.15695348061009,1.01549210861526,0.815950050383712,1.15189827739484
"hp_hsa-mir-320b-2_st",1.11771279477244,1.36055822504338,1.23922316506451,1.35031785911286,1.68268715093672,1.23922316506451,1.12179685459445,1.09898785431901,0.948322035314436
"hp_hsa-mir-320c-1_st",2.82113471402417,4.08618809580783,3.68400166730823,3.7647701034723,4.24404741780681,4.42200959976219,3.53656208666291,4.22768720362899,3.20563695702552
"hp_hsa-mir-320c-1_x_st",0.905535170153118,1.18595207549231,0.959473182056333,1.20947686809024,1.63542268736578,1.91692451131893,1.10055964421233,1.40959570419947,0.76523079039478
"hp_hsa-mir-320c-2_st",0.715384219830206,0.836358757953178,0.905433325323943,0.982138670357224,0.784098265345065,0.905433325323943,1.02861762977194,0.905433325323943,1.01861975697555
"hp_hsa-mir-320c-2_x_st",1.11791461557865,1.27476628997396,1.03143649322647,1.11583609748573,0.939174335348937,1.77786066303542,1.07200311704127,0.99314103826329,1.07200311704127
"hp_hsa-mir-320d-1_st",1.09425115227254,1.04558151912589,1.2961625741267,1.12999938208001,1.10181892270052,1.28131703770146,0.982745080450977,1.17866380692429,0.855992329518098
"hp_hsa-mir-320d-1_x_st",0.969338048139706,0.957693817932056,0.840683416937517,1.16090273535763,1.07200311704127,1.68268715093672,1.33670321831392,0.979367413166485,1.0221757025878
"hp_hsa-mir-320d-2_x_st",1.07200311704127,1.04456203079012,1.34309599614656,1.01959690158937,0.881954011547533,1.68268715093672,0.763543834931815,1.07200311704127,1.07200311704127
"hp_hsa-mir-320e_st",1.87999644001447,1.20006034970439,1.56098876681378,1.29313349634924,1.23057847410419,1.13039605598844,1.35969060137833,1.04151036617688,1.41036531032212
"hp_hsa-mir-320e_x_st",1.43546345566833,1.28131703770146,0.840284091896209,1.44541524089349,1.28131703770146,2.02962067281815,1.28131703770146,1.2145902736085,1.15998197772258
"hp_hsa-mir-323_st",1.098856122587,0.756717750964551,0.977375339764336,0.99802328812186,1.15695348061009,0.955842152478603,0.977375339764336,0.977375339764336,1.12103073610767
"hp_hsa-mir-323b_st",1.59772993862055,1.23922316506451,1.26007709177052,1.06431037694988,1.23922316506451,1.28131703770146,1.23922316506451,1.06758497446305,0.782685549135925
"hp_hsa-mir-323b_x_st",1.4748675241526,1.07200311704127,0.843531758609857,1.33305878226062,1.22247240405486,1.07200311704127,1.24292683583864,1.11517668207431,1.11517668207431
"hp_hsa-mir-324_st",1.23922295584784,1.40332115903987,1.64953635797491,1.45869915889304,1.40332115903987,1.44091629154923,1.35353225495706,1.34120571523931,1.19400723837968
"hp_hsa-mir-325_st",0.951737894293692,0.951737894293692,0.993831766930647,0.914142761784338,1.16105181495388,0.76953107598215,0.748974721361005,0.894409002801446,1.13909776791373
"hp_hsa-mir-326_st",1.41438900573276,1.41438900573276,1.41438900573276,1.03143649322647,1.41438900573276,1.66075668416254,1.4062830865058,1.32943864216394,2.03730876448712
"hp_hsa-mir-328_st",1.7362124179406,1.60204185633156,1.54222670659514,1.80617410555517,1.82702803226119,1.68268715093672,1.78097110624782,2.17571680889057,1.2407647043955
"hp_hsa-mir-329-1_s_st",0.723371798726621,0.738160136438409,0.66144017577628,0.913072924553037,0.950668057062392,1.3210285641088,0.843637021474199,0.786308129981952,0.870831238671833
"hp_hsa-mir-329-2_s_st",1.23922316506451,0.950668057062392,1.07200311704127,0.867338499251102,0.836358757953178,0.950668057062392,1.13815477672169,0.950668057062392,0.906835076617937
"hp_hsa-mir-330_st",1.14870846207455,1.06806316746939,0.931777724039448,1.14870846207455,1.14870846207455,1.46931364641126,1.14870846207455,0.900291244465451,1.19462028404162
"hp_hsa-mir-331_st",0.9380614578929,1.2006717430963,1.36164424362481,1.136369327885,1.38152544376512,1.17396446039436,1.22737902579825,1.43788667694046,1.2006717430963
"hp_hsa-mir-335_st",1.40079057920553,1.40079057920553,1.40079057920553,1.40079057920553,1.0651986245805,1.73403510030655,1.40151476430279,1.40079057920553,1.51545903501003
"hp_hsa-mir-337_st",0.884643243421235,1.07200311704127,1.39671613797928,1.093536304327,0.972055521504342,1.0167203068693,1.26542591430433,1.06708044100092,1.30432630335392
"hp_hsa-mir-337_x_st",1.05701634675296,2.03506640041029,0.931499359369341,1.48043158619415,1.1516441240299,1.05701634675296,1.05701634675296,0.858670873449558,1.10073460923917
"hp_hsa-mir-338_s_st",1.03143649322647,1.00564122449716,0.790472315878383,1.03143649322647,0.854774731089682,1.07084065141912,1.03143649322647,1.03143649322647,1.46956998504689
"hp_hsa-mir-339_st",3.15186604290933,2.79949635214241,2.73199087337877,3.15186604290933,3.15186604290933,3.17271996961535,3.26056043991164,3.35205572695479,2.95368902013663
"hp_hsa-mir-33a_st",0.940003981132347,0.950668057062392,0.977375339764336,0.902970972624484,0.950668057062392,0.923226970811246,0.950668057062392,0.779029866460931,0.971521983768407
"hp_hsa-mir-33b_st",3.0206003836876,2.99315929743645,2.79730398035563,2.9800337598728,3.22991430434779,3.20563695702552,3.0206003836876,3.38368512579379,3.0206003836876
"hp_hsa-mir-340_st",0.970320054894447,0.990397837281146,0.952802704771791,0.805485729787015,0.993369328586591,0.950668057062392,0.952802704771791,0.967789475060098,0.967789475060098
"hp_hsa-mir-342_st",1.70700305273498,1.07200311704127,1.26895712268926,1.40332115903987,1.40332115903987,1.51929886598915,1.44463171977259,1.24628624646919,1.40332115903987
"hp_hsa-mir-345_st",1.47657796818877,1.14232341735001,1.24185509333816,1.01555626442507,1.53541757935101,1.34735575527917,1.15765169698163,1.46869081525805,1.19531290327695
"hp_hsa-mir-346_st",1.14286044054292,1.39950307252592,1.54939465967587,1.52854073296985,1.73015205316499,2.13360009160052,1.43233789171705,1.37700279398079,2.12351809250375
"hp_hsa-mir-34a_st",1.15695348061009,1.15695348061009,1.15695348061009,1.32105168380213,1.15695348061009,1.02684732545738,1.05004712625333,1.15695348061009,1.02478266429426
"hp_hsa-mir-34b_st",1.14465376840785,0.950668057062392,1.03143649322647,0.711941712853142,1.40332115903987,0.766264864838663,0.813588081102958,1.07200311704127,0.689544904176534
"hp_hsa-mir-34c_st",1.38077352893952,1.22027972565387,1.04933709152477,1.38077352893952,1.50629051632315,1.38077352893952,1.35969060137833,1.38077352893952,1.93100009069036
"hp_hsa-mir-361_st",1.6032020851155,1.78987927394984,1.71729978768185,1.79027357140273,1.33110124023619,1.61802733505991,1.52516262224854,1.72026006935726,1.29665333327737
"hp_hsa-mir-362_st",1.15695348061009,1.1719402508984,1.45154328148959,1.35203121588338,1.15695348061009,1.10975526073054,1.07601320692562,0.947917930880342,1.649331793533
"hp_hsa-mir-363_st",1.01327240162505,0.846052353601815,1.15585955819228,0.805485729787015,0.916395412295067,1.4074409243398,1.34433808892995,1.31479504405964,0.947450493333955
"hp_hsa-mir-365-1_st",1.10866556343929,1.71620080322097,0.811332511515993,1.26442616437186,1.07200311704127,1.51664432268838,1.02128152684712,1.16384654275342,0.936317722405378
"hp_hsa-mir-365-1_x_st",1.38940262852768,1.40343491602899,1.01751796271427,1.35960722896366,0.854240067151104,1.16970267813456,1.2006717430963,1.2006717430963,1.2006717430963
"hp_hsa-mir-365-2_st",1.23922316506451,1.5578732623595,1.07200311704127,1.32589131702628,1.09432345340573,1.2006717430963,1.23922316506451,1.01194085766492,1.2006717430963
"hp_hsa-mir-367_st",1.5310369597944,1.14581977032298,0.893916708695839,1.2447550449017,1.58855260808805,1.24121567895044,1.57300915305355,1.55391509287441,1.00822600780505
"hp_hsa-mir-369_st",0.978109143313537,0.950668057062392,1.27717067868472,1.291867250623,0.978109143313537,0.950668057062392,0.846818919638582,0.913072924553037,0.978109143313537
"hp_hsa-mir-370_st",1.10866556343929,1.2006717430963,1.31908416355099,1.10866556343929,1.10866556343929,1.02448895491034,1.51457184250328,0.932507216695054,1.10866556343929
"hp_hsa-mir-371_st",0.900912877297262,1.2201488092066,1.66231057031696,1.09155164971946,1.07200311704127,1.68268715093672,0.952230036235334,0.947196311568401,1.06405479103044
"hp_hsa-mir-372_st",1.0229759215319,1.0229759215319,1.13728522064111,0.805485729787015,1.11575203335538,1.0229759215319,0.96658208513414,0.83576787158565,1.03080166978656
"hp_hsa-mir-373_st",1.2145902736085,1.00033337896236,1.2145902736085,1.45842737220393,1.2145902736085,0.836358757953178,1.41732739437673,1.46795949622504,1.2145902736085
"hp_hsa-mir-374a_st",1.098856122587,0.856040279785458,0.977375339764336,0.727003961864049,0.955842152478603,1.28131703770146,0.977375339764336,0.917313080387991,1.10604396581937
"hp_hsa-mir-374b_st",1.1012972972345,0.979962237255624,1.40332115903987,1.67268061284309,0.972628671179472,1.28131703770146,0.792838015125048,1.1012972972345,1.1012972972345
"hp_hsa-mir-374b_x_st",1.10866556343929,1.28785847679867,0.920099593042223,1.14309110439298,0.950668057062391,1.11788810508563,1.04845220200679,1.11788810508563,1.01315837502094
"hp_hsa-mir-375_st",1.20231093273083,0.999957058365059,1.44991798896723,1.03143649322647,1.2142139530112,1.50726780114092,1.17661882050185,1.17661882050185,1.09690668334272
"hp_hsa-mir-376a-1_st",0.803921032076835,0.883571460954069,1.12358176496479,0.859102011390961,1.01803220387919,0.875830030867128,0.815269030946506,0.779029866460931,0.832394728689016
"hp_hsa-mir-376a-1_x_st",0.725598837959047,0.800713577627549,0.977375339764336,1.1754157447765,1.07200311704127,1.19163223441048,0.813277136572304,1.01604030950499,0.977375339764336
"hp_hsa-mir-376a-2_st",1.03143649322647,1.88481467346852,1.29535870977258,1.03143649322647,0.549432663129457,1.03143649322647,1.15170171597405,0.646523291989383,1.03143649322647
"hp_hsa-mir-376a-2_x_st",0.7873262342706,0.977375339764336,1.034933290507,0.939780207254982,0.977375339764336,1.05701634675296,0.774612166831649,0.977375339764336,0.977375339764336
"hp_hsa-mir-376b_st",0.977375339764336,1.07200311704127,0.895105655309923,0.977375339764336,1.2875468343757,0.848153126854734,1.01179574483689,1.03255631907846,0.712484309447011
"hp_hsa-mir-376b_x_st",1.16251782003123,1.2006717430963,1.03494197178459,1.07200311704127,1.07200311704127,1.07200311704127,0.977375339764336,0.953639548367837,1.07200311704127
"hp_hsa-mir-376c_x_st",0.870331972477498,1.08444314427986,0.918029056915405,0.870331972477498,0.646309652459441,0.870331972477498,0.870331972477498,0.976256682646705,0.870331972477498
"hp_hsa-mir-377_st",1.04892120501025,1.14169731683373,1.24364130764273,0.883579903454602,0.817947843060901,0.950668057062392,0.977375339764336,0.950668057062392,0.931276987892509
"hp_hsa-mir-378_st",1.10055964421233,0.868412333923396,0.933339596189099,0.990758478091322,1.10055964421233,1.23826939062683,1.10055964421233,1.26212705835335,1.10055964421233
"hp_hsa-mir-378_x_st",1.14870846207455,1.14870846207455,0.954722750729089,1.14870846207455,1.30361491420496,0.946354587708777,1.14870846207455,1.0953261007543,1.28405698618568
"hp_hsa-mir-378b_st",1.02817171548001,1.06206225229129,0.618868566208295,1.03143649322647,0.66270154665275,0.688304469287134,1.01106535480294,1.14143902012011,1.346821812775
"hp_hsa-mir-378b_x_st",1.06851677297251,1.2938692190568,0.891582187635117,1.62000067210705,1.06851677297251,0.950668057062392,1.06851677297251,1.2145902736085,0.987748336808428
"hp_hsa-mir-378c_st",1.54939465967587,1.83699347821913,1.47489234285583,1.5439669102266,1.91763877282429,1.54939465967587,1.52854073296985,1.47574097355978,1.54939465967587
"hp_hsa-mir-378c_x_st",1.01672270030813,1.2006717430963,0.741033361176008,1.24343217079112,1.16672682575784,1.16672682575784,1.24899651021225,1.13567589539838,1.16672682575784
"hp_hsa-mir-379_st",1.42970188571741,0.977375339764336,1.20989063567486,0.949934253513191,0.950668057062392,1.10289232714796,0.977375339764336,0.977375339764336,0.977375339764336
"hp_hsa-mir-380_st",0.680008251982221,0.874294792185844,1.1713583324776,0.859586392827977,0.836358757953178,0.859586392827977,0.861357414279779,0.803983697461055,0.859586392827977
"hp_hsa-mir-381_st",0.977375339764336,0.950668057062392,0.906949794576184,0.94817183023784,0.70094813496945,1.20528075402772,0.963231616007147,0.842647379364885,0.950668057062392
"hp_hsa-mir-382_st",0.857891945238911,0.972201244348125,0.775190793723139,1.10172904383434,0.857891945238911,0.942842308807734,0.678313804393155,0.800563053746665,0.772941581670089
"hp_hsa-mir-383_st",1.05438531013992,1.2063419789091,1.05049227963313,1.40141971418239,1.36325788804026,1.40332115903987,1.23922316506451,1.14901308741685,1.23922316506451
"hp_hsa-mir-384_st",1.11638685679529,1.03143649322647,1.03143649322647,0.901330338073761,1.03143649322647,1.11638685679529,1.00286557808945,0.95257441444849,1.03143649322647
"hp_hsa-mir-409_st",0.977375339764336,0.950668057062392,1.21090432658947,1.03143649322647,0.84382884576951,0.73835196073372,1.15340517783063,0.84382884576951,0.950668057062392
"hp_hsa-mir-410_st",0.690449244940616,1.09168463887355,0.977375339764336,0.946502311598174,1.27034859034468,0.977375339764336,0.977375339764336,0.977375339764336,0.933542359319881
"hp_hsa-mir-411_st",1.00307427251429,0.881593489691626,1.34200099239901,0.950668057062392,0.896932944200971,0.950668057062392,0.929814130356376,1.09325521362962,0.950668057062392
"hp_hsa-mir-412_st",1.13035076219309,1.2006717430963,1.54964655264462,1.1111133295652,1.17174257220567,1.10499019958834,1.10055964421233,1.00010438160421,1.24406215603758
"hp_hsa-mir-421_st",0.977375339764336,1.29602543705933,1.39975310996848,1.13536680531569,1.72478102357368,1.17550874766158,1.34954164399017,1.20245495892348,1.37409314952494
"hp_hsa-mir-422a_st",1.16739366840395,1.25211850142157,1.05891883777438,1.33366438556574,1.22563674927083,1.22145482186609,0.937923212769319,1.40079057920553,1.14068638570201
"hp_hsa-mir-423_s_st",7.89210941717359,8.01202351560207,8.07453707277622,7.89210941717359,8.17904058308512,8.10901066662274,7.83557319627117,7.83343315463,7.53729430011023
"hp_hsa-mir-424_st",1.36649713127706,1.15695348061009,1.07794202327495,1.66160422337553,1.31792445051484,1.15695348061009,1.15695348061009,1.08530572319449,1.07389714696753
"hp_hsa-mir-425_st",2.01106167327889,1.9808715171436,2.32191223558825,1.67935416808814,1.9808715171436,1.9808715171436,2.10695982705034,1.9808715171436,1.76313497467031
"hp_hsa-mir-4251_st",0.970585756840293,1.58648115430209,1.39740473960863,1.32217669407451,1.24140825791043,1.82527430750395,1.15998014495662,1.2145902736085,0.991696719629046
"hp_hsa-mir-4252_st",1.13609955390408,1.13609955390408,0.677065711150944,1.13360332707953,1.0108799799741,1.15695348061009,1.2666668174852,1.14070584024569,1.22810573356109
"hp_hsa-mir-4253_st",1.16774123506424,1.26051734688772,0.944070660701817,1.40079057920553,1.26051734688772,1.27887504676919,1.29339853304313,0.954100025728596,0.864024256574469
"hp_hsa-mir-4253_x_st",0.82206332925728,1.07200311704127,1.31494370123444,1.07200311704127,1.07200311704127,1.07200311704127,1.07200311704127,1.03534067064325,1.33274507348176
"hp_hsa-mir-4254_st",1.40332115903987,1.24963251941364,1.5275322366365,1.11672021315875,1.28131703770146,1.23722688165404,1.24963251941364,1.24963251941364,0.894531411448659
"hp_hsa-mir-4255_st",1.36168038115918,1.05666280835594,0.975234695402128,1.21149072317717,1.07200311704127,0.968707541714961,1.34059745359799,0.885024617754477,0.948154420179225
"hp_hsa-mir-4256_st",1.09871039974321,1.1487230777034,0.977375339764336,1.07200311704127,1.07200311704127,1.07200311704127,1.13566828136027,1.07200311704127,1.07200311704127
"hp_hsa-mir-4257_st",1.1159722034651,1.1816042638588,1.12197434350012,1.1816042638588,1.65005341839639,1.52667889775862,1.1159722034651,1.57209686564325,0.869239944108582
"hp_hsa-mir-4258_st",0.748974721361005,0.874521502584832,1.07526947367093,0.967134078015171,0.855514973810376,0.886365641851092,0.869239944108582,0.953639548367837,0.994501037506847
"hp_hsa-mir-4259_st",1.53481859026119,1.29602543705933,1.21017512136962,1.28778041852379,0.904115290847296,1.29602543705933,1.29602543705933,1.99298449736797,1.2110750734905
"hp_hsa-mir-4260_st",1.38243287932406,1.27303725914026,1.5310369597944,1.20733779225324,1.38243287932406,1.05178389868499,1.87515566713292,1.40079057920553,1.348108023336
"hp_hsa-mir-4261_st",1.40332115903987,1.22344456393247,0.649696310362611,1.04397673056946,1.62710762212941,1.21066663789344,1.23922316506451,1.63023379138273,1.21066663789344
"hp_hsa-mir-4262_st",1.45830784519896,1.08028250981715,0.917705549783747,1.03143649322647,1.16154264837918,0.99559820301939,1.42624274965183,1.29754477892726,1.20638820204631
"hp_hsa-mir-4263_st",1.08921164534266,1.22189470419121,0.992973223746327,1.10055964421233,1.0516601272974,1.22289265959582,1.10055964421233,1.01034956656468,1.10055964421233
"hp_hsa-mir-4264_st",1.1500812454991,1.12337396279716,1.10866556343929,1.14870846207455,0.904710640215932,1.10866556343929,1.00053016778354,1.02312462159434,1.08195828073735
"hp_hsa-mir-4265_st",1.15331747300597,0.929134869776658,0.950668057062392,0.819062922167202,0.950668057062392,0.950668057062392,1.01474042202439,0.96458658757459,0.869239944108582
"hp_hsa-mir-4266_st",1.23922316506451,1.21178207881336,0.904149076697242,1.56852849348652,1.35353246417372,1.09865295328523,1.07037303347298,1.5059864371581,1.7562187356629
"hp_hsa-mir-4267_st",2.14482751013677,2.32348218965719,1.43240710257447,1.93107391698692,2.15981428042508,2.23628297174413,1.70136352426455,2.45659696221767,1.89347714996364
"hp_hsa-mir-4268_st",1.07200311704127,0.836358757953178,1.1997532708056,1.07200311704127,1.07200311704127,1.07200311704127,1.1997532708056,1.07200311704127,0.91400561066437
"hp_hsa-mir-4269_st",0.794211052616059,0.987754551688614,1.05080975536144,0.950668057062392,0.950668057062392,0.873852059604685,0.950668057062392,1.09325521362962,0.877104718684354
"hp_hsa-mir-4270_st",1.90006109504987,1.57329153075292,1.99048632067752,1.55406298219005,1.63491031675937,1.70339768590563,1.83474968732406,1.98977219156768,1.76946522059562
"hp_hsa-mir-4272_st",0.939780207254982,0.969875196547858,1.11935834810074,1.07717112774507,0.745852876529801,0.913072924553037,0.869239944108582,0.88844003309703,0.913072924553037
"hp_hsa-mir-4273_st",1.40038383590293,1.05173644540521,0.829921594675986,1.08029297257627,0.98230054232637,1.15808473509578,1.08029297257627,0.913072924553037,1.19250667648796
"hp_hsa-mir-4274_st",1.46542718502059,1.44389399773486,1.24185509333816,1.44389399773486,2.143448477177,1.44389399773486,1.57400015288757,1.18908695165048,1.65667395341733
"hp_hsa-mir-4275_st",1.23302912053066,1.67896733435754,1.72204613393804,1.34075651230927,1.28131703770146,0.865340938318411,1.12214096037389,1.25486117437538,1.57597263330204
"hp_hsa-mir-4276_st",1.18676893914317,1.01782929343205,1.10953986893034,1.23922316506451,1.39396314742574,1.2603060926257,1.23922316506451,1.76295456780524,1.36445226089328
"hp_hsa-mir-4277_st",1.23922316506451,1.07497894837855,1.09820658325335,1.52854073296985,1.32250727420184,1.09820658325335,1.01856557626472,1.28440688885037,1.09820658325335
"hp_hsa-mir-4278_st",1.01927142809874,0.73641116241625,1.16470537553088,0.982238419590874,0.816658763660245,0.867635912704747,1.23922316506451,1.02117148052173,1.18010167300997
"hp_hsa-mir-4279_st",1.01815086044934,1.07200311704127,1.28189799197342,1.14870846207455,1.14870846207455,1.14870846207455,1.23097814652896,1.14870846207455,1.14870846207455
"hp_hsa-mir-4280_st",1.28816761667644,1.04874199734573,1.18135057297264,1.21093854646362,1.02248108467567,0.908171785566457,0.842902943829915,0.65633901748622,1.04874199734573
"hp_hsa-mir-4282_st",0.977375339764336,0.82618625705043,0.726798115223282,0.956292412203139,0.923411226047735,1.19567148095712,0.956292412203139,1.36786794154879,0.988723338634007
"hp_hsa-mir-4283-1_s_st",1.28517036833238,1.19802740627284,1.03545044623944,1.13966938137906,1.60600616552193,1.28131703770146,1.19802740627284,1.40079057920553,1.19802740627284
"hp_hsa-mir-4283-2_s_st",0.844914249938382,0.73641116241625,0.844914249938382,1.23398391472188,0.921634210600511,0.723267190131504,0.937549953813167,0.780611834727083,1.06821065327035
"hp_hsa-mir-4284_st",1.5310369597944,1.32958469862565,1.31821861328261,1.29871167045948,1.44389399773486,1.44389399773486,1.44389399773486,1.58872222226191,1.45769146528407
"hp_hsa-mir-4285_st",1.23879440647955,1.4529055782819,0.987035039641296,1.18638819102765,1.23879440647955,1.03875005104871,1.52854073296985,1.59549273484913,1.3859908262338
"hp_hsa-mir-4286_st",1.18932374422663,1.2006717430963,1.15695348061009,1.16979871493014,1.28562210666512,1.2006717430963,1.46487262935546,1.2006717430963,1.2006717430963
"hp_hsa-mir-4287_st",1.21964104992484,0.543762260118599,1.0167280938686,0.954207423013649,1.03143649322647,0.976716597136904,1.37981546709678,1.03143649322647,1.04642326351478
"hp_hsa-mir-4288_st",1.02077241729643,1.11277859695343,1.03143649322647,0.770891872821436,1.02077241729643,0.987891231141021,1.12890781295218,0.821230359064878,1.03143649322647
"hp_hsa-mir-4289_st",1.17165005254838,1.26442616437186,1.09714773572834,1.26442616437186,0.943831441714941,1.26442616437186,1.55298127237397,1.52834838091796,1.26442616437186
"hp_hsa-mir-429_st",1.01317560762016,1.10055964421233,1.10055964421233,1.01067938079561,1.33620400330043,1.28131703770146,0.910510538718598,1.10055964421233,1.13344083036774
"hp_hsa-mir-4290_st",0.90954116192524,1.56833224254544,0.726529784282787,1.31607538105818,1.15695348061009,1.10866556343929,1.16534944575919,0.964722141239366,1.25232095978263
"hp_hsa-mir-4291_st",1.50378696876809,1.63059256841724,2.03112489244955,1.63059256841724,1.35134838794494,1.3512265765204,2.12979877801029,1.72873041701531,1.69455996123236
"hp_hsa-mir-4292_st",1.84863159629651,2.01033166085215,1.7969165848891,1.93107391698692,1.84863159629651,1.6469123915596,1.86119515524127,1.84863159629651,1.84863159629651
"hp_hsa-mir-4293_st",0.977375339764336,0.963943200108117,1.07787027345898,1.05701634675296,1.02413516059756,1.05701634675296,1.01318336630851,1.10653035667535,1.28031275008493
"hp_hsa-mir-4294_st",0.977375339764336,1.44389399773486,0.928112703536238,1.06094148522857,1.14236959818238,0.919924903417412,0.729509686240853,1.1555692625055,1.06094148522857
"hp_hsa-mir-4295_st",1.35964677258399,1.19651047051943,1.00322718202011,1.16875384787878,1.15279220803322,1.05701634675296,1.29380878984438,1.14870846207455,1.0879854117147
"hp_hsa-mir-4296_st",1.50808630118607,1.07200311704127,1.16470039378686,1.17676825918747,1.17676825918747,1.17676825918747,1.17676825918747,1.2145902736085,0.905388188419186
"hp_hsa-mir-4297_st",1.27879684588516,0.906542444862122,1.11660029676728,1.40079057920553,1.58273854382229,1.13778026407401,1.27879684588516,1.40521378538967,1.66406311548037
"hp_hsa-mir-4298_st",1.18932374422663,1.07992812404283,0.882568709826168,1.29747576208683,1.18932374422663,1.24571758062439,1.18932374422663,1.16076721705556,1.2006717430963
"hp_hsa-mir-4299_st",0.950668057062392,0.950668057062392,1.02318469323986,1.06903162573582,0.950668057062392,0.850730923205262,0.869239944108582,0.950668057062392,1.07200311704127
"hp_hsa-mir-4300_st",1.06197375201449,1.07200311704127,1.07200311704127,1.12760581240819,1.34008073901568,1.03912193088587,0.93070766791544,1.07200311704127,0.963720604066628
"hp_hsa-mir-4301_st",1.2145902736085,1.39324495312892,0.950668057062392,1.61432401432204,1.30197431020067,1.28131703770146,1.00298582240184,1.2145902736085,1.52063305730866
"hp_hsa-mir-4302_st",0.977375339764336,1.07200311704127,0.997894575310771,1.05999302039753,1.4235880398926,0.795540700944997,1.13192744308396,1.4235880398926,1.29602543705933
"hp_hsa-mir-4303_st",0.932310357180927,1.17103670139018,0.899429171025523,0.891743733366127,0.932310357180927,0.932310357180927,0.748843824705925,0.862874454102089,0.950668057062392
"hp_hsa-mir-4304_st",2.17644028354615,2.81908524920146,1.9808715171436,2.07317975272117,2.24786128418879,2.07317975272117,1.62434473725764,2.07317975272117,2.48362201128703
"hp_hsa-mir-4305_st",1.31972263788957,1.0847111151545,0.970401816045284,1.04711598264514,1.20604617513338,1.0847111151545,1.11141839785644,0.913072924553037,1.0847111151545
"hp_hsa-mir-4306_st",1.09871039974321,1.07200311704127,1.5158767794845,1.03440798453192,0.949998995702856,0.850004792308187,1.07200311704127,0.959793553341611,1.07200311704127
"hp_hsa-mir-4307_st",1.08091443765127,0.924872788333083,0.817839275370059,1.20672112371995,0.950668057062392,0.950668057062392,1.01442227138396,0.950668057062392,0.904821124566425
"hp_hsa-mir-4308_st",1.0113260725009,0.889845289678238,1.03143649322647,1.26442616437186,1.02036864653358,0.597389905355655,0.804937528897283,0.906564118001045,0.913072924553037
"hp_hsa-mir-4309_st",0.622256407717398,0.836367579519756,1.29290519544834,0.913072924553037,0.836367579519756,0.913072924553037,0.913072924553037,1.01899763472224,0.893681855383155
"hp_hsa-mir-431_st",1.02371519987047,1.29602543705933,1.07200311704127,1.03143649322647,1.25158125788703,1.26073400247265,0.963867721385516,1.14083282319144,1.07200311704127
"hp_hsa-mir-4310_st",1.2582034226383,1.2582034226383,1.2582034226383,1.72972780885518,1.37251272174751,1.37251272174751,1.2910846087937,1.07200311704127,1.2731901929266
"hp_hsa-mir-4311_st",1.28131703770146,1.39562633681067,1.28131703770146,1.66160422337553,1.28131703770146,1.28131703770146,1.38280973005272,1.16664858189696,1.40332115903987
"hp_hsa-mir-4312_st",1.63262488316624,1.44389399773486,2.03932684819576,1.32122173967557,1.19389031170095,1.74833407685549,1.44389399773486,1.42880893444159,1.44389399773486
"hp_hsa-mir-4314_st",1.35969060137833,1.65266385195867,1.25554130251385,1.2804328575131,1.16351904656185,1.63767708167036,1.35969060137833,1.35969060137833,1.53132879197979
"hp_hsa-mir-4315-1_s_st",1.16154264837918,1.03143649322647,1.13957188888222,0.967682278904903,0.950668057062392,1.03143649322647,1.03143649322647,0.787555937169415,1.1705084496757
"hp_hsa-mir-4315-2_s_st",1.10866556343929,1.10866556343929,1.37278013203729,1.18537090847257,1.09610200449454,1.07119511216137,1.08346256413194,1.10866556343929,1.02895342628016
"hp_hsa-mir-4316_st",1.68268715093672,1.50700754568412,1.19722269097125,1.15665606715645,1.52854073296985,1.42085170734598,1.77576442823824,1.46181396887689,1.43028758502199
"hp_hsa-mir-4317_st",1.33396423435716,1.2006717430963,1.35160614763246,1.27748774055401,1.07200311704127,1.2006717430963,1.2006717430963,1.05808458652907,1.2006717430963
"hp_hsa-mir-4318_st",1.25598254190753,1.05333312596396,1.05333312596396,1.13410156212803,0.934531442474663,1.15968141565453,0.95322102707999,1.06725165647615,1.05333312596396
"hp_hsa-mir-4319_st",1.30613010389924,1.29356654495448,1.54461304837461,0.92168187914108,1.02936565869533,1.28582511486754,1.43669736748036,0.977883525757103,1.29602543705933
"hp_hsa-mir-432_st",1.14870846207455,1.34344901757499,1.28927867385382,1.14870846207455,0.881945189980955,0.964305269850822,1.09190619007973,1.14870846207455,1.14870846207455
"hp_hsa-mir-4320_st",0.977375339764336,0.977375339764336,0.895947226810527,1.00257833907169,0.609912042175895,0.977375339764336,0.977375339764336,1.00257833907169,0.977375339764336
"hp_hsa-mir-4321_st",1.34004790727045,0.73641116241625,1.87690703354,1.22837590098448,1.23662091952002,1.63290196055279,1.10055964421233,1.98240769548101,1.30225297991372
"hp_hsa-mir-4324_st",1.07790240896143,0.618868566208295,0.989002790645071,1.07790240896143,1.28418783250913,1.07790240896143,1.10460969166337,1.31354676804952,1.34441979621568
"hp_hsa-mir-4325_st",1.13524353706547,1.29593618010277,1.64465909668234,1.66160422337553,1.16726755404774,1.28131703770146,1.19749405226044,1.40573386745691,1.40025722519313
"hp_hsa-mir-4326_st",3.4020294543796,2.82689598758579,2.49321258321084,2.4729543484688,2.7329344068755,2.58122287277295,2.87773565171358,2.88307999361998,2.64555037028333
"hp_hsa-mir-4327_st",0.977375339764336,1.07200311704127,1.01241464818392,1.10794260334546,1.03912193088587,1.07200311704127,1.07200311704127,1.24805900727201,1.04529583433933
"hp_hsa-mir-4328_st",0.926797894851243,1.12956106778393,0.893916708695839,0.926797894851243,0.926797894851243,0.926797894851243,0.970341192310615,0.970630875295698,0.926797894851243
"hp_hsa-mir-4329_st",1.01418193144342,1.01418193144342,1.16205049211895,1.03333814730061,1.01418193144342,0.899872632334202,0.869239944108582,1.01418193144342,1.01418193144342
"hp_hsa-mir-433_st",1.10866556343929,1.00136984145874,0.822360621869075,0.96389939018082,1.14512154723053,1.08279795441255,1.00136984145874,1.00136984145874,0.794977721388375
"hp_hsa-mir-4330_st",1.0647577768399,0.847702426092773,1.0786763073521,1.0647577768399,1.14970814040873,1.05701634675296,1.0647577768399,1.30197271068407,0.95662238118415
"hp_hsa-mir-448_st",1.03511879389434,1.13263725222136,0.878926198024126,0.839526155008081,0.834086055103822,0.989411688769803,1.7356806685589,1.21231757075914,1.66406311548037
"hp_hsa-mir-449a_st",0.753896847225463,1.07200311704127,0.917432686510981,0.913072924553037,0.970401816045284,0.892767935521341,0.913072924553037,0.913072924553037,0.913072924553037
"hp_hsa-mir-449b_st",1.40332115903987,1.83602613899585,0.940965248060023,1.40332115903987,1.40332115903987,1.40332115903987,1.3484309089177,1.25822083127005,1.69797675464046
"hp_hsa-mir-449b_x_st",1.59233130011504,1.38282874050724,0.833225163792041,1.39756776126009,1.39756776126009,1.45131471830389,1.66160422337553,1.27129497783693,1.35373478081563
"hp_hsa-mir-449c_st",0.917786870906987,0.917786870906987,1.43303426058627,0.917786870906987,0.917786870906987,0.715432996541213,0.917786870906987,0.860457979414741,0.950668057062392
"hp_hsa-mir-450a-1_st",0.921317943088579,0.921317943088579,1.06625993042341,0.913072924553037,0.921317943088579,0.598117955529009,0.904063381305525,1.07889186994411,0.97935229460222
"hp_hsa-mir-450a-1_x_st",0.85015051515197,0.949952387845115,0.836358757953178,0.732462196100233,0.828617327866237,0.828617327866237,0.649380258666385,1.27873985000937,1.07200311704127
"hp_hsa-mir-450a-2_st",1.07453369687562,1.2006717430963,1.09667988162853,0.854512925296388,1.07200311704127,1.10959824955062,1.02817013659681,1.07200311704127,0.918568989779282
"hp_hsa-mir-450a-2_x_st",1.04742741100099,1.07200311704127,1.07200311704127,1.24629260063433,1.07200311704127,1.47337323027653,0.984619080449097,0.789754984705747,1.29217223478678
"hp_hsa-mir-450b_st",0.913072924553037,0.989792885215166,0.886365641851092,0.913072924553037,1.09265106539879,0.927470111216649,0.80415570067513,0.857470229186116,0.913072924553037
"hp_hsa-mir-451_st",1.23922316506451,1.07200311704127,1.01047252222148,1.03143649322647,1.07200311704127,1.07200311704127,1.2171034448111,1.07200311704127,1.07200311704127
"hp_hsa-mir-452_st",1.40079057920553,1.63821089069043,1.44389399773486,1.40079057920553,1.16768804809194,1.38976412902582,1.62372087085467,1.21205969377415,1.54444597554886
"hp_hsa-mir-454_st",1.01794196357914,0.925612753549137,1.11256974085607,1.07200311704127,1.15695348061009,1.32188366151626,1.23922316506451,1.07200311704127,1.07200311704127
"hp_hsa-mir-455_st",1.70523478103707,1.77385244792242,1.20593658658611,1.21498654655024,1.86838505807927,1.46742484133842,1.66160422337553,1.66160422337553,1.6468400536961
"hp_hsa-mir-466_st",1.2006717430963,1.25821071590858,0.82010959575394,1.32009394153105,1.2006717430963,1.2006717430963,1.2006717430963,1.2006717430963,1.2006717430963
"hp_hsa-mir-483_st",1.23922316506451,1.21525700089525,1.10866556343929,1.71944067650052,2.19968272153512,1.54590598153432,1.62427954521118,1.2145902736085,1.09362245092549
"hp_hsa-mir-485_st",1.06809893962449,0.925935831285464,1.00934039185833,1.03143649322647,1.1081564538886,1.03143649322647,0.936808715949537,0.872506300738237,1.03143649322647
"hp_hsa-mir-486_st",1.21301969885243,1.17374885720573,1.67953835682295,1.27095915138547,1.07200311704127,1.59429117539957,1.21486894332155,1.10581539506193,0.78899773283144
"hp_hsa-mir-486_x_st",0.87181047575111,0.950668057062392,1.36552467814466,0.882790782754402,1.07551831715926,1.09325521362962,1.27853704693594,1.64729525356448,1.2145902736085
"hp_hsa-mir-487a_st",1.35244298798425,1.07200311704127,1.11743146524917,1.07996101397125,1.11743146524917,1.51810879451592,1.01052511089241,1.11743146524917,1.12394027180117
"hp_hsa-mir-487a_x_st",1.27082243775198,1.48338531067936,1.29602543705933,1.29602543705933,1.59471875304401,1.02371863157321,1.18269629222772,1.72873041701531,1.29602543705933
"hp_hsa-mir-487b_st",0.869239944108582,0.73653832102251,1.15217776036424,0.739133788955873,1.07200311704127,0.869239944108582,0.869239944108582,0.869239944108582,0.869239944108582
"hp_hsa-mir-487b_x_st",1.09369219389869,1.1340401608252,0.919783266179055,0.962401970223737,0.952372605196957,1.04735233379256,0.918568989779282,0.962401970223737,0.759638797291049
"hp_hsa-mir-488_st",1.10803309731044,0.869239944108582,0.869239944108582,0.869239944108582,0.869239944108582,0.869239944108582,0.717701682103446,0.811911052616336,0.869239944108582
"hp_hsa-mir-489_st",1.23922316506451,1.04079075514894,0.99086986941167,1.03143649322647,1.07353036586342,1.15585353832651,0.936808715949537,0.784692419394948,1.14038235753925
"hp_hsa-mir-490_st",0.878781190560274,0.957972487645106,1.10055964421233,1.47214689657209,1.29671044763275,1.09727601464753,1.10055964421233,1.34439674280777,0.812846107710825
"hp_hsa-mir-491_st",1.44203230578047,1.47152151906286,1.13972202820877,1.64754753995314,1.43392638655351,1.35721221995365,1.23922316506451,1.43392638655351,1.65409550429902
"hp_hsa-mir-492_st",1.10866556343929,0.913072924553037,0.803271758432024,0.913072924553037,0.876410478155016,1.01942121424361,0.869239944108582,1.27313432874117,0.913072924553037
"hp_hsa-mir-493_st",0.913072924553037,0.900509365608282,0.961360841723838,0.788655879453001,1.23366764720995,0.913072924553037,0.781782700878082,0.913072924553037,0.913072924553037
"hp_hsa-mir-494_st",0.877345863335539,0.877345863335539,0.877345863335539,1.22869910315436,0.78724435337873,1.20799484397461,0.869239944108582,0.79727371840551,1.1013681833536
"hp_hsa-mir-495_st",1.21610168397359,0.682682122302917,1.34798274038144,0.950668057062392,0.655642726252171,0.893031264063986,1.03293774151681,0.950668057062392,0.950668057062392
"hp_hsa-mir-495_x_st",0.977375339764336,0.948818812593272,0.977375339764336,1.03143649322647,0.950668057062392,1.07732293530126,0.988723338634007,0.996531555621535,0.903812001386299
"hp_hsa-mir-496_st",0.766574875207019,0.912343362637918,1.07855386476877,0.832206935600719,1.14247943570603,0.906835076617937,0.869239944108582,0.869239944108582,0.869239944108582
"hp_hsa-mir-497_st",0.956831901999116,1.39496539381953,1.28131703770146,1.40079057920553,1.50226111580008,1.39496539381953,1.76054418013573,1.99702339306545,0.993496804677281
"hp_hsa-mir-498_st",1.13630553225257,1.07200311704127,0.932931160592035,1.07200311704127,1.07200311704127,1.0572947176834,1.46399059864734,1.07200311704127,1.07200311704127
"hp_hsa-mir-499_st",1.25133887438071,1.44138797987445,1.34596665165764,1.30540002784284,0.905981494383775,1.05701634675296,1.25133887438071,1.72873041701531,1.35863459636126
"hp_hsa-mir-500_x_st",1.75067204764866,2.00804814597995,2.098179198654,2.27029610752719,1.82754330265216,2.439166235033,1.97909442223987,2.06000495280356,1.6524188997008
"hp_hsa-mir-500b_st",1.66929583895707,1.79930528109378,1.68268715093672,1.52854073296985,1.26246856485215,1.54939465967587,1.69041124148703,1.54939465967587,1.40332115903987
"hp_hsa-mir-500b_x_st",1.11692238502575,1.25343013950803,1.29954063717732,0.890436093355838,1.15695348061009,1.15695348061009,1.08474643131864,1.17087201112229,1.15695348061009
"hp_hsa-mir-501_st",2.22479519196224,1.89347714996364,1.73478265706997,1.79027357140273,2.104864271009,1.79354001610651,1.97574683441805,1.73454695747541,1.98810492724057
"hp_hsa-mir-501_x_st",1.45906807650669,2.11800956958116,1.55369585378362,1.52282282561746,1.55369585378362,2.06127953740713,1.24709779187374,1.36832471077808,1.29602543705933
"hp_hsa-mir-502_st",1.86840337094182,1.86840337094182,1.32341394722069,1.98676693961526,1.69174160880504,1.86840337094182,1.95012428864777,1.80017743427501,1.86840337094182
"hp_hsa-mir-502_x_st",1.5519470912438,1.77524349457577,1.50324032248985,1.26442616437186,2.18339503805713,1.52523980854186,1.44381169558805,1.4130302448422,1.66406311548037
"hp_hsa-mir-503_st",1.96024929107661,1.92736810492121,2.08546886500659,2.22701256317021,2.0446963109346,1.84863159629651,2.18317958272575,1.86337230174663,1.96024929107661
"hp_hsa-mir-504_st",1.23922316506451,1.4748675241526,0.977375339764336,1.31593733166437,1.23922316506451,1.23922316506451,1.23922316506451,1.3852966657005,1.15309626774171
"hp_hsa-mir-505_st",0.98852897760671,0.630022204050669,0.98852897760671,1.04259013106884,1.17725986303809,1.05701634675296,0.826019927883025,0.640648784877486,0.950668057062392
"hp_hsa-mir-505_x_st",1.68268715093672,1.56120636811406,1.7754632627602,2.05493178072617,1.64263448106787,1.7425820766048,2.28169355367311,1.48113422318403,1.88236961711697
"hp_hsa-mir-506_st",0.911953098701045,1.1260642705034,1.03143649322647,1.03143649322647,1.03143649322647,0.950668057062392,1.35758673373794,1.03143649322647,1.06431767938187
"hp_hsa-mir-507_st",1.18002475570791,0.977375339764336,1.26932214557564,0.977375339764336,0.844546558072004,0.933657077278129,0.977375339764336,0.977375339764336,0.842060507238286
"hp_hsa-mir-508_st",1.07200311704127,1.29602543705933,1.007395962028,1.07200311704127,1.07200311704127,1.11719712814902,0.991062843356793,1.30160032037274,0.808080900495163
"hp_hsa-mir-509-1_s_st",0.992855486634724,1.24160021584508,1.24457792203071,1.20400508333573,1.15695348061009,0.773053535813827,1.07552536765628,0.865989125484198,1.3433806681188
"hp_hsa-mir-509-2_s_st",0.710473165347922,1.29602543705933,0.836358757953178,1.07200311704127,1.07200311704127,1.07200311704127,0.912827039713696,1.09139418621115,1.07200311704127
"hp_hsa-mir-509-3_s_st",0.895487077748266,0.836358757953178,0.950668057062392,1.26442616437186,0.893031264063986,0.950668057062392,0.786569853870359,0.950668057062392,1.07200311704127
"hp_hsa-mir-510_st",1.23922316506451,1.08023931401023,1.49175786667746,1.15695348061009,1.15695348061009,1.15695348061009,0.967249422312553,1.15695348061009,0.864340416828601
"hp_hsa-mir-511-1_s_st",1.06494730095308,1.01593689879893,1.39259783969818,1.15442290077574,1.15695348061009,1.23659448759872,1.15695348061009,1.27098411000626,1.15695348061009
"hp_hsa-mir-511-2_s_st",1.07011414147109,1.2006717430963,1.21650614113417,0.84611780436226,1.33062096209915,1.15695348061009,1.2006717430963,1.32200680307518,0.950668057062392
"hp_hsa-mir-512-1_s_st",1.13630553225257,1.07200311704127,1.15695348061009,1.45895552940413,0.805239844947674,1.07200311704127,1.07200311704127,1.07200311704127,0.976649423078243
"hp_hsa-mir-512-2_s_st",1.25657159785741,1.07200311704127,1.07200311704127,1.07200311704127,1.07200311704127,1.21718544431665,0.977375339764336,0.841078327538479,1.07200311704127
"hp_hsa-mir-513a-1_s_st",1.52205549903981,0.816610644980487,0.859459214302398,0.994774046828448,0.857746222395128,1.17835140673184,0.940712893366315,1.07200311704127,1.07200311704127
"hp_hsa-mir-513a-2_s_st",1.08467106174488,0.977375339764336,0.977375339764336,1.26442616437186,0.977375339764336,0.977375339764336,0.977375339764336,0.779029866460931,0.977375339764336
"hp_hsa-mir-513b_st",0.983278754339102,1.28477172321469,1.10888878114709,1.07678933665124,0.805792141590884,0.847148650081995,0.938615582367468,1.02015312243804,1.12455179424969
"hp_hsa-mir-513b_x_st",0.726094425266244,0.913072924553037,1.2145902736085,0.882199896386875,0.876410478155016,0.721533844326524,0.913072924553037,1.31725555172673,0.950668057062392
"hp_hsa-mir-513c_x_st",1.00047910180614,0.931444578803406,0.890877954988606,1.05566008112027,1.09325521362962,0.761455722775524,1.23179880190989,1.2145902736085,1.00047910180614
"hp_hsa-mir-514-1_s_st",0.895947226810527,1.22698671846601,0.701961515465066,0.865074198644364,0.929098019772337,1.05701634675296,0.895947226810527,0.838618335318281,0.869239944108582
"hp_hsa-mir-514-2_s_st",0.786879864238714,1.09123826884167,1.01025652591974,1.03143649322647,0.659926023448392,0.869239944108582,1.11794555154361,0.919600078240205,0.717197092106365
"hp_hsa-mir-514-3_s_st",0.774040567830684,1.12387395541358,1.08845323041579,1.51525506652994,0.736411162416249,0.964089673324421,0.869239944108582,0.998243152768138,0.964089673324421
"hp_hsa-mir-514b_st",1.18443609491628,1.07200311704127,1.69010298178971,1.07200311704127,0.77697778623105,1.09758297056776,0.774266121500244,1.07200311704127,1.2412383669111
"hp_hsa-mir-515-1_s_st",1.07575101328317,1.29160730525602,0.869239944108582,0.909806567923382,0.837703702690476,0.909806567923382,0.909806567923382,1.17656984001698,0.909806567923382
"hp_hsa-mir-515-2_s_st",1.06375809850573,1.14518621145954,1.06375809850573,1.00000388418416,1.07200311704127,1.06375809850573,0.95042895367412,0.999455683294429,1.06375809850573
"hp_hsa-mir-516a-1_s_st",1.08440684973242,1.06570514849175,1.06570514849175,1.4764758274773,0.816052855599513,0.817740497140037,0.98367330831386,0.990835645654647,0.984589117215403
"hp_hsa-mir-516a-2_s_st",1.34430378617359,0.832591631391506,0.689694799513038,0.916840051114709,1.22095553548827,1.04899314998258,0.943858747802053,0.92658979949984,1.21246428759781
"hp_hsa-mir-516b-1_x_st",1.06026920387993,1.04770564493517,0.892990775236408,1.19431226197203,1.01765049983524,1.06026920387993,1.08697648658187,1.06026920387993,0.869239944108582
"hp_hsa-mir-516b-2_x_st",1.06662868500419,1.06662868500419,0.945293625025316,1.06413245817964,1.06662868500419,1.43487279815262,1.26147899429663,0.779029866460931,1.03992140230225
"hp_hsa-mir-517a_x_st",1.19660446101982,2.08271586787503,1.21178207881336,1.32932467502131,1.32932467502131,1.39336958303138,1.23922316506451,1.32932467502131,1.32932467502131
"hp_hsa-mir-517b_x_st",1.4748675241526,1.07200311704127,1.10866556343929,1.13575753831683,1.07200311704127,1.15264841164643,0.768061419104146,1.01467422554902,1.07200311704127
"hp_hsa-mir-517c_x_st",1.19394454735236,0.905389439350249,0.905389439350249,1.10342984436241,1.02672449932913,1.12164257177353,1.10055964421233,0.718410940063456,1.14103379843834
"hp_hsa-mir-518a-1_x_st",1.15695348061009,1.35864681631148,1.35864681631148,0.918469730327575,1.95737341892495,1.15695348061009,1.04292285121393,1.15695348061009,1.15695348061009
"hp_hsa-mir-518a-2_x_st",0.760618951568655,1.10959824955062,1.02817013659681,1.49356669102901,0.950668057062392,1.01318336630851,1.13815477672169,0.779029866460931,0.906835076617937
"hp_hsa-mir-518b_x_st",1.14870846207455,1.33606833569459,1.19699637924535,1.14870846207455,1.27004352205343,1.14870846207455,0.856894667344654,1.11204601567653,0.950668057062392
"hp_hsa-mir-518c_st",1.23922316506451,1.23639712400903,1.65305246117946,1.65095756747548,1.26927831016443,1.29742236767979,1.4887008139472,0.949471029185307,1.45912243223542
"hp_hsa-mir-518c_x_st",1.08349683875472,1.28902813865189,0.977375339764336,1.00702855699421,0.950668057062392,1.53582762292847,1.08349683875472,1.17677991410499,1.40221457030349
"hp_hsa-mir-518d_x_st",0.911171270478892,1.29602543705933,1.03143649322647,0.892541498558452,0.888439480046674,1.31915002972798,1.03143649322647,1.03143649322647,1.03143649322647
"hp_hsa-mir-518e_st",1.2702233156244,0.864210114399304,0.981668207622288,1.40079057920553,1.1830754125312,0.896139836440092,1.23922316506451,1.10300326760117,1.10300326760117
"hp_hsa-mir-518e_x_st",1.12343313565623,1.27737708812958,1.14870846207455,1.14870846207455,1.14870846207455,1.15695348061009,1.10055964421233,0.747473068141616,1.45904606870162
"hp_hsa-mir-518f_x_st",0.869239944108582,0.869239944108582,0.639745647128725,0.869239944108582,0.950668057062392,1.05701634675296,0.812728935682572,0.722518858034921,0.892467578983382
"hp_hsa-mir-519a-1_x_st",0.977375339764336,1.38653063276739,0.726035405331579,0.92496912431244,1.39955245983661,0.977375339764336,1.01459051333369,1.16177853198807,0.879122191816474
"hp_hsa-mir-519a-2_x_st",1.10866556343929,0.73641116241625,1.44332015624512,1.08568213622564,0.910068373716677,0.910068373716677,1.1277991221277,0.986782540316537,0.921407002057325
"hp_hsa-mir-519b_x_st",0.983160089134195,1.27177418169746,0.994508088003866,1.09927323015006,0.961626901848461,1.04279600517467,0.994508088003866,0.913072924553037,0.822160246969952
"hp_hsa-mir-519c_x_st",1.24500011917525,1.07200311704127,1.18013851269702,1.07200311704127,1.07200311704127,0.931432905261996,0.981901607084461,1.07200311704127,1.10488430319667
"hp_hsa-mir-519d_st",1.08636244398709,1.08636244398709,1.08636244398709,1.12640534262235,1.08636244398709,1.08636244398709,1.03230129052495,0.833955817221548,1.2006717430963
"hp_hsa-mir-519d_x_st",1.07200311704127,1.26689369264248,0.854266574567982,1.19722269097125,1.07200311704127,1.05701634675296,1.07200311704127,1.40079057920553,0.857738399639424
"hp_hsa-mir-519e_st",0.916953770043699,1.15963052209708,1.27003818417491,1.47562421509401,1.04260467957467,1.142086520583,1.07323727562719,1.25130002147501,1.20126353633568
"hp_hsa-mir-519e_x_st",1.10866556343929,1.55816920729557,1.07200311704127,1.04113008887511,1.07200311704127,0.996261668752991,1.11055453900948,1.30764747612936,1.07200311704127
"hp_hsa-mir-520a_x_st",1.07200311704127,0.965654827350699,1.07200311704127,1.1260642705034,1.01444516629861,1.1516441240299,1.07200311704127,0.995297772007989,1.07200311704127
"hp_hsa-mir-520b_x_st",1.27360143467173,1.00129462918562,1.0658147628337,0.913072924553037,0.957821475772581,0.898019700157386,1.35436987083581,1.07915653575146,1.0658147628337
"hp_hsa-mir-520c_x_st",0.921309121522,0.921309121522,0.921309121522,1.06097191070413,1.15695348061009,0.921309121522,0.913203202295043,0.921309121522,1.10866899514204
"hp_hsa-mir-520d_x_st",0.859011771090904,0.836358757953178,1.11141839785644,1.07558197427672,1.07200311704127,0.898332219102922,0.913072924553037,0.913072924553037,0.869239944108582
"hp_hsa-mir-520e_st",0.950668057062392,0.827995799003099,0.950668057062392,0.950668057062392,0.950668057062392,1.05701634675296,1.17359834871153,1.07200311704127,0.869239944108582
"hp_hsa-mir-520e_x_st",1.10866556343929,0.950668057062392,0.950668057062392,1.03143649322647,0.950668057062392,0.923960774360447,1.02904162073926,0.913072924553037,0.884846148771295
"hp_hsa-mir-520f_st",1.18318810831352,1.59064636327664,1.01343027099758,0.850952737032204,1.24729681835558,1.05139107078387,0.998029749239671,1.09987382140866,1.00853065198237
"hp_hsa-mir-520f_x_st",0.786569853870359,0.965376456420258,1.25218540611785,0.926198607499284,0.950668057062392,0.942926626975451,0.950668057062392,0.783448009039156,0.950668057062392
"hp_hsa-mir-520g_s_st",2.68900220351367,3.68725741520481,3.28405459931676,3.15811934997304,3.46434952524239,2.88632744809989,2.62970816163789,2.47388436589255,3.05607699575396
"hp_hsa-mir-520h_s_st",1.45695355948491,2.65962570298116,1.24185509333816,1.7369602962861,1.3746838750305,1.3746838750305,1.24945477920173,1.15681907532694,1.3746838750305
"hp_hsa-mir-521-1_x_st",1.44611264839003,1.53749494981953,0.877643740529146,1.01237521311254,1.27476628997396,1.70375465929928,1.44958595761505,1.27476628997396,1.07200311704127
"hp_hsa-mir-521-2_x_st",0.950668057062392,0.950668057062392,1.20144167526277,0.950668057062392,0.950668057062392,1.15695348061009,0.942562137835435,0.913072924553037,0.869899620898313
"hp_hsa-mir-522_x_st",1.10866556343929,1.37742991305,1.25473906407528,1.50171794541224,1.07200311704127,1.65586436337911,1.23452105306329,1.19741017258304,1.37649837148226
"hp_hsa-mir-523_st",1.27355604479396,1.03453266576335,1.27729483590128,0.828122560984215,1.1520752619713,1.03453266576335,1.13630553225257,1.07200311704127,1.06741385191875
"hp_hsa-mir-523_x_st",0.939320058192721,0.950668057062392,1.05060519091952,0.805485729787015,0.968185407185047,0.950668057062392,0.748974721361005,0.965654827350699,0.950668057062392
"hp_hsa-mir-524_st",1.14446337558069,1.03510212857558,1.19355268628868,0.98448879267265,0.812475972881056,0.782514245141243,1.14677272191843,0.849286027845785,1.3496732980496
"hp_hsa-mir-524_x_st",1.06230952139263,0.84481932964775,1.20332610320379,1.03143649322647,1.06230952139263,1.06230952139263,1.21960775264807,1.00498062990039,1.03375299422157
"hp_hsa-mir-525_st",0.857891945238911,1.41840099678428,1.07490771038283,1.38564692514109,1.26442616437186,1.478683059018,1.10032817039649,1.42253494695544,1.15713044239131
"hp_hsa-mir-525_x_st",0.804017182281795,1.07200311704127,1.0029285496705,1.07200311704127,1.36664154068303,1.17929883902182,0.780856709195201,1.04554725371519,1.07200311704127
"hp_hsa-mir-526a-1_x_st",0.921357794946984,1.24438619062725,0.893916708695839,0.884324786439121,1.07441581891421,0.921357794946984,0.721815736715436,0.860542688892955,1.17136148098089
"hp_hsa-mir-526a-2_st",1.05880345271815,0.950668057062392,0.950668057062392,1.13507124928612,0.950668057062392,0.950668057062392,0.791491979734817,1.2145902736085,0.950668057062392
"hp_hsa-mir-526a-2_x_st",1.23418255082291,0.950668057062392,1.15695348061009,1.38994315175548,1.30302698124609,1.15695348061009,0.869239944108582,0.835917158331976,0.999171028087839
"hp_hsa-mir-526b_x_st",0.639914769629044,0.970419507688092,1.07855490334385,1.29454038705871,1.07855490334385,1.02597300054618,0.997126790390037,1.04095977083449,1.29602543705933
"hp_hsa-mir-527_x_st",1.1754157447765,1.2006717430963,1.06728034912074,1.14870846207455,1.07199429547469,1.15695348061009,0.969471392874699,1.59883098421768,0.971930284979542
"hp_hsa-mir-532_st",1.42048657079357,1.55719544752582,1.52798490395647,1.26346438824804,1.80312869251039,1.86395055666579,1.46981141093364,1.63390961412568,1.89347714996364
"hp_hsa-mir-539_st",1.23922316506451,1.2006717430963,0.942319820907108,1.07200311704127,0.895341354904482,1.04103405207953,1.1816042638588,1.2145902736085,1.07200311704127
"hp_hsa-mir-541_st",1.32833141774386,1.50513018769588,1.18772081933858,1.26442616437186,0.952076460250483,1.13016286859591,1.56789651285516,1.21235371079458,1.08831214508171
"hp_hsa-mir-542_st",1.10055964421233,1.10055964421233,1.19518742148927,1.10055964421233,1.07385236151039,1.10055964421233,1.10055964421233,1.07200311704127,1.31467081601469
"hp_hsa-mir-543_st",1.10383254014202,1.07933668311742,0.979948541290273,1.27737708812958,0.950668057062392,1.07933668311742,1.47627670523716,1.31794371194438,1.00557939219416
"hp_hsa-mir-544_st",0.938769571662019,1.0315456834855,0.977375339764337,0.818445147276104,1.0315456834855,1.00410459723435,0.936917906208565,1.80869999914734,1.0315456834855
"hp_hsa-mir-544b_st",0.977375339764336,1.00820885835167,0.783389628418875,0.983739408788563,1.15695348061009,1.05701634675296,1.02077241729643,1.29954063717732,1.07172474611083
"hp_hsa-mir-545_st",1.20514258518535,1.07385236151039,0.990393730441892,1.07385236151039,1.07385236151039,1.42779400062738,1.10055964421233,0.953731284043871,0.923960774360447
"hp_hsa-mir-548a-1_x_st",0.97922700521779,1.07200311704127,1.18631241615048,1.02003983601952,1.1520752619713,1.27465253298484,1.5329355973205,1.07200311704127,1.07200311704127
"hp_hsa-mir-548a-2_x_st",1.23922316506451,1.02496627041836,1.35237487359387,1.36444273899448,1.20574037176112,1.23922316506451,1.07512517108914,1.36055822504338,1.23922316506451
"hp_hsa-mir-548a-3_st",0.813508819604815,1.31556340940742,0.864915285124243,1.10055964421233,1.10055964421233,1.28131703770146,1.0163562478558,1.24663314484833,1.2006717430963
"hp_hsa-mir-548a-3_x_st",0.935281467127382,1.24404359163567,1.20435848424703,1.17691739799588,1.2912266971051,1.09274078946693,1.12712870312973,1.17691739799588,1.52564483547251
"hp_hsa-mir-548b_st",0.789100642921372,0.950668057062392,1.24185509333816,1.37054322659295,0.831194515558327,0.92126037068125,0.940003981132347,0.950668057062392,0.902515803830128
"hp_hsa-mir-548b_x_st",1.23922316506451,0.736672170020156,0.947977862157972,1.03143649322647,1.03143649322647,1.03968151176201,1.35969060137833,0.954731148193189,1.03143649322647
"hp_hsa-mir-548c_x_st",0.767644712438319,0.836358757953178,1.47379829084871,1.10033172368086,0.957693817932056,0.738801771987511,0.990575004087461,0.957693817932056,0.957693817932056
"hp_hsa-mir-548d-1_x_st",0.748974721361005,0.950668057062392,1.10160246159855,0.923226970811246,1.15695348061009,0.728669732329309,0.950668057062392,0.980723202162318,0.983549243217796
"hp_hsa-mir-548e_st",0.748974721361005,1.51846142543553,1.14870846207455,1.14870846207455,1.14870846207455,1.15695348061009,1.43726357007667,1.0584983844269,1.14870846207455
"hp_hsa-mir-548e_x_st",0.977375339764336,1.2163844300707,1.21139566058922,0.913072924553037,0.977375339764336,0.977375339764336,0.976827138874604,0.83343191756441,0.977375339764336
"hp_hsa-mir-548f-1_st",1.06104106590316,0.903043559526258,0.712014299754915,0.839289345204691,1.20740196412921,0.903043559526258,0.991356252148865,0.913072924553037,0.903043559526258
"hp_hsa-mir-548f-1_x_st",1.23922316506451,1.69235771589748,1.35676576127246,1.48494200629226,1.04118046069231,1.11150736430998,1.36932932021722,0.780189322311374,1.36789179111954
"hp_hsa-mir-548f-2_st",0.928994332386803,0.950668057062392,0.940342331256473,0.670195996864536,1.22805586775798,1.62049704682376,0.977375339764336,0.940342331256473,0.733950211186103
"hp_hsa-mir-548f-2_x_st",1.05701634675296,1.05701634675296,1.09758918544795,1.25713518286219,0.836358757953178,1.05701634675296,0.96963231016079,1.05701634675296,1.17132564586218
"hp_hsa-mir-548f-3_st",1.40332115903987,0.854662472387189,0.725584547765245,0.993262132431396,0.836358757953178,1.05701634675296,1.21603520503499,1.27210188460966,1.35332353661952
"hp_hsa-mir-548f-3_x_st",1.33066388817237,0.958409487149333,0.896878892329541,1.03143649322647,0.950668057062392,0.791425864746159,0.950668057062392,0.913072924553037,0.798625205060174
"hp_hsa-mir-548f-4_st",1.0514140900504,1.43328101504036,1.14419020187388,1.15880398761268,1.33423930736762,1.28348245032497,1.10055964421233,1.16358127104376,0.937904778326181
"hp_hsa-mir-548f-4_x_st",1.0200884943568,1.32440974380681,0.925935831285464,1.03143649322647,1.03143649322647,1.03143649322647,1.03143649322647,1.03143649322647,0.881544906076527
"hp_hsa-mir-548f-5_st",1.15280544413908,0.836358757953178,1.17116314402055,1.01302052008997,0.836358757953178,0.981541085228554,0.646309652459441,0.836358757953178,0.638555881243642
"hp_hsa-mir-548f-5_x_st",0.950668057062392,1.00297158892961,0.950668057062392,0.896440663008772,0.950668057062392,0.988263189571746,0.906835076617937,0.913072924553037,0.950668057062392
"hp_hsa-mir-548g_st",1.07200311704127,1.09297746364165,1.17792782721048,0.913072924553037,1.07200311704127,0.836358757953178,1.05114919033525,1.07200311704127,1.07200311704127
"hp_hsa-mir-548g_x_st",0.857891945238911,1.14870846207455,1.47977414937945,1.02347936624578,1.15695348061009,0.983461485708021,1.14870846207455,1.14870846207455,1.16341686143242
"hp_hsa-mir-548h-1_st",0.977375339764336,1.14169731683373,1.09739076515023,0.869565474861818,0.899779442240244,1.40080043222689,1.29175014166235,0.977375339764336,0.950668057062392
"hp_hsa-mir-548h-1_x_st",1.01157643401532,0.932037024632647,1.09573890843777,1.03143649322647,1.06903162573582,0.882354221105716,0.806788125020319,1.06675741332944,0.928015043924666
"hp_hsa-mir-548h-2_x_st",0.996514989558358,1.36082797470148,0.835036799201639,1.07322915615822,1.01231199743954,0.996514989558358,1.13753157136952,0.779029866460931,0.950668057062392
"hp_hsa-mir-548h-3_st",1.11913996184505,1.52359647047912,1.29760566267163,1.2665386416394,1.28795211139103,1.28986423258469,1.11616246487608,1.42633395948744,1.7868333192043
"hp_hsa-mir-548h-3_x_st",1.08029297257627,1.04174155060807,0.913072924553037,0.700689685160484,0.903043559526258,1.19243891644989,0.831644811599228,0.913072924553037,0.913072924553037
"hp_hsa-mir-548h-4_x_st",0.869239944108582,0.739133788955873,0.897131295332773,0.841798857857437,0.766574875207019,1.00184851973549,0.869239944108582,0.899295089208509,0.98256908894019
"hp_hsa-mir-548i-1_s_st",1.18668926042453,1.3682885517249,1.65320791839505,1.28131703770146,1.28131703770146,1.28131703770146,1.28131703770146,1.33445556244986,1.28131703770146
"hp_hsa-mir-548i-1_x_st",1.11822754005944,1.1677905569409,1.52854073296985,1.17196260514372,1.2006717430963,1.06010153131703,1.54868177747,1.54939465967587,1.2006717430963
"hp_hsa-mir-548i-2_s_st",1.05516617717263,1.03603104575965,1.03603104575965,1.40079057920553,1.26005336577771,1.73403510030655,0.955694961174757,0.965724326201536,1.71270646775519
"hp_hsa-mir-548i-2_st",1.11788955911606,0.876925381767978,1.25820692040367,0.919795028896229,1.15343122999508,0.950668057062392,1.27978978887931,0.909550673938024,1.08671151639914
"hp_hsa-mir-548i-2_x_st",1.05701634675296,0.950668057062392,1.16251700869397,1.14870846207455,1.23502391284265,0.949327321129094,0.918352825900792,1.29266070584106,0.903582219490975
"hp_hsa-mir-548i-3_s_st",1.25573222692764,1.14870846207455,0.777761135781611,1.73831029038098,1.63895669656139,0.950668057062392,2.10254730656352,1.14870846207455,0.736505434630193
"hp_hsa-mir-548i-3_x_st",0.977375339764336,0.88318926504274,0.840947579161536,0.945945289141863,0.980690262001107,1.08264759412721,0.779886079299675,0.893916708695839,0.869239944108582
"hp_hsa-mir-548i-4_st",0.972723172786847,1.51977388848517,0.972723172786847,1.40079057920553,1.05415128574066,0.916711171398684,0.546777353511309,0.954181622676608,1.05415128574066
"hp_hsa-mir-548i-4_x_st",0.646783214451826,1.40066887153715,1.28204295438755,1.04714918020087,1.07272903372736,1.07272903372736,1.07272903372736,0.883998148295988,1.29602543705933
"hp_hsa-mir-548j_st",1.11811438135782,0.789843080919436,1.03579225608382,1.12164257177353,1.16512240807694,1.22020944472983,1.10055964421233,1.22020944472983,1.12164257177353
"hp_hsa-mir-548k_st",1.40332115903987,1.11150736430998,1.02222020649688,1.16445214732447,1.2899691347081,0.86422270011998,1.11150736430998,1.42865452137233,0.990172304331099
"hp_hsa-mir-548l_st",0.822971414596228,0.813125329016109,1.04436314822799,0.913072924553037,0.73641116241625,0.772056342741879,1.15403710190112,1.08973468668982,1.02738222366225
"hp_hsa-mir-548l_x_st",0.857891945238911,0.830450858987766,1.18895763254381,0.815374686865099,1.04794105073265,1.2644987120776,1.12535315353044,1.02764516774826,0.742820471667188
"hp_hsa-mir-548m_st",1.07200311704127,1.03912193088587,0.877643740529146,1.38669391046207,1.32537233965781,1.50343754797147,1.07200311704127,1.03534067064325,1.07200311704127
"hp_hsa-mir-548m_x_st",1.28131703770146,1.70810253065221,1.52854073296985,1.47639477297475,1.28131703770146,1.22966782101513,1.23768648003991,1.21188113462262,1.15609746377148
"hp_hsa-mir-548n_st",1.17576021431175,1.29602543705933,0.898902887614516,1.28778041852379,1.29602543705933,1.48380183970371,1.67631262273339,1.25843030454997,1.29602543705933
"hp_hsa-mir-548n_x_st",1.07200311704127,1.16210462699808,1.18533226187288,1.58095965074254,0.950668057062392,1.04456203079012,1.15037668071814,0.975126127711286,1.07200311704127
"hp_hsa-mir-548o_st",0.646309652459441,0.958311680780197,0.943100147482002,1.15843051688942,0.829643054725167,0.958311680780197,0.937457754074182,1.21100389472021,1.03130129196268
"hp_hsa-mir-548p_st",1.1236523337276,1.21718544431665,1.07200311704127,1.07200311704127,1.15343122999508,1.05701634675296,1.07200311704127,0.922856404740475,1.07200311704127
"hp_hsa-mir-548p_x_st",0.843602498637938,1.19377485807958,0.721047410329975,1.55935364439578,0.895341354904482,0.777798758696528,0.804506041398473,1.22792128083966,1.07200311704127
"hp_hsa-mir-548q_st",0.857891945238911,1.2006717430963,1.10866556343929,1.53518037677968,1.406957166644,0.753258363782454,0.958122151180469,1.2006717430963,1.89647692814155
"hp_hsa-mir-548q_x_st",1.05044688739883,1.62522383102694,1.28766182124299,1.52854073296985,1.25910529407192,1.12304356617404,1.28766182124299,1.28766182124299,1.28766182124299
"hp_hsa-mir-548s_st",0.977375339764336,1.07200311704127,1.2145902736085,1.02430603260336,1.07200311704127,1.05701634675296,1.19803292856412,1.30764747612936,1.07200311704127
"hp_hsa-mir-548s_x_st",0.857891945238911,1.07954032342012,1.04794105073265,1.04794105073265,1.04794105073265,0.883419988522069,1.11224346594395,1.04794105073265,1.04794105073265
"hp_hsa-mir-548t_st",0.950668057062392,0.991234680877192,1.2145902736085,1.11476626025442,0.950668057062392,0.930363068030696,1.10055964421233,1.26212705835335,0.869239944108582
"hp_hsa-mir-548t_x_st",1.00994991388302,0.910002318346093,1.01819493241856,1.00994991388302,1.11724563586357,1.00994991388302,1.00994991388302,0.913072924553037,1.00994991388302
"hp_hsa-mir-548u_x_st",0.952519722515845,1.44389399773486,1.07200311704127,1.14749868067439,1.07200311704127,0.850004792308187,0.983632160514871,1.07200311704127,1.2006717430963
"hp_hsa-mir-548v_st",1.15086519581925,0.962201950920257,1.07200311704127,0.933108122373252,1.07200311704127,1.10287614520743,1.22189470419121,0.892766047841418,1.07200311704127
"hp_hsa-mir-548v_x_st",1.13600321620218,1.0933845121575,1.25436678487561,1.52295562856503,1.30764140680364,1.07867611279963,0.869239944108582,1.13600321620218,1.13600321620218
"hp_hsa-mir-548w_st",1.17061659799637,1.2006717430963,1.2006717430963,1.3054368852425,1.2006717430963,1.25800063458855,1.17061659799637,1.2145902736085,1.2006717430963
"hp_hsa-mir-548x_st",1.10866556343929,0.994356264330078,1.19490748786913,1.18943399960337,1.23000062341817,0.81446120509455,1.18703912711616,1.10866556343929,0.955231436177303
"hp_hsa-mir-548x_x_st",0.9740193570452,0.950668057062392,0.856040279785458,0.878136381153598,1.11181974488963,0.950668057062392,1.10055964421233,0.950668057062392,0.950668057062392
"hp_hsa-mir-549_st",1.42404852761814,1.48627047185851,1.07200311704127,1.14870846207455,1.07200311704127,1.09705924538822,1.26091802577421,1.33490876767158,1.14870846207455
"hp_hsa-mir-549_x_st",0.689852949918813,0.940638015295209,0.898396329414005,1.26442616437186,1.23581163724822,1.10055964421233,0.912783241567954,1.25813357106787,1.2006717430963
"hp_hsa-mir-550-1_s_st",3.43725508223413,3.0636241096191,2.50089200648502,2.52346307751871,2.40838936064173,3.13920114086533,2.64403371972982,3.2958169076546,2.41059338918144
"hp_hsa-mir-550-2_s_st",2.27203115557744,1.93449971583821,2.14482751013677,2.25790279967565,1.98103303460335,1.78223415834645,2.82496981551368,2.01467048891317,2.7656606798405
"hp_hsa-mir-551a_st",1.03752741545616,0.879159346969415,0.977375339764337,1.04300740015804,1.00049440694829,0.879159346969415,0.899464336001111,1.00049440694829,1.09070448459594
"hp_hsa-mir-551b_st",1.24196428359719,1.29602543705933,1.36066377424449,1.29602543705933,1.54939465967587,1.42154242444295,1.12438135801959,1.07200311704127,1.21525700089525
"hp_hsa-mir-552_st",0.857891945238911,0.830450858987766,0.95783954077584,1.00703865753971,0.716875363427753,0.857891945238911,0.857891945238911,0.857891945238911,1.07200311704127
"hp_hsa-mir-553_st",0.680544152021706,0.780346024714851,1.28131703770146,0.877764450494461,0.761826542131732,1.16273294579847,1.12597502392782,0.894655323824065,0.894655323824065
"hp_hsa-mir-554_st",0.958409487149333,1.03983760010314,0.72276512806124,0.979263413855348,0.958409487149333,0.950668057062392,0.958409487149333,0.979263413855348,0.958409487149333
"hp_hsa-mir-555_st",1.29011820631015,1.11883506715611,1.19960350332019,1.19135848478465,1.31687547216827,1.32512049070381,1.19960350332019,1.2145902736085,0.920134985354223
"hp_hsa-mir-556_st",1.11370617768088,1.14574579233568,0.755649003760537,1.03143649322647,1.03143649322647,0.836358757953178,0.727078088623519,1.15091003473053,1.37679387322341
"hp_hsa-mir-557_st",1.10055964421233,0.925646856097706,1.10055964421233,1.14870846207455,1.07200311704127,1.15788853570458,1.13703460899857,1.0311237411335,0.828761948276914
"hp_hsa-mir-558_st",1.01682213772714,1.39503151272154,1.36497636762161,1.07200311704127,0.981901607084461,1.20461169266818,1.02817013659681,0.913072924553037,1.31430831848597
"hp_hsa-mir-558_x_st",0.769664693947863,1.05368881930108,1.00893802151801,0.913072924553037,0.835796633951686,1.15179926876229,0.786007729868868,1.09269308962813,0.9501059330609
"hp_hsa-mir-559_st",1.1022408857877,1.51696139678955,1.28131703770146,1.28131703770146,1.48027859925867,1.18962492237987,1.40653661163144,0.99439094287774,1.04880174179094
"hp_hsa-mir-559_x_st",1.11654791002054,1.28065190727485,1.20393194661272,1.0650369519447,1.15695348061009,1.56522980825011,1.31353309343025,1.10063216680789,1.1243785219533
"hp_hsa-mir-561_st",1.32494759536301,1.30598645191134,1.16106573806564,1.01588341079027,1.85333635761299,1.28131703770146,1.28131703770146,1.08297156439806,1.4299211181718
"hp_hsa-mir-561_x_st",1.23922316506451,1.07200311704127,1.07200311704127,1.03143649322647,1.26073400247265,1.07200311704127,0.977375339764336,1.19333817702015,1.07200311704127
"hp_hsa-mir-562_st",1.10866556343929,0.820110455437177,0.782269438088481,0.941445515416056,0.931416150389276,1.12146525588301,0.846817738139122,0.941445515416056,1.03436735008332
"hp_hsa-mir-563_st",0.755718086677158,0.869239944108582,0.609508066482496,0.913072924553037,0.869239944108582,1.15695348061009,1.27826248842452,0.740571318053552,0.869239944108582
"hp_hsa-mir-564_st",1.9256231940113,1.70791296837063,1.78789472915528,1.82358083979221,1.56529777545656,2.00935420065123,1.84253470649334,2.56505965467038,2.15200077601139
"hp_hsa-mir-567_st",0.966904375116356,1.38500899542867,1.27531704928353,1.11992047210223,1.15695348061009,1.05701634675296,1.44974097793026,1.15695348061009,1.05357719644095
"hp_hsa-mir-568_st",0.685216182042041,0.764897798348522,1.17893038443559,0.979602511660734,1.17528359290933,0.860128970156669,1.15149212163806,0.886232858327401,0.75539924009198
"hp_hsa-mir-569_st",1.07200311704127,1.2006717430963,1.08335111591094,0.994774046828448,1.29630380798977,0.832979738010654,1.08335111591094,1.03534067064325,0.876958995840571
"hp_hsa-mir-570_st",1.35969060137833,1.32113917941012,1.6508776376541,1.35969060137833,1.37804830125979,1.25210418091232,1.35969060137833,1.42557241291227,1.35969060137833
"hp_hsa-mir-570_x_st",1.21465096350645,1.0824430188635,1.58037399765124,1.30015324450417,1.15695348061009,1.18794368080451,1.10055964421234,1.18794368080451,1.63677869626804
"hp_hsa-mir-571_st",0.95451914547242,1.19161679033034,1.27432642645155,1.318159406896,1.12783968109412,1.40332115903987,1.21522035579718,0.769148002466881,1.7265662837076
"hp_hsa-mir-572_st",2.63475887391925,2.47676136754235,2.25958809418724,2.439166235033,2.62976418077387,2.439166235033,2.39533325458854,2.89053787890148,2.43572598283456
"hp_hsa-mir-573_st",0.788896809026669,1.01182710067581,0.974356649397886,1.01182710067581,1.01182710067581,0.894284504467857,1.01182710067581,1.2145902736085,1.11193919955978
"hp_hsa-mir-574_st",2.21371455765988,2.21371455765988,2.13407355067125,2.06977113545996,2.21371455765988,2.4931214828824,2.21371455765988,2.24249426727647,2.16995574245887
"hp_hsa-mir-575_st",0.966027340894666,0.8101552917411,1.30615750854946,0.977375339764336,0.944494153608932,0.977375339764336,0.977375339764336,0.84333228167223,1.13630553225257
"hp_hsa-mir-576_st",1.29602543705933,1.29602543705933,1.45402294343623,1.24361922160743,1.27449224977359,1.05700205802871,1.28947515914382,1.47917921744136,1.41736049703821
"hp_hsa-mir-577_st",1.29361409354547,1.05808458652907,1.28423451917435,0.913072924553037,0.804132073814322,1.11140727523392,1.04480889984364,1.32408523417224,1.04480889984364
"hp_hsa-mir-578_st",1.02511199326215,1.81100010146972,1.23922316506451,1.08029297257627,1.35133342236357,1.15695348061009,1.23922316506451,1.36055822504338,0.996000910425946
"hp_hsa-mir-579_st",0.980940100728855,1.08779916960138,1.25384789071467,0.950668057062392,1.07200311704127,0.950668057062392,0.885035996668691,0.996711323140976,0.69238499272674
"hp_hsa-mir-579_x_st",0.84202310231529,0.913048158862476,0.911697021557658,0.719799495540335,0.913048158862476,1.04371643801668,1.07042372071862,1.07200311704127,1.35242611779423
"hp_hsa-mir-580_st",1.09024837401821,0.925769444527657,0.923028325994969,0.805485729787015,0.782011744183811,1.10260646684073,0.868967172532836,0.853592422916131,1.14632472932693
"hp_hsa-mir-580_x_st",0.900669994731056,1.21932009202605,1.07200311704127,1.07200311704127,1.07200311704127,1.07200311704127,1.07200311704127,1.11310309486847,0.939832300725435
"hp_hsa-mir-581_st",1.08191426525697,1.29602543705933,1.40416083271508,1.33985841750378,1.29602543705933,1.04565405915904,1.29602543705933,1.29602543705933,1.29602543705933
"hp_hsa-mir-582_st",1.5310369597944,1.5310369597944,1.5310369597944,1.70237008210462,1.5310369597944,1.5310369597944,1.5310369597944,1.37210676730617,1.4924855378262
"hp_hsa-mir-582_x_st",1.19732015041719,0.951515684811957,1.18921423119023,1.18921423119023,1.32810922585825,1.05701634675296,1.18921423119023,0.993304839790885,1.56109889700364
"hp_hsa-mir-583_st",1.40332115903987,1.20505749354591,1.28131703770146,1.249174741073,1.56741915301524,1.27678087187274,1.40332115903987,1.51424197512686,1.53459240135684
"hp_hsa-mir-583_x_st",0.99894372096387,1.04266198345008,1.04723163813467,0.803351082077615,1.30288541890099,0.836358757953178,1.12212802541187,0.99894372096387,0.950668057062392
"hp_hsa-mir-584_st",0.977375339764336,1.35969060137833,1.44389399773486,1.29593638705676,1.23835554139945,1.23835554139945,1.35969060137833,1.06671735079799,1.35969060137833
"hp_hsa-mir-585_st",0.977375339764336,1.05409530042647,1.2788926888198,0.92742493799672,0.958297966162883,1.01497047227369,1.00200823122034,0.977375339764336,0.869239944108582
"hp_hsa-mir-585_x_st",1.56959710949339,0.822844652615113,1.03561842063121,0.99802328812186,1.03561842063121,1.29023111759654,1.35969060137833,1.03561842063121,0.950668057062392
"hp_hsa-mir-586_st",1.10789563127282,1.2006717430963,1.1172131120278,1.93107391698692,0.896313338493349,1.53132072373537,1.2006717430963,1.32200680307518,1.08448970067358
"hp_hsa-mir-586_x_st",0.857891945238911,0.950668057062392,0.73641116241625,1.03143649322647,0.954768934568895,0.810097845283118,1.23922316506451,0.870595912132362,0.950668057062392
"hp_hsa-mir-587_st",1.25232095978263,1.2006717430963,1.09432345340573,1.27737708812958,0.86507978847128,1.5319897850949,1.10604396581937,1.07933668311742,1.07933668311742
"hp_hsa-mir-587_x_st",0.849072825392129,1.07200311704127,0.930986535230111,1.03143649322647,1.15695348061009,1.07200311704127,1.07200311704127,1.19333817702015,1.07200311704127
"hp_hsa-mir-588_st",0.977375339764336,0.949934253513191,0.788456063156472,1.11141839785644,0.849986657976263,1.13673491098427,0.977375339764336,0.977375339764336,1.18557861260128
"hp_hsa-mir-589_st",1.10866556343929,1.08713237615356,1.64953635797491,1.10866556343929,0.975836781746959,0.933421963944583,1.13722209061036,1.05133667194705,1.30132008458572
"hp_hsa-mir-590_st",1.08987848670046,0.950668057062392,0.775979032081163,1.14393964016259,1.15660525079342,1.16951949368908,1.07334031512168,1.40079057920553,1.08987848670046
"hp_hsa-mir-591_st",1.39893277811464,1.29602543705933,1.0879854117147,1.26442616437186,1.24185509333816,1.05701634675296,1.23922316506451,1.28295507116536,0.919635171528593
"hp_hsa-mir-592_st",1.5310369597944,0.988263189571746,0.950668057062392,0.950668057062392,0.836358757953178,0.950668057062392,1.18198775716614,0.77143098786254,1.10959824955062
"hp_hsa-mir-593_st",2.01033166085215,1.66692082583144,1.52742538882104,1.64245137626833,2.104864271009,2.08712207237938,1.79974960752377,2.32740125198531,2.43029215801197
"hp_hsa-mir-595_st",1.36055822504338,1.07200311704127,1.51696139678955,1.18631241615048,0.915407279278329,1.18631241615048,1.24647296658322,1.48368790042739,1.03844385547495
"hp_hsa-mir-596_st",2.32695667133334,2.08604353012876,1.57702884251681,1.41814552711118,1.40778047970081,1.20606127496391,1.54939465967587,1.88112436382327,1.54939465967587
"hp_hsa-mir-597_st",0.975022278805349,0.867726556824802,0.875804793359766,1.25748405067081,0.975022278805349,0.975022278805349,1.23922316506451,0.718969212147791,0.975022278805349
"hp_hsa-mir-598_st",1.44389399773486,1.3632487031297,1.24200401160857,1.42700312440526,1.14086344401227,1.44389399773486,2.35530770787692,1.54939465967587,1.64862132417712
"hp_hsa-mir-599_st",1.17033148789449,1.13178006592628,1.35546855636657,1.03143649322647,1.17033148789449,1.13745030173908,1.19703877059643,1.62346603872746,1.5200671662767
"hp_hsa-mir-600_st",1.2485753971456,0.884298173347142,1.41204663266685,0.913072924553037,1.6984099544948,1.12085959639107,1.36904283345942,0.826530556814902,1.12085959639107
"hp_hsa-mir-601_st",1.238771718592,1.36823309927725,1.31417698565463,1.49561797580215,1.10866556343929,1.10866556343929,0.65983054797576,1.07200311704127,1.19800421175623
"hp_hsa-mir-602_st",1.81040295169125,1.68268715093672,1.68268715093672,1.35474731312694,1.56135209095784,1.68268715093672,1.68268715093672,1.52375695844849,2.06619931110114
"hp_hsa-mir-603_st",1.13445802291831,1.29602543705933,1.29602543705933,1.15084310978395,1.17655189555526,1.53481859026119,1.58458054506144,1.29602543705933,1.10499617728798
"hp_hsa-mir-604_st",0.944052456634297,1.28144017926038,1.03143649322647,0.872506300738237,0.950668057062392,1.03143649322647,0.977375339764336,1.03143649322647,1.03143649322647
"hp_hsa-mir-605_st",1.19251517423192,1.20111467752645,1.46503689407255,1.14870846207455,1.34867071182545,0.869315186672351,1.20111467752645,1.20111467752645,1.32244973750533
"hp_hsa-mir-606_st",1.25580255838903,1.29602543705933,2.03089784338427,1.46991373019139,1.14112626802713,1.10055964421233,1.04422026560956,0.65633901748622,1.01979120804826
"hp_hsa-mir-606_x_st",1.25939730297157,1.15695348061009,1.25690107614702,1.57065918345649,1.15695348061009,1.25690107614702,1.25690107614702,1.21930594363767,1.25690107614702
"hp_hsa-mir-607_st",1.29405854098463,1.71975200556646,0.906556050545352,1.35969060137833,1.35969060137833,1.35969060137833,1.35969060137833,2.36086723705823,1.1569341397204
"hp_hsa-mir-607_x_st",1.0415877851425,1.0415877851425,1.3349644838945,0.88142648488986,0.869239944108582,1.0415877851425,1.26998840354583,1.0415877851425,0.869239944108582
"hp_hsa-mir-608_st",1.23922316506451,1.32065127801832,1.23922316506451,1.28146485094571,0.837987771131571,1.23922316506451,1.52777827306662,1.28305614550896,0.989391633550788
"hp_hsa-mir-609_st",1.16183364317604,1.04567267861337,1.36621865042953,1.35802238273474,1.07200311704127,1.28131703770146,1.28131703770146,1.62666736720138,1.17318164204571
"hp_hsa-mir-609_x_st",1.10866556343929,0.950668057062392,0.960722315044546,1.54026988536882,1.28131703770146,1.62662372988869,1.10055964421233,1.10866556343929,0.653855950539913
"hp_hsa-mir-610_st",1.16440271268532,1.02933862078609,1.0871736424725,1.33794726067288,0.855943430575868,0.896606903600258,0.929226521902121,1.07200311704127,0.907692567631987
"hp_hsa-mir-610_x_st",1.25822083127005,1.35366223005773,1.210101756687,1.0271035539492,1.05063428061533,1.17104697614913,1.2145902736085,1.2145902736085,1.37933700655683
"hp_hsa-mir-611_st",1.40332115903987,1.35408790845314,1.60960658258757,1.46707558031543,1.10408422241923,1.51158968334402,1.30320906015591,1.55445844072555,1.22541928239811
"hp_hsa-mir-612_st",1.62646798297101,1.62646798297101,1.36691854089123,1.37438586584004,2.00439159712018,1.54975381637115,1.62646798297101,2.0806574215414,1.66406311548037
"hp_hsa-mir-613_st",0.902380139891591,0.950668057062392,1.10866556343929,0.711941712853142,0.950668057062392,0.950668057062392,0.977375339764336,0.693001463884242,0.977375339764336
"hp_hsa-mir-614_st",1.52920788163313,1.07688133568006,0.745081844825967,0.947756138288346,1.15695348061009,1.07217318338838,1.19714655842764,1.3207184342755,0.995453222726254
"hp_hsa-mir-615_st",1.40332737392006,1.44389399773486,1.40332737392006,1.31187192353754,1.54940087455605,1.51272299410387,1.16390175458935,1.28496380524663,1.49533355357707
"hp_hsa-mir-616_st",1.14560548174042,1.44389399773486,1.11312050016564,0.999655249354652,0.825887793305197,1.04321253419901,1.15695348061009,1.20078646105455,1.05819930448732
"hp_hsa-mir-617_st",1.07989026997199,1.05244918372085,1.07989026997199,1.18736295373376,0.958409487149332,0.950668057062392,1.19937366449742,0.952839659039339,1.46200539519023
"hp_hsa-mir-618_st",0.913072924553037,0.950668057062392,0.893916708695839,0.913072924553037,0.657019857895479,0.933926851259053,0.913072924553037,0.913072924553037,0.847251016261941
"hp_hsa-mir-619_st",1.31524459446384,1.10593067380365,1.06646872944035,1.09502588687907,0.984595613824772,1.31524459446384,1.39361815814071,1.01534427057259,0.903167500870962
"hp_hsa-mir-620_st",1.10015120861527,1.20005689913943,1.52884436130368,1.15695348061009,0.972435407860743,1.15695348061009,0.870027385786372,1.15695348061009,1.25834913915091
"hp_hsa-mir-620_x_st",0.977375339764336,0.836358757953178,0.771089916216636,1.39975639807536,0.977375339764336,0.950668057062392,0.96918753964551,1.02120832020879,1.2006717430963
"hp_hsa-mir-621_st",1.17969214266514,0.618868566208295,1.2603374372703,1.2749512230091,1.2603374372703,0.836358757953178,1.17969214266514,1.11538972745384,1.09356524534235
"hp_hsa-mir-622_st",0.977375339764336,0.599143824109016,1.08551073542009,0.977375339764336,1.0110295593412,0.977375339764336,1.30352558027581,0.977375339764336,0.977375339764336
"hp_hsa-mir-623_st",1.23794756240106,1.07200311704127,1.28131703770146,1.08172321923392,1.2098035048857,0.854512925296388,0.917856699074398,1.07200311704127,0.976649423078243
"hp_hsa-mir-624_st",0.935953220647797,0.944765205071284,0.82722260886333,0.913072924553037,0.73641116241625,0.880191738397633,0.843637021474199,1.44462355964998,1.05384315563579
"hp_hsa-mir-625_st",1.23922316506451,1.26418048490818,0.975022278805349,1.30829773243527,1.23922316506451,0.757532087060466,1.23922316506451,1.05173644540521,1.40332115903987
"hp_hsa-mir-625_x_st",1.10603363516563,1.20175271378658,1.23922316506451,1.42124574401859,1.54676273140221,1.20500490466689,1.23922316506451,1.18189427357226,1.53355220464068
"hp_hsa-mir-626_st",0.857891945238911,0.972201244348125,0.757944349701983,0.78066287502609,0.972201244348125,0.857891945238911,0.857891945238911,0.830047214934889,0.94989812489592
"hp_hsa-mir-627_st",1.00778353238885,1.0412436677911,1.10055964421233,1.07947671665114,1.18120493881749,1.10055964421233,1.10055964421233,1.10055964421233,1.10055964421233
"hp_hsa-mir-627_x_st",1.32010307712858,0.73641116241625,1.6825524316344,0.886365641851092,1.15695348061009,0.923960774360447,0.950668057062392,0.913072924553037,0.950668057062392
"hp_hsa-mir-628_st",1.36259815645683,1.23922316506451,1.23922316506451,1.28905905582786,1.09314966442851,1.32065127801832,1.23922316506451,1.23922316506451,1.23922316506451
"hp_hsa-mir-629_st",2.104864271009,2.29175826049432,1.80832746608413,2.104864271009,2.2111995612993,1.81879658143979,2.104864271009,2.50343731531148,2.01033166085215
"hp_hsa-mir-630_st",0.938922716240932,1.11818733113754,0.894890927805578,0.948952081267711,0.986547213777066,0.948952081267711,0.711737147423549,0.948952081267711,0.869239944108582
"hp_hsa-mir-631_st",1.21625275820531,0.937542374116145,1.32391605322269,0.913072924553037,1.07200311704127,1.04103405207953,1.02837255937972,1.07200311704127,1.07200311704127
"hp_hsa-mir-631_x_st",1.0108799799741,1.14303495009789,1.15695348061009,1.34937652794068,1.15695348061009,1.15695348061009,1.10880466274788,1.15695348061009,1.07630818600493
"hp_hsa-mir-632_st",1.26996903883179,1.29602543705933,1.28131703770146,1.04259069349221,1.28131703770146,1.28131703770146,1.36502024094744,1.28131703770146,1.88004364031494
"hp_hsa-mir-633_st",1.15021011529394,1.07200311704127,0.896863169947911,0.970936586707533,0.950668057062392,0.881876399659604,1.06408321797115,1.22301870383851,1.06654211007599
"hp_hsa-mir-634_st",1.5310369597944,1.40079057920553,1.2145902736085,1.35768716067619,1.58036872005128,1.26022036742625,1.40079057920553,1.40079057920553,1.50090267808949
"hp_hsa-mir-635_st",1.21044223713749,1.08272643638296,1.15695348061009,1.15943178141624,0.836358757953178,1.05701634675296,0.918628442407591,1.08272643638296,1.0851853284878
"hp_hsa-mir-636_st",1.55878808558243,1.72873041701531,1.80147677680684,1.40079057920553,1.27878645786711,0.704613620465141,1.40079057920553,1.17939670757306,1.51420574011428
"hp_hsa-mir-637_st",1.10866556343929,0.776866072585195,1.57428111568679,1.07163255493143,1.10866556343929,1.39056213517049,1.19212419450779,1.52024109278494,0.759638797291049
"hp_hsa-mir-639_st",0.986570141150498,1.2006717430963,0.983181551351418,1.2145902736085,1.39534766709762,1.2145902736085,1.2145902736085,1.2145902736085,1.37352046609673
"hp_hsa-mir-640_st",0.935232498197602,1.29602543705933,1.54939465967587,1.08208870373046,1.10788397245977,1.3328750435979,1.70446229595766,1.2145902736085,1.33888350964146
"hp_hsa-mir-641_st",1.00060712858819,0.836358757953178,1.07200311704127,0.836001714150369,1.48262252050615,1.08024813557681,1.06133904111123,0.981793039393619,1.15343122999508
"hp_hsa-mir-641_x_st",0.846781985998732,1.38097580062815,1.15695348061009,1.16803015945923,1.44992673119043,1.15695348061009,1.29578031322356,1.15695348061009,1.15695348061009
"hp_hsa-mir-642_st",1.85817642994821,1.52854073296985,1.52854073296985,1.40754510796479,1.39582051896836,1.54939465967587,2.23988018200505,1.63272787982919,1.32613774683601
"hp_hsa-mir-642_x_st",1.68268715093672,1.28131703770146,0.977375339764336,1.24372190519211,1.75870858033606,1.61263507970006,1.07962370200007,1.2145902736085,1.40332115903987
"hp_hsa-mir-643_st",1.40332115903987,0.950668057062392,0.865717693493569,0.950668057062392,0.950668057062392,0.935959657704525,0.950668057062392,1.07200311704127,1.17396446039436
"hp_hsa-mir-644_st",1.17033148789449,1.08876538471872,0.933290653798656,1.03143649322647,1.04832736655607,0.900409467643252,1.05887757947762,0.886336165456642,1.05887757947762
"hp_hsa-mir-645_st",0.977375339764336,1.18816533879125,1.09213957437719,1.12920071963387,0.824525077367672,1.2954610607718,1.1443323583468,1.48791068394847,1.22576047130061
"hp_hsa-mir-646_st",0.939780207254982,0.66228785917664,1.15403710190112,0.913072924553037,0.913072924553037,0.836358757953178,1.01274165277529,0.913072924553037,0.867327822914918
"hp_hsa-mir-647_st",1.52854073296985,1.13910520281696,1.52854073296985,1.52854073296985,1.56248253522245,1.56369302644027,1.64880595571743,1.54689843285132,1.50789800760162
"hp_hsa-mir-648_st",1.12440933249317,1.2309333095295,0.972055521504342,1.07200311704127,0.972055521504342,1.10959824955062,1.25948983670057,0.785077022217549,1.07200311704127
"hp_hsa-mir-649_st",1.11695541897429,1.13709524457109,0.875641217186513,0.949735370951059,0.949735370951059,0.941993940864118,0.962298929895814,0.913072924553037,0.7899510888619
"hp_hsa-mir-650_st",1.39571638804681,1.23771888166991,1.26442616437186,1.26442616437186,1.1234095825607,1.28131703770146,1.26442616437186,0.950792786846191,1.05814074082416
"hp_hsa-mir-651_st",1.11893412714847,1.20631816374064,0.96138112383737,1.04374120370724,1.04374120370724,0.950668057062392,0.994211354521763,1.1632147452113,0.974058431574888
"hp_hsa-mir-652_st",1.56892786907937,1.86434434681943,1.52854073296985,1.99771745029665,2.00753669528,1.90998044532644,1.66158117388674,1.5285841661792,1.98952116735548
"hp_hsa-mir-652_x_st",0.99285527741806,1.25158125788703,1.15695348061009,1.15695348061009,1.15695348061009,1.40332115903987,1.28978226230243,0.982271949142471,1.23733761536731
"hp_hsa-mir-653_st",1.01403778616236,1.02371519987047,1.02371519987047,1.43628312688864,1.15695348061009,1.40332115903987,1.23922316506451,0.779029866460931,1.32755760938384
"hp_hsa-mir-654_st",1.17892826751703,0.836358757953178,0.705935276469731,0.97010150893857,0.82122949884089,1.00769664144792,0.890773131394316,0.800563053746665,0.781171984576783
"hp_hsa-mir-655_st",0.857891945238911,0.869239944108582,1.04999733759771,1.18158964822996,0.869239944108582,1.04999733759771,0.679190838614845,1.01240220508835,0.840683416937517
"hp_hsa-mir-656_st",0.822971414596228,0.81460845564615,1.24094191442659,0.913072924553037,0.869354662066829,1.12732981919918,0.953936015343195,0.955691628597719,0.759638797291049
"hp_hsa-mir-657_st",1.90512043897871,2.28737574964933,1.45170421064099,0.83965751360767,0.950668057062392,1.5310369597944,1.45259158774318,1.01592007780915,2.02372353055252
"hp_hsa-mir-658_st",1.2788926888198,1.25218540611785,0.977375339764336,1.10700307884248,1.28509322757131,1.2227252624093,1.25218540611785,1.2145902736085,1.53588465610849
"hp_hsa-mir-659_st",1.00612130550732,1.39299895648922,0.813660017035328,1.00612130550732,1.16505149799556,0.828871550333523,0.926480298518696,1.07200311704127,0.910767611544296
"hp_hsa-mir-659_x_st",0.767644712438319,0.99135782243611,1.19400723837968,1.16507626368612,1.07200311704127,1.07200311704127,1.31922681230966,0.913072924553037,1.10566712154532
"hp_hsa-mir-660_st",1.68268715093672,1.17850194385119,1.00076422726344,1.57212370151574,1.05856517701581,1.40079057920553,1.40079057920553,1.40079057920553,1.52360816090348
"hp_hsa-mir-661_st",1.13402730711193,1.72873041701531,1.76903469235395,1.40079057920553,1.21867401956717,1.40332115903987,1.35969060137833,1.40079057920553,1.40079057920553
"hp_hsa-mir-662_st",1.5310369597944,1.22929867296637,1.10866556343929,1.2145902736085,1.14551570623773,1.12289815828691,1.59487745928256,1.2145902736085,1.02356101383716
"hp_hsa-mir-663_x_st",1.42966888164413,1.76604659068343,1.72287861714304,1.72873041701531,1.72873041701531,1.72873041701531,1.64134638042313,1.89808343630525,1.72873041701531
"hp_hsa-mir-663b_st",1.57329153075292,1.57329153075292,1.55489628253694,1.21323012656479,1.57329153075292,1.97632439294237,1.28147773602302,2.02341405289605,1.95624404325921
"hp_hsa-mir-663b_x_st",1.58963184913325,1.45756424365173,0.944085194150457,2.16850040996486,2.07512387019668,1.85474230265539,1.55038389805244,2.24055503353612,1.89347714996364
"hp_hsa-mir-664_s_st",1.28466928136462,1.01236247587851,1.01236247587851,1.01236247587851,0.814811706178599,1.15695348061009,1.01236247587851,1.11651177474298,1.00032973232026
"hp_hsa-mir-665_st",1.38496345915841,1.48474927199368,1.17929883902182,1.24602292778443,1.6242571187701,1.40332115903987,1.66160422337553,1.71666152860021,1.73420327557304
"hp_hsa-mir-668_st",1.18425134158817,1.11151022712353,0.872461058809722,0.964193252138752,1.2500895253867,1.15695348061009,1.18013851269702,1.07200311704127,1.07200311704127
"hp_hsa-mir-670_st",1.28131703770146,1.37409314952494,1.28384761753581,1.14495262286779,1.25460975499952,1.28131703770146,1.17318164204571,1.20245495892348,1.45538068458823
"hp_hsa-mir-671_st",1.03376917616209,1.44389399773486,1.35978179153533,1.28373925000654,1.12115321275427,1.15695348061009,0.977375339764336,1.15695348061009,1.53389073465736
"hp_hsa-mir-675_st",1.35111788591138,1.44389399773486,1.44389399773486,1.16199742600366,0.97055573856902,1.69603509786315,1.47245052490593,1.44389399773486,1.34336723278896
"hp_hsa-mir-7-1_st",1.10866556343929,1.57922533271334,1.10866556343929,1.49561797580215,1.10866556343929,1.10866556343929,1.52854073296985,0.919934678007916,1.2219947082709
"hp_hsa-mir-7-2_st",0.857891945238912,1.16225034984186,1.16225034984186,0.805485729787015,1.35959098767432,1.26092066875809,0.967547128352859,1.01704011270104,1.16225034984186
"hp_hsa-mir-7-3_st",0.977375339764336,1.29158890398368,0.923897882075547,0.955377316936958,1.10055964421233,1.10055964421233,1.30502396457652,1.17727381081219,1.10055964421233
"hp_hsa-mir-708_st",1.10789563127282,1.2006717430963,1.11924363014249,0.993726642758869,1.11924363014249,1.53132072373537,1.11924363014249,1.02903355249484,1.04253828510921
"hp_hsa-mir-711_st",3.04233170677231,2.53577115711782,2.47013909672412,2.33777057649218,2.53577115711782,2.53577115711782,2.57280416562568,2.33742568381441,2.2636951119046
"hp_hsa-mir-720_st",0.983549243217796,1.04035151521262,0.983549243217796,1.06431767938187,0.925991292475135,0.869239944108582,0.983549243217796,0.983549243217796,0.744123623887087
"hp_hsa-mir-744_st",1.28131703770146,1.29602543705933,1.17082614484844,1.28131703770146,1.43587157521282,1.15209482479186,1.28801029315745,1.1978002155098,1.40332115903987
"hp_hsa-mir-758_st",1.44091629154923,0.742124677567199,0.950668057062392,1.07014159856646,0.950668057062392,0.950668057062392,1.35353246417372,0.913072924553037,1.07933668311742
"hp_hsa-mir-758_x_st",1.16274648276988,1.05072107684111,0.996446612896484,0.996446612896484,1.11778167287536,0.875111552917606,0.653863532450519,0.549432663129457,1.12167570872525
"hp_hsa-mir-759_st",1.26073400247265,0.993276980239463,1.2237273904231,0.914711936282849,1.22407155607462,1.1534382804921,0.849496582554975,1.07200311704127,1.1534382804921
"hp_hsa-mir-760_st",1.24185509333816,1.24185509333816,1.24185509333816,1.57463345321126,1.64983385258725,1.49579872894395,0.962386575372196,0.821067258017112,1.16514974830488
"hp_hsa-mir-761_st",0.977375339764336,0.877427744227408,1.2598371116298,0.871898454728547,1.05880345271815,0.977375339764336,0.977375339764336,0.977375339764336,0.977375339764336
"hp_hsa-mir-761_x_st",1.07200311704127,1.25936299066131,1.0261561845453,1.07200311704127,1.07200311704127,0.828166018445837,1.23922316506451,0.885802811444243,1.10959824955062
"hp_hsa-mir-762_st",1.33346129232331,0.796082389585172,0.977375339764336,1.05409530042647,1.0611544868372,0.846590244999898,1.05409530042647,1.5431372468117,0.935292819223236
"hp_hsa-mir-764_st",0.950668057062392,0.950668057062392,0.950668057062392,1.04445205731671,1.01739482115535,0.950668057062392,0.760618951568655,1.02738222366225,0.950668057062392
"hp_hsa-mir-765_st",1.10055964421233,1.15736191620716,1.01828995975792,0.990758478091322,1.17961668736487,0.864915285124243,1.10055964421233,1.19518742148927,0.886028748026632
"hp_hsa-mir-766_st",0.989750006676421,1.08437778395335,0.65319015127211,1.27945551922665,1.15998197772258,1.08437778395335,1.12792108141273,1.09936455424166,0.950668057062392
"hp_hsa-mir-767_st",1.40803963319283,0.962430271960721,0.977375339764336,1.0968488812684,0.977375339764336,0.977375339764336,0.977375339764336,0.797355599297379,1.32485186780678
"hp_hsa-mir-769_st",1.4353567524957,1.49143310780443,1.40162914134344,1.22757008065766,1.3077402764297,1.28131703770146,1.18373710021321,0.840194027837584,1.24142942177052
"hp_hsa-mir-770_st",1.23922316506451,1.23922316506451,1.07715914755657,1.35869670656857,1.69235771589748,1.15504655653555,1.50107099036468,1.61510161976084,1.07200311704127
"hp_hsa-mir-802_st",1.09265106539879,1.13322390409378,1.15695348061009,0.83803836843347,1.06319092169024,1.39866805788169,1.26454067537611,0.706239204861466,0.919140131483828
"hp_hsa-mir-873_st",1.49946434482066,0.937010076722162,0.776891046053799,1.36056935015264,1.26430143458806,1.04681124284317,0.977375339764336,1.04681124284317,0.894768390840957
"hp_hsa-mir-874_st",1.9899593614937,1.8040222109156,1.29756031016969,1.68268715093672,1.5041558788186,1.68268715093672,1.85879087792951,1.77281774934858,1.60598180590344
"hp_hsa-mir-875_st",0.965462864591898,0.952899305647143,1.05284690118407,1.07200311704127,1.05284690118407,1.05284690118407,1.08140342835514,1.07200311704127,0.918568989779282
"hp_hsa-mir-876_st",1.5947021241134,1.35969060137833,0.958942141941081,1.31912397756353,1.12404624229023,1.23768648003991,1.35969060137833,1.61305982399487,1.35969060137833
"hp_hsa-mir-877_st",1.36666699464307,1.69765294312483,1.51831718578539,1.53110541155599,1.51831718578539,1.28131703770146,1.23585541391992,1.22398814620921,1.86239967607316
"hp_hsa-mir-885_st",2.06931607777148,2.01033166085215,1.58718002424482,2.01033166085215,1.87893871585922,2.01033166085215,1.83684484322226,2.46944363344109,2.21607441082455
"hp_hsa-mir-886_st",7.5339311075067,7.46675712645962,8.68042955916471,8.11385449362839,8.90781418340437,8.55042278061608,8.11385449362839,7.81872571219694,7.65017304527247
"hp_hsa-mir-887_st",1.05150394832006,1.23715493944727,0.907711741097592,0.812480569289445,1.22007606084781,0.836358757953178,1.01731288791512,0.993932684808713,0.993932684808713
"hp_hsa-mir-888_st",0.760618951568655,0.950668057062392,0.950668057062392,0.902970972624484,0.950668057062392,1.06497735617161,0.869239944108582,1.07200311704127,0.950668057062392
"hp_hsa-mir-889_st",0.748974721361005,0.974169714154668,1.10866556343929,0.696568505909108,0.899351642779101,0.728669732329309,0.869239944108582,0.913072924553037,0.841750833184485
"hp_hsa-mir-890_st",0.803035874823138,0.950668057062392,1.03143649322647,1.03143649322647,1.603455813138,0.836358757953178,1.23922316506451,1.04642326351478,1.00472921052453
"hp_hsa-mir-891a_st",1.2600214773723,1.06497735617161,1.06750793600595,0.809584884110823,1.06497735617161,0.950668057062392,1.21486894332155,1.06497735617161,1.06497735617161
"hp_hsa-mir-891a_x_st",1.25420993535281,1.07200311704127,1.07200311704127,1.06375809850573,1.15695348061009,1.07200311704127,1.07200311704127,1.08698988732958,1.04825228591344
"hp_hsa-mir-891b_st",0.977375339764336,0.664653976211307,1.2145902736085,1.03388634819035,0.934756635719655,0.977375339764336,0.977375339764336,0.887165262116685,1.24064787603918
"hp_hsa-mir-891b_x_st",0.864126538590326,1.22082486695991,1.25748731335793,1.41886527197207,1.22082486695991,1.22082486695991,1.10055964421234,1.36689836759591,1.22082486695991
"hp_hsa-mir-892a_st",1.37409919035049,1.07200311704127,1.00053016778354,0.842148176185037,1.54939465967587,1.10866556343929,1.10866556343929,1.25125272000652,0.910862686729756
"hp_hsa-mir-892a_x_st",0.723848887146805,0.836358757953178,1.1081564538886,0.711941712853142,1.25002662725494,1.05701634675296,1.05409530042647,0.779029866460931,0.738105610005315
"hp_hsa-mir-892b_st",1.40332115903987,1.12839695343903,0.994376520576692,1.15695348061009,1.15695348061009,1.15695348061009,0.869239944108582,1.15695348061009,1.25706557949406
"hp_hsa-mir-892b_x_st",1.10866556343929,1.08403267198328,1.08403267198328,1.14870846207455,0.836358757953178,1.27276355741466,1.23184986788729,1.07200311704127,1.10866556343929
"hp_hsa-mir-9-1_st",1.26143208899784,0.988693475414038,1.29866263967231,1.23922316506451,1.26007709177052,1.2359395354997,1.19052724401656,1.26007709177052,1.27978978887931
"hp_hsa-mir-9-1_x_st",0.913072924553037,1.02693419760388,0.977375339764336,0.747874038660335,0.808316278955687,0.913072924553037,1.23922316506451,0.913072924553037,0.913072924553037
"hp_hsa-mir-9-2_st",0.977375339764336,1.09179651296486,1.11996249633156,1.5552480156718,0.977375339764336,0.863066040655122,1.0059318669354,0.977375339764336,0.665011020014115
"hp_hsa-mir-9-2_x_st",0.812728935682572,0.633238541217682,0.869239944108582,0.852771834317831,0.77606648928455,1.28131703770146,0.844563179521326,1.18991350902124,0.869239944108582
"hp_hsa-mir-9-3_st",2.06977113545996,2.16716157910841,2.06977113545996,1.91658333052093,2.27605655900766,2.18919333389471,2.06977113545996,2.06977113545996,1.91987954831001
"hp_hsa-mir-9-3_x_st",1.64059327829977,1.29671146813974,1.16100891052631,1.47337323027653,1.68268715093672,1.45838645998823,1.3787454529996,1.60762675388399,1.49686006693414
"hp_hsa-mir-920_st",1.1577950521107,1.39707060656263,1.16512901129996,1.2402373728011,1.56225156074477,1.58014597661187,1.23922316506451,1.49220860181357,1.0716681547879
"hp_hsa-mir-921_st",1.0402883272768,0.918953267297918,1.21014030357369,1.00325531876893,1.0402883272768,1.05701634675296,1.06699560997874,0.868650136675336,1.0402883272768
"hp_hsa-mir-922_st",0.907769160522422,0.90712475960302,0.924187565060631,1.16448903051473,0.956057077693223,1.05701634675296,1.03832676214764,1.17104697614913,1.29602543705933
"hp_hsa-mir-924_st",0.710219439556873,0.999618861884679,1.5406849709877,1.0953462803239,0.933149731206014,0.933149731206014,0.646223636382293,1.07922323184201,0.759638797291049
"hp_hsa-mir-92a-1_st",3.13854950398505,3.52341187683616,2.85587743729809,3.22957241933596,3.26716755184531,3.20563695702552,3.20563695702552,3.0729658547921,3.20563695702552
"hp_hsa-mir-92a-1_x_st",1.38529645648383,1.63319849084971,1.15748451346384,1.65884494561312,1.42805959969699,1.75870858033606,1.52102812115174,1.54939465967587,1.54939465967587
"hp_hsa-mir-92a-2_st",0.959210376628068,1.2006717430963,1.03463921860935,1.13878851747382,1.053838153905,1.28131703770146,1.09063969961161,1.24355365962002,0.859319999507856
"hp_hsa-mir-92a-2_x_st",0.903043559526258,1.15304724556017,0.941100540390861,1.03352448309601,0.903043559526258,0.552635914819547,0.903043559526258,0.913072924553037,0.68530701705297
"hp_hsa-mir-92b_st",1.89840457576355,2.04641015990531,2.01243520515971,1.98426169162175,1.94779705525743,1.89840457576355,1.68735525993698,1.72873041701531,1.65618739507497
"hp_hsa-mir-93_st",1.43742981895048,1.30407331125627,1.758428599225,1.74685164893032,1.73172131652306,1.50972299178997,1.53002798082167,1.43508366401843,1.92189315041261
"hp_hsa-mir-933_st",1.49848558786992,1.48592202892517,1.47447957950772,1.52854073296985,1.52854073296985,1.80652721326188,1.52854073296985,1.46181396887689,1.90042539878326
"hp_hsa-mir-934_st",1.31212636342093,1.25690107614702,1.03941088440214,1.714659547438,1.15695348061009,1.3304840633024,1.30684506776004,1.26764559767097,1.1844105626664
"hp_hsa-mir-935_st",3.0095390905182,2.77669350971736,1.94883538341152,2.7319427119343,2.83531362269295,2.97035896084962,2.52284195700519,3.38604829448185,2.96538945336253
"hp_hsa-mir-936_st",0.9740193570452,1.10055964421233,1.38016267480353,1.06296451170298,1.27220372325208,1.15695348061009,1.10055964421233,0.941629451724102,1.01913153125853
"hp_hsa-mir-937_st",1.10866556343929,1.39112733530476,1.36789970042996,1.46783268033804,1.54939465967587,1.49747562499533,1.27779819047315,1.70129882991612,1.39112733530476
"hp_hsa-mir-938_st",0.936808715949537,1.03143649322647,1.03143649322647,1.03143649322647,0.950668057062392,1.3323496940511,1.05999302039753,1.2145902736085,1.1260642705034
"hp_hsa-mir-941-1_s_st",3.17869769225436,3.41552762476526,3.35986432959966,3.41552762476526,3.24830757674203,3.41552762476526,3.8725843976499,3.59024312541687,3.37697620279706
"hp_hsa-mir-941-2_s_st",3.81273929085359,4.4879008852908,3.07123293975669,4.04196116945338,4.11705066716758,3.81273929085359,3.67855085657392,3.76184748741285,3.80921110043788
"hp_hsa-mir-941-3_s_st",3.71494583089907,3.71494583089907,3.64073165330706,3.88506570039763,4.34782048085361,3.71494583089907,3.44212384187327,3.77317497195448,3.28974843689161
"hp_hsa-mir-941-4_s_st",3.63181359506427,3.20563695702552,3.07623942400746,2.90330373584943,3.20563695702552,3.24504111521818,3.20563695702552,3.55013904563088,3.05953570885622
"hp_hsa-mir-942_st",1.08456667598603,0.990134738593605,0.893916708695839,1.07200311704127,1.31072946125052,0.728669732329309,1.22930134829671,1.01640042167435,1.31047290921731
"hp_hsa-mir-943_st",1.59972505509077,1.31360756618224,1.09611737443735,1.36513799200902,1.44446808964121,1.40332115903987,1.31837079547105,1.02539754489071,1.31837079547105
"hp_hsa-mir-944_st",0.676509970544342,0.772263788553455,1.01105694175532,1.01105694175532,0.974617662919228,1.50130517624215,1.07535935696662,1.22645322712384,1.29602543705933
"hp_hsa-mir-95_st",1.03674670943848,1.07200311704127,0.783029441620027,1.15664985227626,1.02902422619774,1.34962941053445,1.39317270799383,1.07164293024242,0.869239944108582
"hp_hsa-mir-96_st",1.10866556343929,1.10866556343929,0.88573527179015,1.06809893962449,1.07578437728389,1.10866556343929,1.17778871442516,1.43745302560355,1.10866556343929
"hp_hsa-mir-98_st",1.39389597124781,1.88735688565245,1.30994396757153,1.10881275587163,1.44218388841861,1.13439260939812,1.63786094631528,1.30994396757153,1.29602543705933
"hp_hsa-mir-99a_st",0.903812001386299,1.37033065935682,1.54574605321191,1.02322959179931,1.03561842063121,1.08339014223206,1.17316555717885,1.26779333445578,0.955429014705563
"hp_hsa-mir-99b_st",2.27077637545861,2.45157187279259,2.51387211800077,2.84968045536153,2.42925351058775,2.66496992292916,2.16946438273196,2.44198237546782,2.39336910053461
"hp_mmu-let-7a-1_st",1.46380492352403,1.47448361508292,3.64148229433066,1.7868333192043,1.7868333192043,1.7868333192043,1.69220554192736,2.24786128418879,1.7868333192043
"hp_mmu-let-7a-1_x_st",1.75864101801536,2.07844829899449,2.65105743883615,2.07844829899449,2.28121147192718,1.40332115903987,2.38755455461919,1.590730644342,2.1709247429382
"hp_mmu-let-7a-2_st",0.830402834314814,0.917786870906987,0.950668057062392,0.994501037506847,0.950668057062392,1.05701634675296,1.32225530942215,0.944159250510399,0.950668057062392
"hp_mmu-let-7b_st",1.30149465531907,1.48228943951964,1.24200500081493,1.35160614763246,1.44438225945594,1.28131703770146,1.52854073296985,1.27274406885448,1.57768426015539
"hp_mmu-let-7b_x_st",1.21116276471983,1.05701634675296,1.08024398162776,1.05701634675296,1.05701634675296,1.05701634675296,1.05701634675296,1.00782184619252,0.918863601760201
"hp_mmu-let-7c-1_st",0.857891945238911,1.00831190055782,0.869239944108582,0.74656768604929,0.792525777508723,0.748974721361005,0.889544933140278,1.29493340869041,0.869239944108582
"hp_mmu-let-7c-2_st",0.990575004087461,1.07200311704127,0.990575004087461,0.751551625056845,0.990575004087461,0.862859203332932,0.990575004087461,1.03440798453192,1.00192300295713
"hp_mmu-let-7c-2_x_st",1.07200311704127,0.957693817932056,0.807414173208413,1.30451841295179,1.07200311704127,1.28131703770146,1.01520084504645,1.1031280993725,1.19333817702015
"hp_mmu-let-7d_st",1.26051572705621,1.57329153075292,1.56068302959831,1.40079057920553,1.28131703770146,1.2089785456098,1.0709119748513,1.02891041093592,1.28131703770146
"hp_mmu-let-7e_st",1.25025368857076,1.59848403642643,1.15695348061009,1.60318323277919,1.13402730711193,1.04156582818903,1.4136946104927,1.41698292718216,1.54939465967587
"hp_mmu-let-7f-1_st",0.936306353490106,0.97390148599946,0.656940361593257,0.936306353490106,0.836358757953178,0.936306353490106,1.0209530887251,1.31453786914543,1.1719507125782
"hp_mmu-let-7f-1_x_st",0.915699957682265,0.836358757953178,0.950668057062392,1.03143649322647,1.07200311704127,0.676676578651649,1.12195119621643,0.690199831819565,0.950668057062392
"hp_mmu-let-7f-2_st",0.987330503460413,0.950668057062392,1.12052003335929,0.749536845362496,0.950668057062392,1.05701634675296,0.786569853870359,1.07200311704127,0.950668057062392
"hp_mmu-let-7f-2_x_st",1.10866556343929,1.95965466580678,1.24185509333816,1.24185509333816,1.06519333120138,1.38579851553809,1.38695542110799,0.913072924553037,1.32329025678899
"hp_mmu-let-7g_st",1.00909634422989,1.45169678103534,1.35969060137833,1.35969060137833,1.64158717310952,1.308041384692,1.35969060137833,1.60713566729772,1.15324661655881
"hp_mmu-let-7g_x_st",1.07200311704127,1.07200311704127,1.54939465967587,1.04511012934066,1.07200311704127,1.05701634675296,1.09751634479256,0.779029866460931,1.16477922886475
"hp_mmu-let-7i_st",1.42374123781386,1.18872971507878,1.38097580062815,1.15713044239131,1.18457152864245,1.29602543705933,1.44591702420927,1.29349485722498,1.29602543705933
"hp_mmu-mir-1-1_st",0.927763174685245,1.39428183265577,0.977375339764336,1.277297774568,1.21481399929276,1.20707256920582,1.2506158666652,1.20830519274077,1.00550007863257
"hp_mmu-mir-1-1_x_st",1.00575765060937,1.48834513550076,1.44543033432777,1.07588763099237,0.950668057062392,0.744382633514691,0.950668057062392,0.751125998830844,0.967206228641163
"hp_mmu-mir-1-2-as_s_st",1.2354901908332,0.967648981628133,1.10866556343929,1.03143649322647,1.10866556343929,1.19361592700811,1.13722209061036,0.919934678007916,1.25384789071467
"hp_mmu-mir-1-2-as_st",1.05639163778313,1.2006717430963,1.40998566375649,1.2198279589535,0.784084832297012,1.2006717430963,1.2006717430963,0.874521502584832,1.2006717430963
"hp_mmu-mir-1-2-as_x_st",0.985891509934406,1.07866762175789,1.54676449908611,1.07866762175789,0.964358322648673,1.28131703770146,0.997239508804077,1.07866762175789,1.07866762175789
"hp_mmu-mir-1-2_s_st",1.23418255082291,1.15695348061009,1.15695348061009,1.15695348061009,1.05428841170853,1.1366484915784,1.15695348061009,1.06431777673531,1.27721870335767
"hp_mmu-mir-100_st",0.857891945238911,0.977274503969975,1.38512857805173,0.967134078015171,1.03143649322647,1.19182047158891,1.35969060137833,0.939679371460621,0.824992508406955
"hp_mmu-mir-101a_st",1.2145902736085,1.65137977377533,1.08907328622488,0.742293035779239,1.07357369179734,1.2145902736085,1.30680591931987,1.2145902736085,1.16774426335539
"hp_mmu-mir-101a_x_st",0.977375339764336,0.669341473060724,1.28131703770146,1.03143649322647,0.713174453505179,1.22125589582139,0.919712850961011,1.38388521818864,1.03347949317701
"hp_mmu-mir-101b_st",0.866967241259226,1.05701634675296,1.09789203076202,1.04051178924679,1.18962492237987,1.05701634675296,0.96963231016079,1.43524786240828,0.980296386090834
"hp_mmu-mir-103-1_st",1.18830657042792,1.29266070584106,1.05701634675296,1.01644972293816,1.05701634675296,1.05701634675296,1.05701634675296,1.20308984738896,1.05701634675296
"hp_mmu-mir-103-1_x_st",0.857891945238911,0.63216143953695,1.32515001814592,0.913072924553037,0.913072924553037,0.913072924553037,0.856561916127027,1.54939465967587,0.913072924553037
"hp_mmu-mir-103-2_st",0.997904239433537,0.976371052147803,1.80156964048755,1.04012547342336,1.40180813532723,1.05701634675296,0.894361447592706,0.924416592692632,1.32509396872737
"hp_mmu-mir-103-2_x_st",1.07200311704127,1.07200311704127,1.34008073901568,1.09720611634862,1.07200311704127,1.07200311704127,1.07200311704127,0.90036492643981,1.19400723837968
"hp_mmu-mir-105_st",1.23617452687163,1.07200311704127,1.01047252222148,1.14870846207455,0.957693817932056,1.05701634675296,1.10488430319667,1.55887844071841,1.07200311704127
"hp_mmu-mir-106a_st",1.0377791810745,1.2006717430963,1.0934941476413,1.15701115622407,1.27573762017336,0.970393992645347,1.15726257559993,0.862569358138508,1.63215639261296
"hp_mmu-mir-106a_x_st",1.52854073296985,1.72623419019076,1.23486694060201,1.52854073296985,1.49505793966647,1.74279762761599,1.66187062788792,1.40310008039949,1.76040960998315
"hp_mmu-mir-106b_st",1.10866556343929,1.11045750070325,1.1302530055571,1.05534404233751,1.09293917484687,1.27642394298008,1.09293917484687,0.94434207687987,0.919428240931903
"hp_mmu-mir-107_st",1.42207363211157,1.18264801278086,1.22383136302272,1.0921333097909,1.34674600675623,1.33510423344099,1.01854980958883,0.913072924553037,1.22875594375042
"hp_mmu-mir-107_x_st",0.818516427710527,1.01805848594207,1.01805848594207,1.01805848594207,1.14073074400137,1.15695348061009,1.01805848594207,1.00516106436937,0.931931588619282
"hp_mmu-mir-10a_st",1.31039932437261,1.11754074363475,1.07200311704127,0.914704885785829,0.857746222395128,1.02035390035494,1.14609727080582,0.946555212574268,1.20289954280064
"hp_mmu-mir-10b_st",1.05701634675296,1.05701634675296,1.38766532739203,1.12077076802852,0.950668057062392,1.05701634675296,1.45774597572486,1.13373051335282,1.05701634675296
"hp_mmu-mir-10b_x_st",0.93928290303978,1.07200311704127,1.07200311704127,1.13575753831683,0.752195836062145,1.07200311704127,1.10055964421233,1.3641281328075,0.995297772007989
"hp_mmu-mir-1186_st",1.43050989059731,1.07200311704127,1.07200311704127,1.07200311704127,1.07200311704127,1.05701634675296,1.00256721396243,1.07200311704127,1.07200311704127
"hp_mmu-mir-1186_x_st",1.28824270769078,0.906290258185823,0.553056623224765,1.08045603585274,0.816188748229014,1.10603588937923,1.19361493041384,1.45485173266766,1.02639488239061
"hp_mmu-mir-1186b_st",0.981901607084461,1.2198716777168,1.34120673769568,1.07602682111872,1.07200311704127,0.950668057062392,0.832577497710561,1.07200311704127,1.07200311704127
"hp_mmu-mir-1186b_x_st",1.22220493038203,1.2006717430963,1.28131703770146,1.16295346902803,0.949998995702856,1.28131703770146,1.52854073296985,1.33649801701559,1.28131703770146
"hp_mmu-mir-1187_st",1.07200311704127,1.28611428884363,1.07200311704127,1.1271840963554,0.958673972209662,0.847056277429563,1.1816042638588,0.884516397381972,1.08335111591094
"hp_mmu-mir-1188_st",1.51061688102042,1.44389399773486,1.40332115903987,1.40332115903987,1.40332115903987,1.26424920259064,1.66160422337553,1.40332115903987,1.35948817859542
"hp_mmu-mir-1190_st",0.958587956132514,0.937054768846781,1.15695348061009,1.24940447296815,0.799696311555156,1.15695348061009,1.11485960797314,1.07200311704127,1.07200311704127
"hp_mmu-mir-1191_st",1.63729473879967,1.13564500297223,0.719146778441603,1.46409251843231,1.75572961155558,1.40332115903987,1.27447352774406,1.54939465967587,1.25437566967886
"hp_mmu-mir-1192_st",0.739953401703595,1.2110750734905,0.785077022217549,1.17947580080303,0.972055521504342,1.07200311704127,1.01817955333114,1.07200311704127,1.02817013659681
"hp_mmu-mir-1192_x_st",0.913072924553037,1.13709524457109,1.09254075791604,1.10549597188362,0.99802328812186,0.805600240791274,0.804937528897283,0.913072924553037,0.877779097567187
"hp_mmu-mir-1193_st",0.803646620171954,0.903023203199239,1.10866556343929,1.1651765718653,1.17342159040084,1.1418163564011,1.10866556343929,1.1368233163725,1.40332115903987
"hp_mmu-mir-1194_st",1.40535642852185,1.52854073296985,1.52854073296985,1.04684965496581,1.52854073296985,1.58493456936761,1.52854073296985,1.52854073296985,1.52854073296985
"hp_mmu-mir-1195_st",1.2145902736085,1.72873041701531,1.2145902736085,1.14870846207455,1.38810120752346,1.2145902736085,1.15778800161368,1.3193554157547,1.2145902736085
"hp_mmu-mir-1195_x_st",1.00002122478113,1.48115407501233,1.26394344132724,1.50345564810709,1.03369564667659,1.00002122478113,0.748974721361005,0.72041819418994,0.915070861212309
"hp_mmu-mir-1196_st",0.667600061124408,1.24112460992199,1.40332115903987,0.990753232021699,1.33503945760576,1.33503945760576,1.14649683264505,1.24112460992199,1.46514692994004
"hp_mmu-mir-1197_st",1.07200311704127,1.16477922886475,1.07200311704127,1.07200311704127,0.763543834931815,0.980311001719682,1.10055964421233,1.07200311704127,1.16477922886475
"hp_mmu-mir-1198_st",0.977375339764336,1.45201058509341,1.2145902736085,1.23716134464219,1.2145902736085,1.32889957271771,0.857433267792745,1.29130444020836,1.11444857530945
"hp_mmu-mir-1199_st",2.41533188723365,2.01033166085215,1.41169611716189,2.0330033895138,2.12351809250375,2.12351809250375,1.80922743810386,3.19596740542637,2.35253260611465
"hp_mmu-mir-122_st",0.977164801065998,1.07453369687562,1.01925867370295,1.03143649322647,0.67477462813657,1.03396707306082,1.18385866021076,0.904371831468045,1.28397075909473
"hp_mmu-mir-1224_st",1.10866556343929,1.16599445493154,1.76472105754501,1.10042054490375,1.10866556343929,1.08195828073735,1.06756558561209,1.10866556343929,1.24773751988853
"hp_mmu-mir-124-1_s_st",1.08082223688805,1.12139507558304,1.08082223688805,1.0782916570537,1.07200311704127,0.95160002397845,0.869239944108582,1.146704048422,1.22689573752405
"hp_mmu-mir-124-1_st",1.07200311704127,1.07200311704127,1.47294120761134,1.06375809850573,1.03534067064325,1.07200311704127,1.10055964421233,0.90036492643981,0.990575004087461
"hp_mmu-mir-124-1_x_st",1.05701634675296,1.2006717430963,1.22111434072833,1.10685223751632,1.05701634675296,1.09911021938992,0.774554574887498,1.05701634675296,0.768461238750849
"hp_mmu-mir-124-2_s_st",1.50595155283404,1.16566615970811,0.674880567596458,1.13406688702064,1.17463351083544,0.854700895123792,1.00594625490135,0.941643839690055,1.17463351083544
"hp_mmu-mir-124-2_st",1.43906660618343,1.0346567111034,1.03143649322647,1.10055964421233,1.25948983670057,1.10055964421233,1.01913153125853,1.10055964421233,1.06753789725881
"hp_mmu-mir-124-2_x_st",1.069203619076,1.15508666875615,1.24185509333816,1.1174915362468,1.14620067419938,1.18421830033976,0.984771322245307,1.1174915362468,1.1174915362468
"hp_mmu-mir-124-3_s_st",1.15644962127984,1.32988458988017,1.00230320331297,0.763279824282351,0.825383933974943,0.971334138351227,1.00230320331297,1.32988458988017,1.04831422562408
"hp_mmu-mir-125a_st",1.06023007180439,1.07200311704127,1.1365389424871,1.52670560318436,1.15695348061009,1.15695348061009,1.12439788565379,1.15027674437945,1.47463722473313
"hp_mmu-mir-125b-1_st",0.907904913849237,1.10623271296799,0.918568989779282,1.14870846207455,1.45495562954756,1.1516441240299,0.805239844947674,1.07200311704127,1.45495562954756
"hp_mmu-mir-125b-1_x_st",1.40265209768034,1.49465827733735,1.55951319132749,1.47813765729198,1.40265209768034,1.28131703770146,1.33695993215154,1.25404801721,1.40265209768034
"hp_mmu-mir-125b-2_st",1.25638832275494,1.29470823797131,0.932048351399322,1.03143649322647,1.07200311704127,0.836358757953178,1.10055964421233,0.974107601734224,0.910352641197018
"hp_mmu-mir-125b-2_x_st",1.32567430632868,1.16767679995178,1.16767679995178,1.16767679995178,1.40332115903987,1.16767679995178,1.0236043768329,1.03363374185968,1.16767679995178
"hp_mmu-mir-126_st",0.833369500349184,1.02341860584292,0.893472680732219,1.13655141709191,1.05880345271815,0.977375339764336,0.977375339764336,0.695127207428813,1.09070448459594
"hp_mmu-mir-127_st",0.977375339764336,0.950668057062392,0.950668057062392,1.48629904708865,0.950668057062392,1.15998197772258,0.646309652459441,1.02976143116007,0.908426371181187
"hp_mmu-mir-1274a_st",0.924931468723848,1.15695348061009,0.954704615087045,0.949722662575822,1.15695348061009,1.75568008322357,1.15695348061009,1.35182716453186,1.49254543523511
"hp_mmu-mir-128-1_st",1.5310369597944,1.70100733150745,1.5310369597944,1.68447108705639,1.54939465967587,1.18473214750749,1.80922743810386,1.82316197556064,1.5310369597944
"hp_mmu-mir-128-1_x_st",1.23922316506451,1.33122934472151,1.23922316506451,1.14870846207455,1.4891037095395,0.916023177504937,1.32273271976127,0.913072924553037,1.29602543705933
"hp_mmu-mir-128-2_st",1.68418144481279,1.28131703770146,1.28131703770146,1.66160422337553,1.03732277964868,1.28131703770146,1.23748405725701,1.65954855335678,1.33759615614097
"hp_mmu-mir-128-2_x_st",1.89715103107117,1.94719321208778,1.64953635797491,1.52040771913703,1.39245715608349,1.27003634123674,1.35821117001914,1.30750679251467,1.66406311548037
"hp_mmu-mir-129-1_st",0.939998187070078,1.15605084971728,1.16996938022948,1.02738222366225,1.07200311704127,0.950668057062392,0.977375339764336,1.02738222366225,0.848379325093882
"hp_mmu-mir-129-1_x_st",1.33419800805401,1.71772141958999,0.949166808772057,1.03143649322647,1.03143649322647,0.987718230740262,1.1904553515085,1.00498062990039,0.888798587477667
"hp_mmu-mir-129-2_st",1.06602600240899,1.1719507125782,1.18384747818916,1.10606890104425,1.07200311704127,1.27924643455875,0.970257376876811,0.984917394982573,1.12970902669699
"hp_mmu-mir-129-2_x_st",0.580429349546645,0.946159924074191,0.65923382925047,1.06452349274762,1.30832014608581,0.728669732329309,0.979041110229596,0.946159924074191,1.23375874261745
"hp_mmu-mir-1306_st",1.40332115903987,1.57329153075292,1.19553448720184,1.26442616437186,2.104864271009,1.44541503167683,1.2646576381877,1.40332115903987,1.4601234310347
"hp_mmu-mir-130a_st",1.43604242117934,1.43897573376628,1.43897573376628,1.38701245274453,1.09810797047878,1.26563067815845,1.5907156351361,1.96703440768529,1.89347714996364
"hp_mmu-mir-130a_x_st",1.65810765683256,1.65810765683256,1.42246329774446,1.69391382137327,1.40332115903987,2.10090832336089,1.43481125350059,2.02196992986985,1.70982266823997
"hp_mmu-mir-130b_st",1.28389923885249,1.40332115903987,1.48796789427486,1.74634255558715,1.40332115903987,1.40332115903987,1.40332115903987,1.18412460862536,1.30428831539994
"hp_mmu-mir-132_st",1.14530716183677,1.07200311704127,0.872359604869025,0.895587239743824,0.73641116241625,0.79563557523172,0.88492316381378,0.782172078835068,0.895587239743824
"hp_mmu-mir-133a-1_st",0.908179285366287,1.26932444989748,0.872201900452664,0.913072924553037,1.15695348061009,0.862236850863947,1.03136358981429,0.974995410321304,1.00280706264322
"hp_mmu-mir-133a-1_x_st",0.856040279785458,0.929134869776658,0.950668057062392,1.03143649322647,1.15695348061009,0.935681286774085,0.627639661382126,1.00584903637652,0.950668057062392
"hp_mmu-mir-133a-2_st",0.774554574887498,1.07200311704127,1.10866556343929,1.05701634675296,1.05701634675296,1.05701634675296,1.29798052410105,0.87003784746617,0.935681286774085
"hp_mmu-mir-133a-2_x_st",0.977375339764336,1.0774874386483,0.967010616346531,0.977375339764336,1.28013685459188,0.950668057062392,1.12726692691428,0.67268157677036,0.977375339764336
"hp_mmu-mir-133b_st",0.828284648302138,0.867209425993894,0.893916708695839,0.923964525751567,0.990521630780658,0.839787917222614,0.895893853503724,0.923794866687696,0.773374904315176
"hp_mmu-mir-134_st",1.07734379228688,1.15357546589963,1.26087118788017,1.17197156956382,1.29596432342922,1.17197156956382,1.17197156956382,1.2145902736085,1.15956593180423
"hp_mmu-mir-135a-1_st",1.26544581494899,0.950668057062392,1.08349683875472,1.02748483736656,0.983549243217796,0.864075701713731,0.894662009660761,1.02738222366225,0.884795067095023
"hp_mmu-mir-135a-2_st",1.06292076275413,0.904923256377235,0.904923256377235,0.618868566208295,0.878551332066316,1.01127154606781,1.19347836437935,1.01127154606781,0.857837418805818
"hp_mmu-mir-135b_st",1.28875231023846,1.38338008751539,1.02435112745876,1.38338008751539,1.16044979586625,1.57115649015977,1.1879142946684,1.72873041701531,1.33753315501942
"hp_mmu-mir-136_st",1.11267562628581,1.21611581403933,0.873652247255194,1.01442247833795,1.2383815935639,1.09114243900008,0.911757409436384,1.0118918985036,0.950668057062392
"hp_mmu-mir-137_st",1.19312255042603,1.27021510221943,0.561786784883292,1.0028433572441,0.820868149402991,1.19405523653737,0.977375339764337,1.15646010402801,1.2875468343757
"hp_mmu-mir-138-1_st",1.63507870724991,1.60494246393666,1.28448445010147,1.93107391698692,1.82512781274364,2.53816371446633,1.95012428864777,1.45090788423527,1.92115423042621
"hp_mmu-mir-138-1_x_st",1.5310369597944,1.57329153075292,1.57329153075292,1.62735268421505,1.53673863021161,1.59222140674013,1.57329153075292,1.99670677019411,1.57329153075292
"hp_mmu-mir-138-2_st",1.26272128389454,1.155425561914,1.14071716255613,0.901693783525512,0.836358757953178,1.22566752612495,1.29060874970607,0.90313947134651,1.14071716255613
"hp_mmu-mir-138-2_x_st",0.903850644285019,1.2006717430963,1.35616439244738,1.06794884747705,1.10554397998641,0.950668057062392,1.52869461471701,1.22687903996528,1.51763045814909
"hp_mmu-mir-139_st",1.85170351986933,1.58771973283918,1.1570253180281,1.26749808794467,1.54939465967587,1.54939465967587,1.24229508863732,2.16187501448069,1.54939465967587
"hp_mmu-mir-140_st",1.16714168356713,0.975508279275893,1.06504780804285,1.14870846207455,1.26374660565194,1.27390385774314,1.10980586376777,1.05222244587575,0.892069321294484
"hp_mmu-mir-141_st",0.963456809252138,0.936015723000993,1.24185509333816,1.2006717430963,1.54939465967587,1.37416350354566,1.11901224562676,1.2006717430963,0.741789351859722
"hp_mmu-mir-141_x_st",1.07200311704127,1.05046992975554,1.04247907797977,1.1260642705034,1.25158125788703,1.09285704374729,0.900656758625194,1.2145902736085,1.07200311704127
"hp_mmu-mir-142_st",0.971905013010146,0.971905013010146,0.869239944108582,1.05267344917422,0.971905013010146,0.971905013010146,0.92375619514793,0.971905013010146,1.37259121061146
"hp_mmu-mir-143_st",0.977375339764336,0.892424976195514,1.44389399773486,0.977375339764336,0.977375339764336,0.991240895757378,0.977375339764336,1.0540895063642,0.892424976195514
"hp_mmu-mir-144_st",0.977375339764336,0.950668057062392,0.938104498117637,0.94242303852685,0.763689557775599,1.03561842063121,0.950668057062392,1.07200311704127,0.778320216028478
"hp_mmu-mir-145_st",0.950668057062392,0.950668057062392,0.732931514589104,0.950668057062392,0.950668057062392,1.15695348061009,0.920612911962465,0.950668057062392,0.950668057062392
"hp_mmu-mir-146a_st",1.10866556343929,1.27863593515234,1.48289637130742,1.10866556343929,1.08195828073735,1.19604960003146,1.10866556343929,1.01206064135447,1.10866556343929
"hp_mmu-mir-146a_x_st",0.909494067317585,1.49878860999201,0.880973857269927,1.15277155320535,1.07200311704127,1.27828854058897,1.00637105664757,0.987052753472448,1.07200311704127
"hp_mmu-mir-146b_st",0.939320058192721,0.950668057062392,0.950668057062392,0.832304488388959,1.07200311704127,0.950668057062392,0.950668057062392,0.913072924553037,0.983549243217796
"hp_mmu-mir-147_st",0.925074407315243,0.813331142381858,0.846212328537263,0.846212328537263,1.18180428316228,0.728669732329309,0.879093514692667,0.756002250889612,1.03350026012737
"hp_mmu-mir-148a_st",0.856270652558216,0.943654689150389,0.913072924553037,1.09927323015006,0.913072924553037,1.0579639882596,0.892218997847022,0.913072924553037,0.778795013148247
"hp_mmu-mir-148b_st",0.869239944108582,0.869239944108582,0.77098679616072,0.837640671421111,0.847706756822849,0.962016055932063,0.869239944108582,0.804937528897283,1.07200311704127
"hp_mmu-mir-149_st",4.97193564691736,4.97193564691736,4.8309190651062,5.01640388803637,4.97193564691736,4.97193564691736,4.96067554624006,4.934340514408,5.03747522075361
"hp_mmu-mir-150_st",1.84447134179273,0.81691851629543,1.12885234148202,1.54939465967587,1.54939465967587,1.54939465967587,1.26234383506835,1.46444429610704,2.12351809250375
"hp_mmu-mir-151_st",1.68268715093672,1.24866487917806,1.28626001168741,1.29545424472642,1.07200311704127,1.61690899232648,1.0439940465077,1.47860802510845,1.24866487917806
"hp_mmu-mir-151_x_st",1.18039133814529,0.950668057062392,1.13037732224541,0.913072924553037,1.40332115903987,1.05701634675296,0.995027190217987,1.03778500161692,1.05384315563579
"hp_mmu-mir-152_st",1.15715569417634,1.29602543705933,0.836358757953178,1.1670832807821,1.44441215822688,1.18247220730416,1.35969060137833,1.32125389736837,1.47229963054867
"hp_mmu-mir-153_st",0.833010895555196,0.836358757953178,1.03470423125658,0.772988430953378,0.836358757953178,0.821371987664871,0.864915285124243,0.836358757953178,0.816967688783295
"hp_mmu-mir-154_st",0.748974721361005,1.10959834353622,0.942319914892704,1.30411794108141,1.06028084248598,1.44091638553483,1.27681839155946,1.21552305370543,0.822829331489869
"hp_mmu-mir-155_st",0.977375339764336,0.836358757953178,0.935653346252574,0.957453898933236,1.07200311704127,0.977375339764336,1.03177502231269,1.11373975459801,0.913620918488781
"hp_mmu-mir-15a_st",1.15427280149568,1.35894363416604,1.07200311704127,0.964415922275248,1.04254297333272,1.07200311704127,1.00763690619754,1.07200311704127,1.2309333095295
"hp_mmu-mir-15b_st",1.11110787851491,0.836358757953178,0.943654479933725,1.05586404363338,0.630697313090735,0.875944997932345,0.993837300191488,1.12805767215745,0.943654479933725
"hp_mmu-mir-16-1_st",1.07200311704127,1.2006717430963,1.07200311704127,1.33028618137692,1.15695348061009,1.04529583433933,1.07200311704127,1.07200311704127,1.07200311704127
"hp_mmu-mir-16-1_x_st",1.10055964421233,1.08799608526758,0.769493956907439,1.26442616437186,1.22189557872147,0.851854036777307,1.10055964421233,1.06296538623324,1.10409909605632
"hp_mmu-mir-16-2_st",0.98730156410142,1.07930774375843,0.732986600382347,0.787249875917456,0.873448244470778,0.865706814383837,0.778322777791664,0.779029866460931,1.36905305280546
"hp_mmu-mir-16-2_x_st",0.977375339764336,0.977375339764336,1.01629102496369,0.888944360855513,0.960837168185565,0.977375339764336,0.977375339764336,0.913072924553037,0.977375339764336
"hp_mmu-mir-17_st",1.10866556343929,0.859586442546472,0.995297772007989,1.07200311704127,1.1719402508984,0.873962712029111,1.28298525634505,1.09549853668575,0.870732191730981
"hp_mmu-mir-181a-1_st",0.977375339764336,0.726440678403578,0.938823917796131,1.17445945531764,0.915596282921331,1.39752004524021,0.753147961105523,0.938823917796131,0.938823917796131
"hp_mmu-mir-181a-1_x_st",0.950668057062392,1.2006717430963,0.825521681622374,1.18630359458391,0.941505890411196,0.906949794576184,0.978841090926116,0.913072924553037,0.950668057062392
"hp_mmu-mir-181a-2_st",1.85569928829336,2.245846770536,0.995209658533907,1.70535467661273,2.20798209471289,1.69323536664001,1.7451541438794,1.78761815003772,2.06475439308166
"hp_mmu-mir-181a-2_x_st",2.77455832401316,2.97677045587011,2.75734160203332,3.15811934997304,2.59648327019605,2.67970708298551,2.97677045587011,3.24912379846595,3.90332487664041
"hp_mmu-mir-181b-1_st",1.17763333138172,1.15695348061009,1.15695348061009,0.982040692495464,1.15695348061009,0.854186719712931,1.35969060137833,1.28355804155093,1.36499320500175
"hp_mmu-mir-181b-1_x_st",1.28040651530637,1.17810067206261,1.24185509333816,1.24185509333816,1.24185509333816,1.22686832304986,1.28040651530637,1.35847322349523,1.20519264694014
"hp_mmu-mir-181b-2_st",1.23922316506451,1.16110888603839,0.995487414908383,1.14006260728049,1.15695348061009,1.15695348061009,0.984508713712239,1.4250311025845,1.07691552786219
"hp_mmu-mir-181c_st",1.10866556343929,1.10866556343929,0.873021204351199,0.949735370951059,1.56131866541677,1.20434806791638,1.02723745048548,1.22813910494336,1.12337396279716
"hp_mmu-mir-181c_x_st",1.18308972325651,1.19244398517898,1.07495432760075,1.72399462027592,0.73641116241625,1.19244398517898,0.791696430515377,1.45636620172509,1.45318594161947
"hp_mmu-mir-181d_st",1.41700511589109,1.03038901129576,1.03143649322647,0.918747546965524,1.30233868203314,1.14469831040498,1.05731427381281,1.81253290715031,1.68102831498163
"hp_mmu-mir-181d_x_st",1.95012428864777,1.44389399773486,1.95012428864777,1.92927036194175,1.71185338686504,2.67697922845007,1.99824847487109,1.83102842684785,1.95012428864777
"hp_mmu-mir-182_st",1.291867250623,1.49814659276713,1.291867250623,1.26442616437186,1.54939465967587,1.04316164318797,1.0442601943866,1.291867250623,1.4543190294422
"hp_mmu-mir-183_st",1.40887007137448,1.57861418783652,1.71122477287259,1.49123015124435,1.40332115903987,1.47798830525644,1.40957065377482,1.81425854692462,1.52219921620609
"hp_mmu-mir-1839_st",1.40332115903987,1.40332115903987,1.40332115903987,1.66160422337553,1.76942652363738,1.1838986552571,1.1917388662604,1.21089811170929,1.64583466469303
"hp_mmu-mir-184_st",1.26956417428146,1.13382888794144,0.869239944108582,0.95716179898285,1.15368712398044,0.973889818459017,0.913328818538395,1.10234412625823,1.13993925876758
"hp_mmu-mir-185_st",1.71993387262016,1.92001607973631,1.92465371895203,1.75696415759019,1.76202774525712,1.84863159629651,1.75952616935376,1.6797441526728,1.88403186659553
"hp_mmu-mir-186_st",0.81577424810944,0.910117043521448,1.11779930035566,1.32241434317975,1.03278930158074,1.02902889215677,0.922680602466203,1.16087295942278,0.662847824038212
"hp_mmu-mir-187_st",1.67010891624364,1.2549531124069,1.2145902736085,1.2145902736085,1.29602543705933,1.4203889941507,1.71588559268612,1.00305218647899,1.40332115903987
"hp_mmu-mir-188_st",1.67794037370768,1.44389399773486,0.782176289577005,1.40332115903987,1.40332115903987,1.58466677634233,1.40332115903987,1.78286673292527,1.23097331800596
"hp_mmu-mir-1892_st",1.07445817702594,0.991234680877191,1.33592533358738,0.740203626187174,1.05046992975554,1.09758297056776,1.39987210691482,0.779029866460931,0.876958995840571
"hp_mmu-mir-1893_st",1.37542676833583,1.31406393919529,1.23263582624148,1.26442616437186,1.34702834131665,1.29375895016359,1.4676424140472,1.31406393919529,1.31406393919529
"hp_mmu-mir-1894_st",2.06956857538832,1.34410817421851,1.89808343630525,1.74341833487685,1.9110705753052,2.40200263254266,2.02739858568452,2.07474519844204,2.09703567289581
"hp_mmu-mir-1895_st",0.989219479030597,0.850720461525464,0.950668057062392,1.14574579233568,0.950668057062392,0.935681286774085,0.950668057062392,1.08338827106388,0.950668057062392
"hp_mmu-mir-1896_st",1.15695348061009,1.12951239435895,1.07256230911988,1.2134644890361,1.14224508125223,1.15695348061009,1.37071323227073,1.40079057920553,1.33216181030252
"hp_mmu-mir-1897_st",0.857891945238911,0.779334934752177,1.23246948558515,0.913072924553037,1.06232570333316,1.12131876196426,0.977375339764336,0.977375339764336,0.834788183197108
"hp_mmu-mir-1898_st",0.928153005834175,1.07200311704127,1.15102496306965,1.12015193490349,0.846666558466698,0.950668057062392,1.07200311704127,1.24866487917806,1.30764747612936
"hp_mmu-mir-1899_st",1.10866556343929,0.972315691536536,1.01493439558122,0.656427622025176,1.25057875466931,1.01493439558122,1.02301884932708,1.06529452971284,0.79719785310793
"hp_mmu-mir-18a_st",1.13192723386729,1.29602543705933,1.40383530196185,1.29602543705933,1.09648337882778,1.0977293772539,1.29602543705933,1.40079057920553,1.41736049703821
"hp_mmu-mir-18b_st",1.23861221924206,1.2006717430963,1.1305797635345,1.0312868877444,0.965027384008208,0.911841816788634,1.07200311704127,1.07200311704127,1.07200311704127
"hp_mmu-mir-18b_x_st",1.28131703770146,1.74553873217993,1.3668045580517,1.49556952168989,1.28131703770146,1.64956115084988,1.05190731907781,0.988343787121122,1.09755376577643
"hp_mmu-mir-190_st",1.40282669480827,2.15418177205924,0.830188625393704,1.03143649322647,1.24892668497135,1.13324361651006,1.33204965988948,1.63162328243227,1.08829917908215
"hp_mmu-mir-1901_st",1.45870241550216,1.68632258872436,1.32818037869342,1.26442616437186,2.2414376253743,1.7038931145354,1.56128290980701,1.46440592047703,1.35489078973664
"hp_mmu-mir-1902_st",1.36370701915715,0.836358757953178,0.966670667965207,1.15185725618832,1.41199493632795,1.07515191115504,0.804474118847319,0.913072924553037,1.07515191115504
"hp_mmu-mir-1903_st",1.44914241550203,1.10055964421233,1.10055964421233,1.03680542989077,1.10055964421233,1.34692732264212,1.10055964421233,0.779029866460931,1.55788062573107
"hp_mmu-mir-1904_st",1.07200311704127,1.07200311704127,1.07200311704127,1.07200311704127,1.07200311704127,1.28131703770146,0.909806567923382,1.2145902736085,0.950668057062392
"hp_mmu-mir-1905_st",1.10866556343929,1.10866556343929,1.16031478012562,0.869939219230042,1.07200311704127,1.10866556343929,1.35969060137833,1.32307377006302,0.869239944108582
"hp_mmu-mir-1906-1_s_st",1.16326095586888,1.4900988532827,1.06331336033195,0.812941982431664,1.35102689683346,1.05557193024501,1.32400123263755,1.40079057920553,0.989750021953914
"hp_mmu-mir-1906-2_s_st",1.21301087728585,1.22799764757416,1.12955224621735,1.14870846207455,1.63017725702713,1.51695257522297,1.04167775497564,1.22799764757416,1.01289204117663
"hp_mmu-mir-1907_st",1.49693710506423,1.25006659081764,1.4754039177785,1.40079057920553,1.37545632224157,1.34908492856103,1.4754039177785,1.2145902736085,1.73183100633994
"hp_mmu-mir-190b_st",0.891932794017008,1.2006717430963,0.733935287640108,1.10604396581937,1.58343550845396,1.07933668311742,1.13460049299043,0.947113773331134,1.01991706849657
"hp_mmu-mir-191_st",1.05227172704153,1.10055964421233,1.49300082327811,1.30796946183123,1.10055964421233,1.10055964421233,1.10055964421233,1.02048749928231,1.22922827026737
"hp_mmu-mir-192_st",0.97922700521779,0.929415960474042,1.44111590378577,1.15277155320535,1.07200311704127,0.972065983184141,1.09663600849728,1.28611428884363,0.998439778663233
"hp_mmu-mir-1927_st",1.10866556343929,1.08195828073735,1.46018979639267,1.08195828073735,1.08195828073735,0.895341117158627,0.910625158427132,1.18954547550337,1.1339215617591
"hp_mmu-mir-1928_st",1.27366460662079,0.950668057062392,0.727371653730428,0.950668057062392,0.613829582133072,1.08396054832325,1.00160046845338,0.821999431007361,0.994298614723939
"hp_mmu-mir-1929_st",1.39791765795818,1.15695348061009,1.15695348061009,1.03941088440214,1.06685197065328,1.12407229445469,1.15695348061009,1.2145902736085,1.44455229915336
"hp_mmu-mir-193_st",1.28185834290755,1.01739482115535,1.82272913744317,1.15608794187269,1.707262856977,1.28131703770146,1.28131703770146,1.28131703770146,1.26755427199636
"hp_mmu-mir-1930_st",1.10866556343929,1.44389399773486,0.991122967231337,1.65983095664481,1.10866556343929,1.10092413335235,1.51457184250328,0.800206281329837,0.906262577305451
"hp_mmu-mir-1931_st",1.07200311704127,0.799696311555156,1.2309333095295,1.14242204303344,1.28131703770146,0.836358757953178,1.15813001436406,0.981793039393619,1.07200311704127
"hp_mmu-mir-1932_st",1.5089087760267,0.639176587395466,1.28131703770146,0.986518244911401,1.78827476792354,1.55255087010323,1.43444397436631,1.47910554974487,1.3958925523981
"hp_mmu-mir-1933_st",1.14943482847127,1.2006717430963,1.12721771824591,1.15756832456696,1.06015130886439,1.35112816417266,1.16009890440131,1.15756832456696,1.16009890440131
"hp_mmu-mir-1934_st",1.0101302267015,1.07200311704127,1.38833960169589,1.06531120601562,0.776756098013509,1.19082819339925,1.06531120601562,1.19395784276623,0.979184308692831
"hp_mmu-mir-1936_st",0.857891945238911,0.73641116241625,0.977375339764336,1.01365254617148,0.857891945238911,0.857891945238911,0.857891945238911,0.662299306352657,0.890773131394316
"hp_mmu-mir-1937a_st",1.02109360225054,0.780129424902457,1.3705237193932,1.2006717430963,1.2006717430963,1.28562210666512,1.22922827026737,1.2006717430963,1.2006717430963
"hp_mmu-mir-1937a_x_st",1.368459999761,1.28131703770146,1.5285130457297,1.49829907835127,1.28131703770146,1.11693791002786,1.28131703770146,1.28131703770146,1.00405094400787
"hp_mmu-mir-1937b-1_st",1.41976122349892,1.23922316506451,1.23922316506451,1.23922316506451,1.07200311704127,1.01722484033142,1.23922316506451,1.61745468071983,1.04819390529316
"hp_mmu-mir-1937b-1_x_st",1.11639506421615,1.18583096729499,1.14358928141379,1.18583096729499,1.40332115903987,1.18583096729499,0.883069452467452,1.22330141857292,1.18583096729499
"hp_mmu-mir-1937b-2_s_st",1.57329153075292,1.57329153075292,1.22685985480772,1.57329153075292,1.57329153075292,1.68760082986213,1.66160422337553,1.51596263926067,1.59114903638764
"hp_mmu-mir-1937b-3_st",1.220976732128,0.90009961391757,0.937634971182047,1.40079057920553,1.2006717430963,1.2006717430963,1.23922316506451,1.02143467389645,1.23164080805804
"hp_mmu-mir-1937b-3_x_st",0.977375339764336,0.948670668765155,1.39978714856618,0.924201219202047,1.07015145158782,0.970214317730687,1.40900508156273,1.07015145158782,1.11386971407402
"hp_mmu-mir-1937b-4_s_st",1.8161483987579,1.44389399773486,1.35379248777805,1.44389399773486,1.44389399773486,1.69401076721309,1.52439101882341,1.15518438210973,1.40629723071158
"hp_mmu-mir-1937b-5_s_st",0.947090770131851,1.32328320629197,1.24185509333816,1.08455686208272,1.24185509333816,1.24185509333816,1.34999048899392,1.13419270074014,1.24185509333816
"hp_mmu-mir-1937c_st",1.47837753371669,1.40332115903987,1.26178239072813,1.40332115903987,1.85565194321362,1.40332115903987,1.15253609366348,1.20497568573647,1.55004160085068
"hp_mmu-mir-1937c_x_st",1.0481393767881,0.927440422187592,0.870929413761582,1.32029116680641,0.940003981132347,0.737650106766573,0.940003981132347,0.953922511644546,0.950668057062392
"hp_mmu-mir-1938_st",0.94224694247418,0.973119970640343,1.027197306043,1.42942686172623,0.805166966514746,1.19377755944013,0.805166966514746,0.937887180516236,0.576626880327091
"hp_mmu-mir-1939_st",1.09871039974321,1.35960193558453,1.05284690118407,1.03143649322647,1.02938441299659,1.13782502533237,1.06389719781431,1.19333817702015,1.05261204787139
"hp_mmu-mir-193b_st",1.23922316506451,1.23922316506451,1.16199409485168,0.951624346521243,1.23922316506451,1.42892722336205,1.23922316506451,1.2145902736085,1.33447204210858
"hp_mmu-mir-194-1_st",0.977375339764336,0.950668057062392,1.0957539481691,0.836001714150369,1.16815824880727,1.07200311704127,1.1816042638588,1.36217775846694,1.17027812395273
"hp_mmu-mir-194-1_x_st",1.10866556343929,0.865717693493569,0.714851576460422,0.946486129657648,0.836358757953178,1.15695348061009,1.09871039974321,1.07200311704127,1.15551267173804
"hp_mmu-mir-194-2_st",1.17064143362604,1.15807787468128,1.16452252380252,1.26442616437186,1.41087464513078,1.26442616437186,1.27517151035331,1.29602543705933,1.29602543705933
"hp_mmu-mir-194-2_x_st",1.06937118876761,1.07200311704127,1.10866556343929,1.07200311704127,1.15695348061009,1.09747623670002,1.07200311704127,0.953639548367837,1.04175999013295
"hp_mmu-mir-1940_st",0.857891945238911,1.05700588507316,1.24185509333816,1.07200311704127,1.15695348061009,0.91400561066437,1.23922316506451,1.07200311704127,1.03534067064325
"hp_mmu-mir-1941_st",1.17848666789583,1.15695348061009,0.519480424381147,1.15695348061009,1.27828854058897,1.30089690281002,0.99285527741806,1.02291042251799,1.15695348061009
"hp_mmu-mir-1942_st",1.04118276005235,1.37525112574076,0.950668057062392,0.913072924553037,0.958913075597933,0.917786870906987,0.950668057062392,0.737767130440029,0.950668057062392
"hp_mmu-mir-1943_st",1.96330005210101,1.37550800747825,1.22323105788181,1.85986571297302,1.47786280988334,1.66406311548037,2.38755455461919,1.19596623815214,1.66406311548037
"hp_mmu-mir-1944_st",2.61532458177723,2.61532458177723,2.72080146681302,2.83601006209688,2.72080146681302,2.8659837940884,2.24596668992078,2.9503986701445,2.72647435604303
"hp_mmu-mir-1945_st",0.740937429736374,1.13912931068105,1.10866556343929,0.83327677283202,1.07200311704127,1.15695348061009,1.07200311704127,1.2145902736085,1.07200311704127
"hp_mmu-mir-1946a_st",1.23066968477771,1.32267586443471,1.40332115903987,1.49614427316855,1.40332115903987,1.18248607011658,1.10095805290528,1.17777212376263,1.21536725627199
"hp_mmu-mir-1946a_x_st",1.04395368513611,1.57329153075292,1.24564702083749,1.06249324045547,1.16069665726867,1.24564702083749,1.04097618816714,1.38823417740472,1.03936159728979
"hp_mmu-mir-1946b_st",0.857891945238911,1.3507779457696,0.904657034751274,1.16638987318415,1.07730850901344,1.05880345271815,0.977375339764336,1.10916358684977,1.05880345271815
"hp_mmu-mir-1946b_x_st",0.913072924553037,0.836358757953178,0.913072924553037,0.913072924553037,0.913072924553037,0.913072924553037,0.831644811599228,0.913072924553037,1.02738222366225
"hp_mmu-mir-1947_st",1.24171939188906,1.43539471988099,1.0222924270294,1.23922316506451,1.52704339808869,1.28131703770146,1.23922316506451,1.12580800415575,1.06571223114954
"hp_mmu-mir-1948_st",1.21929577855265,1.35960193558453,1.2006717430963,1.33127690528686,1.51748014475953,1.2006717430963,0.933908471002704,1.0752238386293,1.2006717430963
"hp_mmu-mir-1949_st",0.966027340894666,0.977375339764336,1.2145902736085,0.977375339764336,1.38945243335721,0.96238856947603,0.673016935161386,1.2145902736085,1.19803292856412
"hp_mmu-mir-195_st",1.2489133530755,1.2006717430963,1.51339310664933,1.2006717430963,1.15695348061009,1.28131703770146,1.2006717430963,1.2006717430963,1.2006717430963
"hp_mmu-mir-1950_st",1.09367879315098,1.13474557810893,0.977375339764336,0.993262132431396,1.05701634675296,1.05701634675296,1.05701634675296,1.2145902736085,0.86598708698162
"hp_mmu-mir-1951_st",0.748974721361005,0.96963231016079,0.96963231016079,0.815485892193918,0.746411324823153,1.15968141565453,1.19256260180993,1.01567557623937,1.19365463017885
"hp_mmu-mir-1952_st",0.907905123065902,0.987052753472448,0.939174335348937,1.14870846207455,1.07200311704127,1.07200311704127,0.892424976195514,1.11462182108595,1.07200311704127
"hp_mmu-mir-1953_st",1.11400359113453,1.07200311704127,0.839013445895884,1.07200311704127,0.946783543111293,1.32188366151626,1.52854073296985,1.11583609748573,1.07200311704127
"hp_mmu-mir-1954_st",0.857891945238911,0.73641116241625,1.25520662855796,0.857891945238911,1.40332115903987,0.728669732329309,0.98107624968691,0.659546471935506,0.857891945238911
"hp_mmu-mir-1954_x_st",1.31797948409948,1.360234055058,1.28131703770146,1.08238219991375,1.57326384351277,1.09911021938992,1.08585124485447,1.48150672174692,1.15609746377148
"hp_mmu-mir-1955_st",1.14376302520949,1.03436740502568,1.35160614763246,1.16030119678826,0.997792147064573,1.35089914252913,1.12268009764829,1.26811106169078,1.16030119678826
"hp_mmu-mir-1956_st",1.40332115903987,1.53247616749028,0.905261294007774,1.2006717430963,0.90564641228608,1.14902252640997,1.52854073296985,1.56964071079705,1.12396639806302
"hp_mmu-mir-1957_st",1.24516160717466,0.865524932759965,0.810854377306289,1.11387728996129,0.979834231869179,0.865165776064677,0.977375339764336,0.979834231869179,1.20276452351832
"hp_mmu-mir-1958_s_st",1.07200311704127,1.07200311704127,1.07200311704127,1.12851412546728,1.07200311704127,0.864593299422377,1.07200311704127,1.07200311704127,1.47164006814978
"hp_mmu-mir-1958_st",1.04400005217123,0.950668057062392,1.03143649322647,1.12312860854806,1.1313840887634,1.03143649322647,0.911171270478892,1.04642326351478,1.01177607791217
"hp_mmu-mir-1959_st",1.84968705708939,1.29602543705933,0.937518663503286,1.23172302184803,1.29602543705933,1.70076303562098,1.29602543705933,1.2159532921293,1.16081506683525
"hp_mmu-mir-1960_st",0.985544289155848,0.948881842757826,0.948881842757826,0.908315218943026,0.948881842757826,0.948881842757826,1.35790438707376,0.779029866460931,0.920192566899639
"hp_mmu-mir-1961_st",0.918159060721743,1.29943053726889,1.0977372015675,1.05463378303816,1.0977372015675,1.0977372015675,1.23922316506451,1.27439896370429,0.640524726611655
"hp_mmu-mir-1962_st",0.669746278629649,0.97991777324101,0.719459651093615,0.948318500553539,0.851006519318014,1.84863159629651,0.947972430257191,1.08069264425868,0.97991777324101
"hp_mmu-mir-1963_st",1.30262645533448,1.17496874801089,0.849988599629321,1.28131703770146,1.07200311704127,1.28131703770146,1.47522500824607,1.28131703770146,1.28131703770146
"hp_mmu-mir-1964_st",1.37051338873946,1.57518422140982,1.10866556343929,1.06506740740774,0.959954159398933,1.08195828073735,0.778016582800223,1.06506740740774,0.942006608388701
"hp_mmu-mir-1965_st",1.14964853745775,0.910625158427132,1.10866556343929,1.34157186892247,1.12811535017201,0.984672809573893,1.37610270115034,1.10866556343929,1.26759575592752
"hp_mmu-mir-1965_x_st",0.944851242821583,1.23780240736662,1.07442002321238,0.892445027369687,0.892445027369687,1.06595596128465,0.811016914415877,0.779029866460931,0.892445027369687
"hp_mmu-mir-1966_st",0.949735370951059,0.913072924553037,0.913072924553037,0.913072924553037,0.913072924553037,1.31038760787208,0.913072924553037,0.913072924553037,0.913072924553037
"hp_mmu-mir-1967_st",0.950668057062392,0.950668057062392,0.748314182696618,0.926198607499284,0.950668057062392,0.942926626975451,1.19163223441048,0.950668057062392,0.967206228641163
"hp_mmu-mir-1968_st",1.10866556343929,1.10866556343929,1.20860269729642,0.907534351739396,2.01608017766741,1.10866556343929,1.39635304777635,0.83067908314726,1.10866556343929
"hp_mmu-mir-1969_st",0.923702436671789,1.01647854849527,1.2448791668986,1.01647854849527,1.01647854849527,1.0868816605217,0.923702436671789,1.2145902736085,1.2006717430963
"hp_mmu-mir-196a-1_st",1.27061005734384,0.869239944108582,0.869239944108582,0.869239944108582,0.869239944108582,0.869239944108582,0.679190838614845,0.811911052616336,0.950668057062392
"hp_mmu-mir-196a-2_st",1.03293774151681,1.03293774151681,0.988372953180135,1.09904605367112,0.880599954444312,0.950668057062392,1.01508023588208,1.2145902736085,1.086708655633
"hp_mmu-mir-196b_st",1.22221944998824,1.19758655853224,1.28253692210106,1.19758655853224,1.19758655853224,1.05701634675296,1.34747814568218,1.19758655853224,1.19758655853224
"hp_mmu-mir-1970_st",1.40332115903987,0.955690135705744,1.07717091852841,1.07717091852841,1.05563773124267,1.18267158046941,0.73383656500588,1.07717091852841,0.960988876105687
"hp_mmu-mir-1971_st",1.01497047227369,0.774006294925604,0.950668057062392,0.94242303852685,1.76411526389053,0.804749882944325,0.950668057062392,0.817996234248116,0.950668057062392
"hp_mmu-mir-1981_st",0.989938898709091,0.95269857517708,0.977375339764336,0.952905890201228,1.03412668813089,1.28131703770146,0.846085116089381,1.31296729438936,0.95269857517708
"hp_mmu-mir-1983_st",2.35350642516448,2.26471213544225,3.55307235821782,2.40335929122408,3.09628051241965,2.81780581084628,2.40572871725341,2.1900697123091,2.57714964524617
"hp_mmu-mir-199a-1_st",1.75431696893811,1.19616320501962,1.19616320501962,1.51752962647614,1.30166386696062,1.30166386696062,1.10055964421233,1.30166386696062,1.73726923315487
"hp_mmu-mir-199a-1_x_st",1.21628605548208,1.25312187634693,1.03143649322647,1.10815065982633,0.840073037851923,1.10815065982633,1.10815065982633,1.05438662311278,1.38570466511138
"hp_mmu-mir-199a-2_st",1.20720326803979,0.83294659943085,1.07391077677894,0.92872844950356,1.16853855405587,1.05701634675296,0.869239944108582,1.00960836156764,1.2006717430963
"hp_mmu-mir-199b_st",0.845191172026602,1.26931815435738,0.797233929800403,0.60194061958577,1.35190345099533,1.34213980508561,0.950668057062392,0.950668057062392,0.950668057062392
"hp_mmu-mir-199b_x_st",1.27863415805908,1.17686946882292,1.24185509333816,0.881870390215945,1.07931321009943,1.59622879456119,0.986820363329181,1.1483877774702,1.29357010474558
"hp_mmu-mir-19a_st",0.892424976195514,1.2110750734905,0.876925381767978,1.17947580080303,1.07200311704127,1.07200311704127,0.767644712438319,1.46444429610704,0.987052753472448
"hp_mmu-mir-19b-1_st",0.940003981132347,0.927440422187592,0.908426371181187,0.950668057062392,0.950668057062392,0.950668057062392,1.20103943496268,0.995184960446473,0.762891654418011
"hp_mmu-mir-19b-1_x_st",2.42490893368271,2.64180413593058,2.50206758881209,2.49382257027654,2.41501897225128,2.17620332624768,2.52952015929227,1.90750379388691,2.41501897225128
"hp_mmu-mir-19b-2_st",1.0909412893802,0.783743812814881,1.2383815935639,0.974778869760829,0.950668057062392,0.917786870906987,0.950668057062392,0.860457979414741,0.950668057062392
"hp_mmu-mir-19b-2_x_st",0.978107961814077,1.10866556343929,1.10866556343929,1.10866556343929,1.15075943607625,0.926458745127749,1.06483258299484,1.10866556343929,1.07011414147109
"hp_mmu-mir-200a_st",1.07200311704127,1.07200311704127,0.893916708695839,1.07200311704127,1.28611428884363,1.58914484256622,1.27883648204153,0.883344622057844,0.675510026728018
"hp_mmu-mir-200b_st",1.3919731601702,1.48651486983936,1.34874500728724,1.37227228405942,1.3919731601702,1.2627509472606,1.30009991257101,1.44508050648675,1.40332115903987
"hp_mmu-mir-200c_st",1.61008138610418,1.5616566278386,1.78336074651796,1.66160422337553,1.66160422337553,1.66160422337553,1.86699383219069,1.54939465967587,1.95244488730012
"hp_mmu-mir-201_st",1.2145902736085,1.08702120599499,1.52854073296985,1.37678682272639,1.17197156956382,1.49395626550535,1.2145902736085,1.03457053314154,0.875426074787493
"hp_mmu-mir-202_st",1.25071688677796,0.950668057062392,0.633789723490361,0.805485729787015,0.950668057062392,1.16492495170853,0.906835076617937,0.950668057062392,1.08349683875472
"hp_mmu-mir-203_st",0.7873262342706,0.921395581309186,1.3702601961878,0.8529582946643,1.19530499351969,0.950668057062392,1.13891115712193,1.24545296173874,0.950668057062392
"hp_mmu-mir-204_st",1.50184711255449,2.3065198962756,1.89808343630525,1.64727532466921,1.47488747515884,1.88763363011125,1.25892463790302,1.35355241517996,1.80620551715744
"hp_mmu-mir-204_x_st",1.66406311548037,1.75635096558277,1.23836965089854,1.7850465219537,1.20439643637422,1.93894961168761,1.66406311548037,1.72873041701531,1.66406311548037
"hp_mmu-mir-205_st",2.20912461403127,2.51302057902967,2.61532458177723,2.58166539159656,2.51302057902967,2.51302057902967,2.43205490568041,2.6027231589971,2.52477441068681
"hp_mmu-mir-206_st",1.28495759036644,0.953639548367837,0.869354662066829,0.889225657256539,1.07497460834672,1.11572234049661,0.750876375435149,0.913072924553037,0.953639548367837
"hp_mmu-mir-207_st",1.84863159629651,1.78972524584568,1.68268715093672,1.84863159629651,1.74040774479544,1.84863159629651,1.84863159629651,1.96996665627539,1.84863159629651
"hp_mmu-mir-208a_st",1.10055964421233,1.10055964421233,0.870962440880861,0.963027377845851,1.35044018868733,1.00062251035521,1.10055964421233,1.24314680077956,1.10055964421233
"hp_mmu-mir-208b_st",0.940868363859499,1.24693131659702,1.10866556343929,0.91507309513019,0.840683416937517,0.940868363859499,0.869239944108582,1.26965582602375,1.04416814366433
"hp_mmu-mir-20a_st",0.839184799008656,1.2006717430963,0.580626455486187,0.869239944108582,0.73641116241625,0.71686425685289,0.869239944108582,1.59053987625963,0.950668057062392
"hp_mmu-mir-20b_st",0.871898454728547,0.977375339764336,1.40332115903987,0.977375339764336,0.977375339764336,0.775656135027429,0.977375339764336,0.897303194834307,1.12703892655368
"hp_mmu-mir-21_st",1.12498051016034,0.720242911598692,1.12498051016034,0.805485729787015,1.21960828743728,1.25722043100743,1.20236393656588,1.00125782297471,1.17289601357618
"hp_mmu-mir-210_st",1.40332115903987,1.28131703770146,1.28131703770146,1.21701462249016,1.81288977795754,1.36095804469009,1.95012428864777,1.35803120430132,0.780028623989812
"hp_mmu-mir-211_st",0.901724925683366,0.891539737267304,1.03143649322647,1.10549597188362,0.913072924553037,0.891539737267304,0.913072924553037,0.913072924553037,1.03333814730061
"hp_mmu-mir-212_st",1.05186329144447,1.23922316506451,0.963435675598573,1.15996542119927,1.01520084504645,1.51061688102042,1.07512517108914,1.3123401049333,1.40332115903987
"hp_mmu-mir-2132_st",0.884599227940856,1.0545695996539,0.977375339764336,1.03143649322647,1.07200311704127,0.977375339764336,0.815178790646449,0.977375339764336,0.861193297341618
"hp_mmu-mir-2135-4_x_st",0.977375339764336,1.03758271196872,1.20726320601949,0.929678255326429,0.977375339764336,0.977375339764336,0.977375339764336,1.01484579104226,0.977375339764336
"hp_mmu-mir-2135-5_x_st",2.80026735793201,1.49186327266806,1.25621891357997,2.30530376822144,2.10254730656352,2.73620880896184,2.10254730656352,1.82065073483232,2.73268061854613
"hp_mmu-mir-2136_st",1.07464254359697,1.08399680551945,1.05333312596396,1.30812487934267,0.950668057062392,1.05333312596396,1.05333312596396,0.913072924553037,0.919055214559166
"hp_mmu-mir-2136_x_st",1.10866556343929,1.45199991696182,1.02895342628016,1.04251390375887,1.10866556343929,1.08195828073735,1.10866556343929,1.20329334071623,1.08010903626823
"hp_mmu-mir-2137_st",1.70340392273956,1.28701058209875,1.35160614763246,1.3777569426673,1.52293926994268,1.32579594527476,1.52293926994268,1.64501984151982,1.53121319228299
"hp_mmu-mir-2139_st",1.22086546518304,1.2006717430963,1.18247181669795,1.23097814652896,1.23922316506451,1.23922316506451,1.23922316506451,1.23922316506451,1.70016016624079
"hp_mmu-mir-214_st",1.68268715093672,1.2006717430963,1.33956673776432,1.45895480743195,0.869606055791405,0.842164969540259,0.977375339764337,1.0023262697929,0.803357059777257
"hp_mmu-mir-2141_st",1.66160422337553,1.79027284943056,1.55346882771977,1.40079057920553,1.84118236422128,1.84118236422128,1.82882427139876,1.66160422337553,1.55346882771977
"hp_mmu-mir-2145-1_st",1.66131286881144,1.55552727142756,1.23872641860169,1.58408379859862,1.94101913703539,1.28131703770146,1.77692114306002,1.48022459192274,1.86263778927926
"hp_mmu-mir-2145-2_st",1.73368675585121,0.836358757953178,1.76254675190592,1.14870846207455,1.27274975467493,1.27274975467493,1.27274975467493,1.16054019097527,1.27274975467493
"hp_mmu-mir-215_st",1.10866556343929,1.07011414147109,0.750158789883251,1.10620667133445,1.18931085804445,1.07769649847755,1.10866556343929,1.21721187122842,1.20329334071623
"hp_mmu-mir-216a_st",1.58075711129643,1.10866556343929,1.10866556343929,1.21343070558549,1.10866556343929,1.16163469297359,0.748974721361005,1.02723039998846,1.10866556343929
"hp_mmu-mir-216b_st",0.947827001514902,0.935263442570147,0.947827001514902,1.43963349078838,1.62248286709522,0.677033229407229,0.947827001514902,1.2145902736085,0.947827001514902
"hp_mmu-mir-217_st",1.15427280149568,0.973895691937191,0.759638797291049,1.22922899223954,0.670767723108335,1.07200311704127,1.10055964421233,0.913072924553037,1.11572137952748
"hp_mmu-mir-218-1_st",1.07200311704127,0.950668057062392,1.07200311704127,1.07200311704127,1.03534067064325,1.15695348061009,0.907904913849237,1.07200311704127,1.2006717430963
"hp_mmu-mir-218-2_st",1.21680095909505,1.05880345271815,0.977375339764336,1.02120832020879,1.13552341338027,1.05880345271815,0.977375339764336,1.33129738988529,0.933583878788169
"hp_mmu-mir-2183_st",0.943829915101358,0.806231281376566,1.05701634675296,0.879527499890059,1.09758297056776,1.05701634675296,0.906640169989647,1.05701634675296,1.30338402518274
"hp_mmu-mir-219-1_st",1.17929883902182,1.07200311704127,1.9969273769474,1.43758190335747,1.08698988732958,1.07200311704127,0.884226714396889,0.883272231609894,1.07200311704127
"hp_mmu-mir-219-2_st",1.52168472771331,0.831317657117245,0.848424576262512,1.03143649322647,1.14574579233568,1.22114055152401,1.03143649322647,1.03143649322647,1.07200311704127
"hp_mmu-mir-22_st",1.22724603121797,1.65039275275008,1.34825235379758,1.40079057920553,1.23632132723828,1.42637043273202,1.33837146965297,1.36904154123977,1.79068341787514
"hp_mmu-mir-220_st",1.23922316506451,0.998258987716419,1.22630892216884,1.06998091334303,1.30594992915747,1.30594992915747,1.23922316506451,1.47643809890867,1.40332115903987
"hp_mmu-mir-221_st",1.54792849868647,1.01583762661904,1.03143649322647,1.33985841750378,1.16865215617966,1.34763711747314,1.48319476893361,1.31541650622921,1.29602543705933
"hp_mmu-mir-222_st",1.4399836054379,1.57905556188713,1.4399836054379,1.4399836054379,1.53275971726138,1.53848272319214,1.39940619450618,1.2384306776852,1.40332115903987
"hp_mmu-mir-223_st",1.03143649322647,1.1313840887634,0.969905898406679,1.07147939186173,1.03143649322647,0.836358757953178,1.28246153116551,0.994774046828448,1.03143649322647
"hp_mmu-mir-224_st",2.04616794848741,2.38321527795801,2.31064770206123,2.2077600724604,2.24786128418879,1.57952577927561,1.93803255283165,1.43558235707569,2.16793384976321
"hp_mmu-mir-23a_st",2.46683371546368,2.20017437196389,2.1751329051751,2.41501897225128,2.41501897225128,2.54235557737524,2.37316172066067,2.8133918538058,2.21697856723912
"hp_mmu-mir-23a_x_st",3.17083851394659,3.0231974168543,2.85279830280942,2.91538755195178,3.0231974168543,3.10598549769265,2.92856963957737,3.0231974168543,3.15186604290933
"hp_mmu-mir-23b_st",1.23922316506451,1.26746890988826,1.40080480524482,1.49406584207149,1.42036862874437,1.14613384990938,1.21577713868744,1.40079057920553,1.29602543705933
"hp_mmu-mir-23b_x_st",1.27466518326421,1.48623299983673,1.28131703770146,1.44863786732737,1.26411008049829,1.28131703770146,1.17672604390612,1.15618549785224,1.38645586558309
"hp_mmu-mir-24-1_st",1.093536304327,1.11032819020458,1.0029285496705,1.11873930363435,0.878666827353083,0.906058671681481,0.977375339764336,1.07200311704127,1.07200311704127
"hp_mmu-mir-24-1_x_st",1.10866556343929,1.25158125788703,1.19297824406702,1.1045472651582,1.24972959243357,1.15695348061009,1.07639072477055,1.05746327339036,1.17394604769354
"hp_mmu-mir-24-2_st",1.12222768751895,0.772040273977197,0.893916708695839,1.15134690699671,1.19258259217104,1.07057847083263,1.06808224400808,0.990506325902597,1.32637483024252
"hp_mmu-mir-24-2_x_st",1.24350113497022,1.2006717430963,1.30702003278687,1.43723354665095,1.40276659441072,1.30702003278687,1.51179853725276,1.29625460805127,1.33024766766167
"hp_mmu-mir-25_st",1.2470823056803,1.50854212569317,1.40416083271508,1.33985841750378,1.33985841750378,1.3552261432495,1.33985841750378,1.38369139794824,1.29602543705933
"hp_mmu-mir-26a-1_st",1.12839932242218,1.301833615033,0.73641116241625,0.852859219837329,1.19528339690584,0.883732248003492,0.970401816045284,0.913072924553037,0.779372556273941
"hp_mmu-mir-26a-1_x_st",1.17648988825703,1.07172474611083,1.30778011193198,1.35022114579181,0.845424200952132,1.05701634675296,1.21357913331605,1.25320405485689,1.54080287340015
"hp_mmu-mir-26a-2_st",1.04117719415419,1.131278704111,1.131278704111,1.47231942255564,1.131278704111,1.01373610790304,1.131278704111,0.944300204824203,1.29602543705933
"hp_mmu-mir-26a-2_x_st",1.06428406530928,0.769292348571654,1.37988377225923,0.869239944108582,0.869239944108582,0.836358757953178,0.869239944108582,0.776604240233798,0.879904020038627
"hp_mmu-mir-26b_st",1.32417352863333,1.02684732545738,0.868339991987697,1.15695348061009,1.24190384417891,1.15695348061009,1.23532704428696,1.0988505784211,1.15695348061009
"hp_mmu-mir-27a_st",1.41952722259636,1.07200311704127,1.06357628914174,1.25230717457312,1.25230717457312,1.28606153534184,1.08820918059775,1.06532867528633,1.31673400524334
"hp_mmu-mir-27a_x_st",1.3112429738461,1.29000601789835,0.778049949053026,1.24525522011528,1.33117757059349,1.2661091468213,1.20857790494454,1.65068961002556,1.34334395010409
"hp_mmu-mir-27b_st",1.2145902736085,1.18189834396604,1.06634989082584,1.58968774934875,1.29439571841176,1.18189834396604,1.2145902736085,1.2145902736085,1.34325889966353
"hp_mmu-mir-27b_x_st",1.32417352863333,1.19034136220741,1.15695348061009,1.15695348061009,1.15695348061009,1.03561842063121,1.15695348061009,0.985315290008632,0.906728380095268
"hp_mmu-mir-28_st",1.23922316506451,1.07200311704127,1.07200311704127,0.950008380272661,1.15695348061009,0.728669732329309,1.07200311704127,1.2145902736085,0.869239944108582
"hp_mmu-mir-2861_st",1.5310369597944,1.187711997772,1.44787568405065,1.26442616437186,1.55202498291512,1.55202498291512,1.59057640488333,1.99043124195979,1.69467155827527
"hp_mmu-mir-290_st",1.23922316506451,1.22188491034019,1.16455601884794,1.44402453681391,1.16455601884794,1.16455601884794,0.983798625358819,1.04619245017451,1.17926441820581
"hp_mmu-mir-291a_st",0.857891945238911,0.93932710868974,0.838500876069029,1.00703865753971,1.02953013584037,0.746274250458813,0.857891945238911,0.857891945238911,0.948102022886563
"hp_mmu-mir-291a_x_st",1.07200311704127,1.07200311704127,1.01391084511078,1.24333623935148,1.07200311704127,1.1516441240299,1.01391084511078,1.07200311704127,0.699383329384652
"hp_mmu-mir-291b_st",1.10866556343929,1.07200311704127,1.25125272000652,1.22593753228737,0.767728429683805,0.946965498883657,1.19567110631868,1.14923218725409,1.10866556343929
"hp_mmu-mir-291b_x_st",1.08082223688805,1.33575860207911,0.869239944108582,1.4204053373141,1.07795189231612,1.11610099912044,1.13108776940875,1.29265518354977,1.25975639546378
"hp_mmu-mir-292_st",1.27176520149642,1.07200311704127,1.89808343630525,1.03616242004695,1.01329808426676,1.05701634675296,0.942985717356799,1.05701634675296,1.05701634675296
"hp_mmu-mir-293_st",0.963231616007147,0.950668057062392,0.783389628418875,0.950668057062392,1.04529583433933,1.09325521362962,0.760618951568655,1.32889957271771,0.777157123147426
"hp_mmu-mir-294_st",0.977375339764336,1.09432345340573,1.02789712727521,0.77877844708507,0.950668057062392,0.950668057062392,0.842532661406638,0.893339165570145,1.09432345340573
"hp_mmu-mir-295_st",1.17455894296092,1.09784477636106,1.68000287388283,1.05701634675296,1.53284765466741,1.05701634675296,0.987580443674125,0.930678386903862,1.52328185954048
"hp_mmu-mir-296_st",1.23922316506451,1.14762402250967,0.869239944108582,1.04363052617825,0.966916359578392,1.40332115903987,0.884975744120284,1.41735344654119,1.07200311704127
"hp_mmu-mir-297a-1_st",0.909494067317585,1.07200311704127,1.07200311704127,1.14870846207455,1.15695348061009,1.07199429547469,1.09871039974321,1.11256974085607,0.697961940305969
"hp_mmu-mir-297a-1_x_st",0.979871566588888,0.73641116241625,0.924406210230034,1.02120832020879,0.73641116241625,1.05701634675296,0.977375339764336,1.0540895063642,0.977375339764336
"hp_mmu-mir-297a-2_st",1.40332115903987,1.00317443450985,0.847440864159337,0.913072924553037,1.04568150017995,0.801455229772938,0.913072924553037,0.913072924553037,0.913072924553037
"hp_mmu-mir-297a-3_x_st",1.10604396581937,1.2006717430963,1.57256262378989,1.27737708812958,1.28131703770146,1.07933668311742,1.22922827026737,1.2006717430963,1.2006717430963
"hp_mmu-mir-297a-4_x_st",1.0427298001635,1.50554754821145,1.22893995878188,0.80370642113288,1.13550591198698,1.07136603192635,1.16221319468892,1.07200311704127,1.16221319468892
"hp_mmu-mir-297a-5_x_st",1.08118834857088,1.2006717430963,0.959707565748213,1.2417717209235,1.33327141793943,1.45055228757129,1.2006717430963,1.37733350523309,1.39037580139384
"hp_mmu-mir-297a-6_st",1.70111729516319,1.33113407420726,1.22153292738973,1.27814458828032,1.50845902221345,1.33113407420726,1.35969060137833,1.33113407420726,1.33113407420726
"hp_mmu-mir-297a-6_x_st",1.07200311704127,1.07200311704127,1.07200311704127,1.18927508588935,1.12029103421207,1.25158125788703,0.728803450323349,1.00770070182997,1.07200311704127
"hp_mmu-mir-297b_x_st",1.34557145475508,1.05701634675296,0.869239944108582,1.79027357140273,1.26330177030066,1.05701634675296,0.752657942150012,0.764560962430381,1.13845151020379
"hp_mmu-mir-297c_x_st",1.37977963412977,1.40079057920553,1.40079057920553,1.40079057920553,1.40079057920553,1.85312136337927,1.35869670656857,1.2145902736085,1.42164450591154
"hp_mmu-mir-298_st",0.890653954743712,1.16429096714367,1.07200311704127,1.32805618369883,1.07200311704127,1.07200311704127,0.890653954743712,1.07200311704127,1.16477922886475
"hp_mmu-mir-299_st",0.849072825392129,1.07200311704127,1.31079627024313,0.820472500075322,1.27476628997396,1.07200311704127,1.2747402378095,1.27476628997396,1.07200311704127
"hp_mmu-mir-299_x_st",1.07731247362147,1.28562210666512,0.995475290253373,1.24864559593168,1.15695348061009,1.15695348061009,0.748974721361005,1.01301005841017,1.15695348061009
"hp_mmu-mir-29a_st",0.919820921018802,1.26183078670972,1.24185509333816,1.1502878583972,1.52476176821986,1.05701634675296,1.2145902736085,1.2145902736085,1.01182710067581
"hp_mmu-mir-29b-1_st",0.865159628827378,1.23648418011597,1.47527733331783,1.04877132821742,1.05701634675296,1.05701634675296,1.00295519329083,0.972065983184141,0.891126800119032
"hp_mmu-mir-29b-1_x_st",0.779138434151774,1.29602543705933,0.869239944108582,0.648436036414426,0.925282531966549,0.836358757953178,0.869239944108582,0.811911052616336,0.983549243217796
"hp_mmu-mir-29b-2_st",1.22055156118018,0.981125941849473,0.981125941849473,1.02495892229393,0.880191738397633,1.0901728037523,0.854835449217282,0.902263863071493,0.820632138563818
"hp_mmu-mir-29b-2_x_st",1.06998791519468,1.03143649322647,0.86220124335664,1.03143649322647,0.798333962112882,1.47927751031746,1.10055964421233,0.913072924553037,1.03143649322647
"hp_mmu-mir-29c_st",1.14582472079444,1.24185509333816,1.24185509333816,1.36707466726814,1.42143323418392,1.24185509333816,1.23374917411121,1.3364828706151,1.13455937135762
"hp_mmu-mir-300_st",0.863206474989884,0.920008746984706,0.975589457557841,0.939911820023165,0.651624182210414,0.618868566208295,0.754289251111978,1.16472382404535,0.843288786322577
"hp_mmu-mir-300_x_st",0.981901607084461,0.895341354904482,1.61073729270682,1.36702844785149,1.07200311704127,1.07200311704127,1.08008757078713,0.815269209974453,1.01642240646814
"hp_mmu-mir-301a_st",0.977375339764336,1.4019584084427,0.977375339764336,0.952905890201228,0.900669994731056,0.977375339764336,1.08697648658187,1.07200311704127,0.977375339764336
"hp_mmu-mir-301a_x_st",1.02951793303275,1.73944826056459,1.10866556343929,0.952288862819924,0.792371192924187,1.15695348061009,0.992855486634724,0.992855486634724,1.11217847390331
"hp_mmu-mir-301b_st",1.40079057920553,1.36790939305012,1.40372389179247,1.40079057920553,1.36790939305012,1.48221869215933,1.40079057920553,1.34401252197307,1.40079057920553
"hp_mmu-mir-302a_st",0.890773131394316,0.869239944108582,0.669697885877034,0.852511924632415,1.04189141837075,0.869239944108582,0.679190838614845,1.07200311704127,0.869239944108582
"hp_mmu-mir-302a_x_st",0.970973046094088,0.809651475251233,1.02537406567301,0.994501037506847,0.950668057062392,0.809651475251233,1.09123826884167,0.66595410282675,0.950668057062392
"hp_mmu-mir-302b_st",1.02371519987047,1.2006717430963,1.02371519987047,1.08934726026417,1.07200311704127,1.07200311704127,1.2747402378095,1.08725351815021,0.987052753472448
"hp_mmu-mir-302b_x_st",0.748974721361005,0.880354584616176,1.20308984738896,1.68135634752482,0.790253074659367,1.05701634675296,1.12131876196426,1.07200311704127,1.05701634675296
"hp_mmu-mir-302c_st",1.18439456686124,1.15695348061009,1.15695348061009,1.12608045244393,1.15695348061009,1.15695348061009,1.1815863720661,1.33361524274688,0.811603151110176
"hp_mmu-mir-302c_x_st",1.14568120883317,0.836358757953178,1.01418193144342,0.841798857857437,0.56603305276096,1.14568120883317,0.869239944108582,0.781429338129486,0.885778115687354
"hp_mmu-mir-302d_st",1.1520752619713,1.1520752619713,1.1520752619713,1.46602572133265,1.1520752619713,1.05900211532645,1.10998138933435,1.07200311704127,1.01676042944525
"hp_mmu-mir-3099_st",1.10866556343929,1.10866556343929,1.10866556343929,1.10866556343929,1.10866556343929,1.16599445493154,1.10866556343929,0.909123505207744,1.14026483612676
"hp_mmu-mir-30a_st",1.36844537797411,1.29602543705933,1.37251565632536,1.16197476930541,1.23922316506451,1.23922316506451,1.13911106618054,0.779029866460931,1.23922316506451
"hp_mmu-mir-30a_x_st",1.59728937341207,1.7002383187305,1.2145902736085,1.31250616784057,1.33592533358738,1.45023463269659,1.67916747143657,1.36528426912777,1.7002383187305
"hp_mmu-mir-30b_st",0.977375339764336,0.693223641355597,0.518310853240969,1.0935377593837,0.88748619822568,1.00179549733489,0.710654138679586,0.843374352681076,0.627754320599594
"hp_mmu-mir-30c-1_st",1.06232570333316,1.11297422278018,1.19752631930508,1.11935834810074,1.15695348061009,1.60960658258757,0.976196087120967,0.863980230029754,1.15695348061009
"hp_mmu-mir-30c-1_x_st",1.15652224253195,0.779954459875621,1.69307965543428,0.928670034235013,1.11554641450064,1.10055964421233,0.992424248556581,1.25813357106787,1.2006717430963
"hp_mmu-mir-30c-2_st",1.13534282222858,1.33703615792997,1.33703615792997,1.40079057920553,1.40332115903987,1.38532407510077,1.09761053859926,1.33703615792997,1.54299293640397
"hp_mmu-mir-30c-2_x_st",0.94245314309594,1.28368893692174,1.24377913477489,1.17554249247334,1.23088387732737,1.06595596128465,1.09883714744006,0.779029866460931,1.04338019265545
"hp_mmu-mir-30d_st",2.23188048210332,0.893706934661265,1.34027731199502,1.49918737839598,2.06615524698551,1.6247043657796,1.50443914303202,2.17525996594627,1.7868333192043
"hp_mmu-mir-30e_st",1.10866556343929,1.07119511216137,1.01976594512293,1.33476576556437,1.10866556343929,1.97992181997147,1.08781163673328,1.10866556343929,1.23000062341817
"hp_mmu-mir-30e_x_st",1.26691448955485,1.35969060137833,0.899458480551777,1.44045903754241,0.976178441213906,1.35969060137833,1.52854073296985,2.03790311956598,1.29602543705933
"hp_mmu-mir-31_st",1.40079057920553,1.46802750539521,1.3158402156367,1.34802570249309,1.52515413629689,1.40079057920553,1.40079057920553,1.40079057920553,1.37408329650358
"hp_mmu-mir-32_st",1.2006717430963,1.2006717430963,1.32093696584388,1.3054368852425,1.14303495009789,1.2489596602671,1.09800667419474,1.2006717430963,1.2006717430963
"hp_mmu-mir-320_st",4.9635539770228,5.15417908258289,5.09742773421634,5.15417908258289,5.30678522641189,5.37089824251211,5.07336675621478,5.2012202979101,5.10830460158901
"hp_mmu-mir-322_st",1.09527953364792,1.20556350012483,0.940974556291972,1.05824652514005,0.86316878986676,1.40332115903987,1.12736967612592,0.940974556291972,1.0224097197428
"hp_mmu-mir-323_st",1.28013685459188,0.977375339764336,0.915844744944545,0.859832743556382,1.19163223441048,0.857901798260272,0.977375339764336,0.977375339764336,0.872645609699647
"hp_mmu-mir-324_st",0.977375339764336,1.09871039974321,0.95832175736522,1.03143649322647,0.964811780819581,0.977375339764336,0.992063547107931,0.939780207254982,1.05881050321516
"hp_mmu-mir-325_st",0.998662176321665,1.2006717430963,0.759638797291049,1.3158402156367,1.07200311704127,1.28131703770146,0.646309652459441,1.07200311704127,1.07200311704127
"hp_mmu-mir-326_st",1.39196500334517,1.15695348061009,1.0736961071125,1.41053409683431,1.09607940907553,1.15695348061009,1.29797006242125,1.15695348061009,1.0736961071125
"hp_mmu-mir-327_st",1.15427280149568,1.11572137952748,1.23419966615916,0.711941712853142,1.28131703770146,0.950668057062392,1.06954422493643,1.07200311704127,1.07200311704127
"hp_mmu-mir-328_st",1.31131497938287,1.40332115903987,1.40332115903987,1.21272321329901,1.43344399099572,2.0470035207887,1.40332115903987,1.86668606286272,1.40332115903987
"hp_mmu-mir-329_st",1.24129755631044,1.28898626139323,1.2145902736085,1.04535502373867,1.10028097449928,1.29423128059713,1.06761776815898,1.2145902736085,1.18788299090655
"hp_mmu-mir-33_st",0.913072924553037,1.00507910421005,0.913072924553037,1.14606259569842,0.961360841723838,0.901171338828794,0.549432663129457,0.750553840003552,1.04174155060807
"hp_mmu-mir-330_st",1.20128578569108,1.05105882565941,0.983549243217796,1.25740040350219,0.950668057062392,1.39562633681067,1.20128578569108,1.06497735617161,1.23857792999141
"hp_mmu-mir-331_st",1.53761092838858,1.51994315437245,1.44389399773486,1.24034871075428,1.13939008915172,1.28890532095355,1.08299625275396,1.64103490835559,0.982119235314364
"hp_mmu-mir-335_st",1.70884630482656,1.2006717430963,0.836358757953178,1.2006717430963,1.15695348061009,1.5324712339504,1.2006717430963,1.01530060009076,1.2006717430963
"hp_mmu-mir-337_st",0.895487077748266,1.21851547342853,0.855314363099365,0.950668057062392,0.950668057062392,1.09461147926232,1.09576838483222,0.779029866460931,0.950668057062392
"hp_mmu-mir-338_st",1.05146949352888,0.977375339764336,0.977375339764336,0.925412058742587,1.0580206343695,1.54433774085103,1.23565840409999,1.17749417587356,0.950668057062392
"hp_mmu-mir-339_st",1.08551073542009,1.12775151652765,1.0449634356893,1.48465057587623,1.83957349186952,1.15695348061009,0.977375339764336,1.0901563840183,1.27039809188781
"hp_mmu-mir-340_st",0.902380139891591,0.994386319548599,1.0083048500608,1.26301776118376,0.927440422187592,0.950668057062392,0.977375339764336,0.937469787214372,1.15076914362032
"hp_mmu-mir-341_st",1.83711751538213,1.71374252398981,1.6891096325338,1.57484752932179,1.55809250088132,1.9808715171436,1.38027523786685,1.8598160246258,2.36885295701673
"hp_mmu-mir-342_st",1.30285022498719,1.31077718141001,1.39335676031144,1.3283917823785,1.51342659735358,1.28131703770146,0.983377937259468,1.44647117157972,1.31077718141001
"hp_mmu-mir-343_st",1.11932389043507,1.16761180760587,1.2145902736085,1.08320117100659,1.16761180760587,1.04107152043874,1.2980147256469,1.11028291611363,1.26757579007888
"hp_mmu-mir-344-1_s_st",1.10866556343929,1.06483258299484,1.06483258299484,1.01713549855693,1.19604960003146,1.47275377979571,1.35969060137833,1.2145902736085,1.11932963936934
"hp_mmu-mir-344-1_x_st",0.908929920563738,1.42662250653576,0.977375339764336,1.03143649322647,1.08384270867837,1.26342084952412,1.23020020114493,1.10323377784825,1.11041503183602
"hp_mmu-mir-344-2_s_st",1.23922316506451,1.13927556952758,1.10866556343929,1.3258927331063,1.23922316506451,1.18757394837818,1.23922316506451,1.31593733166437,1.66285053034968
"hp_mmu-mir-345_st",0.940028228815761,0.965027384008208,0.888313217408348,0.965027384008208,0.836358757953178,1.33327149715663,0.977375339764336,0.965027384008208,1.13426263387804
"hp_mmu-mir-346_st",1.90102984270624,1.23632005736061,1.35910945120765,1.70543720381998,1.68268715093672,1.30309744981948,1.56516397150218,2.48437105143366,1.89347714996364
"hp_mmu-mir-3470a_st",0.977375339764336,0.950668057062392,0.950668057062392,0.706787501005336,0.869239944108582,1.03561842063121,0.869239944108582,0.950668057062392,0.896434161306216
"hp_mmu-mir-3470a_x_st",0.950668057062392,1.29602543705933,0.987711307755911,0.804557527373882,1.07200311704127,0.836358757953178,1.10055964421233,0.779029866460931,1.04328387158313
"hp_mmu-mir-3470b_st",1.28944009802598,1.07200311704127,1.13144259164908,1.13144259164908,1.28558900961595,1.01713329253986,1.19096123233902,1.28487671891107,1.13144259164908
"hp_mmu-mir-3470b_x_st",1.07200311704127,1.07200311704127,1.03143649322647,1.14871728364113,1.07200311704127,1.05701634675296,0.869239944108582,1.40079057920553,1.05466412810127
"hp_mmu-mir-3471-1_st",0.977375339764336,0.956065922131318,0.674945887483216,0.705694544231031,1.15871533807489,0.950668057062392,0.994617344099524,1.03278008873118,0.956065922131318
"hp_mmu-mir-3473_st",0.907904913849237,0.957693817932056,1.05060519091952,1.26817467185775,1.15695348061009,0.950668057062392,1.07200311704127,1.09022671651713,1.07200311704127
"hp_mmu-mir-3474_st",0.950668057062392,0.950668057062392,1.42805959969699,1.0847111151545,0.809651475251233,0.950668057062392,0.950668057062392,0.950668057062392,0.950668057062392
"hp_mmu-mir-3475_st",1.40332115903987,1.3485638345329,1.45144772314418,1.35969060137833,1.35969060137833,1.35969060137833,1.35969060137833,1.35969060137833,1.35969060137833
"hp_mmu-mir-34a_st",1.37251565632536,1.29602543705933,2.23699118348319,1.4849101753083,1.13287487537393,1.23922316506451,1.19559260740296,0.913072924553037,1.11788810508563
"hp_mmu-mir-34b_st",1.10866556343929,1.07200311704127,1.07200311704127,0.939301493955198,1.07200311704127,1.17835140673184,0.881954011547533,1.07200311704127,0.990575004087461
"hp_mmu-mir-34c_st",1.23922316506451,1.35070642311824,1.31238172869377,1.11198007890899,1.13975051067821,1.025441211569,1.37741370582019,1.26927831016443,1.26927831016443
"hp_mmu-mir-350_st",1.23922316506451,1.31747282656667,1.10785959179516,1.15695348061009,1.02828485455506,1.15695348061009,0.994444430886408,1.40079057920553,1.10785959179516
"hp_mmu-mir-351_st",1.40332115903987,1.44389399773486,1.01739482115535,1.33115292846482,1.13124700568342,1.71369117261199,1.26407578737575,1.28131703770146,1.2006717430963
"hp_mmu-mir-361_st",1.54509089813443,1.83785233049509,1.89096646431825,1.7408272086674,1.8040222109156,1.68268715093672,1.52854073296985,1.69739555029459,1.69739555029459
"hp_mmu-mir-362_st",1.2261099680228,1.63245826128128,1.72253667086469,1.51303606284652,1.51303606284652,1.59798642641534,1.53749087069146,1.51303606284652,1.2006717430963
"hp_mmu-mir-363_st",1.07200311704127,1.07200311704127,1.29400144177435,1.02430603260336,1.07200311704127,1.07200311704127,1.05114919033525,1.07200311704127,1.43136150765133
"hp_mmu-mir-365-1_st",1.07200311704127,0.91400561066437,1.07200311704127,0.846665790080414,1.18631241615048,1.24465459130344,1.19247055335509,1.07200311704127,1.16400929669828
"hp_mmu-mir-365-1_x_st",1.28131703770146,1.53132072373537,1.28131703770146,1.0559797107406,1.08177497946991,1.56068302959831,1.07962370200007,1.37414015183014,1.17402131572091
"hp_mmu-mir-365-2_st",1.31837079547105,1.52524681289186,1.12401141895893,1.31837079547105,1.31837079547105,1.40332115903987,1.40301753070604,1.13835105500409,1.31837079547105
"hp_mmu-mir-367_st",1.05701634675296,1.02957526050182,1.05701634675296,1.25209408202626,1.15696394228989,1.05701634675296,1.19803292856412,1.23367810888975,0.869239944108582
"hp_mmu-mir-369_st",0.972201244348125,0.950668057062392,0.950668057062392,1.26301776118376,0.950668057062392,0.728669732329309,0.781013931086752,1.07200311704127,1.07200311704127
"hp_mmu-mir-370_st",1.07200311704127,1.07200311704127,1.0703157232426,0.861020977737494,0.836358757953178,1.2467204050505,1.07200311704127,1.26170717533881,0.964707395060723
"hp_mmu-mir-374_st",0.950668057062392,1.07933668311742,1.15830926960593,0.883579903454602,0.836358757953178,1.52268737697392,0.920612911962465,0.657694806482053,1.20896064329684
"hp_mmu-mir-374_x_st",1.25971993960155,1.15695348061009,0.952683962086994,1.08236725822116,1.24129745070939,1.25086832829387,0.952895997198618,1.40079057920553,1.15695348061009
"hp_mmu-mir-375_st",0.864844678544371,1.20895974123308,1.00619656830039,1.15189550315189,1.40332115903987,1.25724765840388,1.38246723233386,1.11581731415819,1.3715569575131
"hp_mmu-mir-376a_st",0.999244975366834,1.09123826884167,0.999232089184657,1.60019480254294,1.21257332882054,0.950668057062392,1.13287487537393,1.33390838879942,1.01059297423651
"hp_mmu-mir-376b_st",0.977375339764336,0.977375339764336,1.06455532302494,0.869788144998314,0.977375339764336,0.977375339764336,0.977375339764336,1.0540895063642,1.00897461245181
"hp_mmu-mir-376b_x_st",0.857891945238911,1.08191426525697,0.857891945238911,1.15209630358365,0.834664310364112,0.857891945238911,0.99890852705007,0.777819800308882,0.784328606860874
"hp_mmu-mir-376c_st",0.977375339764336,0.900669994731056,1.00594625490135,1.03143649322647,0.945026348822347,0.827483752614393,0.977375339764336,0.977375339764336,1.09070448459594
"hp_mmu-mir-376c_x_st",0.943742260928619,0.623975518560625,0.869239944108582,0.998923240242745,0.836358757953178,0.836358757953178,0.748974721361005,0.756677141646696,0.701043925427127
"hp_mmu-mir-377_st",1.22620815964725,0.73641116241625,1.44389399773486,0.912144728743726,0.953901354161132,0.946159924074191,0.953901354161132,0.850601574356303,1.07523641414001
"hp_mmu-mir-378_st",1.80902265063548,1.81512334745061,1.66125350228505,1.61343001174922,1.28131703770146,1.61343001174922,1.61343001174922,1.60416484146836,1.56362603709596
"hp_mmu-mir-379_st",1.18198775716614,0.91400561066437,1.01497047227369,1.26442616437186,0.950668057062392,0.950668057062392,0.942562137835435,0.913072924553037,0.700442956547567
"hp_mmu-mir-380_st",0.968622938269188,0.836358757953178,1.25218465241824,0.931589929761325,0.853216366084458,0.931589929761325,0.931589929761325,1.07766343039732,0.931589929761325
"hp_mmu-mir-381_st",0.857891945238911,1.09432345340573,0.950668057062392,1.03143649322647,0.950668057062392,0.950668057062392,0.950668057062392,0.89506536169547,0.864138026767253
"hp_mmu-mir-381_x_st",0.977375339764336,0.977375339764336,0.977375339764336,0.831425107378567,0.84830275503886,1.15695348061009,1.1183919215755,1.40079057920553,0.819377833387436
"hp_mmu-mir-382_st",0.977375339764336,0.977375339764336,1.03143649322647,0.631772790055902,0.953478468687285,1.42268577702097,1.00408262246628,1.09871039974321,0.977375339764336
"hp_mmu-mir-383_st",0.98294610895147,1.07033014554364,0.783389628418875,0.8070576092688,1.07033014554364,1.27661556909134,1.07033014554364,1.30435046636852,1.15175825849745
"hp_mmu-mir-384_st",1.27416601007061,1.40499758710974,1.36212031608574,0.648562375600149,0.579487808229383,0.674994398260012,0.869239944108582,0.808360743024866,1.07200311704127
"hp_mmu-mir-409_st",1.10866556343929,1.07200311704127,1.37352046609673,1.42978550327527,1.39259783969818,1.07200311704127,0.891245723552144,1.07200311704127,0.699383329384652
"hp_mmu-mir-410_st",1.05701634675296,1.07200311704127,0.950668057062392,1.05701634675296,1.05701634675296,1.05701634675296,1.12613949773883,1.05701634675296,0.854366930809389
"hp_mmu-mir-411_st",1.07200311704127,1.20722633649881,0.939174335348937,1.24085324863279,0.895341354904482,0.787652329280613,1.07200311704127,1.01220048570527,1.07200311704127
"hp_mmu-mir-412_st",0.863591920546759,0.945952000416627,1.13698126018797,1.14870846207455,0.554041854204595,1.35393075966571,1.31128544078562,0.746409942185079,0.945952000416627
"hp_mmu-mir-421_st",1.05902315693881,1.07200311704127,1.56571731943482,0.913072924553037,1.07200311704127,1.28131703770146,0.869239944108582,1.07200311704127,1.32200680307518
"hp_mmu-mir-423_st",2.30517388436989,2.59362843205075,2.02324156947607,2.46426872121905,2.52706778983769,2.38755455461919,2.38755455461919,2.42036411892088,2.38755455461919
"hp_mmu-mir-425_st",1.96040224123669,1.78905588282062,1.75455215740039,1.9512524319385,1.83268644048216,1.84863159629651,1.78905588282062,1.49472684324444,1.78001682471135
"hp_mmu-mir-429_st",1.09219745364854,1.27004352205343,1.01810329988399,1.14870846207455,1.17958149024071,0.964305269850822,1.33619518173385,1.20516872131899,1.06258156475176
"hp_mmu-mir-431_st",0.871185486643465,1.29602543705933,1.31464947251568,1.45989195721885,1.31464947251568,1.20303177773558,1.29602543705933,1.62218903885338,1.03240134018016
"hp_mmu-mir-432_st",1.14571217826309,1.39013775037089,1.03143649322647,0.874863909546383,0.924009510768318,1.03143649322647,1.03143649322647,1.03143649322647,0.950668057062392
"hp_mmu-mir-433_st",1.16263391560723,0.907526014501958,1.11381143804966,0.869930881992604,1.02161733379608,1.02886107448084,0.926989556519142,1.08377183682925,1.14317037359005
"hp_mmu-mir-434_st",1.10866556343929,0.858294185539005,1.28131703770146,0.805485729787015,1.10866556343929,1.05701634675296,1.10866556343929,1.35250266203472,1.16546783543411
"hp_mmu-mir-448_st",1.45988075386429,1.24694655133058,1.33025583835041,1.24803099089546,1.256276009431,1.05701634675296,0.588741089631684,1.17132564586218,0.811671381280825
"hp_mmu-mir-449a_st",1.06634989082584,1.40156877289529,1.44389399773486,1.2145902736085,1.09511673210443,1.2145902736085,1.23922316506451,1.2145902736085,1.36319435407884
"hp_mmu-mir-449b_st",3.15811934997304,3.18460506598878,1.2145902736085,2.43955143225862,3.09367212826331,3.05607699575396,3.13400853727461,3.11371378875237,3.25264567576539
"hp_mmu-mir-449c_st",1.32610277724096,0.954147704889537,1.02821691489257,0.759885148019454,1.05409530042647,0.977375339764336,0.977375339764336,0.939780207254982,1.27458459332235
"hp_mmu-mir-450a-1_st",0.667421123692379,0.857470229186116,0.857470229186116,0.913072924553037,0.979474350524529,0.819999777908191,0.667421123692379,1.2145902736085,0.872178628543982
"hp_mmu-mir-450a-1_x_st",1.40432523837034,1.11577013036823,1.15695348061009,1.02503395078255,0.901513235722086,1.11577013036823,0.892839838719086,1.35960722896366,1.11577013036823
"hp_mmu-mir-450a-2_st",0.767644712438319,1.2006717430963,1.4007852858264,1.07200311704127,0.989733432586857,1.24465459130344,1.07200311704127,1.04737022558526,1.07200311704127
"hp_mmu-mir-450a-2_x_st",1.08006364950766,1.17206982916467,1.27840912281107,1.14870846207455,0.850466446176189,0.922066143130763,0.720372807429376,1.08006364950766,1.03096976069273
"hp_mmu-mir-450b_st",0.950668057062392,0.733177865317509,0.950668057062392,0.950668057062392,0.950668057062392,1.09331463242254,0.894157048636381,0.779029866460931,1.11476605103776
"hp_mmu-mir-451_st",1.2006717430963,1.2006717430963,1.64563002284458,1.05472151071053,1.2006717430963,1.17913855581057,1.2006717430963,1.2006717430963,1.2006717430963
"hp_mmu-mir-451_x_st",1.19361592700811,1.15695348061009,0.785068814796688,1.14006260728049,1.15695348061009,1.15695348061009,1.15695348061009,1.2145902736085,1.4882715226087
"hp_mmu-mir-452_st",1.00011163047376,1.12115573744882,1.28131703770146,1.533723664467,1.45295522830292,1.38524022391244,1.28131703770146,1.28131703770146,1.2006717430963
"hp_mmu-mir-453_st",1.2006717430963,1.2006717430963,1.48564023840031,1.2006717430963,0.800645391154215,1.17396446039436,1.2006717430963,1.136369327885,1.52370013877657
"hp_mmu-mir-455_st",1.2132413954153,1.47658138420541,1.24732908429146,1.23844439472265,1.30408043265802,1.51036585620572,1.20513547618834,1.38991624085869,1.72115585523263
"hp_mmu-mir-463_st",0.716262583579781,1.1900936763931,1.13920659044188,1.26442616437186,1.09077114757219,1.07578437728389,1.24968214525045,1.45401589293921,1.03194560277716
"hp_mmu-mir-464_st",1.27465253298484,2.07772763251754,1.07200311704127,1.07200311704127,0.930986535230111,1.14143902012011,1.07200311704127,1.07200311704127,1.0261561845453
"hp_mmu-mir-465a_s_st",1.01025652591974,0.869239944108582,1.14033282321387,0.774008772300435,0.869239944108582,0.900112972274745,0.837762986622002,0.779029866460931,0.869239944108582
"hp_mmu-mir-465a_st",0.532181494807267,1.72873041701531,1.42852415834722,1.42852415834722,1.52293061318891,1.40332115903987,1.26049133905423,1.07717091852841,1.30412189671578
"hp_mmu-mir-465a_x_st",1.02870974326823,1.80359719337097,1.33794527228602,1.70873453703409,1.39036108010496,1.53629342689174,1.53714944099166,1.62600543919305,1.37994707486983
"hp_mmu-mir-465b-1_s_st",0.913072924553037,0.780371301466965,0.843637021474199,0.913072924553037,0.707411479690594,1.11476626025442,0.913072924553037,0.943128069652964,0.826946027230245
"hp_mmu-mir-465b-1_x_st",0.756362181683345,1.36675592041133,1.10767455589163,1.54341768254811,0.979293127413997,1.73630463399443,0.869239944108582,1.17977742112453,1.18230800095888
"hp_mmu-mir-465b-2_s_st",1.17653228985618,1.08818093638633,1.25084188711495,0.825557721100031,0.914392478159338,1.24504145879841,1.04524206618122,1.06428406530928,0.869239944108582
"hp_mmu-mir-465b-2_x_st",0.951831582382546,1.59581109562822,1.4672830253934,1.87371800330429,1.25824908584426,1.4672830253934,0.977375339764337,1.60364744022707,1.49888229808087
"hp_mmu-mir-465c-1_s_st",8.371508114863,9.82606089356975,9.30907946519139,9.65033958746516,9.9016446144833,10.105266137618,9.48148945587363,9.84828272200594,8.84423502274176
"hp_mmu-mir-465c-2_s_st",8.77347964063025,10.0447628284733,9.36960345614731,9.83550122744914,10.1543854873236,10.4106706395714,9.82728300527154,9.7789950563116,8.96252369744692
"hp_mmu-mir-466a_x_st",1.15944970743464,1.15695348061009,1.28131703770146,0.918227136400842,1.73703441854817,1.15695348061009,1.09011674637816,1.15695348061009,1.15695348061009
"hp_mmu-mir-466b-1_x_st",1.03591523848577,0.946637512941158,1.44389399773486,0.99888222997791,1.02687500726603,1.14887912860444,1.12329927507795,1.20001344167781,1.15618046123335
"hp_mmu-mir-466b-2_x_st",1.16612478976444,0.950668057062392,1.50078237912077,1.17200021033564,0.847601189549712,1.09143828814515,1.08870528552789,1.05384315563579,1.09143828814515
"hp_mmu-mir-466b-3_x_st",0.977375339764336,0.944494153608932,0.977375339764336,1.02120832020879,0.977375339764336,0.93680250106935,0.977375339764336,1.45476688239893,0.815178790646449
"hp_mmu-mir-466c_x_st",1.27895760194851,1.17166187996796,1.03258992351872,1.15695348061009,1.15695348061009,1.21334731700785,1.06685197065328,0.969466760950795,0.869239944108582
"hp_mmu-mir-466d_x_st",1.69911776987754,1.04344658987021,1.24185509333816,1.03440798453192,1.12839695343903,1.15695348061009,0.977375339764336,1.07200311704127,1.07200311704127
"hp_mmu-mir-466e_x_st",1.13859578072863,1.15695348061009,1.45878082607513,1.11948302933217,1.15695348061009,1.03530642080321,1.23922316506451,1.15695348061009,0.940480130763798
"hp_mmu-mir-466f-1_x_st",3.96240287764293,4.20963133018222,1.96537695831528,4.14554928003229,4.35426065177724,4.25701494357885,3.44678862676926,3.42716785358394,3.69542675788916
"hp_mmu-mir-466f-2_x_st",3.06565136872298,3.3976590206126,3.45805434858249,3.84366362101305,4.61624286774831,3.45805434858249,3.65288138947351,3.16101210988568,3.28454341466752
"hp_mmu-mir-466f-3_x_st",3.43810056744633,3.79141256973845,2.99153965280515,3.97933096993644,4.18902154152988,3.99087810277615,3.14538510073106,2.82263275902952,3.21542590968409
"hp_mmu-mir-466f-4_st",1.2568438577303,1.11582727591915,0.818059481435482,1.14870846207455,1.14870846207455,1.32872820254151,1.1048754816301,1.14870846207455,1.16341686143242
"hp_mmu-mir-466f-4_x_st",1.08779997308477,0.966464913105887,1.32615575518417,0.874086697403298,1.45884322602879,0.836358757953178,0.766922854874339,1.45884322602879,1.08779997308477
"hp_mmu-mir-466g_st",1.10866556343929,1.53406431679124,0.792218877253388,0.978419182850415,1.14626069594865,1.25260898563922,1.23923282702041,1.10866556343929,1.10866556343929
"hp_mmu-mir-466g_x_st",1.80425924960994,1.68303794662018,1.35160614763246,1.35160614763246,1.35160614763246,1.1125970573261,1.35160614763246,1.27927543278937,1.35160614763246
"hp_mmu-mir-466h_st",1.09230810607297,1.07200311704127,1.07200311704127,1.07200311704127,1.08826378264514,0.950668057062392,1.23922316506451,0.999672402198181,1.10297218200301
"hp_mmu-mir-466h_x_st",1.11407678962449,1.27828854058897,1.15695348061009,1.0898653270023,1.15695348061009,1.15695348061009,1.4376401857441,1.15695348061009,1.07552536765628
"hp_mmu-mir-466i_st",1.40332115903987,0.836358757953177,0.977375339764336,1.11935834810074,0.825887793305197,1.28285372272605,1.23922316506451,1.27828854058897,1.15695348061009
"hp_mmu-mir-466j_st",1.0606551181716,1.04877548216647,1.03912193088587,1.23419966615916,1.07200311704127,1.17835140673184,1.07200311704127,1.2517057197988,1.07200311704127
"hp_mmu-mir-466j_x_st",1.2006717430963,1.2006717430963,1.00707712647955,1.52854073296985,1.11300595980087,1.05701634675296,1.2006717430963,1.2006717430963,1.42360203474544
"hp_mmu-mir-466k_st",0.9467473464485,1.40017573524865,0.997169198520934,1.36857646256118,1.15695348061009,1.14921205052315,0.985620358299878,1.2145902736085,1.15695348061009
"hp_mmu-mir-466k_x_st",1.30337356350295,0.97157407264885,1.06394794417224,1.30337356350295,1.59532036931425,1.40332115903987,1.22256376555075,1.30337356350295,1.40332115903987
"hp_mmu-mir-466l_st",0.977375339764336,1.23312982892786,0.977375339764336,1.03143649322647,1.03143649322647,0.890866281447196,1.03143649322647,1.3568457512019,1.03143649322647
"hp_mmu-mir-467a-1_x_st",1.19957912359596,0.911024015593846,1.02938758426728,0.753725784338405,0.828663935723978,1.28131703770146,0.911024015593846,0.838693300750757,0.911024015593846
"hp_mmu-mir-467b_x_st",1.07200311704127,1.07200311704127,1.15664985227626,1.15664985227626,1.07200311704127,0.96652623200548,1.07200311704127,1.16667921730304,1.07200311704127
"hp_mmu-mir-467c_x_st",1.10055964421233,1.07200311704127,0.864915285124243,1.29298269154292,1.10055964421233,1.10055964421233,1.10055964421233,1.07200311704127,1.29415426082908
"hp_mmu-mir-467d_x_st",0.885623554204108,0.917786870906987,0.836358757953178,0.925666452839367,0.730808371620194,1.10556327355137,1.11613234421039,0.961619851351442,0.848961107806086
"hp_mmu-mir-467e_x_st",1.20256071866648,1.07200311704127,1.07200311704127,1.05114919033525,1.07453369687562,1.02035390035494,0.88229905874373,1.07200311704127,1.19333817702015
"hp_mmu-mir-467f_st",0.977375339764336,1.07200311704127,0.977375339764336,0.977375339764336,0.656780617107422,1.05701634675296,0.977375339764336,1.13630553225257,1.01497047227369
"hp_mmu-mir-467h_st",1.04196378174357,1.2006717430963,0.964734711530751,1.08200668037883,1.00530133534555,1.05701634675296,0.910673558068617,1.54939465967587,0.931527484774633
"hp_mmu-mir-467h_x_st",1.01682213772714,1.11510653557061,0.783389628418875,0.913072924553037,1.07200311704127,1.21505413110753,1.52625310879416,1.07200311704127,1.10959824955062
"hp_mmu-mir-468_st",1.19163223441048,1.51028233170547,1.89417474528094,0.83960582101787,0.950668057062392,0.983549243217796,0.983549243217796,1.31233670538205,0.873948096400263
"hp_mmu-mir-469_st",0.863066040655122,0.863066040655122,0.977375339764336,1.15011686526264,0.853036675628343,0.836358757953178,0.863066040655122,0.863066040655122,0.976395185486731
"hp_mmu-mir-470_st",1.11150736430998,1.28562210666512,1.83699822201817,1.14870846207455,1.18816808156046,1.02923767985556,0.865139685880196,1.24536341672293,1.15695348061009
"hp_mmu-mir-471_st",1.29732020959148,1.61919979184787,1.40332115903987,1.78527464003667,0.888535191646971,1.11511339127993,1.00570862842782,0.913072924553037,1.1259738511754
"hp_mmu-mir-483_st",1.13310273825195,1.02996740602814,1.10398435107579,1.47071158791956,1.15695348061009,1.15695348061009,1.05667468873009,1.27828854058897,1.15130246600702
"hp_mmu-mir-484_st",1.64260355277541,1.50158697096425,1.24185509333816,1.57830113756411,1.69772333599887,1.59212184789018,1.39872299671836,1.9313421479896,1.63584011037639
"hp_mmu-mir-485_st",1.40332115903987,1.16675973599594,2.21649875906161,1.49289118904619,1.21327205354614,1.40332115903987,1.51292230585741,1.19311502487828,1.40332115903987
"hp_mmu-mir-486_st",1.0597553317015,1.26442616437186,1.73042618602972,1.26442616437186,1.1755265460555,1.50830672042891,1.2205931839274,1.26442616437186,1.15713044239131
"hp_mmu-mir-486_x_st",1.07200311704127,1.07200311704127,1.10866556343929,1.07200311704127,0.950668057062392,0.989733432586857,1.35969060137833,1.07200311704127,1.07200311704127
"hp_mmu-mir-487b_st",1.03808517995419,1.13271295723112,1.03808517995419,0.83029850811615,0.970135997197719,1.28131703770146,1.03808517995419,1.51553144940253,1.13271295723112
"hp_mmu-mir-488_st",1.08082223688805,0.869239944108582,0.700260089545692,0.869239944108582,0.869239944108582,1.48471268237727,0.869239944108582,0.988713485612647,0.799557171976232
"hp_mmu-mir-489_st",1.15302193142817,1.06228575184249,1.06228575184249,1.26032615685465,1.48797921642432,0.950668057062392,0.972184241885682,1.16305129645494,0.871256492071148
"hp_mmu-mir-490_st",0.950668057062392,0.938104498117637,0.950668057062392,0.820561901909682,1.37661387633793,0.930363068030696,0.950668057062392,1.0083048500608,0.950668057062392
"hp_mmu-mir-491_st",1.73475759645463,1.57329153075292,1.39430317093208,1.72022615887798,1.54658424805097,1.61275347511621,1.57329153075292,1.57329153075292,1.20067638152334
"hp_mmu-mir-493_st",0.907623989367673,0.618868566208295,0.836358757953178,1.40079057920553,1.22365330818359,0.895844770297033,1.10055964421233,1.07200311704127,1.2006717430963
"hp_mmu-mir-494_st",0.748974721361005,1.02258533475087,0.893916708695839,1.08899444396913,0.893916708695839,0.914770635401854,0.812976435011362,0.93653541274052,0.869239944108582
"hp_mmu-mir-495_st",1.11020412145667,0.792525777508723,1.19988892474765,0.831644811599228,0.754930644999368,0.838270879146842,1.11020412145667,0.888631013278465,0.869239944108582
"hp_mmu-mir-495_x_st",1.23385213547319,1.07385236151039,1.01580141451774,1.40079057920553,0.987230499380727,1.39795012944856,1.10055964421233,1.07592675275633,1.10055964421233
"hp_mmu-mir-496_st",1.07200311704127,1.07200311704127,1.07200311704127,1.11785004953724,1.07200311704127,1.21807661767726,0.785077022217549,1.1271840963554,0.78428958053976
"hp_mmu-mir-497_st",1.14870846207455,1.63821571402535,1.08717786725476,0.788647057886422,1.03649889837489,1.32828660292031,1.23922316506451,1.53730038939789,0.964139981258407
"hp_mmu-mir-499_st",1.46490244705118,0.552873001971574,0.759638797291049,0.820858936731048,0.857891945238911,0.857891945238911,0.977375339764336,1.26704723824197,0.857891945238911
"hp_mmu-mir-500_st",1.68268715093672,1.68268715093672,1.62718408730018,1.64509201842737,1.15695348061009,1.54746393147918,1.87514899787395,1.97481216670296,1.49165789116538
"hp_mmu-mir-501_st",1.45551527720569,1.22050375447062,1.02982181262386,1.99424945287124,1.54939465967587,1.45551527720569,1.45551527720569,1.45551527720569,1.7868333192043
"hp_mmu-mir-503_st",1.17151024231742,1.55545516944577,0.915371500097371,1.20225371136245,1.06821065327035,0.950668057062392,1.01803656899894,1.24487241540713,0.950668057062392
"hp_mmu-mir-504_st",1.39119346504931,1.50578652809949,1.20577595816767,1.05706290635708,1.02013848297749,1.14147354295637,0.977375339764337,1.14147354295637,1.14147354295637
"hp_mmu-mir-505_st",1.56963745969108,1.78000149445979,1.52854073296985,1.52854073296985,1.66114930859676,1.26461851642374,1.36634418385196,1.37009540145953,1.7868333192043
"hp_mmu-mir-509_st",0.869788144998314,0.929731095339342,0.739681989845605,0.805485729787015,1.15750168149982,1.52413458267718,0.896495427700259,1.10700307884248,0.869788144998314
"hp_mmu-mir-511_st",1.07200311704127,1.07200311704127,0.904724688397753,1.05092018948007,1.40332115903987,1.07200311704127,1.07200311704127,1.49541835648246,1.05337908158492
"hp_mmu-mir-532_st",1.81619115886434,1.78674538098702,1.47096080378238,1.80850272219044,1.35665150467316,2.09433411409835,1.78674538098702,2.05482300296143,1.86565183862902
"hp_mmu-mir-539_st",1.10407582932598,0.973969674173272,1.06704282081812,1.06704282081812,1.09151227038123,0.950668057062392,0.935752597143163,1.33055854427138,0.869239944108582
"hp_mmu-mir-540_st",1.35522190676244,1.44722808641945,1.03143649322647,1.02096735592368,1.43039094668097,0.996520058205814,0.930320489971451,1.52016778998247,1.53695517347604
"hp_mmu-mir-541_st",0.861306676533031,1.29602543705933,0.66228785917664,0.913072924553037,1.02287409067405,1.02287409067405,1.02287409067405,1.29095171264846,0.957052182382954
"hp_mmu-mir-542_st",1.23922316506451,1.12408826651666,0.936728392896628,1.14870846207455,1.38440549233988,1.05701634675296,1.23922316506451,1.66410777221876,1.37776133870188
"hp_mmu-mir-543_st",1.40332115903987,0.993966041948545,1.1347362730313,1.03143649322647,1.03143649322647,1.03143649322647,0.977375339764336,1.13655319851577,1.03143649322647
"hp_mmu-mir-544_st",1.07200311704127,0.930986535230111,1.24465459130344,1.07200311704127,1.07200311704127,1.03912193088587,0.832577497710561,1.45023463269659,1.07200311704127
"hp_mmu-mir-546_st",0.974392130788061,1.02938441299659,0.893916708695839,1.03090313921407,1.21366335529576,0.605618973199156,1.23922316506451,1.07200311704127,1.07200311704127
"hp_mmu-mir-547_st",1.06418516477936,1.05136998567784,0.711828281890338,0.805485729787015,0.906187658402462,0.688697466657579,0.869239944108582,1.24099204446983,1.39672736567477
"hp_mmu-mir-551b_st",1.07745096248892,1.10866556343929,1.10866556343929,1.11231384611904,1.37518295069355,1.45738848001886,0.785637167759026,0.959518851138497,1.25384789071467
"hp_mmu-mir-568_st",1.00200823122034,1.02297824596349,0.962163806466141,1.09968359099677,1.02297824596349,0.91973854676593,0.870718007545389,0.913072924553037,1.43831234094062
"hp_mmu-mir-574_st",2.6481173206198,2.61532458177723,2.20018633428653,2.56382659571011,2.48711242911025,2.48711242911025,2.48711242911025,2.48711242911025,2.20253062024328
"hp_mmu-mir-582_st",0.857891945238911,1.07200311704127,0.796728634529065,1.31852089475111,1.68268715093672,1.33200535413572,1.23922316506451,1.13232058915409,1.15948406044444
"hp_mmu-mir-590_st",0.923133727203874,1.71557895706666,0.893916708695839,0.929283945684961,1.053700990785,0.673413805110932,0.842193453519397,1.29018020371472,1.24916678363199
"hp_mmu-mir-592_st",0.885215028086316,1.16767679995178,1.00874131408442,1.16767679995178,1.16767679995178,1.16767679995178,0.986919406462656,1.16767679995178,1.40332115903987
"hp_mmu-mir-598_st",1.33103848106641,1.22374275908586,1.33103848106641,1.41993809938277,1.33103848106641,1.31073349203472,1.52854073296985,1.33103848106641,1.1586906400325
"hp_mmu-mir-599_st",0.96963231016079,0.972065983184141,1.303231545688,1.05701634675296,1.20219867402834,1.06729715499229,1.05701634675296,0.913072924553037,1.11127641282221
"hp_mmu-mir-615_st",1.38181032163173,1.2145902736085,1.69580956709315,1.26442616437186,1.09325521362962,1.15695348061009,1.01182710067581,1.07200311704127,1.2006717430963
"hp_mmu-mir-652_st",0.977375339764336,0.964811780819581,0.81009691112082,0.847269184611627,1.03642210010557,1.17906867546572,0.977375339764336,0.952273976584834,1.17906867546572
"hp_mmu-mir-653_st",0.977375339764336,1.16742444525807,0.783389628418875,1.49282678277519,1.3004037354446,0.802604287386871,1.08551073542009,0.880498350434352,0.817591057675178
"hp_mmu-mir-654_st",1.04394331992835,1.31046070718261,0.85696482064156,1.14908983640779,1.04394331992835,0.992294103242024,1.04394331992835,1.01748745660227,1.36259341722334
"hp_mmu-mir-664_st",0.896313338493349,1.2006717430963,1.28131703770146,1.13154859211044,0.829084490736542,0.960722315044546,1.2006717430963,1.23072688819623,1.40332115903987
"hp_mmu-mir-665_st",1.08989753290837,0.963242654669495,1.06319025020642,1.37694835751589,1.43620234519528,1.05701634675296,0.679190838614845,1.32711246675253,1.13361579539458
"hp_mmu-mir-666_st",1.11720585239688,1.17876619321729,1.37190073638655,1.01035679454999,1.22313056256609,1.53117218795805,1.02358850433454,1.54939465967587,1.44642696589805
"hp_mmu-mir-667_st",1.34561945291276,1.47748859251794,1.28131703770146,0.987112679356719,1.076253198585,1.54435380961571,1.6133535615105,1.28131703770146,1.40332115903987
"hp_mmu-mir-668_st",0.981779697151755,1.4298291898372,1.15669248526638,1.15669248526638,1.15669248526638,1.15669248526638,1.05658038638242,1.20052546571084,1.2006717430963
"hp_mmu-mir-669b_st",1.08901680409458,1.06230952139263,1.11902380497056,1.03143649322647,1.06230952139263,0.900609456836998,0.972208011435824,1.38710142694496,1.06230952139263
"hp_mmu-mir-669b_x_st",1.10824198391793,1.63906305709975,0.890751792173045,1.18901042008201,1.05060519091952,0.950668057062392,1.37227844603336,1.10824198391793,1.10824198391793
"hp_mmu-mir-669c_st",0.977375339764336,1.31260377405991,1.03143649322647,1.13957188888222,0.863066040655122,1.15695348061009,1.08697648658187,0.939780207254982,0.950668057062392
"hp_mmu-mir-669c_x_st",1.07200311704127,0.759281753488241,1.15584680106959,1.46718933730454,1.07200311704127,1.19482069873922,0.842405913709796,1.07200311704127,0.995283156379141
"hp_mmu-mir-669d_st",0.748974721361005,1.31313179773639,0.948818812593272,0.948818812593272,0.758769707099535,0.986413945102626,0.977375339764336,0.891489921101025,1.07015387257215
"hp_mmu-mir-669d_x_st",1.31333306495767,1.37152908284477,0.845236187629443,1.03143649322647,1.03396707306082,1.10069383715378,1.49489955334004,1.03396707306082,1.03396707306082
"hp_mmu-mir-669e_st",1.32292245808543,0.958409487149333,0.950668057062392,0.855436885254245,0.950668057062392,0.942926626975451,1.20103943496268,0.791737864574159,0.950668057062392
"hp_mmu-mir-669f_st",1.63095010412868,1.15860132764093,1.19471882710181,2.06540913773213,1.19471882710181,1.15636174380188,1.03821312447096,1.19471882710181,1.07790573223683
"hp_mmu-mir-669f_x_st",1.40585173887422,1.40332115903987,1.27780417165625,1.26442616437186,1.808008470439,1.16767679995178,1.39774581964727,1.46095795203828,1.2006717430963
"hp_mmu-mir-669g_st",1.23922316506451,1.09268315593516,1.31349032266641,1.05211653212036,1.02682419023448,1.15549281628951,1.19404423825772,0.861163776713338,1.27682787626839
"hp_mmu-mir-669h_st",1.07200311704127,1.07200311704127,0.874214604997865,1.26442616437186,0.957693817932056,1.17835140673184,1.07200311704127,0.870450189288579,1.07200311704127
"hp_mmu-mir-669h_x_st",0.908574184425437,1.23826687560565,0.84431976737182,0.933777183732787,1.2996476804059,0.790506756809756,1.09318101143512,0.913072924553037,1.07200311704127
"hp_mmu-mir-669i_st",0.793667293358688,1.15636602712783,1.35711443365244,0.913072924553037,1.16246176663007,0.929469060380428,1.02047875829367,0.757830869778968,0.956176343082373
"hp_mmu-mir-669i_x_st",0.980824834874173,0.815802244700808,1.0108799799741,0.884876812071573,1.15695348061009,1.04264418150088,1.20922545327751,1.41010966786638,1.15695348061009
"hp_mmu-mir-669j_st",1.14049048618752,1.32200680307518,0.674880567596458,1.07200311704127,1.07200311704127,0.991234680877192,1.26636249355339,0.946555212574268,1.07200311704127
"hp_mmu-mir-669j_x_st",1.08032460948148,0.93930802767032,1.27895760194851,1.08032460948148,1.40332115903987,0.921870080661606,1.06244029244088,1.08032460948148,1.30362101281344
"hp_mmu-mir-669k_st",0.960652220140013,1.04755786042629,1.32680545690699,1.61349109653867,1.15695348061009,1.15695348061009,1.42439061832114,1.1719402508984,0.954190307677405
"hp_mmu-mir-669l_st",1.17590108630205,1.05198199084901,1.00257565620946,1.1970185046042,1.34769180749859,1.20320226850586,1.11025597446457,1.34984284454911,1.24795841207948
"hp_mmu-mir-669l_x_st",0.977375339764336,1.31814063191496,0.874710270862773,1.28383381761192,1.03999671901649,1.17906867546572,1.69227067651025,1.54939465967587,1.17906867546572
"hp_mmu-mir-669m-1_x_st",0.954758167516133,1.12967095563076,1.89808343630525,1.29353747579028,0.792832480701442,1.12967095563076,1.12967095563076,1.12967095563076,0.950668057062392
"hp_mmu-mir-669m-2_x_st",1.07200311704127,1.05943955809652,1.07200311704127,1.07200311704127,1.04529583433933,1.15695348061009,0.872461058809722,0.953639548367837,1.03534067064325
"hp_mmu-mir-669n_st",1.54488942435752,0.861042886158908,0.928211803178421,1.09752123544584,1.11441210877545,1.23592247906751,1.10055964421233,1.11441210877545,1.12912050813331
"hp_mmu-mir-669n_x_st",1.28131703770146,1.56891585624472,0.845573911044974,1.28131703770146,1.31891217021081,1.28131703770146,1.10055964421233,1.28131703770146,1.54939465967587
"hp_mmu-mir-669o_x_st",1.41158999404259,1.44389399773486,0.592197506787714,0.957852048678401,1.15695348061009,1.354833454679,1.18318937563926,1.79264379704466,1.1393563951948
"hp_mmu-mir-670_st",1.23922316506451,1.07200311704127,1.40332115903987,1.14870846207455,1.15695348061009,1.07199429547469,1.1048754816301,1.01467422554902,1.2389185397222
"hp_mmu-mir-671_st",1.10866556343929,1.3567618032068,0.888267616245428,1.11712646570535,1.43169395911956,1.45113590648583,1.60322963990202,0.975382698157008,1.27982291270458
"hp_mmu-mir-672_st",0.75399867808331,0.836358757953178,0.674880567596458,0.913072924553037,0.836358757953178,0.836358757953178,0.869239944108582,0.913072924553037,0.715023697974299
"hp_mmu-mir-673_st",0.950668057062392,0.950668057062392,1.37636152164422,1.03143649322647,0.950668057062392,0.950668057062392,0.906835076617937,1.04529583433933,0.950668057062392
"hp_mmu-mir-674_st",1.34430992252738,1.36619865381943,1.10488430319667,0.973795673959923,1.07200311704127,1.14870846207455,1.51622374376738,1.07200311704127,1.16369523236286
"hp_mmu-mir-675_st",1.16996375034259,1.25239487939778,2.08274560456116,1.35969060137833,1.35969060137833,1.18832145022405,1.35969060137833,1.26281361204834,1.5048729286537
"hp_mmu-mir-676_st",1.43312482364305,1.06087042262001,1.05518902972754,1.1848723258617,1.50254396368954,1.43312482364305,1.119240265468,1.54493373004983,1.249174741073
"hp_mmu-mir-677_st",1.10866556343929,1.0636522270962,1.0847111151545,1.56179943786061,0.714037924890221,0.949342927986985,0.883017779453111,0.913072924553037,0.893681855383155
"hp_mmu-mir-678_st",0.889658047130464,1.06230952139263,1.06230952139263,1.03143649322647,1.06230952139263,1.06230952139263,1.25477136832986,1.06230952139263,1.31231320742654
"hp_mmu-mir-679_st",0.930885088977196,1.1375289093581,0.87324829597879,0.627603424467072,0.997030511782722,0.871483980524128,0.81509014412637,1.1375289093581,1.40511882542353
"hp_mmu-mir-680-1_st",0.977375339764336,0.82096098093181,1.32850498509836,0.861423707866709,0.823061054176444,0.836358757953178,0.925726123078008,1.02035390035494,1.14902252640997
"hp_mmu-mir-680-2_st",1.08029297257627,0.881422667865141,0.790587354359131,1.24186038671729,1.12238684521323,1.30196498605898,1.20055819532385,0.913072924553037,1.34568324854519
"hp_mmu-mir-680-2_x_st",1.29345235238648,1.32947711584341,1.33718993925745,1.41778980846601,1.24156812363893,1.73705710223409,1.11587618646881,1.2145902736085,1.36235830199881
"hp_mmu-mir-680-3_st",1.10866556343929,1.57329153075292,1.01511773954833,0.969182975688983,1.10974551682526,0.964225946205231,1.34901524658428,1.02797892430617,1.3698691732903
"hp_mmu-mir-680-3_x_st",1.23612346089423,1.44389399773486,1.11464267807157,1.2145902736085,1.2145902736085,1.2145902736085,1.02454116811476,1.28167842721629,1.16549638479357
"hp_mmu-mir-681_st",1.28131703770146,1.39356526224836,1.40332115903987,1.16377444149351,1.28131703770146,1.4955739323476,1.04483782477174,1.28131703770146,1.51028233170547
"hp_mmu-mir-682_st",1.40680750310864,1.73221676108407,1.40680750310864,1.74912973646283,1.28547244312976,1.17116314402055,1.3373716000298,1.54939465967587,1.64663897050474
"hp_mmu-mir-683-1_s_st",0.869239944108582,0.869239944108582,0.880587942978253,0.74656768604929,1.1898346667655,0.847706756822849,1.02825880239061,0.772362954778598,0.869239944108582
"hp_mmu-mir-683-2_s_st",1.48443193127412,1.03863271388298,0.994634934043128,0.967951068585425,1.31194676525769,1.06767845805693,1.10055964421233,1.10055964421233,1.1152680435702
"hp_mmu-mir-684-1_s_st",1.15695348061009,1.2383815935639,1.40316867954513,0.855436131554631,1.15695348061009,1.15695348061009,1.10055964421233,1.40079057920553,1.13024619790815
"hp_mmu-mir-684-2_s_st",0.818199262436762,1.08926898746674,1.38535409901342,1.14870846207455,0.755910799276974,0.977375339764336,0.977375339764336,0.779029866460931,0.869239944108582
"hp_mmu-mir-686_s_st",1.34836948547073,1.19037197909383,1.03143649322647,1.19037197909383,1.02315193107059,1.27532234266265,1.19037197909383,1.19037197909383,1.01802413805992
"hp_mmu-mir-687_st",1.23003404895924,1.07588763099237,0.950668057062392,0.996830587839832,1.07588763099237,1.07588763099237,1.07588763099237,1.19722269097125,1.18330416045905
"hp_mmu-mir-688_st",1.19803981482264,1.2006717430963,1.2006717430963,1.04174155060807,1.15695348061009,1.2006717430963,1.10055964421233,1.32014528460037,1.2006717430963
"hp_mmu-mir-690_st",0.908710040639294,1.04900375951525,0.847269184611627,0.963891019953419,1.62577744504172,1.1562994814958,0.977375339764337,1.00148615246277,1.03758271196872
"hp_mmu-mir-691_st",0.72773776541325,0.817839275370059,0.950668057062392,0.913072924553037,1.13024619790815,0.950668057062392,0.977375339764336,1.03211099582072,0.777157123147426
"hp_mmu-mir-692-1_s_st",1.23922316506451,1.28131703770146,0.899181258544956,1.47639477297475,1.29630380798977,1.28131703770146,1.41095378756807,1.28131703770146,1.28384761753581
"hp_mmu-mir-692-1_x_st",0.94708919982694,0.892108057805742,1.02723816968076,1.10959824955062,1.34524260863872,1.10959824955062,1.49092946937622,1.07200311704127,1.37767587152503
"hp_mmu-mir-692-2_s_st",1.15695348061009,0.954304064666519,1.30860367175241,1.15695348061009,1.65232971732427,1.15695348061009,1.15665793903229,1.15695348061009,1.41769543705059
"hp_mmu-mir-692-2_x_st",1.11055453900948,1.07200311704127,1.27465253298484,0.924340672153594,0.943586845679948,1.07200311704127,0.761831622429909,1.07200311704127,1.07200311704127
"hp_mmu-mir-693_st",1.10789563127282,0.811362974924527,0.953950131491756,0.770796351109727,0.896313338493349,0.896313338493349,0.893817111668798,0.799436349163365,1.2006717430963
"hp_mmu-mir-693_x_st",1.23922316506451,0.977375339764336,1.21833951711242,0.977375339764336,0.848706713709306,0.977375339764336,0.977375339764336,1.02120832020879,0.977375339764336
"hp_mmu-mir-694_st",1.13057555442326,1.17661882050185,1.63902198266752,1.03143649322647,1.33854395454421,0.937609730195483,1.2571158415904,0.662478677095038,1.18796681937152
"hp_mmu-mir-695_st",1.14560548174042,1.23838864406092,1.15695348061009,1.31915002972798,1.01436632404286,1.15695348061009,1.15695348061009,1.15695348061009,1.32618873047992
"hp_mmu-mir-697_st",1.10359622668168,1.07545216916632,1.40332115903987,1.03540341160928,1.00093115778012,1.31729998334048,1.10359622668168,0.782996784843741,1.21452412561556
"hp_mmu-mir-698_st",1.03094000866422,1.29339131741029,0.687890781811024,0.869239944108582,0.800165376737817,0.869239944108582,0.869239944108582,0.869239944108582,0.855271377537912
"hp_mmu-mir-700_st",1.30076790404797,1.36407667785567,1.30076790404797,1.3548290575101,1.28131703770146,1.30076790404797,1.30076790404797,1.30076790404797,1.08303136157468
"hp_mmu-mir-701_st",0.951737894293692,1.07200311704127,0.977375339764336,1.66160422337553,1.07200311704127,1.07200311704127,1.07776218352526,1.40079057920553,1.29602543705933
"hp_mmu-mir-702_st",1.1505530160682,1.24332912789168,1.0556244473655,1.00263496143856,1.00752773631094,1.40332115903987,1.828758005173,1.64968883746966,1.30096592089009
"hp_mmu-mir-703_st",0.842518738294878,1.04421207399627,0.853182814224922,0.805485729787015,0.829955179350123,1.04421207399627,0.681849691914708,0.867101344737121,0.853182814224922
"hp_mmu-mir-704_st",1.07200311704127,1.11510653557061,1.03143649322647,0.976771945233123,1.07200311704127,1.07453369687562,1.09871039974321,1.07200311704127,1.07200311704127
"hp_mmu-mir-705_st",0.857891945238911,1.23580766774577,0.861766491010473,1.0906253404704,1.09241491163841,1.94984005116773,1.24157622602349,1.14112626802713,1.2006717430963
"hp_mmu-mir-707_st",0.977375339764336,1.38909858370417,1.18603374643743,0.711941712853142,1.54009999436949,0.88685450096777,1.07200311704127,1.07200311704127,1.07200311704127
"hp_mmu-mir-708_st",0.977375339764336,1.10301546870688,0.98173510172228,0.831425107378567,1.27034859034468,1.18366076331204,0.977375339764336,0.805737149162876,0.977375339764336
"hp_mmu-mir-708_x_st",1.10055964421233,1.10055964421233,1.67843232011979,1.03143649322647,1.08799608526758,0.950668057062392,1.10055964421233,0.928921453610874,1.06200822224413
"hp_mmu-mir-709_st",1.31558461161227,1.42654259305415,1.27892216521425,1.39494332036668,1.64465909668234,1.40332115903987,0.99975710010341,1.35969060137833,1.05027792216109
"hp_mmu-mir-710_st",1.05049207041647,1.13787610700864,1.2145902736085,1.80419137994275,1.2145902736085,1.32188599558905,1.21542994728371,1.2145902736085,1.10729455162795
"hp_mmu-mir-711_st",1.19703573549217,0.865717693493569,0.69219377357634,0.805485729787015,0.93412988548362,0.836358757953178,0.950668057062392,1.01392868150572,0.950668057062392
"hp_mmu-mir-713_st",1.18198775716614,1.18198775716614,0.850551319751391,1.44122436877447,1.29138337734995,1.18198775716614,1.10055964421234,1.23143959717488,1.24110553266525
"hp_mmu-mir-717_st",0.977375339764336,1.02108999294106,1.07667070351419,1.13655141709191,0.868465606876106,0.993913511343108,0.993913511343108,1.13650066791034,0.981880767784862
"hp_mmu-mir-719_st",1.07200311704127,1.07200311704127,0.743215654877015,1.30421972240774,0.950668057062392,1.07200311704127,1.22189470419121,1.00770070182997,0.991234680877192
"hp_mmu-mir-720_st",1.5623400173219,1.35969060137833,1.2310219753233,1.40079057920553,1.15695348061009,1.40332115903987,1.35969060137833,1.35969060137833,1.35969060137833
"hp_mmu-mir-721_st",0.761325642499349,1.61844146799109,1.06232896447505,1.30052132143163,1.28131703770146,0.951374747993086,0.936881060008051,0.953577336717163,0.935817085547588
"hp_mmu-mir-741_st",1.1997189177958,1.07200311704127,1.07200311704127,1.07200311704127,0.700112236347679,1.05701634675296,1.056122910839,1.52619255561166,0.849730790768627
"hp_mmu-mir-742_st",1.0733589060371,0.950668057062392,0.783389628418875,0.950668057062392,0.950668057062392,0.950668057062392,0.866692572766155,0.980723202162318,1.08333915929582
"hp_mmu-mir-743a_st",1.07200311704127,1.13086663148855,1.02028810563386,0.913072924553037,1.08714836900234,1.05169812800957,1.07200311704127,1.28301271880305,1.07200311704127
"hp_mmu-mir-743b_st",0.646309652459441,1.07200311704127,0.869239944108582,0.668108732408687,1.23748405725701,0.945959904770711,0.869239944108582,0.988713485612647,0.825406963664127
"hp_mmu-mir-744_st",1.00723481910527,1.07200311704127,1.00723481910527,1.12201709245882,1.07200311704127,0.999493389018325,0.919850782513093,0.928372740327286,1.06403709110009
"hp_mmu-mir-758_st",0.977375339764336,1.16473521338437,0.934756635719655,0.642301251397072,1.15695348061009,1.05701634675296,0.977375339764336,0.977375339764336,0.977375339764336
"hp_mmu-mir-758_x_st",1.10866556343929,0.975836781746959,1.10866556343929,1.15249854388375,1.19604960003146,1.10866556343929,1.10866556343929,1.2145902736085,1.10866556343929
"hp_mmu-mir-759_st",0.869239944108582,0.656466176092481,0.779138434151774,0.938314511479348,0.847706756822849,1.01531344474457,0.869239944108582,1.01531344474457,0.869239944108582
"hp_mmu-mir-760_st",1.23922316506451,1.48244541970307,1.23672693823995,1.16199409485168,1.1955049025783,1.09556776872117,1.23672693823995,1.75729894427019,1.25758086494597
"hp_mmu-mir-761_st",1.68268715093672,1.44389399773486,1.10055964421233,0.861833300003085,1.10055964421233,0.788209940090962,1.10055964421233,1.02385429917905,1.2006717430963
"hp_mmu-mir-763_st",1.2006717430963,1.2006717430963,1.34854030377183,1.52854073296985,1.08032083682948,1.28131703770146,0.971074539764826,0.913072924553037,1.2006717430963
"hp_mmu-mir-764_st",1.77357576301655,1.89869804421957,1.64953635797491,1.34826344797597,1.60672355116811,1.82052489793964,1.60672355116811,1.54939465967587,1.43321261725315
"hp_mmu-mir-767_st",0.75080357302639,1.09114276683529,1.11785004953724,0.913072924553037,1.36421772796702,1.68986936944877,1.32058717030547,1.11785004953724,1.07200311704127
"hp_mmu-mir-770_st",1.1815863720661,1.06388033396525,1.15695348061009,1.03143649322647,1.1814229301732,0.979703725436293,1.74655458694435,1.21213445992422,1.15695348061009
"hp_mmu-mir-7a-1_st",1.06710163750308,1.07200311704127,1.09221140805705,1.22189470419121,0.836358757953178,1.41159876248875,1.22189470419121,1.22189470419121,1.27869697618603
"hp_mmu-mir-7a-1_x_st",1.10866556343929,1.10866556343929,1.4038510990996,1.04436314822799,1.10866556343929,1.10866556343929,1.25855715058924,1.04436314822799,1.01718938522221
"hp_mmu-mir-7a-2_st",0.781909546917344,1.10055964421233,1.10055964421233,1.06968661604617,1.10055964421233,1.10055964421233,1.10055964421233,1.10055964421233,1.01913153125853
"hp_mmu-mir-7b_st",1.14870846207455,1.03439916296534,1.24864559593168,1.14870846207455,1.04180210771779,1.14870846207455,1.55773100639049,1.14870846207455,1.0405730664188
"hp_mmu-mir-802_st",0.98256908894019,0.861234028961312,1.12515624550742,0.835252113955414,0.69371334564367,1.31388713093879,0.869239944108582,1.27469410470642,0.98256908894019
"hp_mmu-mir-804_st",1.13902368799249,1.2104087906633,1.25738725666592,1.03143649322647,0.962361925855705,1.10183341085254,1.20332610320379,1.13902368799249,0.793666307995557
"hp_mmu-mir-871_st",0.966147994716115,0.963026149884912,0.950668057062392,1.37746989317654,1.25225031924656,1.13024619790815,1.20625436905535,1.13024619790815,1.13024619790815
"hp_mmu-mir-872_st",1.40332115903987,1.26230457722872,1.58158415707577,1.38752415115869,1.30439844986567,1.15068688244862,0.936532081357472,0.877391375991629,1.26230457722872
"hp_mmu-mir-873_st",1.02091863722371,1.57329153075292,1.10866556343929,1.30796946183123,1.02385429917905,1.10055964421233,1.10055964421233,1.05910093359523,0.950668057062392
"hp_mmu-mir-874_st",1.63364154199924,1.64604717975883,1.7868333192043,1.93107391698692,1.7868333192043,1.85815297876457,1.55694545294914,2.06541555656637,1.7868333192043
"hp_mmu-mir-875_st",0.757080640587961,0.744517081643206,0.584732799554048,1.01381454765478,0.92973211485013,1.20203892033624,0.748974721361005,0.598150448099729,0.668333506149668
"hp_mmu-mir-876_st",1.10866556343929,1.05046992975554,1.23560699822762,0.964415922275248,0.802082920251894,0.985498849836445,1.20210927219398,1.07200311704127,0.96687481438009
"hp_mmu-mir-877_st",0.977375339764336,0.861938611479671,1.15695348061009,1.05701634675296,0.821371987664871,1.05701634675296,1.52301636841082,1.05701634675296,1.14722642440061
"hp_mmu-mir-878_st",1.19887564108694,1.16221319468892,1.16221319468892,1.09845898036735,1.16221319468892,1.16221319468892,1.16221319468892,1.07200311704127,1.16221319468892
"hp_mmu-mir-879_st",0.977375339764336,0.977375339764336,0.977375339764336,0.977375339764336,0.977375339764336,1.1490135303658,0.774612166831649,0.977375339764336,0.977375339764336
"hp_mmu-mir-880_st",0.80714821438383,1.00741940542894,0.950668057062392,0.862237078153568,0.950668057062392,1.0320961700162,0.805726069727558,0.913072924553037,1.10180380998441
"hp_mmu-mir-881_st",0.91839645510257,0.804342730696971,1.12493745335389,0.999420465970263,0.999420465970263,1.28131703770146,1.02612774867221,1.15561138894673,0.891689172400625
"hp_mmu-mir-882_st",0.836358757953178,0.751408394384355,1.41423143386064,1.03143649322647,0.836358757953178,0.836358757953178,1.10055964421233,0.798763625443823,0.836358757953178
"hp_mmu-mir-883a_st",0.963231616007147,0.950668057062392,1.40720567299097,1.03143649322647,0.860566547105583,0.942926626975451,0.977375339764336,0.950668057062392,0.834486014639673
"hp_mmu-mir-883a_x_st",0.869239944108582,0.826621240063901,0.745186076613072,1.26442616437186,0.836358757953178,1.02640786344691,1.13108776940875,0.869239944108582,0.761104548452828
"hp_mmu-mir-883b_st",0.869239944108582,0.950668057062392,0.869239944108582,0.805485729787015,1.54939465967587,0.624902035326993,0.951509628562996,0.779029866460931,0.869239944108582
"hp_mmu-mir-883b_x_st",1.10055964421233,1.14427790669854,0.518511615206649,1.33935564197184,1.17730761090207,0.971337431302732,1.10055964421233,1.37992226578664,1.10055964421233
"hp_mmu-mir-9-1_st",1.65445730967777,1.33251987818028,1.24023202807788,1.18661084335191,1.15113319450974,0.950668057062392,0.969903208862787,0.960628997486685,1.18401438066515
"hp_mmu-mir-9-1_x_st",0.900085606447164,1.19900550871516,1.02035082919474,0.863052597939301,0.994713383724097,1.10177894214855,1.03169882806441,1.32350084588835,0.950668057062392
"hp_mmu-mir-9-2_st",0.88202164580131,1.2006717430963,1.38878979638868,0.926261911235133,0.932252180460099,0.739644747656414,1.23922316506451,1.20876189411578,1.2006717430963
"hp_mmu-mir-9-2_x_st",1.03217276859413,1.00546548589219,0.869239944108582,1.05952663935432,1.00546548589219,1.04492743025548,0.977375339764336,0.97820066616252,1.05963582961335
"hp_mmu-mir-9-3_st",2.95543912711745,2.35058205886881,2.40873744765164,2.45754083172172,2.64403371972982,2.70907144868767,2.6027231589971,2.53649191284732,2.8481434051369
"hp_mmu-mir-9-3_x_st",1.84863159629651,1.38843948600131,1.60269638064745,1.66023535345973,2.07379366278759,1.60269638064745,1.54145134644714,1.5651012481381,1.60269638064745
"hp_mmu-mir-92a-1_st",0.857891945238911,0.950668057062392,1.44389399773486,0.695275585001609,1.02738801772452,0.950668057062392,0.825381740154318,0.950668057062392,0.950668057062392
"hp_mmu-mir-92a-1_x_st",1.05112913229181,1.09514201668957,1.05203859816024,1.05203859816024,1.09514201668957,0.99440180516183,0.977375339764337,1.21647707666845,1.05203859816024
"hp_mmu-mir-92a-2_st",1.33456501440164,1.22635641210756,1.16567965821733,0.711941712853142,1.03630730661382,1.13897237551539,0.974874172323352,1.30993212294563,1.48432975551232
"hp_mmu-mir-92a-2_x_st",1.40079057920553,1.2006717430963,1.52854073296985,1.46535732718723,1.44442113686707,1.49071385312429,1.29763728048901,1.40079057920553,1.35662687549565
"hp_mmu-mir-92b_st",1.23922316506451,1.2006717430963,1.35588414849248,1.37326622315661,1.28131703770146,1.15695348061009,1.27779659405009,1.23922316506451,1.2006717430963
"hp_mmu-mir-93_st",1.55252510595264,1.77232099595204,1.52854073296985,1.37710067734639,1.52854073296985,2.09795431975361,1.52854073296985,1.27599975601901,1.48796789427486
"hp_mmu-mir-96_st",1.14870846207455,1.01860230692184,0.950668057062392,1.14870846207455,1.24864559593168,1.14870846207455,1.23216709314305,0.989778269586318,1.12403169748729
"hp_mmu-mir-98_st",0.977375339764336,1.07200311704127,0.640815484360025,1.05114919033525,1.37476463186881,1.15695348061009,1.35969060137833,1.07200311704127,1.07200311704127
"hp_mmu-mir-99a_st",0.86788415511275,1.03954093662963,1.08203956264419,1.3833355981236,1.45995609621721,1.1722425597157,1.16221319468892,1.07200311704127,1.19091255079302
"hp_mmu-mir-99a_x_st",0.791967415233613,0.988635604043101,1.19320280916655,0.978945914520406,0.647880227215511,0.871256888896537,0.978945914520406,1.2145902736085,0.978945914520406
"hp_mmu-mir-99b_st",1.63728353331652,1.68404335414975,1.71692454030515,1.74969848763484,1.87883375261556,1.71692454030515,1.6596334286027,1.74969848763484,1.71692454030515
"hp_rno-let-7a-1_st",1.41249568882222,1.44389399773486,2.38224163037886,1.68268715093672,1.68268715093672,1.68268715093672,2.08859343000071,1.68268715093672,1.86948068938552
"hp_rno-let-7a-1_x_st",1.44389399773486,1.44389399773486,1.57094460866752,1.46909699704221,1.44389399773486,1.44389399773486,1.25604736969362,1.11774375722339,1.50069626972968
"hp_rno-let-7a-2_st",1.23733418949432,1.1677905569409,1.28557335582437,1.39574947836959,1.2006717430963,1.09578296879411,1.11328770650413,1.2006717430963,1.2006717430963
"hp_rno-let-7b_st",0.977375339764337,1.19024210522886,1.14258302686134,1.16395026433424,1.07121039376486,1.07121039376486,0.989782280811047,0.982853654143876,1.07121039376486
"hp_rno-let-7b_x_st",1.63546847047729,1.72873041701531,1.60672629567689,1.78958623428452,1.72873041701531,1.59649049616822,1.72873041701531,1.72873041701531,1.8748039176513
"hp_rno-let-7c-1_st",0.857643069247911,0.914154077673921,1.18067146492818,0.94055976352075,1.19777874450126,0.756156571297021,0.914154077673921,0.914154077673921,0.759638797291049
"hp_rno-let-7c-2_st",0.978571924692479,0.634713712671236,1.09095490726044,0.812912111389394,0.727231990259721,1.28874341930384,1.01560493320034,0.779029866460931,1.24508931194673
"hp_rno-let-7c-2_x_st",0.977375339764336,1.6445636467945,1.24185509333816,1.03143649322647,0.828979071348439,0.954620495768764,1.03143649322647,0.928136713421641,1.03918520551003
"hp_rno-let-7d_st",1.41001940126192,1.41001940126192,1.52405003065809,1.45816821912414,1.74133744326053,1.22781258295038,1.41001940126192,1.38538650980592,1.41068846262146
"hp_rno-let-7e_st",1.03475938739967,1.29602543705933,1.30991934743871,1.10568263949549,1.14175233734499,1.12676556705668,1.04712456006806,0.8343101827341,1.12676556705668
"hp_rno-let-7f-1_st",1.35027956630528,1.22189470419121,0.994211354521763,1.19225175953392,0.879902055412549,1.10055964421233,1.10055964421233,1.18429957168186,1.01913153125853
"hp_rno-let-7f-1_x_st",1.2145902736085,1.2145902736085,1.22907065748351,1.01379495865923,1.01632553849357,1.40332115903987,1.24163421642827,0.920597894150154,1.2145902736085
"hp_rno-let-7f-2_st",0.977375339764336,1.07015145158782,1.63711385267451,1.03143649322647,1.15510181515664,1.07015145158782,1.10303263774322,1.03255631907846,0.896640517672851
"hp_rno-let-7f-2_x_st",0.967161673330727,1.06089663693502,1.03143649322647,1.12033611154283,1.14584700050384,1.03143649322647,0.695835022122219,1.14561021117977,0.809164166953827
"hp_rno-let-7i_st",1.40332115903987,1.37661387633793,1.52668436762412,1.22385332567687,1.37661387633793,1.54850348631525,1.40332115903987,1.49794893631681,1.40332115903987
"hp_rno-mir-1_st",1.19440802147417,1.25121029346899,1.25121029346899,1.36341985716865,1.68268715093672,0.85880731360948,1.38403907516132,1.07957210286753,1.25121029346899
"hp_rno-mir-100_st",0.990720726931244,1.33350052478863,0.869239944108582,1.04590170624537,1.05061565259932,1.07024558959614,1.15769055894214,1.08349683875472,1.08349683875472
"hp_rno-mir-101a_st",1.10866556343929,0.649730147198442,0.905783213856,1.08713237615356,1.08713237615356,1.24127879412043,1.15088659047513,0.900153876866765,1.3013892707997
"hp_rno-mir-101a_x_st",0.988400340691714,1.20144167526277,0.758906043711856,1.33098762545932,1.07200311704127,1.40332115903987,1.10055964421233,1.02980348466131,1.20144167526277
"hp_rno-mir-101b_st",0.827415084086189,0.819999777908191,0.857470229186116,0.913072924553037,0.830276011988482,0.857470229186116,0.869239944108582,0.857470229186116,1.24991140825189
"hp_rno-mir-103-1_st",0.950668057062392,0.950668057062392,0.950668057062392,1.40079057920553,0.950668057062392,0.534691957679342,0.841750833184485,0.770648316595434,1.23861157388871
"hp_rno-mir-103-1_x_st",1.02994307997479,0.851614921729536,0.751667326192608,1.32954000210007,1.13756241144021,0.86598708698162,1.21314791610714,0.96592422083875,0.759638797291049
"hp_rno-mir-103-2_st",1.01549210861526,1.15343122999508,1.28131703770146,1.66160422337553,0.87450785690022,0.963842891928931,0.984619080449097,0.859102190418908,1.25098636907209
"hp_rno-mir-103-2_x_st",1.10866556343929,1.28246754791649,0.883481366036604,0.776178293572332,0.978109143313537,0.93412988548362,1.02743045106721,1.16581333005936,0.978109143313537
"hp_rno-mir-105_st",1.07214883988505,1.2006717430963,0.935295390239141,0.871541175917574,1.27083744530792,1.07188936005216,0.908574184425437,0.768550274067392,0.869239944108582
"hp_rno-mir-106b_st",0.963793858165653,1.05982059105791,1.55028417238268,1.20022725975027,0.836358757953178,1.05656996998913,0.947652746111227,1.05656996998913,1.17790502996801
"hp_rno-mir-107_st",0.799886492901432,1.07200311704127,0.872506300738237,0.913072924553037,0.913072924553037,0.913072924553037,0.748974721361005,1.2145902736085,0.913072924553037
"hp_rno-mir-10a_st",0.947987377947983,1.18631241615048,1.12963991003968,1.26442616437186,0.865717693493569,1.15695348061009,1.10488430319667,1.07200311704127,0.962401970223737
"hp_rno-mir-10b_st",0.818199262436762,1.01497047227369,0.655941512217064,1.09168463887355,1.15695348061009,1.09056177141594,0.927586435681518,0.977375339764336,0.753876998116484
"hp_rno-mir-122_st",1.07706629075182,1.26442616437186,1.24526994851466,1.32818058564741,1.26442616437186,1.26442616437186,1.10055964421233,1.26442616437186,1.07159560354056
"hp_rno-mir-1224_st",1.063854488714,1.22278468120223,0.887192726577209,1.03938503915089,1.64248693415699,1.04232130142826,1.30652218768742,1.3713940550517,0.950668057062392
"hp_rno-mir-124-1_s_st",1.20881746592924,0.836358757953178,1.64953635797491,1.14451505071794,1.14450883583776,1.42387482773461,1.18196130766161,0.726047831779612,1.3847244805943
"hp_rno-mir-124-1_st",0.889991303172163,1.29602543705933,0.977375339764336,0.859832743556382,1.0580206343695,0.969633909677395,0.924135158767681,1.02120832020879,0.977375339764336
"hp_rno-mir-124-1_x_st",1.40780970265773,1.02471982377417,1.60574018231352,1.02047850470913,1.40332115903987,1.08460971509816,1.27509120167445,1.37985634382065,1.27509120167445
"hp_rno-mir-124-2_s_st",1.16431135261884,1.55118900360074,0.71006136086595,1.03406497202997,1.07200311704127,1.16431135261884,1.16431135261884,1.16431135261884,1.21464969240142
"hp_rno-mir-124-2_st",1.10055964421233,1.28394873092787,0.836358757953178,0.805485729787015,1.2646576381877,0.916156451988606,1.54478027093845,1.10055964421233,1.1675955004375
"hp_rno-mir-124-2_x_st",1.40332115903987,1.53635534920901,1.47482475438922,1.7130171113458,1.99259995242589,1.59337026453361,1.45678657779208,1.92095165110081,1.43007929509014
"hp_rno-mir-124-3_s_st",1.09135460438897,1.29602543705933,0.805900799148131,1.43512883684153,1.07200311704127,0.964225946205231,1.09135460438897,1.12352448551193,0.950668057062392
"hp_rno-mir-124-3_x_st",1.23000062341817,1.10959824955062,1.18300880004899,1.1903666857147,0.895341354904482,0.926247506577083,0.990575004087461,1.42684589864443,0.869239944108582
"hp_rno-mir-125a_st",0.884330649254411,1.4346889579115,0.94933402573922,1.41078547400267,0.917704669057295,1.59732835177084,1.23922316506451,1.05834015913588,1.21066663789344
"hp_rno-mir-125b-1_st",0.869239944108582,0.950241963446652,0.869239944108582,0.816833728656686,1.15695348061009,0.81887980997696,0.881307809509195,0.869239944108582,0.869239944108582
"hp_rno-mir-125b-1_x_st",0.977375339764336,1.07200311704127,1.27633124103623,1.13657642210499,1.07200311704127,0.987826508512317,1.03651978691473,1.07200311704127,1.29602543705933
"hp_rno-mir-125b-2_st",1.14925616677276,0.727003961864049,0.977375339764336,1.13957188888222,0.853011782672969,0.838293146182088,0.977375339764336,1.0968488812684,1.17284113261133
"hp_rno-mir-125b-2_x_st",1.49826871238282,1.92396217696465,1.53422050474517,1.79027357140273,1.73808987736157,1.72119900403196,1.72119900403196,1.7706508440407,1.72119900403196
"hp_rno-mir-126_st",1.03680542989077,1.5944442967705,1.03680542989077,0.967682278904903,1.03680542989077,1.01527224260503,1.10055964421233,0.792924873833712,0.863294495975802
"hp_rno-mir-127_st",0.877905536045584,1.07200311704127,1.07200311704127,1.07200311704127,1.51273221327785,1.07200311704127,0.940712893366315,1.3641281328075,0.991234680877192
"hp_rno-mir-128-1_st",0.790253074659367,1.05701634675296,1.38579851553809,1.05701634675296,1.05701634675296,1.05701634675296,1.12131876196426,1.05701634675296,0.950668057062392
"hp_rno-mir-128-1_x_st",1.24461998996215,1.34765376401417,1.68324571863919,1.66160422337553,1.52173313097456,1.08856795401161,1.60950158931434,1.053324724438,1.34765376401417
"hp_rno-mir-128-2_st",0.843791027438343,0.948818812593272,1.25317721719622,0.948818812593272,0.948818812593272,0.839572515528619,0.977375339764336,0.835550534820638,1.13754969802465
"hp_rno-mir-128-2_x_st",1.5310369597944,1.5310369597944,1.38593663202457,1.67676882222594,1.5310369597944,1.29539260070631,1.32827378686171,1.58833961815841,1.5310369597944
"hp_rno-mir-129-1_st",1.10866556343929,0.73641116241625,1.05695055203188,1.05695055203188,0.942641252922666,1.05695055203188,1.05695055203188,1.16287526220109,1.02067508085847
"hp_rno-mir-129-1_x_st",0.950668057062392,0.950668057062392,1.61553218833632,0.96982427291959,0.950668057062392,0.842979031438523,1.1490135303658,0.779029866460931,0.869239944108582
"hp_rno-mir-129-2_st",0.977375339764337,1.0174182383996,0.989440253295095,1.0174182383996,1.77442974498003,1.42812493269312,1.09757564895085,0.776539326672732,1.0174182383996
"hp_rno-mir-129-2_x_st",1.05838674605232,1.48408021063415,1.28131703770146,1.56729291758927,1.48408021063415,1.33800670999816,1.54774537495315,1.49906698092246,1.48408021063415
"hp_rno-mir-130a_st",1.46783938665646,1.2006717430963,1.1219553871621,1.37733350523309,1.38556970220205,1.37058293191374,1.06254130652179,1.24329044714098,1.17928427865435
"hp_rno-mir-130b_st",1.31079627024313,1.07200311704127,0.979715266938871,1.03143649322647,1.07200311704127,1.07200311704127,1.10055964421233,1.07200311704127,1.07200311704127
"hp_rno-mir-132_st",1.07688809430351,1.17151587158045,1.28131703770146,1.02394292375772,0.950668057062392,1.28131703770146,1.66160422337553,1.46572022992519,1.40998566375649
"hp_rno-mir-133a_st",1.3697674768206,1.06127799879645,1.23725610380853,1.22514451895598,0.978174739288833,1.01773470133708,1.23922316506451,0.779029866460931,1.01498377753589
"hp_rno-mir-133b_st",0.998704229822911,0.934600697173744,1.45229001791173,0.803111590936656,1.04699214699371,0.88532761682503,0.918208802980434,0.962041783424889,0.759638797291049
"hp_rno-mir-134_st",1.09663600849728,0.949998995702856,0.950668057062392,0.777798758696528,1.40332115903987,0.949998995702856,1.07200311704127,1.07200311704127,1.10488430319667
"hp_rno-mir-135a_st",1.10866556343929,1.10866556343929,1.48658917758845,1.34983431348242,0.73641116241625,1.10866556343929,1.01403778616236,1.10866556343929,1.18812011577863
"hp_rno-mir-135b_st",0.950668057062392,0.950668057062392,0.950668057062392,1.00050394782575,0.950668057062392,0.950668057062392,0.869239944108582,0.950668057062392,1.0524672288475
"hp_rno-mir-136_st",0.845765694613841,1.25617812688628,1.07416631301717,0.808732686105978,0.83048466230445,0.933149731206014,0.933149731206014,0.948136501494321,0.759638797291049
"hp_rno-mir-137_st",1.0606551181716,0.941896961888561,1.10866556343929,1.05114919033525,1.20529560830213,1.07200311704127,1.07200311704127,1.07200311704127,0.869239944108582
"hp_rno-mir-138-1_st",1.86425816021615,1.52353022033875,1.31103330893748,1.14870846207455,1.50882182098088,1.24074419900647,1.27362538516188,1.06072445853952,0.954456544161262
"hp_rno-mir-138-1_x_st",1.42160637099614,1.42422601206271,1.15121844775119,1.43814454257491,1.34126755324493,1.55245384168413,1.42160637099614,1.55217517197108,1.43814454257491
"hp_rno-mir-138-2_st",1.0772722069902,1.0665548902132,1.398092575274,1.24321665234999,1.28378327616479,1.24321665234999,1.24321665234999,1.40079057920553,1.16257135774483
"hp_rno-mir-138-2_x_st",1.60605417435579,1.31749906635368,1.54939465967587,1.78161126504234,1.54939465967587,1.54939465967587,1.95012428864777,1.95689921864183,1.3758837257609
"hp_rno-mir-139_st",1.98682126574051,1.62595590911122,0.869239944108582,1.74585708839242,2.07958464926215,1.73811565830548,2.05212023163006,2.1450867762847,1.76908472326722
"hp_rno-mir-140_st",1.04661070157162,1.19800090665042,1.07666584667155,0.894690850828849,1.07666584667155,1.11754737564459,1.23922316506451,1.07666584667155,0.923509177705284
"hp_rno-mir-141_st",1.30869338176294,1.07200311704127,1.40332115903987,1.36275453522507,1.4882715226087,1.44541503167683,1.2780920632111,1.44662613693423,1.40332115903987
"hp_rno-mir-142_st",0.977375339764336,1.08974001351163,0.950668057062392,1.24558545140453,0.646309652459441,0.950668057062392,0.646309652459441,1.2145902736085,0.950668057062392
"hp_rno-mir-143_st",0.82522015259539,0.81784175274489,0.950668057062392,0.913072924553037,1.03748996965307,0.950668057062392,1.02476221082694,0.950668057062392,1.03107431745445
"hp_rno-mir-144_st",1.26208929399998,1.02112511665189,1.07200311704127,0.903582520443937,1.12107271218882,0.728669732329309,1.04856620290304,1.19778687878868,1.02112511665189
"hp_rno-mir-145_st",1.27126277971931,1.27126277971931,1.27126277971931,1.44480732770687,1.15695348061009,1.47038718123336,1.26315686049235,1.27126277971931,0.983442546695127
"hp_rno-mir-146a_st",0.950668057062392,0.927440422187592,0.950668057062392,0.949750239723779,0.950668057062392,1.17132564586218,0.882689624404525,1.09325521362962,0.950668057062392
"hp_rno-mir-146b_st",1.07200311704127,1.1666308943182,1.4462339249094,1.256406309265,1.07200311704127,1.04529583433933,1.07200311704127,1.07200311704127,0.854266574567982
"hp_rno-mir-147_st",0.836358757953178,0.836358757953178,0.674880567596458,0.805485729787015,0.722049458843964,0.878452630590132,1.54729492426631,0.98243225858917,0.754930644999368
"hp_rno-mir-148b_st",1.2145902736085,1.41926110627885,1.2314811469381,1.2145902736085,0.979978358651908,1.40332115903987,0.952742448308329,0.927664178784778,1.27139254560332
"hp_rno-mir-150_st",1.14628940468005,1.15695348061009,0.882521780139992,1.17793068939111,1.6786317210205,1.15695348061009,1.63653784838355,0.863980230029754,1.15695348061009
"hp_rno-mir-151_st",1.15695348061009,1.15695348061009,0.917930101579476,1.33049802859765,1.15695348061009,1.15695348061009,1.35969060137833,1.0078067683093,1.15695348061009
"hp_rno-mir-152_st",1.17241998471485,1.46869568289495,0.73641116241625,1.23995671480875,1.26442616437186,1.40332115903987,1.26442616437186,1.50090537730158,1.26442616437186
"hp_rno-mir-153_st",1.05701634675296,0.924314723666891,1.25977951968565,1.05701634675296,1.02413516059756,1.05701634675296,1.05701634675296,1.05701634675296,1.26174367319522
"hp_rno-mir-154_st",0.896313338493349,1.2006717430963,1.74557761838151,1.28144017926038,1.2006717430963,1.5319897850949,1.11057023313949,1.2006717430963,1.2006717430963
"hp_rno-mir-15b_st",1.16075906640811,1.13872988113423,1.19666933366728,1.27864645817668,0.979646560510766,1.05701634675296,1.22337661636922,1.07200311704127,1.25538684368504
"hp_rno-mir-16_st",1.08372362945491,1.17835140673184,1.08247405138993,1.05701634675296,0.987941779382198,1.05701634675296,0.909784596573525,1.03056048342688,1.10897962777471
"hp_rno-mir-17-1_st",3.72457773208618,3.47991624214018,2.73325769155853,3.82735626761821,3.67995178094014,3.73658226710182,3.42307742498845,3.66705953962385,3.67995178094014
"hp_rno-mir-17-1_x_st",2.44653440553452,3.43889193001103,3.35202732051765,3.3048078461711,3.64820585067122,3.15612140715196,3.13453352540808,3.58604764134254,3.35202732051765
"hp_rno-mir-17-2_st",0.977375339764336,0.950668057062392,0.893916708695839,1.0071790654884,0.938104498117637,0.950668057062392,0.950668057062392,1.2145902736085,0.778320216028478
"hp_rno-mir-17-2_x_st",1.20528075402772,0.873962712029111,0.783389628418875,0.950668057062392,0.950668057062392,0.950668057062392,1.10055964421233,1.00968811514146,0.950668057062392
"hp_rno-mir-181a-1_st",0.646309652459441,1.23826687560565,0.950668057062392,1.07588763099237,0.950668057062392,0.873953890462532,0.907037499400844,0.791737864574159,1.00194399873575
"hp_rno-mir-181a-1_x_st",1.20891583427893,1.06794002591047,1.19080233471151,1.14870846207455,1.07960810251285,0.966501643763008,1.14870846207455,1.09666760973203,1.17590267927218
"hp_rno-mir-181a-2_st",0.977375339764336,0.877427744227408,1.10442595069699,1.0540895063642,0.977375339764336,1.19803292856412,0.690449244940616,1.07200311704127,0.762844443578634
"hp_rno-mir-181b-1_st",0.869239944108582,0.945959904770711,0.869239944108582,0.881307809509195,0.755910799276974,0.838270879146842,0.869239944108582,0.869239944108582,0.869239944108582
"hp_rno-mir-181b-2_st",1.22256376555075,1.28002747757534,0.836358757953178,1.06968661604617,1.11745051754194,1.10055964421233,1.10055964421233,1.28496283643606,1.13215891689981
"hp_rno-mir-181c_st",0.950668057062392,0.799424883866081,0.950668057062392,1.27945551922665,0.950668057062392,0.981415285558223,0.950668057062392,1.04529583433933,0.884269298963373
"hp_rno-mir-181c_x_st",1.59875105182152,1.29602543705933,1.03143649322647,0.993841360717116,1.03143649322647,0.917127194117256,0.975042656828712,0.85979830262501,1.15277155320535
"hp_rno-mir-181d_st",1.68268715093672,1.57329153075292,1.37273289753908,1.54939465967587,1.28131703770146,1.54939465967587,1.54939465967587,1.84706627861032,1.57931086676758
"hp_rno-mir-181d_x_st",1.68268715093672,1.5309146752698,1.07121554848362,1.57475155777928,1.54939465967587,1.49175786667746,1.75692039784768,1.54939465967587,1.54939465967587
"hp_rno-mir-182_st",1.20624743488683,1.20624743488683,1.54046395332816,1.14870846207455,1.35582753667758,1.19268713399702,1.20624743488683,1.01065479600057,1.50900894971437
"hp_rno-mir-183_st",1.40332115903987,1.23922316506451,1.12962201824697,1.23922316506451,1.2273766335088,1.00357880597641,1.23922316506451,1.39815335755274,1.23922316506451
"hp_rno-mir-184_st",1.59406056078627,1.26502758265954,1.18830762199742,1.55881707767343,1.54939465967587,1.32621201333302,1.12344884040033,1.84999710637832,1.13843561068864
"hp_rno-mir-185_st",1.96270638547182,2.13750452513624,2.10746693359609,2.41365090979487,2.23298392097972,2.05275117373364,2.02926992285188,1.69538045543341,2.01033166085215
"hp_rno-mir-186_st",0.828004044988336,0.938363346581624,1.50497493391247,1.03143649322647,1.36717454606803,0.965804432832769,0.954544332155471,0.886942354054789,1.05154977823323
"hp_rno-mir-187_st",1.54074051411997,0.990337580817683,1.41208221871867,1.52854073296985,0.990337580817683,1.53524345610289,1.2788926888198,1.2145902736085,1.06957876815961
"hp_rno-mir-188_st",1.28131703770146,1.56825755482623,1.1017388968557,1.38878972146322,1.37584964785831,1.28131703770146,0.932589600224839,1.17304851339731,1.4203889941507
"hp_rno-mir-18a_st",1.53018811222358,1.57329153075292,1.50370269645998,1.53018811222358,1.64764463455644,1.69655877076159,1.3676790624999,1.60383990056431,1.39487327969753
"hp_rno-mir-190_st",1.41968642953278,1.2006717430963,1.57961514453619,1.80677041405601,1.40332115903987,1.44541503167683,1.08351387806075,0.756771144289878,1.40332115903987
"hp_rno-mir-190_x_st",1.27056739271914,1.29602543705933,1.10866556343929,1.52854073296985,1.28131703770146,1.0883605744076,1.10866556343929,0.847851919269291,0.935154629524326
"hp_rno-mir-190b_st",0.662047886614002,0.927781323910904,0.956703482214585,0.913072924553037,0.847758475511319,0.913072924553037,0.913072924553037,1.11583609748573,1.18115054652744
"hp_rno-mir-190b_x_st",1.4010630817494,1.2006717430963,1.23038801433232,1.13562945483821,1.16009890440131,1.03573534730995,1.08045789741269,0.973120405114521,1.62435948508136
"hp_rno-mir-191_st",2.1502253752057,2.23576631705065,1.29743777323977,2.37668138674392,2.12351809250375,2.12351809250375,2.12351809250375,2.12351809250375,2.12351809250375
"hp_rno-mir-192_st",1.07200311704127,1.07200311704127,1.22060719751161,0.858608967027698,1.47788013133942,0.691111896512164,1.11055453900948,1.07200311704127,1.07200311704127
"hp_rno-mir-193_st",1.40332115903987,1.40332115903987,1.40332115903987,1.40332115903987,1.19428721949074,1.30338402518274,1.40332115903987,1.24081210931619,1.44703942152608
"hp_rno-mir-194-1_st",1.13195028195924,0.950668057062392,1.04968059750483,0.924163610121209,0.629138279310988,0.847347612663502,0.993286761107073,1.05092355410548,0.993286761107073
"hp_rno-mir-194-2_st",1.23922316506451,1.1235391196887,1.27782169606344,1.08366972084981,1.2063419789091,1.42699956770889,1.23922316506451,1.4731052510027,1.23922316506451
"hp_rno-mir-194-2_x_st",1.00523717128324,1.27957593805146,1.51214200498645,1.44351358681935,1.17733761891909,1.05701634675296,1.28131703770146,1.44541524089349,1.09801328310672
"hp_rno-mir-195_st",1.36677489555827,1.45955100738175,1.20577595816767,1.2208246631725,1.27301217266948,1.15695348061009,0.977375339764336,1.37975485566073,1.09764056251191
"hp_rno-mir-196a_st",1.06857084729104,1.291867250623,1.5995589026188,1.26442616437186,1.18772081933858,1.26442616437186,1.31184536611729,1.14606259569842,1.3564339986047
"hp_rno-mir-196b_st",0.977375339764336,0.705341406450588,0.869239944108582,0.869239944108582,0.65903380994699,0.950668057062392,0.731136675179896,0.913072924553037,0.869239944108582
"hp_rno-mir-196c_st",1.10866556343929,1.07200311704127,1.04870149993039,1.16507626368612,1.07200311704127,1.15695348061009,1.10055964421233,1.01110636742104,0.967273386976581
"hp_rno-mir-199a_st",0.913072924553037,1.04829614401058,1.00994991388302,0.772302693470284,0.994501037506847,0.913072924553037,0.702866790391445,0.913072924553037,1.2006717430963
"hp_rno-mir-19a_st",0.995270352524915,1.40927429361586,1.07783785620111,1.26717764631945,1.07783785620111,0.975022278805349,1.23922316506451,1.21066663789344,1.30880183998087
"hp_rno-mir-19b-1_st",0.901724925683366,0.752911624300401,1.53736421713198,0.892218997847022,1.13609955390408,0.908947017323189,1.2933601102271,0.913072924553037,0.913072924553037
"hp_rno-mir-19b-1_x_st",1.40332115903987,1.21320772578558,1.08521747774185,1.03625722900104,0.836358757953178,0.940398343959699,1.10055964421233,1.10055964421233,1.19076972185999
"hp_rno-mir-19b-2_st",1.02953013584037,0.950668057062392,0.983549243217796,1.02738222366225,0.950668057062392,0.950668057062392,0.863284020470219,0.950668057062392,0.945326468824851
"hp_rno-mir-200a_st",0.962592062803299,1.30337356350295,1.53611661160088,1.40079057920553,1.80400735664119,1.78998287291727,1.80922743810386,1.37560856242471,1.40332115903987
"hp_rno-mir-200b_st",2.50965156746476,2.13739716644172,2.27335708353681,2.33777057649218,2.23734476197865,2.48294428476282,2.45612494372002,2.6556501006463,2.73294797079672
"hp_rno-mir-200c_st",3.6794271912394,4.07183017109891,3.94404730466685,3.88038394757835,3.98947528175261,3.96414114547504,3.8725843976499,3.96301701513607,3.97912791576335
"hp_rno-mir-201_st",1.03216240991256,1.25545881324453,1.03143649322647,1.08734338922669,1.01062922262683,1.11180341690119,1.03216240991256,0.967859994701264,1.25545881324453
"hp_rno-mir-202_st",0.664071883251039,0.913072924553037,1.2323525044001,0.909669469792352,1.07200311704127,1.20078646105455,0.71137958885165,0.913072924553037,0.913072924553037
"hp_rno-mir-203_st",1.10476011929581,1.17647734306099,0.923249597850354,1.00650697134794,0.950668057062392,1.28840354307914,0.977375339764336,0.910648575671374,1.00650697134794
"hp_rno-mir-204_st",0.977375339764336,1.1914865115667,0.671845005061977,0.92284152710006,0.87419887942775,1.40080043222689,1.17189054692976,0.988723338634007,0.674195822907883
"hp_rno-mir-205_st",1.40332115903987,1.62384250683144,2.66025255152929,1.6219179092958,1.40332115903987,1.45160907621068,1.37018096325687,1.1572800366345,1.88650685312866
"hp_rno-mir-206_st",1.40834034926961,1.23759415188611,1.04754504639238,0.845191172026602,0.950668057062392,1.23532144903676,1.04754504639238,1.40079057920553,0.98379062511682
"hp_rno-mir-207_st",1.66090259849433,1.1946524299163,1.40332115903987,1.47903626132054,1.6924965753798,1.58305093672117,1.55315920347235,1.80697609913032,1.42089137848495
"hp_rno-mir-208_st",1.1816042638588,1.50701352183424,0.942057546312435,1.1816042638588,1.05960014252039,1.39091818451899,1.26387394831322,1.23626190465718,1.07200311704127
"hp_rno-mir-20a_st",1.20152144487054,1.1081564538886,1.03143649322647,1.13961972737493,1.1081564538886,0.993847154779385,1.141037640044,1.1081564538886,1.1081564538886
"hp_rno-mir-20b_st",1.10866556343929,0.923398722744769,0.936730338016465,1.02980348466131,1.2633696896343,0.724784541393974,1.02980348466131,1.02980348466131,0.960428900482066
"hp_rno-mir-21_st",1.87915246695432,1.19636667413264,1.44389399773486,1.03143649322647,1.23527377162288,1.28131703770146,1.44192954830932,1.28131703770146,1.56715864413809
"hp_rno-mir-210_st",0.977375339764336,0.844546558072004,0.977375339764336,0.664653976211307,0.977375339764336,1.51145655469563,1.24157622602349,0.887165262116685,0.770983219693967
"hp_rno-mir-211_st",1.07200311704127,1.02802385921135,1.07200311704127,1.26408759841507,1.07200311704127,1.26604131498057,0.94063982261918,1.07200311704127,1.07200311704127
"hp_rno-mir-212_st",1.13192744308396,1.29602543705933,1.21366535718946,1.33606833569459,1.68268715093672,1.29602543705933,1.25219245661487,1.44209893769532,1.29602543705933
"hp_rno-mir-214_st",1.52854073296985,1.30489056088327,1.52854073296985,1.49150772446199,1.52854073296985,1.52854073296985,1.42587566406829,1.64801427447392,1.63268690123742
"hp_rno-mir-215_st",0.991582042956084,0.922094402830203,0.869239944108582,0.914352972743262,1.12474381877378,1.43231113919266,0.691422681094121,0.709874910595113,0.719694112243943
"hp_rno-mir-216a_st",1.23922316506451,1.20256071866648,1.40306880434617,0.913072924553037,0.969338048139706,1.04456203079012,1.07200311704127,0.979367413166485,1.07200311704127
"hp_rno-mir-217_st",0.977375339764336,1.01555027629541,0.777833281532789,0.962238963993959,0.896606903600258,0.836358757953178,1.0464984907502,0.977375339764336,1.2649741583076
"hp_rno-mir-218-1_st",1.03143649322647,1.03143649322647,1.20128846952336,0.88019332003016,0.950668057062392,1.28131703770146,0.867338290034438,1.03143649322647,1.07200311704127
"hp_rno-mir-218-2_st",1.10866556343929,1.17429762383299,1.12825435775441,1.32067740508499,1.17429762383299,1.05998832472378,1.21133063234086,1.11869492846607,1.77381262576369
"hp_rno-mir-219-1_st",1.1577950521107,1.10677287278239,0.977375339764336,0.83219301248896,0.977375339764336,1.15695348061009,0.895947226810527,0.977375339764336,0.895947226810527
"hp_rno-mir-219-2_st",0.974875846214797,0.950668057062392,0.974875846214797,0.919795028896229,1.06497735617161,0.947434759963651,0.974875846214797,1.06950362349173,1.06950362349173
"hp_rno-mir-22_st",1.40332115903987,1.40332115903987,1.30337356350295,1.40332115903987,1.40332115903987,1.40332115903987,1.52854073296985,1.34599226754763,1.43193581088503
"hp_rno-mir-220-1_s_st",1.61246507274821,0.829132995093876,0.993486367427714,1.73863747197869,1.30221937839772,1.38844814574068,0.950668057062392,1.49256389346701,1.2006717430963
"hp_rno-mir-220-2_s_st",1.11441464465001,1.20719075647349,1.32852581645237,1.12576264351969,1.2646576381877,1.00628910201562,1.10055964421233,0.939562337922658,0.869239944108582
"hp_rno-mir-221_st",1.06634208712937,1.23178739913043,1.10866556343929,1.08091017662718,1.04480889984364,1.07200311704127,0.734434755571166,1.05483826487042,1.21565851338461
"hp_rno-mir-222_st",1.27353163400949,0.859595466864248,1.23184986788729,1.68006585314244,1.3132779808411,1.28013778505809,1.10055964421233,1.23184986788729,1.20936919112995
"hp_rno-mir-223_st",1.21451143135275,1.17189272730807,1.38436340764965,1.09939491234564,1.15695348061009,0.968143752922972,1.41285690465616,1.37344162384099,1.19512036218287
"hp_rno-mir-224_st",3.41331418947343,3.39816067269896,3.4614263927062,3.53086229578504,3.53086229578504,3.35594950767041,3.53086229578504,3.66006010055609,3.55307235821782
"hp_rno-mir-23a_st",2.1951830104383,2.1053122253236,2.06507685528559,2.06507685528559,2.41261186885795,2.10254730656352,2.10254730656352,1.56014199547521,2.10254730656352
"hp_rno-mir-23a_x_st",2.08241741433721,2.28165249503604,2.06977113545996,1.86492722259233,2.12519420857307,2.13271966146302,1.95729744598833,1.9948516753031,2.31707642184835
"hp_rno-mir-23b_st",1.58039088564997,1.23998562496774,1.5552480156718,1.52854073296985,1.6790612045662,1.22577397207269,1.52854073296985,1.4909456004605,1.25674303703443
"hp_rno-mir-24-1_st",1.23184986788729,1.07200311704127,1.03143649322647,1.07200311704127,1.07200311704127,0.931232885958516,1.10055964421233,1.40079057920553,1.07200311704127
"hp_rno-mir-24-1_x_st",1.05404434123154,0.950668057062392,0.866244251772515,0.950668057062392,1.14680819960406,1.05701634675296,0.950668057062392,0.913072924553037,0.950668057062392
"hp_rno-mir-24-2_st",0.818556901825305,0.982655105017338,0.897896875322747,0.718066161184481,1.31330408565641,1.37996978833638,0.869239944108582,1.39057622173684,0.982655105017338
"hp_rno-mir-24-2_x_st",1.84863159629651,1.87252846737356,1.83606803735176,1.86580409682012,1.78177960462068,1.84863159629651,1.75401800250328,1.80562968291709,1.84863159629651
"hp_rno-mir-25_st",2.12737102377443,2.0844929602784,2.18116542640538,2.04987520273043,1.81762055276322,2.33531184437225,2.04987520273043,1.98557278751913,1.94173980707467
"hp_rno-mir-26a_st",1.30944650982113,1.37871412445997,0.906582102709806,1.2909965387022,1.15695348061009,0.906582102709806,1.15084505822455,1.50230381011001,1.13756241144021
"hp_rno-mir-26b_st",1.10866556343929,0.836358757953178,0.819693783225241,0.950668057062392,1.00706189346015,1.43268346490281,0.894157048636381,1.0958054390106,0.943654479933725
"hp_rno-mir-27a_st",1.40141971418239,1.11286460618028,1.29795388048073,1.03143649322647,0.700370805921575,1.1235224425289,0.97492548480046,1.03143649322647,1.02336089235697
"hp_rno-mir-27a_x_st",1.19766143607795,0.978929970396424,1.03966392970105,0.877384605132744,1.19642016214131,1.05701634675296,1.22595903366897,1.01002627081587,1.283444519764
"hp_rno-mir-27b_st",1.05701634675296,1.26926708288534,1.33784300979032,1.05701634675296,1.05701634675296,1.05701634675296,1.00851443567105,0.965736431874011,1.25870968245435
"hp_rno-mir-28_st",1.7117253588082,1.80525961971886,1.67329809216884,1.35380331179551,1.59252965600476,1.66160422337553,1.66160422337553,1.62400909086617,1.80525961971886
"hp_rno-mir-290_st",1.2006717430963,1.2006717430963,1.08636244398709,1.37200486540651,1.29529952037323,1.08636244398709,1.2006717430963,1.02903355249484,1.2006717430963
"hp_rno-mir-290_x_st",1.00408262246628,0.977375339764336,0.87145062959513,1.05814377592841,0.934756635719655,0.977375339764336,0.977375339764336,0.977375339764336,0.977375339764336
"hp_rno-mir-291a_st",1.14560548174042,1.25158125788703,1.44389399773486,1.15695348061009,1.15695348061009,1.1738443539397,0.943352551235501,1.08130306652912,1.29602543705933
"hp_rno-mir-292_st",1.18634853098349,1.0096867688467,1.10407884652907,1.36208547386554,1.10407884652907,1.28131703770146,1.30802432040341,1.15698097714114,1.1945761096505
"hp_rno-mir-292_x_st",1.40332115903987,0.936082799263443,0.900831331035914,1.03143649322647,1.03143649322647,0.887781096883133,1.03143649322647,0.851416752759512,1.03143649322647
"hp_rno-mir-293_st",0.84135377366014,0.93932710868974,0.67237391909725,0.857891945238911,0.950668057062392,1.03140287915388,0.801498108841154,0.857891945238911,0.815650259357707
"hp_rno-mir-294_st",0.977375339764337,0.985095976628641,0.747881042784479,1.03388634819035,0.973015069387992,1.38372176368151,0.903667863674832,0.690766937052469,1.41683886069664
"hp_rno-mir-294_x_st",1.10177250129597,1.2006717430963,1.06494730095308,1.13438320403192,1.15695348061009,1.15695348061009,1.1955049025783,1.15695348061009,1.15695348061009
"hp_rno-mir-295-1_s_st",1.09168463887355,0.850720461525464,1.02258533475087,0.950668057062392,0.950668057062392,0.950668057062392,0.869239944108582,0.779029866460931,1.2006717430963
"hp_rno-mir-295-2_s_st",1.01444286828336,0.851633554098073,0.825696646649211,1.05448576691861,1.52589773790166,1.05701634675296,1.06510080049883,0.885378156151503,1.2159465392412
"hp_rno-mir-296_st",1.19483125809062,1.41255790839378,1.44389399773486,1.66394840454999,1.32245639843697,1.62740390661885,1.54538669008612,1.32129433208591,1.48446062154966
"hp_rno-mir-297_st",0.786365853521416,1.2006717430963,1.07200311704127,1.02903355249484,1.36035159449344,1.2006717430963,1.02903355249484,1.02903355249484,0.886833371152226
"hp_rno-mir-297_x_st",1.44550858861221,1.15695348061009,0.836358757953178,1.31662189859679,1.24190384417891,1.09999397017869,1.32421982053374,0.955400552857401,1.11782770046337
"hp_rno-mir-298_st",1.10866556343929,1.0663857593597,0.869239944108582,1.26442616437186,0.985442864861291,1.07200311704127,0.998006423806046,1.07200311704127,1.07200311704127
"hp_rno-mir-299_st",0.977375339764336,1.1914865115667,0.765030851602649,0.947473960129981,0.977375339764336,1.05701634675296,1.95012428864777,1.24545296173874,0.89369947765768
"hp_rno-mir-299_x_st",1.18537090847257,1.02737340209567,0.940921790236515,1.14870846207455,1.14870846207455,1.35802238273474,1.28686360082383,1.14870846207455,1.14870846207455
"hp_rno-mir-29a_st",0.748270995812526,0.743744728492401,1.07933668311742,0.828965305217135,1.17396446039436,1.16076479607123,1.07933668311742,1.36800492237847,1.2006717430963
"hp_rno-mir-29b-1_st",1.3070110367427,0.948483287545462,0.977375339764336,1.13957188888222,0.934756635719655,1.02566325693514,0.977375339764336,0.977375339764336,0.774972353630496
"hp_rno-mir-29b-1_x_st",1.13287487537393,1.06497735617161,0.91475460882746,0.805485729787015,0.950668057062392,0.935681286774085,1.23835554139945,0.950668057062392,1.40768329754108
"hp_rno-mir-29b-2_st",1.12897055247099,1.05705388302548,0.869277480381103,1.05452330319113,1.05705388302548,1.05705388302548,1.07735887205718,0.889872152397882,1.07200311704127
"hp_rno-mir-29b-2_x_st",1.21712085344285,0.922134889285916,1.27214822435116,1.09017322850846,1.2145902736085,1.56331319018807,1.23922316506451,0.913072924553037,1.2145902736085
"hp_rno-mir-29c_st",0.978109143313537,0.950668057062392,1.10252618841357,1.14584045826298,1.14220713728891,0.948648999604989,0.763689557775599,0.961794823907819,1.12891236596947
"hp_rno-mir-300_st",1.04194797194134,0.873962712029111,1.10055964421233,1.03623919354316,1.02938441299659,1.48267706817792,1.10055964421233,1.07200311704127,1.22060719751161
"hp_rno-mir-300_x_st",1.13939894249377,1.03081976679941,1.07200311704127,0.950668057062392,0.873953890462532,0.836358757953178,0.856040279785458,0.950668057062392,0.950668057062392
"hp_rno-mir-301a_st",1.35625328337361,1.07794618022584,0.7439708635129,1.14870846207455,1.16966432809473,1.05701634675296,1.14870846207455,1.27004352205343,1.2187164113086
"hp_rno-mir-301b_st",0.857891945238911,0.748090779117898,0.857891945238911,0.934606111838771,0.857891945238911,0.950668057062392,0.988449546864126,0.934606111838771,0.772941581670089
"hp_rno-mir-301b_x_st",0.977375339764337,1.31260377405991,1.05642177409704,1.1331359406969,1.1331359406969,1.10324448248363,1.10055964421234,1.24931798311962,1.1331359406969
"hp_rno-mir-30a_st",1.23922316506451,1.25057116393418,1.11277077608974,1.00630545871882,1.34448601161795,1.29808877098666,1.25057116393418,1.2616979307796,1.45333433686686
"hp_rno-mir-30a_x_st",1.67562796452599,1.17054878906177,1.07518256725122,1.39467086884516,1.10866556343929,1.33240806972038,1.05112659062701,1.24552415654436,1.10866556343929
"hp_rno-mir-30b_st",1.10055964421233,1.15736191620716,0.923625058874946,1.01004494122238,1.10055964421233,1.54551792396062,1.10055964421233,1.10055964421233,1.08044012186473
"hp_rno-mir-30c-1_st",1.2145902736085,1.2145902736085,1.18331683638342,1.44578414893362,1.11464267807157,0.915944253067363,1.10055964421233,1.2145902736085,1.29602543705933
"hp_rno-mir-30c-1_x_st",1.27999868574951,1.35147163500724,1.14870846207455,1.14870846207455,0.828901181095425,1.23013657502836,1.15128195096178,1.14870846207455,1.02348888814457
"hp_rno-mir-30c-2_st",1.78659222539551,1.91072954127447,2.4031659490958,2.0352934425701,1.72586985626887,1.99249275030701,1.72102548297693,1.91072954127447,1.89347714996364
"hp_rno-mir-30c-2_x_st",0.857110117016759,1.30880713875205,0.977375339764336,0.939780207254982,1.15695348061009,0.977375339764336,0.646309652459441,0.65633901748622,0.977375339764336
"hp_rno-mir-30d_st",1.74639312891396,1.72873041701531,1.57917308089072,1.40079057920553,2.45942903063665,1.63870410329009,1.99741816685299,1.8110604304489,1.74639312891396
"hp_rno-mir-30e_st",1.2648415259208,1.25227796697604,1.29489667102072,1.70746813555693,1.29489667102072,1.94614732873098,1.17523031795872,1.29489667102072,1.07200311704127
"hp_rno-mir-30e_x_st",1.23922316506451,1.26312003614156,1.03143649322647,1.41055628737472,1.5103160441698,1.29229896619455,1.3190062488965,1.11034790845954,1.40332115903987
"hp_rno-mir-31_st",1.49974269334742,1.32009949379593,1.60787808900317,1.49974269334742,1.49974269334742,1.28131703770146,1.79021087366354,1.6588143928828,1.49974269334742
"hp_rno-mir-32_st",1.31517201765514,1.07200311704127,0.995283156379141,1.03440798453192,1.33356859791264,1.07200311704127,0.870309781339883,1.07200311704127,1.15717451127824
"hp_rno-mir-320_st",1.41254463675291,1.57549998452174,1.45245374032649,1.52854073296985,1.68122295273958,1.7661733163084,1.60220726722369,1.51610971347969,1.50860302230285
"hp_rno-mir-322_st",1.01819956434247,1.10055964421233,1.1552795403019,0.955377316936958,1.10055964421233,1.10055964421233,1.12726692691428,0.942333391767821,1.07200311704127
"hp_rno-mir-323_st",1.35428447580429,0.979962237255624,0.871700093903028,1.21966086590794,1.18194259183966,1.28131703770146,1.24639762500433,1.1012972972345,0.908466736403208
"hp_rno-mir-324_st",1.39387573352691,1.29602543705933,1.58534300496467,1.79027357140273,1.32049488662244,1.11877568188553,0.727744815910269,1.0625576915283,1.22241026488362
"hp_rno-mir-325_st",0.977375339764336,1.07200311704127,0.943408843564832,1.05408068479762,1.06232570333316,0.848153126854734,0.914837928427814,0.924867293454593,1.19937366449742
"hp_rno-mir-326_st",1.40332115903987,1.40332115903987,1.31131497938287,1.40332115903987,1.40332115903987,1.40332115903987,1.2319748006238,1.77267524501893,1.3225527228758
"hp_rno-mir-327_st",0.957185540118859,1.33056505109126,1.1589268604898,0.913174755410884,1.56205390223275,0.836358757953178,1.10125696482992,0.956156637060092,1.03759180051092
"hp_rno-mir-328_st",1.42912943692829,1.26170717533881,0.92611522071379,1.66160422337553,1.471021095999,1.65995440421328,1.54939465967587,1.59322764012032,1.54939465967587
"hp_rno-mir-329_st",1.39648579646347,1.02099809834169,1.24101886992092,1.47412382760808,1.23848829008657,1.23848829008657,1.48571198535496,1.23848829008657,0.950668057062392
"hp_rno-mir-33_st",1.01403778616236,0.759885148019454,0.64557584891024,1.05814377592841,0.977375339764336,1.12002191512449,0.977375339764336,0.977375339764336,1.00683548347288
"hp_rno-mir-330_st",1.57383352830881,1.17661882050185,1.58661453768395,1.03143649322647,1.44054103704795,1.54939465967587,1.44054103704795,1.60210845118897,1.44054103704795
"hp_rno-mir-331_st",1.08810729359935,1.17549133019152,1.10055964421233,1.49004263640954,1.52650546348787,1.10055964421233,1.10055964421233,1.04323075272009,0.995794502066137
"hp_rno-mir-335_st",1.19121552774465,1.51696139678955,1.15695348061009,1.39686255736749,1.28131703770146,1.07959783296455,1.23768648003991,1.50444975213351,1.61690899232648
"hp_rno-mir-336_st",0.977375339764336,1.00069993358202,1.11009555376583,1.53351079320702,0.883753913921561,1.15695348061009,1.49038273943989,1.11009555376583,0.936584619850861
"hp_rno-mir-337_st",1.23922316506451,1.28294142755071,1.15427280149568,1.23922316506451,1.23922316506451,1.23922316506451,1.23922316506451,1.15427280149568,1.32065832851533
"hp_rno-mir-338_st",0.945034907298453,0.857891945238911,0.63021343433074,1.09352748276043,0.767790435282103,1.11041835609003,0.806476658152905,0.779029866460931,1.01682213772714
"hp_rno-mir-339_st",1.66160422337553,1.66160422337553,1.66160422337553,1.65907364354118,2.03648696827348,1.8894868398659,1.49750622940016,1.62108030388021,1.58095892877037
"hp_rno-mir-340_st",0.987330503460413,0.961478015198483,0.991851407304256,0.922131325422808,0.874910179921383,1.13782355950094,1.2500331232006,0.989219479030597,0.950668057062392
"hp_rno-mir-341_st",1.23379036759224,1.03143649322647,1.23379036759224,1.03143649322647,1.23379036759224,1.11373019732253,1.03102719465956,1.40079057920553,1.4578126876103
"hp_rno-mir-342_st",1.28131703770146,1.47901049492237,1.00195104580461,1.03143649322647,1.28131703770146,1.4299211181718,1.28131703770146,1.51853197154562,1.29602543705933
"hp_rno-mir-343_st",1.23922316506451,0.918628442407591,1.10639438337217,1.01388583810365,1.89356960274338,1.2063419789091,1.35969060137833,1.29685995806291,1.275629633242
"hp_rno-mir-344-1_st",0.979513524783539,1.09931668761169,1.15695348061009,1.17603085421155,1.09931668761169,0.941319181234786,1.04292285121393,1.34315378620712,0.925805753696721
"hp_rno-mir-345_st",1.26631619959164,0.927440422187592,1.02738801772452,1.46052961530191,1.40404895862377,1.16840459953568,1.29896220116089,2.0129447246846,0.950668057062392
"hp_rno-mir-346_st",1.40332115903987,1.40332115903987,1.40332115903987,1.4333689760956,1.52295801909505,1.68268715093672,1.19311502487828,1.40332115903987,1.40332115903987
"hp_rno-mir-347_st",1.47801631826637,1.12491386595529,1.19703573549217,1.23922316506451,1.65488726461956,0.950668057062392,1.80922743810386,1.50314538161061,1.35438046150044
"hp_rno-mir-349_st",1.26442616437186,1.26442616437186,1.23771888166991,1.26442616437186,1.26442616437186,1.26442616437186,1.0848480235261,1.43103526657264,1.05798217955234
"hp_rno-mir-34a_st",1.07200311704127,0.98719183888345,1.28103705659041,1.06947253720692,1.07200311704127,0.869649242675496,1.07200311704127,1.69206797061729,1.09615037982299
"hp_rno-mir-34b_st",0.977375339764336,1.2006717430963,1.26234383506835,0.977375339764336,0.977375339764336,1.15695348061009,1.25556581807379,0.805048005380826,0.662847824038212
"hp_rno-mir-34c_st",1.15695348061009,1.15695348061009,1.14488561520948,1.79027357140273,1.13024619790815,1.10530426392376,1.15695348061009,1.68850411570704,1.15695348061009
"hp_rno-mir-350_st",1.06475937635651,1.06475937635651,1.06475937635651,1.04786850302691,1.14970973992533,1.17906867546572,0.977375339764336,1.06475937635651,1.06475937635651
"hp_rno-mir-351_st",1.41110680883126,1.72696348365676,1.46535598318146,1.76882825762657,1.83724064899486,1.58262795202954,1.37249588721888,1.58262795202954,1.66406311548037
"hp_rno-mir-352_st",0.977375339764336,0.986729601686808,0.902318965087522,0.913072924553037,1.16535573700178,1.12131876196426,1.23565840409999,0.746187285786048,0.863302368166239
"hp_rno-mir-361_st",1.34028573258988,1.43240120018537,1.43240120018537,1.6144366645574,1.43240120018537,1.54013429923162,1.30111097651041,1.43469086595791,1.40332115903987
"hp_rno-mir-362_st",1.23922316506451,1.37829512151374,1.01959033541886,1.14870846207455,1.23922316506451,1.84297660952151,1.21609498683924,1.38105092426289,1.06571223114954
"hp_rno-mir-363_st",1.10866556343929,1.10866556343929,1.10866556343929,1.10866556343929,1.10866556343929,1.1255564367689,1.10866556343929,1.10866556343929,1.02723745048548
"hp_rno-mir-365_st",1.086893598846,1.086893598846,1.086893598846,1.37621116675134,0.950668057062392,1.086893598846,1.086893598846,1.53430697815984,1.086893598846
"hp_rno-mir-369_st",0.977375339764336,1.04529583433933,1.24554766502883,1.01959690158937,1.07200311704127,1.17906867546572,1.07200311704127,1.1271840963554,1.07200311704127
"hp_rno-mir-370_st",1.07200311704127,1.07200311704127,1.28131703770146,1.07200311704127,1.0572947176834,1.07200311704127,1.17466818594283,0.869649242675496,1.07200311704127
"hp_rno-mir-374_st",0.893916708695839,1.23669650655323,1.01340010322126,0.949097688009965,0.872383521410105,0.872383521410105,0.729818505503806,0.913072924553037,0.931511841205193
"hp_rno-mir-375_st",1.23208744247548,1.29602543705933,0.621600959797084,0.92528744212444,0.949756891687549,0.949756891687549,0.978313418858613,0.816464400426693,0.894312588717415
"hp_rno-mir-376a_st",1.11473871297774,1.07618729100954,1.0313857440449,1.03143649322647,0.790472315878383,0.950668057062392,1.09776419643527,1.29795388048073,0.888798587477667
"hp_rno-mir-376b_s_st",0.843174833153587,1.2958325532798,1.21936152023574,1.26285082957625,0.894103910898775,1.02736045170046,1.3671383102773,1.79309441580236,1.25677497713141
"hp_rno-mir-376b_st",1.26247002018852,0.965027384008208,1.24185509333816,1.57482802813693,1.07242921852182,1.28562210666512,1.21883946252697,1.0824585835486,1.2006717430963
"hp_rno-mir-376b_x_st",1.08456667598603,1.07200311704127,1.07200311704127,1.09720611634862,1.12666054862298,1.05701634675296,0.981901607084461,1.07200311704127,0.821778016526445
"hp_rno-mir-376c_s_st",1.07141333653182,1.19850713747043,1.328180300846,1.15219714821066,0.859151973967066,1.19362224705447,1.1733901107052,1.07684502503488,1.11932241287732
"hp_rno-mir-376c_st",1.11966955377285,1.05335476811152,0.968404404542702,1.05335476811152,0.95068969920996,1.05335476811152,1.05335476811152,1.51897032035902,1.2006717430963
"hp_rno-mir-376c_x_st",1.07538213698379,0.892370759341341,1.12801511842943,0.892370759341341,0.766922854874339,0.836358757953178,0.892370759341341,0.873829209231102,0.93698585865809
"hp_rno-mir-377_st",0.857891945238911,0.853365677918787,0.857891945238911,1.24696161002241,1.15695348061009,1.06417736878661,0.763264167961978,0.779029866460931,0.834141114111085
"hp_rno-mir-378_st",1.22613605838733,1.42242727124801,1.1017388968557,1.28131703770146,1.28131703770146,1.3580256153132,1.46880375736076,1.17572778202628,1.19636667413264
"hp_rno-mir-379_st",1.08629256364224,0.964811780819581,0.964811780819581,0.847269184611627,0.964811780819581,0.964811780819581,0.977375339764336,0.884739635889552,0.891248442441544
"hp_rno-mir-379_x_st",1.10866556343929,1.29602543705933,1.07434005393887,0.87144236838096,0.840383088649453,1.13166894543112,1.039925146881,1.07434005393887,1.07434005393887
"hp_rno-mir-380_st",1.07190241141415,1.2006717430963,1.10047332655117,1.52854073296985,0.95439982591518,0.898754121814265,1.06315686375487,1.17718749315103,1.10047332655117
"hp_rno-mir-381_st",0.869239944108582,1.16221319468892,0.856676385163827,1.03333814730061,0.869239944108582,0.950668057062392,0.869239944108582,0.869239944108582,0.78311304678579
"hp_rno-mir-382_st",1.13657209101578,0.969352042992548,1.18708858546584,1.44087642920944,0.759145908830956,0.969352042992548,0.869239944108582,1.013185023437,0.969352042992548
"hp_rno-mir-383_st",1.15695348061009,0.774688484503637,1.15695348061009,1.22787745467808,1.44088575686899,0.925213298938778,0.83336493938835,1.16633430029066,1.12029103421207
"hp_rno-mir-384_st",1.23692641955194,1.07200311704127,0.997500800221234,1.03143649322647,1.05943955809652,1.39499966659967,1.07200311704127,1.07200311704127,0.997500800221234
"hp_rno-mir-409_st",1.05629579570282,0.92302224349521,1.32624587603084,1.14870846207455,0.83229566682238,1.143679832295,1.02275387778712,0.849350792718824,0.953630726801258
"hp_rno-mir-410_st",1.06038107797123,1.06038107797123,1.00741194843693,1.03952715126522,1.06038107797123,0.811675470536207,1.1781155116678,1.22194849211225,1.29602543705933
"hp_rno-mir-411_st",1.0484776465775,0.850711639958885,1.02737340209567,1.02737340209567,1.23002281803925,1.06683534645897,1.09167581730697,1.20403516423246,0.950668057062392
"hp_rno-mir-412_st",0.869239944108582,1.27839523711164,0.977375339764336,0.825260686278665,0.826621240063901,0.74001773119898,0.869239944108582,1.29265518354977,0.842532661406638
"hp_rno-mir-421_st",1.44367739515311,1.86560012955872,1.16450830510472,1.52378880457036,1.26138529443471,1.4470746379705,1.35969060137833,1.25267449038016,1.20884150993571
"hp_rno-mir-423_st",7.76632336480291,8.00834495669512,7.93867036058747,8.03786384486466,7.86468956035178,7.86468956035178,7.73316257507924,7.79205478324356,7.78603668969937
"hp_rno-mir-425_st",2.51227220795545,2.24409230847406,2.43776989113541,2.46921405208873,2.15686434796735,2.27324882892483,2.75032247525136,2.37935073862763,2.4073348986867
"hp_rno-mir-429_st",1.0606551181716,0.821631739140983,2.06036311198404,0.821631739140983,1.15695348061009,0.770336316767434,1.4748675241526,1.07200311704127,1.07200311704127
"hp_rno-mir-431_st",1.10866556343929,1.47297854858241,1.10866556343929,1.21925194164505,1.10866556343929,0.750158789883251,1.10866556343929,1.05133667194705,0.935154629524326
"hp_rno-mir-433_st",1.15695348061009,1.27449607681805,1.24124458179129,1.06172230880195,1.15695348061009,1.15948406044444,1.15695348061009,0.982040692495464,1.2006717430963
"hp_rno-mir-434_st",1.10866556343929,1.35537494321939,1.13787031294637,0.977286517443399,1.13621670993163,1.2145902736085,1.2145902736085,1.46500417209589,1.25822083127005
"hp_rno-mir-448_st",1.35041041012585,1.07200311704127,1.43252761508552,1.18631241615048,1.07200311704127,1.26595342313911,1.18631241615048,1.16167952469448,1.0328782888885
"hp_rno-mir-449a_st",0.991935003331017,1.07200311704127,0.901005059152424,0.913072924553037,1.01302052008997,1.06247112485413,0.913072924553037,0.913072924553037,0.753288642463879
"hp_rno-mir-450a_st",1.11931173516901,1.2006717430963,0.816816963001136,1.09260445246707,1.13907540476233,1.09260445246707,1.04897389480552,1.10263381749385,0.656075231548284
"hp_rno-mir-451_st",1.06083397083283,0.977375339764336,1.09305938514014,0.977375339764336,0.919817389021675,0.759885148019454,0.977375339764336,0.944842230858061,0.977375339764336
"hp_rno-mir-455_st",1.57329153075292,1.57329153075292,1.57329153075292,1.45112583896064,1.4512874094145,1.57329153075292,1.95012428864777,1.63247871672492,1.40332115903987
"hp_rno-mir-463_st",0.96362747455148,1.05825525182841,0.976827138874604,0.913072924553037,1.14320561539724,1.16555097380896,1.00358762754299,1.62059715803183,0.976827138874604
"hp_rno-mir-465_st",0.870027385786372,1.27126277971931,1.11892499264681,1.56180654818055,1.15695348061009,1.39753164230636,0.870027385786372,0.854481648767637,0.738299606344918
"hp_rno-mir-466b-1_x_st",0.895487077748266,0.950668057062392,0.895487077748266,1.21180941344109,1.15331747300597,1.05701634675296,0.787351682092512,0.821999431007361,1.07093327980997
"hp_rno-mir-466b-2_x_st",1.01246633415461,0.795229170800003,1.27126277971931,1.20307468382793,0.950668057062392,1.05701634675296,0.906835076617937,0.950668057062392,0.834486014639673
"hp_rno-mir-466c_st",0.977375339764336,1.23458007707467,0.869239944108582,1.26442616437186,1.07200311704127,1.14278015196007,0.977375339764336,1.07200311704127,1.07200311704127
"hp_rno-mir-466c_x_st",1.25483775440747,1.3974895018485,1.25230717457312,1.15916054330951,1.33003960549988,1.08233680286008,1.12183530011597,1.25230717457312,1.29602543705933
"hp_rno-mir-471_st",1.0566626350972,1.13787732051234,1.05855118544838,0.958409487149333,0.950668057062392,0.950668057062392,0.985116769851277,0.66595410282675,0.884846148771295
"hp_rno-mir-483_st",1.51236474592877,1.39965383046649,1.33318469978782,1.6671578126169,1.61765659913575,1.25495119988441,1.52302882185881,1.60561465822948,1.52302882185881
"hp_rno-mir-484_st",1.52465621901875,1.52465621901875,1.37583317595363,1.52465621901875,1.75981523209308,1.40332115903987,1.52465621901875,2.12671421826467,1.56780839316537
"hp_rno-mir-485_st",1.28131703770146,1.37594481497839,1.44926293439916,1.03680542989077,1.45659010958355,1.28131703770146,1.10055964421233,1.38724174787067,1.15697384601642
"hp_rno-mir-487b_st",1.02348888814457,0.994211354521763,1.24185509333816,1.14870846207455,1.463523856013,1.26007709177052,1.28276646252388,1.11147301130018,1.29602543705933
"hp_rno-mir-488_st",1.24157622602349,1.0828538316627,0.631442497752965,1.12859276691619,0.98108610270827,1.15695348061009,1.00142571870889,1.31174654729822,1.023352643965
"hp_rno-mir-489_st",0.933542359319881,0.869239944108582,0.987603512782015,0.825260686278665,0.906835076617937,0.906835076617937,0.961875647983367,0.86273113755659,0.869239944108582
"hp_rno-mir-490_st",0.940003981132347,0.950668057062392,0.979238972199409,1.20740196412921,0.950668057062392,0.829332997083513,1.11788810508563,0.950668057062392,0.950668057062392
"hp_rno-mir-493_st",0.857891945238911,0.819064415410768,0.935378514780112,0.711941712853142,1.30878714109407,0.914295587218915,0.914295587218915,0.93265328710038,0.916754479323758
"hp_rno-mir-494_st",1.01497047227369,0.950668057062392,0.950668057062392,0.950668057062392,0.950668057062392,1.07503161415376,0.977375339764336,0.695861010978014,0.950668057062392
"hp_rno-mir-495_st",1.05701634675296,1.46617163975602,1.00026499838641,1.04877132821742,1.05701634675296,1.05701634675296,0.977375339764336,1.63703830169372,1.05701634675296
"hp_rno-mir-495_x_st",1.24726623536472,1.14901308741685,1.14901308741685,0.785104886760343,1.35529851096456,0.954360420394485,1.23922316506451,0.854684047840683,1.06758497446305
"hp_rno-mir-496_st",0.775682004062949,0.990575004087461,0.666452929830669,1.05814377592841,1.10190461696058,0.81703056550784,0.895947226810527,0.867390699639462,0.869239944108582
"hp_rno-mir-497_st",2.14482751013677,1.52854073296985,1.36126230432633,1.52854073296985,1.52854073296985,1.52854073296985,1.52854073296985,1.3217598982661,1.52854073296985
"hp_rno-mir-499_st",1.02120832020879,0.677071521662137,1.22543724430326,0.913072924553037,0.836358757953178,0.929241330463,0.759761591629086,0.978693170471737,0.913072924553037
"hp_rno-mir-500_st",1.89934773305236,2.22346400857376,1.7880409563123,1.96073534872819,1.93068753167246,2.12351809250375,1.70291750451441,1.759049341071,1.93068753167246
"hp_rno-mir-501_st",0.965479140004934,0.836358757953178,0.590642846305675,1.23620044446924,0.913072924553037,1.02879062685034,0.869239944108582,0.913072924553037,1.04377739713865
"hp_rno-mir-503_st",0.981132736380333,1.06851677297251,0.927746541889752,1.01887899814907,1.06851677297251,1.03754770801077,1.33271765923166,1.2145902736085,0.865867357028932
"hp_rno-mir-504_st",1.34388160286037,1.62577382407318,0.914251461591776,1.54651608020795,1.43592970200219,1.48421761917299,1.88920341994994,1.2145902736085,1.50891931318467
"hp_rno-mir-505_st",1.23922316506451,1.79686203194424,1.24988724099455,1.30411463504817,1.23922316506451,1.10015120861527,1.01082254666117,1.28184186910919,1.12415169149278
"hp_rno-mir-511_st",0.936808715949537,1.17875346821125,1.03143649322647,1.03143649322647,1.05723176195578,1.28131703770146,1.03143649322647,0.951754876919989,1.03143649322647
"hp_rno-mir-513_st",0.920612911962465,0.950668057062392,0.779716876256148,1.02738222366225,0.950668057062392,0.950668057062392,1.21486894332155,1.1246588656739,0.84431976737182
"hp_rno-mir-532_st",0.800454747254109,1.18111993593278,1.2660702995016,1.32013145296374,1.18380061504719,1.34571130649023,1.77072104226704,1.2660702995016,1.58442865817649
"hp_rno-mir-539_st",1.17039295975084,1.06414988307511,1.05701634675296,0.827128480497813,1.07200311704127,1.05701634675296,1.23922316506451,1.13373051335282,0.751785563324888
"hp_rno-mir-540_st",0.857891945238911,0.997580916601026,0.940252025108779,1.37083499513318,0.940252025108779,0.980778406508255,0.940252025108779,0.940252025108779,0.874430116817683
"hp_rno-mir-541_st",1.07200311704127,0.966502455100264,1.29830194595436,1.26070681344501,1.18631241615048,0.857720353359608,1.07200311704127,0.979367413166485,1.07200311704127
"hp_rno-mir-542_st",1.5310369597944,1.02802385921135,1.24185509333816,0.970607458500453,1.41830792932818,1.47304811824672,0.992362110052643,0.913072924553037,1.07200311704127
"hp_rno-mir-543_st",0.840631007332493,0.8982113182006,1.06903162573582,1.03143649322647,1.19865633203304,0.728669732329309,0.975473685690192,0.68731854956748,0.662847824038212
"hp_rno-mir-544_st",0.950668057062392,1.13802793068243,0.950668057062392,0.915286895908028,0.877678445879909,0.728669732329309,0.927005316846664,0.913072924553037,0.950668057062392
"hp_rno-mir-547_st",0.866246690209085,1.14870846207455,1.20814793668236,1.14870846207455,1.119248318366,1.23365882564337,1.38122375798507,1.14870846207455,1.20814793668236
"hp_rno-mir-551b_st",1.09168463887355,0.983549243217796,1.22991692164758,1.18158964822996,0.883601647680868,0.950668057062392,1.06581892767221,0.898598879648974,0.777263819670095
"hp_rno-mir-568_st",0.863284020470219,0.950668057062392,0.977374434990694,1.31624684337859,1.03561842063121,0.950668057062392,0.869239944108582,0.913072924553037,0.950668057062392
"hp_rno-mir-582_st",0.857891945238911,0.977375339764336,1.02435380576696,0.913621125442769,0.977375339764336,1.29798052410105,1.11020412145667,1.22121243835977,0.831301839128344
"hp_rno-mir-592_st",0.960361324875814,1.187711997772,1.38832856087813,1.26442616437186,1.18365772820778,1.14618727692985,1.173628363181,1.38384741225323,1.18365772820778
"hp_rno-mir-598_st",1.1017388968557,1.07503161415376,1.0867655273151,1.03743648164441,1.03743648164441,1.28131703770146,0.883290063677534,1.03743648164441,0.884002354382417
"hp_rno-mir-615_st",1.08187005960701,1.03792851147171,1.50756352418884,1.2145902736085,1.08176149191617,1.41076779011713,1.2145902736085,1.2145902736085,1.35011265611902
"hp_rno-mir-628_st",1.03143649322647,1.1705084496757,1.03143649322647,1.03143649322647,0.934864090587612,1.43212269082779,1.31912397756353,0.692002642901262,0.759638797291049
"hp_rno-mir-632_st",1.07093327980997,1.42963453695439,0.725582950310053,1.07093327980997,1.10230298672801,0.913359352954434,0.869239944108582,1.07093327980997,1.03427083341195
"hp_rno-mir-652_st",1.5310369597944,1.5310369597944,1.36955876943768,1.44167207696989,1.71061510064016,1.5310369597944,1.49246615003562,1.5310369597944,1.5716035836092
"hp_rno-mir-652_x_st",1.52854073296985,1.52854073296985,1.52854073296985,1.52854073296985,1.56304775500022,1.46426868231665,1.29200833425957,1.49917317912751,1.60588004960908
"hp_rno-mir-653_st",1.2006717430963,1.40010617608152,1.2006717430963,1.01716183421231,0.91213404905738,1.2006717430963,1.22922827026737,1.2006717430963,1.2006717430963
"hp_rno-mir-664-1_x_st",0.748974721361005,0.950668057062392,1.12230624766385,1.26442616437186,0.90804935301771,0.766264864838663,0.920612911962465,1.07200311704127,0.950668057062392
"hp_rno-mir-664-2_x_st",1.15842181056482,0.828056593866718,0.893916708695839,0.869239944108582,1.1112468791312,0.618868566208295,0.869239944108582,0.676816896777996,0.828056593866718
"hp_rno-mir-665_st",1.32272566926425,1.18170908745309,1.2145902736085,1.27019296897542,0.971458377468131,1.35853369580842,1.59487745928256,1.2145902736085,1.2145902736085
"hp_rno-mir-666_st",1.68268715093672,1.34843260009796,1.77984342462645,1.68268715093672,1.76411526389053,1.66115396365099,1.29328759514279,1.83748021762485,1.69403514980639
"hp_rno-mir-667_st",1.21936694698889,1.31214305881237,1.24185509333816,1.09325101286782,1.31214305881237,1.47624105278774,1.52443202627299,1.42782710418817,1.34502424496777
"hp_rno-mir-668_st",1.23922316506451,1.17603885164029,1.37352046609673,1.2145902736085,1.37352046609673,1.2145902736085,1.2145902736085,1.2145902736085,1.2145902736085
"hp_rno-mir-671_st",1.70249568810498,1.42360203474544,1.14022896176227,1.63733320150565,1.79702829826183,1.37082778934163,0.869239944108582,1.19159072014178,1.47899734645713
"hp_rno-mir-672_st",0.944494153608932,0.886936202866271,0.944494153608932,0.727003961864049,0.844546558072004,1.07001114099255,0.977375339764336,1.26516771852159,1.18467959679706
"hp_rno-mir-673_st",1.09800667419474,1.22456861417335,1.25625245366944,1.13691752877473,1.52370013877657,1.2006717430963,1.2006717430963,1.07200311704127,1.2006717430963
"hp_rno-mir-674_st",1.08797428806944,1.72873041701531,1.15528050911247,1.66160422337553,1.44389399773486,1.92128554036946,1.47060128043681,1.28496380524663,1.44389399773486
"hp_rno-mir-674_x_st",1.36246205522441,0.94242303852685,1.07927255899571,1.14870846207455,0.950668057062392,1.14870846207455,1.27881461722726,1.70514898380848,1.4066836192069
"hp_rno-mir-675_st",1.0606551181716,1.13071289079197,0.895068531703881,1.26442616437186,0.967856948773698,1.03912193088587,1.80805297663845,1.07200311704127,1.07200311704127
"hp_rno-mir-678_st",1.26540382826903,1.29602543705933,1.32273271976127,1.23869654556708,1.23869654556708,0.947396662122172,0.971933273473484,1.63113772463285,1.03241112201938
"hp_rno-mir-708_st",1.02342584522216,0.950668057062392,0.929641114476348,1.01974262443316,1.01974262443316,1.34034780876987,1.24635613687131,0.763689557775599,1.04297025930796
"hp_rno-mir-708_x_st",0.977375339764336,0.977375339764336,0.823941212502348,0.977375339764336,0.911743279370636,0.985620358299878,0.933744782102789,0.709389405004862,1.00060712858819
"hp_rno-mir-711_st",1.18013851269702,1.07200311704127,1.758428599225,0.859229349025169,0.849466136064961,1.00441167630055,1.07200311704127,1.07200311704127,1.07200311704127
"hp_rno-mir-742_st",1.31647687113607,0.836358757953178,0.822260090272331,1.02466307640617,1.1835932688944,0.967026283407765,0.787448142562009,1.02466307640617,1.01074454589397
"hp_rno-mir-743a_st",1.07898118768426,1.07898118768426,1.82048753878116,1.02701790666251,0.899971968094591,0.700600220810565,1.2773892845628,1.07898118768426,1.07898118768426
"hp_rno-mir-743a_x_st",0.920573067769515,0.877427744227408,0.924406210230034,1.21301087728585,1.13630553225257,0.836358757953178,1.20989063567486,0.977375339764336,0.977375339764336
"hp_rno-mir-743b_st",1.03748996965307,1.03748996965307,1.00082752325505,0.913072924553037,1.28131703770146,1.1224403332219,1.22918565907584,0.922603127418166,1.07037115580848
"hp_rno-mir-758_st",1.07200311704127,1.08440875480086,1.07200311704127,1.49187828657183,0.91400561066437,1.52465621901875,1.07200311704127,0.779029866460931,0.84932845927903
"hp_rno-mir-758_x_st",1.249174741073,1.22061821390194,1.1768902276657,1.249174741073,1.00821056372492,1.40332115903987,1.249174741073,1.249174741073,1.36348404018222
"hp_rno-mir-759_st",0.977375339764336,1.17469037708045,0.954731148193189,1.07200311704127,1.07200311704127,1.07200311704127,1.23922316506451,1.07200311704127,1.29602543705933
"hp_rno-mir-760_st",1.15783936321672,1.79939834570978,1.11365153301938,1.54939465967587,1.54939465967587,1.54939465967587,1.65474045391485,1.85091200873133,1.54939465967587
"hp_rno-mir-761_st",1.32350749748641,2.01033166085215,0.966543408800903,1.2145902736085,0.915353336987853,1.2145902736085,1.23922316506451,1.2145902736085,1.2006717430963
"hp_rno-mir-764_st",1.51392694723105,1.48140999893342,1.44852881277801,1.52854073296985,1.34858121724109,1.51900513144277,0.936420575212279,1.62399715550065,1.64034019142165
"hp_rno-mir-770_st",1.05364470584501,1.05364470584501,1.37667310152527,1.21584125496289,0.874308948505566,1.09304886403766,0.86359560035127,1.2145902736085,0.874308948505566
"hp_rno-mir-7a-1_st",1.00808821435346,1.0544172702365,1.01682213772714,1.01682213772714,0.98394095157174,1.13113143683636,0.97472826509019,1.07200311704127,1.01682213772714
"hp_rno-mir-7a-2_st",0.869239944108582,0.836358757953178,1.11246219874714,0.869239944108582,0.755910799276974,0.842532661406638,1.25155520572257,0.869239944108582,0.869239944108582
"hp_rno-mir-7b_st",0.852701772529811,0.919449273843431,0.918333832923512,0.854579618601944,0.768442245773568,1.38077851461045,0.946890360094576,1.11946504462341,0.869239944108582
"hp_rno-mir-802_st",1.18537090847257,0.679591315615181,1.12955224621735,1.14870846207455,1.15695348061009,1.00715724137434,0.986511912956663,1.2145902736085,1.2006717430963
"hp_rno-mir-871_st",1.36055822504338,1.07200311704127,1.03534067064325,1.2721219531505,0.876925381767978,1.07200311704127,0.940712893366315,1.03440798453192,1.07200311704127
"hp_rno-mir-871_x_st",1.18668926042453,1.28131703770146,1.27616523766807,1.28131703770146,1.28131703770146,1.26633026741315,1.18668926042453,1.28131703770146,1.40998566375649
"hp_rno-mir-872_st",0.760618951568655,1.18631241615048,1.00822600780505,0.843080862296369,0.950668057062392,0.736385293380729,0.950668057062392,1.18631241615048,0.771966950438326
"hp_rno-mir-873_st",0.809820329487735,1.20899635926501,0.792183606710333,0.848934955076886,1.07200311704127,0.848934955076886,0.869239944108582,1.1339034503809,0.78311304678579
"hp_rno-mir-874_st",2.53577115711782,2.31511356831803,2.73965266849742,2.69358613338125,2.53577115711782,2.53577115711782,2.56332684742351,2.39182773491789,2.54576568146226
"hp_rno-mir-875_st",1.10866556343929,1.10866556343929,1.03457140967475,1.15681438130151,1.10866556343929,1.27276355741466,1.01403778616236,1.10866556343929,1.20505754094544
"hp_rno-mir-876_st",1.34168832490746,1.2006717430963,0.983181551351418,1.2006717430963,1.2006717430963,1.05701634675296,1.10055964421233,1.02065200262934,1.36990699296613
"hp_rno-mir-877_st",1.40332115903987,1.29602543705933,2.20665093912247,1.05729909285008,1.09352201560275,1.07853524531444,1.44591702420927,1.44144222151393,1.10499617728798
"hp_rno-mir-878_st",0.857891945238911,0.914694217233733,0.898611166268882,0.913150089646188,1.20031141008906,0.837586956207215,0.887947090338838,0.887947090338838,0.779811694683084
"hp_rno-mir-879_st",0.974142042665596,0.950668057062392,1.11951818865392,0.950668057062392,1.33225744212097,0.833125460854437,0.950668057062392,0.870595912132362,0.920004377506902
"hp_rno-mir-880_st",0.977375339764336,0.977375339764336,0.977375339764336,0.869565474861818,0.985620358299878,1.05409530042647,0.86499235719638,0.977375339764336,0.977375339764336
"hp_rno-mir-881_st",0.873338278452373,0.851805091166639,0.743232123299663,0.727388046066603,1.00663076971323,1.28131703770146,0.9575375627776,0.794476199674392,0.966114390275853
"hp_rno-mir-883_st",0.917791100548003,0.881128654149982,0.98107624968691,1.03513740314904,1.15372772394908,0.98107624968691,1.10055964421233,0.944413803288888,0.98107624968691
"hp_rno-mir-9-1_st",0.977375339764336,0.73641116241625,0.869239944108582,0.711941712853142,1.38535409901342,0.955822268910197,1.10259491369431,1.3004037354446,1.04374120370724
"hp_rno-mir-9-1_x_st",1.10866556343929,1.3045394923575,0.939685708876402,1.12520373501806,1.28131703770146,1.12520373501806,0.895606531686589,1.12520373501806,1.12520373501806
"hp_rno-mir-9-2_st",0.857891945238911,0.902708677772097,1.48024191870574,0.886913842740824,0.950668057062392,1.12417899097736,0.950668057062392,1.04529583433933,0.950668057062392
"hp_rno-mir-9-2_x_st",1.50804350392383,1.2006717430963,0.998639053579791,1.02121012461348,1.53623897327519,0.913737440851718,0.977375339764336,1.05868057589141,1.49569707390652
"hp_rno-mir-9-3_st",3.90511750655618,3.32464061753348,3.90511750655618,3.73212431466567,3.90511750655618,4.26716897866695,4.00586161483566,4.75968802059102,3.63836998594883
"hp_rno-mir-9-3_x_st",1.97635034969368,1.64721658810332,1.82048753878116,2.80089339870568,1.82048753878116,2.26832855587214,1.51612913417821,1.6488493481797,2.07049122481506
"hp_rno-mir-92a-1_st",1.08242751831242,0.901945042695181,1.57696054989075,0.98271347885926,0.964251214692857,0.990958497394801,1.10055964421233,0.990958497394801,0.990958497394801
"hp_rno-mir-92a-1_x_st",1.47772105837207,1.03688900077351,0.988601083602712,1.11765743693759,0.885120150310856,1.03688900077351,1.15472450881368,0.927738854355538,0.662847824038213
"hp_rno-mir-92a-2_st",1.25691549844807,1.44389399773486,1.32635140152691,1.73891932854508,1.44389399773486,1.42890722744655,1.44389399773486,1.44389399773486,1.92535406255211
"hp_rno-mir-92a-2_x_st",0.898458569053711,1.26217466228797,0.821631739140983,1.07200311704127,1.16210462699808,0.950668057062392,0.894185854026809,1.41735344654119,1.07200311704127
"hp_rno-mir-92b_st",1.5310369597944,1.68380907723998,1.40256436767525,1.52854073296985,1.51130812569259,1.70469913594006,1.45105927748523,1.28652846055106,1.43708221085126
"hp_rno-mir-93_st",1.77101714079757,1.49830944938589,1.64953635797491,1.6250669084118,1.86439088364193,1.86379325262105,1.88085605807867,1.64953635797491,1.54135885826395
"hp_rno-mir-935_st",2.18326887283858,2.14845145631696,1.75851613632117,2.08230735446864,2.31550879368567,2.41983029588251,2.38755455461919,2.57780630955858,1.90380035487261
"hp_rno-mir-96_st",0.977375339764336,1.40306880434617,0.983798130239181,1.1345374650404,1.09070448459594,0.840700798562036,1.3220241846997,1.09070448459594,1.18348059641942
"hp_rno-mir-98_st",1.10055964421233,1.3883420830322,1.10055964421233,1.07947671665114,1.18198775716614,1.18198775716614,0.877263240880371,1.54939465967587,1.10055964421233
"hp_rno-mir-99a_st",1.31109989857696,1.13542029332436,1.15695348061009,1.33630289788431,1.00675166726933,1.14224508125223,1.15695348061009,1.14933882383656,1.15695348061009
"hp_rno-mir-99b_st",3.86154662004468,3.64338984246143,3.63321348726156,3.70549097616644,3.63321348726156,3.63321348726156,3.53638911141208,3.63321348726156,3.63321348726156
"hru-miR-1984_st",0.857037310161161,1.05873064586255,0.867701386091205,1.00670320028525,1.15695348061009,1.15695348061009,1.11332292294855,1.50935176104061,1.2454295444945
"hru-miR-1985_st",0.786569853870359,0.855436885254245,1.57564607727763,0.950668057062392,0.873953890462532,1.12440476987665,1.0807742122151,0.988138508340316,0.950668057062392
"hru-miR-1986_st",0.891561877928233,1.44389399773486,0.982125982440034,1.25204617922941,1.18269629222772,1.0520133135751,1.43230049924916,1.2145902736085,1.29602543705933
"hru-miR-1990_st",1.4882715226087,1.39259783969818,1.03561842063121,1.12608045244393,1.15695348061009,1.15695348061009,1.23532704428696,0.947639559949902,0.983442546695127
"hru-miR-1991_st",1.11489512429497,0.938363346581624,0.994375347969787,1.03143649322647,1.03143649322647,1.54939465967587,0.893560334958793,0.868927443502785,1.30267633172475
"hsa-let-7a-2-star_st",2.14482751013677,1.43179160841408,1.58127574560161,2.26144564029383,2.14482751013677,2.43910779574483,2.24557161841625,1.34894601762792,2.6585302995276
"hsa-let-7a-star_st",1.07214883988505,0.950668057062392,0.867209425993894,0.804717824676622,0.950668057062392,0.942926626975451,1.23922316506451,1.12732981919918,0.950668057062392
"hsa-let-7a_st",13.4314649383266,13.3999369727172,13.4964716305409,13.3856269838747,12.9902632495167,12.8635910245251,13.4782832772816,13.3056694085193,13.4639277510324
"hsa-let-7b-star_st",1.67395006482889,2.32348218965719,1.49687877976172,1.79027357140273,2.92465825609643,1.90714413951437,2.4693521882622,2.07317975272117,2.05926122220897
"hsa-let-7b_st",13.8572945200689,13.9750324208124,13.9101174223061,13.9295340535351,13.8227304714804,13.8261136602912,13.8776082459142,13.8413154964329,13.8152610703326
"hsa-let-7c-star_st",1.23922316506451,1.1601051192815,0.857746222395128,1.03143649322647,1.07200311704127,0.938106794548417,1.83311411390786,0.807414173208413,1.3743758146959
"hsa-let-7c_st",12.5760087756123,12.4461380123311,12.5793271806221,12.4733796252612,12.1027464972888,12.0640573364572,12.637861931638,12.366061984839,12.4495050463458
"hsa-let-7d-star_st",2.38439890192238,2.26656433556463,1.40563812348535,2.47460730685258,2.104864271009,2.104864271009,1.91783689808801,1.73035017842871,3.14320364765842
"hsa-let-7d_st",12.2139328515059,12.2838662388585,12.2417325936884,12.3080461396918,12.1147206148875,12.0872273276555,12.2139328515059,12.0889322246623,12.2473577733182
"hsa-let-7e-star_st",1.52148804181889,1.31193131268286,1.02619688965703,1.40332115903987,1.40332115903987,1.52322233832108,1.95012428864777,1.40332115903987,2.01033166085215
"hsa-let-7e_st",11.804053735532,12.1443456143634,11.9604544508444,11.9250554283196,11.9208254564365,11.9208254564365,11.9208254564365,11.8749996669425,11.7632370737633
"hsa-let-7f-1-star_st",1.49404017183112,1.12178577080808,2.17964133847567,1.64980077276369,1.53408307046638,1.80216069244079,1.13434932975284,1.40079057920553,2.14109357227865
"hsa-let-7f-2-star_st",0.950668057062392,0.950668057062392,1.25460975499952,0.805485729787015,1.13024619790815,0.873953890462532,0.869239944108582,0.950668057062392,0.829332997083513
"hsa-let-7f_st",9.32461743859364,9.49207610740132,9.27865048752495,9.27645530102461,8.68493387771834,8.586665088878,9.28294148878572,8.79018859162064,9.57262195177773
"hsa-let-7g-star_st",0.938537239844072,1.28131703770146,0.960643472788801,1.74224951798069,1.56183654462243,1.9808715171436,1.23922316506451,1.12309078525695,1.79927520415086
"hsa-let-7g_st",8.5659213105662,8.84775443646399,8.70319741208064,8.77317283810287,8.13442571179221,7.89924901026639,8.77780436775955,8.29730827399403,9.12237628066773
"hsa-let-7i-star_st",1.84863159629651,1.29602543705933,2.11333169756916,1.95621801676252,1.68268715093672,1.84863159629651,2.11606873400756,1.71533910503566,2.18037685827047
"hsa-let-7i_st",9.91827627310636,9.97981217586665,10.0512408661918,9.94865245366035,9.72714444265931,9.71009294238389,10.1111978819905,9.85501732000091,10.021233969596
"hsa-miR-1_st",0.748974721361005,0.993771475591727,0.977375339764336,0.950668057062392,0.950668057062392,0.728669732329309,0.869239944108582,1.2145902736085,0.950668057062392
"hsa-miR-100-star_st",0.912394480342243,1.22500382452225,0.576626880327091,0.968905488768254,0.999778516934416,0.515770937935279,0.766142315835566,0.968905488768254,1.23542287602251
"hsa-miR-100_st",11.6142281262327,11.7335361075474,11.661749859297,11.5608052661318,11.5600974337607,11.61300997846,11.544311705227,11.5994959850517,11.5399427646486
"hsa-miR-101-star_st",1.08551073542009,0.836358757953178,1.0914059691605,0.820077108508896,0.950668057062392,0.950668057062392,0.977375339764336,0.655845562012933,1.29602543705933
"hsa-miR-101_st",0.846781985998732,1.31330064396926,1.27272780527427,1.67725931924624,0.73641116241625,1.15695348061009,1.53101086960992,0.915420382005919,1.08284283836145
"hsa-miR-103-2-star_st",1.83915521298586,2.06977113545996,2.06977113545996,2.60584819846659,1.54939465967587,2.06977113545996,1.58083014054177,1.77053419883931,3.1915316874641
"hsa-miR-103-as_st",1.14004289114338,1.50462817173997,1.14870846207455,1.14870846207455,1.06794002591047,1.46630309857666,0.986511912956663,0.896301835309012,1.14870846207455
"hsa-miR-103_st",13.2966759491978,13.2321356554386,13.2367135462957,13.2607403104531,13.4212091134473,13.4552486513896,13.3473094133864,13.4006220209252,13.2550433759115
"hsa-miR-105-star_st",1.41880130591026,1.07727186430361,0.939216938136805,1.26442616437186,1.20524139778089,1.15695348061009,1.1358705530489,1.44907849637633,1.02366098934924
"hsa-miR-105_st",0.836358757953178,0.595394580605091,0.782611800909381,0.640766119066923,0.767284190582412,0.836358757953178,0.958412283865677,1.00045696114521,0.836358757953178
"hsa-miR-106a-star_st",0.748974721361005,0.850720461525464,0.950668057062392,0.805485729787015,0.950668057062392,1.35540565562404,1.11788810508563,1.21120840855917,0.715832171844993
"hsa-miR-106a_st",13.1163993842286,13.0286358356499,13.0094976575891,13.0196012728357,13.2008829998096,13.1712570960415,13.058847823913,13.1159973441868,12.9367284980839
"hsa-miR-106b-star_st",7.98895555774163,8.47421526554134,8.178569373999,8.53271425089562,8.54754014800601,8.4481151353826,8.20194460180657,8.40865018361067,7.99964256602455
"hsa-miR-106b_st",11.7899831284485,11.6889257546322,11.7557709471697,11.7463010662744,11.7463010662744,11.7463010662744,11.8210754907035,11.7569778405074,11.6386227836576
"hsa-miR-107_st",12.9277359831292,12.8379055277142,12.8103332485753,12.7664616073799,12.8555915671873,12.8990806987955,12.9136953442026,12.8400004550819,12.7847127496378
"hsa-miR-10a-star_st",0.974904675576661,1.21678917137491,0.876177630356108,0.924691930594161,1.07200311704127,0.950271784120654,1.35969060137833,0.9126766516113,1.01402599844222
"hsa-miR-10a_st",1.5310369597944,1.92128554036946,1.55763967821141,1.93107391698692,1.54939465967587,1.45770254435428,2.25355125223838,1.17971606406225,1.69671163466064
"hsa-miR-10b-star_st",1.13911106618054,1.10055964421233,1.15695348061009,1.2200331857164,1.10055964421233,0.950668057062392,0.568217327871879,1.30067848032156,1.08193560875598
"hsa-miR-10b_st",2.1171985359024,1.41626502350049,1.24496231687312,1.85058774047985,1.46622813486758,1.9808715171436,1.59905691655991,1.54939465967587,1.81299097345657
"hsa-miR-1178_st",0.847440864159337,0.886365641851092,0.759638797291049,1.03143649322647,1.68268715093672,0.861423707866709,0.913072924553037,0.857470229186116,1.0847111151545
"hsa-miR-1179_st",1.18299734367737,0.906010784019436,1.57292078064306,0.987404704791116,1.02100589742588,0.728669732329309,0.977375339764336,1.01847531759153,0.943571724346661
"hsa-miR-1180_st",7.93399495401163,8.30830325039286,8.02045125877007,8.26284092973053,8.29657540355873,8.2758984511199,8.11949859939636,8.01620699068445,7.76911093260982
"hsa-miR-1181_st",3.32484894422639,2.19959605395917,2.88462650327279,2.12033831009394,2.11594697747945,2.22827390325138,2.7236809355093,3.64148229433066,2.77735808653489
"hsa-miR-1182_st",1.84863159629651,1.38022883341586,1.15395339445529,1.00182107871459,1.66426955020775,1.21931127045947,1.29602543705933,1.29602543705933,1.29602543705933
"hsa-miR-1183_st",1.66160422337553,1.66160422337553,1.52058764156437,1.42872674007889,1.96554592131265,1.55424372746251,1.66160422337553,2.70541065925693,1.51171263622558
"hsa-miR-1184_st",5.80089189492642,4.37891363450121,3.42794718964324,3.29016988412543,5.18512103148506,5.82416462539527,5.65565911530151,5.88556808937526,4.78081460811878
"hsa-miR-1185_st",1.07200311704127,1.07200311704127,1.24185509333816,1.14870846207455,1.07200311704127,1.05701634675296,1.20256071866648,0.65633901748622,0.971879766785744
"hsa-miR-1193_st",1.49139765670274,1.24502997827296,1.18827862990641,1.40079057920553,1.20836753187494,1.24502997827296,1.24502997827296,1.24502997827296,1.24502997827296
"hsa-miR-1197_st",0.966904375116356,1.15695348061009,1.15695348061009,1.15442290077574,1.15695348061009,1.15695348061009,1.47090393997144,1.15695348061009,1.15695348061009
"hsa-miR-1200_st",0.977375339764336,0.959049606927889,0.783389628418875,1.14147354295637,1.40265209768034,0.957693817932056,0.977375339764336,0.779029866460931,1.07200311704127
"hsa-miR-1201_st",0.877643347416035,1.10544057128815,1.35160614763246,1.2006717430963,1.21452617167303,1.2006717430963,1.22530463455231,1.2006717430963,1.2006717430963
"hsa-miR-1202_st",3.49380398549901,2.439166235033,2.06977113545996,2.439166235033,2.58682811377132,2.05642015725409,2.439166235033,2.96510019385305,2.439166235033
"hsa-miR-1203_st",1.2006717430963,0.866417192257537,1.37332321735847,1.44789543836469,1.06877106662331,1.01846492478476,1.05572975576147,1.85953201433704,1.2006717430963
"hsa-miR-1204_st",0.947827001514902,0.57719040104682,0.653062678308588,0.926973074808886,0.947827001514902,1.58283438675692,0.746133665813515,1.2145902736085,0.947827001514902
"hsa-miR-1205_st",0.760618951568655,0.950668057062392,0.783389628418875,0.913072924553037,1.07200311704127,0.913072924553037,1.00358762754299,1.03440798453192,0.869239944108582
"hsa-miR-1206_st",0.950668057062392,1.0426742367194,1.36705021961893,0.886365641851093,0.950668057062392,1.42805959969699,1.07933668311742,0.950668057062392,1.07933668311742
"hsa-miR-1207-3p_st",0.875702864484692,0.836358757953178,0.951227510772171,1.05061565259932,1.2681058443442,1.43727736647672,1.11436986692089,0.863128932940022,1.05061565259932
"hsa-miR-1207-5p_st",9.14344891461296,8.97120699207179,8.54128117599516,8.76371816817635,8.79384865753761,8.89416294055517,9.00622609080878,9.32097663451119,8.59760426272262
"hsa-miR-1208_st",1.63793635315366,1.52854073296985,1.02182845400113,1.3329480940836,1.9808715171436,2.07876729472068,1.35969060137833,1.31833459880826,1.52854073296985
"hsa-miR-122-star_st",1.10866556343929,1.62735268421505,0.810532839588493,1.36022395539073,0.903686339462144,0.795792134138378,0.764673221132874,1.03143649322647,1.07200311704127
"hsa-miR-122_st",1.03910432895528,1.2006717430963,1.2006717430963,1.2831140637867,0.892933340341881,1.19293031300936,1.23922316506451,0.965036205574787,1.12710840471826
"hsa-miR-1224-3p_st",2.16512472754028,1.3175260124866,1.90044648839425,1.28592673979913,1.704187726364,1.54939465967587,1.73355528020634,1.704187726364,1.704187726364
"hsa-miR-1224-5p_st",2.94014701731821,3.12486873904437,1.71966987359096,2.47112906776429,2.70379865441894,3.09943926112654,2.7319427119343,2.34043081109486,3.28454341466752
"hsa-miR-1225-3p_st",1.87737219789945,1.34039467849071,0.910807998061139,1.79693229441929,1.87737219789945,2.05582068323,2.12009924238187,2.7319427119343,2.07960979610559
"hsa-miR-1225-5p_st",5.49012205983791,5.19341342843443,5.47700760154412,4.46469227030362,4.75846635983807,4.53465431903366,5.46375442497429,5.70564392516638,4.77605296094219
"hsa-miR-1226-star_st",3.53322276238067,2.84105486498979,1.59834086416547,1.79027357140273,2.04801002318218,2.74448361690488,4.86843781993412,3.82042382630263,2.40779884360543
"hsa-miR-1226_st",2.34079419155701,1.88695666945982,1.13847224771993,1.88695666945982,1.88695666945982,2.58463591583603,1.59500986364852,3.12019997150057,2.10778713886223
"hsa-miR-1227_st",0.923634312518099,1.09967943142352,1.43427814066875,1.17686159194637,1.34937652794068,1.06938890818461,2.01498273413804,0.913072924553037,1.42852415834722
"hsa-miR-1228-star_st",10.7804298313646,10.0369805087765,9.93964054852641,10.2935638732693,10.5059877401426,10.3205955365879,10.4832186864662,11.0132784096775,10.3703862846268
"hsa-miR-1228_st",2.74620743539051,1.62253055896805,2.21829703498812,2.33777057649218,3.6455463620375,3.08588435105128,2.74620743539051,3.24026948526744,3.23924337669574
"hsa-miR-1229_st",1.78164128598467,1.67434556400412,2.21047586016552,1.74233761680973,2.50596038874286,1.45012384984214,1.95012428864777,1.92549139719176,2.21047586016552
"hsa-miR-1231_st",7.87858773022307,6.98844446085436,6.76540746855076,7.1191118148379,7.28935346955656,6.85699631390453,7.33034849434221,8.38894014491881,7.48509513796297
"hsa-miR-1233_st",1.51731355429791,1.39597849431903,1.42268577702097,1.37841855962989,1.43971765677382,1.84863159629651,2.24557161841625,1.84272281227334,1.51731355429791
"hsa-miR-1234_st",1.62104241709147,1.16426781890884,0.89967887507598,1.54939465967587,1.9808715171436,1.93605637355326,1.78190995558639,1.72873041701531,1.54939465967587
"hsa-miR-1236_st",0.906972227737905,1.2006717430963,1.03143649322647,1.10866556343929,1.43169395911956,0.989332307607772,1.1472169854075,0.937027372837831,1.30413135628628
"hsa-miR-1237_st",2.60371656242236,1.85253912723362,1.24185509333816,1.79027357140273,2.17309065730624,1.85253912723362,2.07393299886608,1.54939465967587,1.97660688013742
"hsa-miR-1238_st",2.11346909407035,1.26504986583949,1.03143649322647,1.34581830200357,1.37264652169017,2.28508550664477,1.77237783156528,1.40079057920553,1.0308073582496
"hsa-miR-124-star_st",1.34367708617437,0.920361244986298,1.10866556343929,1.10866556343929,1.11691058197483,0.910625158427132,0.946156513715607,1.40079057920553,1.13925329093084
"hsa-miR-124_st",1.39626438198255,1.45067542913021,1.12395757649644,1.05548941582092,1.15695348061009,1.2006717430963,1.58277086803229,0.913072924553037,1.07200311704127
"hsa-miR-1243_st",0.886448472409976,0.993263922231788,1.31481653885848,1.29298269154292,1.10055964421233,1.42355619377073,1.10055964421233,1.10055964421233,1.14419020187388
"hsa-miR-1244_st",0.748974721361005,2.07159832260894,5.48703465348226,1.33335011522367,2.12240116077836,1.20895112139804,1.66160422337553,1.40177144494753,1.54071877996504
"hsa-miR-1245_st",0.924532250683548,0.94799345519572,0.960557014140475,1.41709463006906,0.94799345519572,1.16987093480067,0.748974721361005,0.960557014140475,1.13864342248591
"hsa-miR-1246_st",4.12944871451521,1.92199742160456,4.30897607175108,2.2464273277924,6.31319139773649,5.99055199268149,6.5393985410224,3.55013904563088,4.55145863662722
"hsa-miR-1247_st",1.2145902736085,0.886721283734948,1.06044385564163,1.2145902736085,1.68268715093672,1.2145902736085,1.02454116811476,1.2145902736085,1.2474714597639
"hsa-miR-1248_st",0.936242227051974,1.58141344203053,1.04455916321008,1.14870846207455,1.1923390197361,1.01860230692184,1.14870846207455,1.2145902736085,1.14870846207455
"hsa-miR-1249_st",1.10866556343929,0.987227542098431,1.10856260207731,1.24185509333816,1.40332115903987,1.57606189024208,1.25510455654125,1.16514974830488,1.68268603490519
"hsa-miR-1250_st",0.89871627922498,1.29602543705933,0.620490127597437,0.846310063773083,1.08876538471872,1.533723664467,1.23922316506451,1.47884987254032,0.82212257256628
"hsa-miR-1251_st",1.5310369597944,1.44389399773486,1.69426537563515,1.72346000712499,1.5310369597944,2.14172099368986,1.5310369597944,1.44082688214675,1.5310369597944
"hsa-miR-1252_st",0.950668057062392,0.91400561066437,0.931511841205193,0.919068784374921,0.73641116241625,1.09461147926232,1.01433322138139,1.37408329650358,0.950668057062392
"hsa-miR-1253_st",0.857891945238911,1.67673842787663,1.73207289459831,1.08082223688805,1.37092335584934,0.88574450161476,1.08082223688805,0.913072924553037,1.05411495418611
"hsa-miR-1254_st",1.84689729979432,1.84689729979432,1.35160614763246,1.91515791216762,1.59689361376041,2.07752055488974,1.65143150694733,2.68153446011017,1.94422806362888
"hsa-miR-1255a_st",2.17998423850138,1.57329153075292,1.37058478657402,1.26442616437186,1.3632803559913,1.98126882046947,1.51317194314124,1.51317194314124,1.81754445724329
"hsa-miR-1255b_st",0.591899026488413,1.64916613762185,0.859938449256556,1.49325854004919,1.15695348061009,0.984302006347924,0.942208133710969,0.984302006347924,1.02793256400947
"hsa-miR-1256_st",1.07200311704127,1.07200311704127,1.07200311704127,0.806569490130075,1.11409698967822,0.836358757953178,1.07200311704127,1.22543724430326,1.07200311704127
"hsa-miR-1257_st",1.07200311704127,1.12396639806302,1.33328031872321,1.07200311704127,0.969338048139706,1.15695348061009,0.879236538182897,1.2145902736085,0.950668057062392
"hsa-miR-1258_st",0.966078406872063,0.885433112266903,0.759638797291049,0.954507679637668,0.949540235293292,1.08002466702129,1.24132987529509,1.07200311704127,0.966078406872063
"hsa-miR-1259_st",1.84863159629651,1.44389399773486,1.11909085172194,1.08504329775555,1.4527593502707,1.31687936376534,1.29602543705933,1.25936299066131,1.29602543705933
"hsa-miR-125a-3p_st",5.92396588650953,6.55388933803111,6.69027622858583,6.68768267476208,6.87287030453709,6.68464264552672,6.47109575267028,6.18473053557302,5.87053438315378
"hsa-miR-125a-5p_st",11.1988258563067,11.6719262379841,11.0426496526099,11.5769094974333,11.1752327456172,11.2727547823336,11.2557944866456,11.1754991168248,11.3717425844255
"hsa-miR-125b-1-star_st",3.38466407712226,4.44099296537524,5.05527428126281,4.87488350116187,5.68122971143593,5.47814093680979,4.40764287225267,4.77518476098598,4.86986396543123
"hsa-miR-125b-2-star_st",4.48395732676683,3.80647504858615,3.43047269256888,3.43047269256888,2.75013250279312,4.18179012817059,3.43047269256888,2.33583363251493,3.0245664135049
"hsa-miR-125b_st",11.1427340791631,11.1324232725968,11.1824239605385,11.1487938558092,11.0938348538873,11.0601203262082,11.1575706540479,11.1112424705758,11.0992028808637
"hsa-miR-126-star_st",1.14323321233923,1.07200311704127,1.01298683175035,1.01298683175035,1.07200311704127,1.20076323439473,1.01298683175035,0.779029866460931,1.01298683175035
"hsa-miR-126_st",2.32102371566751,2.33408374751513,1.53914229082779,2.21308812251007,2.24786128418879,2.45781104128179,2.24400969451026,2.92998615843502,3.83641343244955
"hsa-miR-1260_st",4.05899795130412,3.85010752957816,4.0138602385628,4.0138602385628,3.856219127157,4.0138602385628,3.1437184256413,4.23250562378538,4.10853944300806
"hsa-miR-1260b_st",7.59400645721461,7.06779793286721,7.27863452089626,7.0903232873594,7.15135964851536,7.28512093145895,7.65292832913662,7.07851168954642,7.03761314001475
"hsa-miR-1261_st",0.631322882171134,1.10897962777471,1.20219867402834,1.05701634675296,1.05701634675296,1.05701634675296,1.48495902338784,0.779029866460931,0.950668057062392
"hsa-miR-1262_st",1.46324548508256,1.64138281705626,1.54224063599437,0.971495388159673,0.894790043126392,1.29602543705933,1.25239487939778,1.40079057920553,1.29602543705933
"hsa-miR-1263_st",1.09045581111474,0.995455520293841,1.47339106234417,1.44557804243697,1.10180380998441,1.10180380998441,0.797445405381462,0.913072924553037,1.24545920632775
"hsa-miR-1264_st",1.1415467495947,1.15706017713276,0.549524937351078,0.913072924553037,0.852701772529811,0.6517497523637,0.955366841431375,0.913072924553037,0.733925111582532
"hsa-miR-1265_st",1.05887573391169,1.25096432226658,0.759638797291049,0.82527085768475,0.852711943935895,0.852711943935895,0.759638797291049,1.09654904253133,0.72054112762006
"hsa-miR-1266_st",2.14482751013677,2.43760398703807,1.66379097418379,2.14482751013677,2.25032817207778,1.40332115903987,2.27511216906607,1.71466552749601,2.14482751013677
"hsa-miR-1267_st",1.2145902736085,1.08009442432388,1.03650386526307,1.2145902736085,1.17462703448073,1.5864749394219,0.891561877928233,1.2145902736085,1.28625434074249
"hsa-miR-1268_st",9.22373996676686,8.76114220689525,8.64171272802679,8.67180807461447,8.86192409655193,8.84678948361191,9.15505111168636,9.48738538811796,8.52752181875408
"hsa-miR-1269_st",1.10866556343929,0.982371040565738,1.47663585606046,0.813135790695908,0.942707047643749,1.05701634675296,1.38488533662651,1.79814630244812,0.88466850571905
"hsa-miR-127-3p_st",1.38344040520002,1.38344040520002,1.06276684028736,1.62424900668297,1.5047754651789,1.27123084150036,1.52854073296985,1.38344040520002,0.926005627600198
"hsa-miR-127-5p_st",1.10866556343929,0.950668057062392,0.83283254902223,0.818059481435482,0.950668057062392,0.919698992100651,0.977375339764336,0.950668057062392,0.950668057062392
"hsa-miR-1270_st",1.71736090313477,2.09439760487545,1.15695348061009,2.05840162157942,1.57477374656754,1.67131763705619,2.42514975926201,1.71736090313477,2.11214857862322
"hsa-miR-1271_st",7.30694049080192,7.3539914764308,6.98592596196465,7.38676916066996,7.36424208842932,7.45389261804008,7.35453139049072,7.18038790624352,7.29301609113621
"hsa-miR-1272_st",0.934864760461555,1.67963982044349,1.19167624732999,1.23922316506451,1.49259238768105,1.05701634675296,1.03752982936312,0.944894125488335,1.54939465967587
"hsa-miR-1273_st",1.23922316506451,1.1509104724419,1.04819390529316,1.00049682085526,1.23922316506451,1.18757394837818,1.36978076668972,1.82548022587777,1.54939465967587
"hsa-miR-1273c_st",2.11136792571115,2.11136792571115,2.11136792571115,1.58545640530965,1.98593928754209,2.99352269307948,2.90453873374882,1.73344431156199,2.02641756214233
"hsa-miR-1273d_st",1.50057481623804,1.67054518795108,0.893916708695839,2.3550925774913,2.52733109099773,1.77784090993163,1.92147373160571,1.49804423640369,2.03840516892533
"hsa-miR-1274a_st",5.46583197004938,4.97193564691736,4.75229705118135,5.11828693303728,5.11828693303728,5.06406650326225,5.55919265385992,5.11828693303728,5.35207747769956
"hsa-miR-1274b_st",3.63836998594883,2.46924965965469,2.90054063714605,3.39837714530297,4.17073442523587,3.43924038331815,4.34252657851134,4.01276568276375,4.19358150161454
"hsa-miR-1275_st",8.33787525647183,8.56122613034564,8.56030278876313,8.74125320476004,8.96417389354804,8.93967269324819,8.37814032652051,8.50447581497453,7.77948535709492
"hsa-miR-1276_st",0.976255513912344,0.718715129673441,1.03143649322647,1.03143649322647,0.931488897689542,1.11208178783163,1.09573890843777,1.1260642705034,1.03143649322647
"hsa-miR-1277_st",1.2145902736085,1.48004832307076,1.07305150529675,1.40079057920553,1.1913626387337,1.18362120864676,1.10126112877689,1.11129049380367,1.2145902736085
"hsa-miR-1278_st",0.984619080449097,1.07200311704127,1.20429799421426,1.52854073296985,0.94333449098624,0.798806526277337,1.25831843045866,1.9928449856133,1.14871728364113
"hsa-miR-1279_st",1.07200311704127,1.27369645274266,1.58264694519192,1.30763865456278,1.07200311704127,1.15695348061009,0.952356270229082,0.913072924553037,1.35960193558453
"hsa-miR-128_st",6.3817271071776,6.61970256385579,6.56255828166301,6.37435637977497,6.00514905528388,5.98180337820283,6.37200260831862,5.88581687926222,6.51040295681832
"hsa-miR-1280_st",7.94192350978463,7.40136935350204,7.23504591144247,7.1008436729139,7.05579969378089,7.29403788107832,7.67849028932829,7.29403788107832,7.25469192235253
"hsa-miR-1281_st",3.44488966909074,3.52110685193696,4.87712966701054,5.05664860739559,5.71402946514198,5.52381641955721,3.47628988178706,4.69441319137037,4.94372058159423
"hsa-miR-1282_st",0.69020289421221,0.836358757953178,0.587290956257135,0.728765769124886,0.759638797291049,1.05701634675296,0.752657942150012,0.722043664781694,0.759638797291049
"hsa-miR-1283_st",1.02953013584037,0.950668057062392,0.950668057062392,0.791737864574159,0.950668057062392,1.12230624766385,0.747904884129704,0.950668057062392,1.07200311704127
"hsa-miR-1284_st",1.14071716255613,1.31068753426917,0.868919466620707,1.05020245956617,0.950668057062392,1.18281103519308,1.23123186554608,1.32387094293816,1.51260182836953
"hsa-miR-1285_st",5.4315833029385,5.62588495278027,5.91543085262167,5.62588495278027,5.95729177117978,6.04728817809691,5.39729471003154,5.6346298358507,5.41587296380805
"hsa-miR-1286_st",1.10866556343929,0.978559408286582,0.869239944108582,1.44970628188394,0.987330503460413,1.45595095092118,1.10055964421233,1.10866556343929,0.920889160794911
"hsa-miR-1287_st",1.16011669702491,1.88695666945982,1.68268715093672,1.99319923348036,1.89200107159691,1.28131703770146,1.76798477866773,1.07200311704127,1.67137985658291
"hsa-miR-1288_st",0.802959115746988,0.950668057062392,0.669600711494656,1.0825543814098,1.15998197772258,1.50994786171306,0.911221259099584,1.03255631907846,0.812968111151721
"hsa-miR-1289_st",1.05701634675296,0.926910191600254,0.759638797291049,0.993262132431396,1.23777374024209,1.37762153108968,0.925726123078008,1.2145902736085,0.869239944108582
"hsa-miR-129-3p_st",1.14369829170944,1.34796781023254,1.28149867955387,1.28149867955387,1.28149867955387,1.41410725518078,1.37201338254383,0.993899861010609,1.29602543705933
"hsa-miR-129-5p_st",1.23922316506451,1.09820658325335,0.998258987716419,1.17491192828663,1.29989991895473,0.976871523274469,1.09820658325335,0.91818684278639,1.09820658325335
"hsa-miR-129-star_st",1.11140727523392,1.29602543705933,1.07200311704127,1.19384959592433,1.07200311704127,1.05701634675296,1.07200311704127,1.07200311704127,0.963867721385516
"hsa-miR-1290_st",1.35389968877247,0.831038939693183,1.23045186067401,0.913072924553037,1.77731492821366,0.777798758696528,1.52854073296985,1.07200311704127,0.960770008990945
"hsa-miR-1291_st",0.984619080449097,1.07200311704127,1.05284690118407,1.07200311704127,1.07200311704127,1.07200311704127,1.13630553225257,1.07200311704127,0.918568989779282
"hsa-miR-1292_st",4.21306791971282,4.45578829102205,4.11705066716758,4.11705066716758,4.03429347499649,4.11705066716758,4.46430984267683,4.26665992855452,3.8235690999126
"hsa-miR-1293_st",2.12620347468042,1.60030869420481,1.34761642929446,1.66156688865582,1.40332115903987,1.77974716085617,2.01155129759137,2.01275189210975,1.66406311548037
"hsa-miR-1294_st",0.863005350757168,0.950668057062392,1.34683019445559,0.913072924553037,1.28131703770146,1.25668414624545,1.17518611541584,1.51482120860169,1.89347714996364
"hsa-miR-1295_st",0.99135782243611,1.27895664097937,1.07200311704127,1.40079057920553,0.724594550342514,0.689691022162274,1.05566023764741,0.99135782243611,1.07243709994118
"hsa-miR-1296_st",3.39657186141209,2.714008397293,1.96315369879518,3.89536572371927,3.03063602791898,3.82675399828453,4.11705066716758,3.39657186141209,3.59939384848723
"hsa-miR-1297_st",0.7230238190593,1.00045696114521,1.15695348061009,0.913072924553037,0.900509365608282,0.950668057062392,0.913072924553037,0.913072924553037,0.869239944108582
"hsa-miR-1298_st",0.937468392739267,1.28209985605011,1.36286829221419,1.51846726353425,0.668455908592621,0.888440773672864,0.748974721361005,1.40079057920553,0.950668057062392
"hsa-miR-1299_st",1.55063813402465,1.29602543705933,1.11685313818182,1.29602543705933,1.87109622262271,1.20433332173774,1.13192723386729,1.29602543705933,1.31562661128958
"hsa-miR-1301_st",6.55725440873401,6.95475110438848,6.65641474602557,6.76041859997096,6.90341026627249,7.16031066631177,6.60275366472348,6.79682290580415,6.28010266255871
"hsa-miR-1302_st",0.936082799263443,1.2006717430963,0.936082799263443,0.936082799263443,0.909375516561499,0.806860586353841,1.00520595024931,0.839571921616282,1.15937920259541
"hsa-miR-1303_st",1.96366459611895,2.12351809250375,2.87187374139812,3.18094075266957,2.94979953882067,2.12351809250375,1.38186974042466,1.54596794361669,1.99730763658139
"hsa-miR-1304_st",1.94389603330298,1.35969060137833,1.40332115903987,1.35969060137833,1.25221791761656,1.54671797429931,1.35969060137833,0.845550457971518,1.8091634432502
"hsa-miR-1305_st",1.32057292237751,1.2006717430963,1.2006717430963,0.81771923059001,1.30061933863323,1.30061933863323,0.88202164580131,1.12498028349125,1.68843290335175
"hsa-miR-1306_st",1.68268715093672,2.0840758162391,1.79507013350468,1.70789015024407,1.70789015024407,1.70789015024407,1.70789015024407,1.35653691042525,2.29353701871412
"hsa-miR-1307_st",8.94834246048223,8.87195499194222,8.79113728553097,9.02930817942988,9.16653384258906,9.13574740655555,8.89458142820911,8.96796530492012,8.65761106902264
"hsa-miR-1308_st",11.4982358640176,11.6748314696309,11.5094137490676,11.7001989093704,11.504505762465,11.5914926989027,11.3425950684587,11.539657025788,11.5354335742502
"hsa-miR-130a-star_st",0.895487077748266,1.04344416888587,0.96192815773969,1.00584903637652,1.03561842063121,0.950668057062392,0.850555958178426,0.950668057062392,0.950668057062392
"hsa-miR-130a_st",9.26577459862802,9.21197475842687,9.39657303084225,9.41475433903502,9.28358466709614,9.29942429123858,9.48732660795437,9.38299447849442,9.50074886337867
"hsa-miR-130b-star_st",1.42958073128581,1.09000281647725,1.758428599225,1.24388202457306,1.29628824002495,1.19635110616782,1.42958073128581,1.11008793442793,1.30763623889462
"hsa-miR-130b_st",8.82939825212807,9.05862766791874,8.99565027785761,8.96348023206768,9.07519938111602,9.14783063200455,8.82688837200729,8.98376294773702,8.77832537909801
"hsa-miR-132-star_st",0.646309652459441,0.953645763248024,0.913072924553037,1.44082568250008,1.20078646105455,0.64915070800693,0.869239944108582,0.913072924553037,0.913072924553037
"hsa-miR-132_st",6.48726702978164,6.66442571090891,6.33847980923064,6.43969227161078,6.33901112522835,6.63436979321602,6.17696255133554,6.16484113410179,6.31684047447768
"hsa-miR-1321_st",0.800428933604897,1.2299624636723,0.836358757953178,0.930986535230111,0.930986535230111,0.854170537772405,0.977375339764336,1.05380411692806,0.771202253140953
"hsa-miR-1322_st",0.857891945238911,1.16786369348207,0.983134406248326,0.757183642808871,1.07776218352526,1.40332115903987,0.869239944108582,1.40079057920553,1.36410484895643
"hsa-miR-1323_st",0.857891945238911,0.941726635460916,0.865006674798787,1.34937652794068,1.15695348061009,1.15695348061009,1.32417352863333,1.4208756971562,1.15695348061009
"hsa-miR-1324_st",1.0756284877122,1.22737902579825,0.977375339764336,1.05814377592841,0.836358757953178,0.977375339764336,0.869239944108582,0.977375339764336,0.977375339764336
"hsa-miR-133a_st",1.07200311704127,0.876925381767978,1.28131703770146,0.994774046828448,1.24576592051176,0.995288950441411,1.06389719781431,1.2309333095295,0.918568989779282
"hsa-miR-133b_st",1.10259491369431,0.744088140138272,1.10259491369431,1.89829598453999,0.950668057062392,1.02423841430604,1.22577921814231,1.19722269097125,0.788067397968189
"hsa-miR-134_st",2.6976766571194,2.31759177852454,1.52854073296985,2.61036825542584,3.56083491904883,2.439166235033,1.34219017023466,1.46623386244847,3.61829144015816
"hsa-miR-135a-star_st",1.84863159629651,1.58083578721145,1.02659683813351,1.66160422337553,1.66160422337553,1.66160422337553,1.56149212449156,2.01032713995509,2.12351809250375
"hsa-miR-135a_st",0.877345863335539,0.855812676049805,0.795145790344036,0.945945289141863,0.65498304946244,0.92563378050634,0.869239944108582,0.983270573504746,0.970121975159019
"hsa-miR-135b-star_st",1.07200311704127,1.17166187996796,0.722976350893027,0.740203626187174,1.15695348061009,1.51273221327785,1.20257038062239,1.09036081692273,1.07200311704127
"hsa-miR-135b_st",0.748974721361005,1.0320961700162,1.07200311704127,1.08123532064351,0.917786870906987,0.827850475364441,0.848155464396137,1.08123532064351,0.950668057062392
"hsa-miR-136-star_st",0.77143098786254,0.950668057062392,0.777833281532789,1.26442616437186,0.751125998830844,0.950668057062392,0.950668057062392,1.11476626025442,0.950668057062392
"hsa-miR-136_st",1.23922316506451,0.957068751216035,1.05701634675296,1.29789525847983,1.05701634675296,1.05701634675296,1.19803292856412,0.87003784746617,1.05701634675296
"hsa-miR-137_st",1.48020637400968,0.880077020439386,1.58278686831454,1.19814116326195,1.2006717430963,1.2006717430963,0.774978278514471,1.40343491602899,1.2006717430963
"hsa-miR-138-1-star_st",6.4529124786287,6.88615988632844,6.339075404137,6.53862276239412,6.66441040147666,7.2587660542241,5.31607007803257,6.37247626139284,6.59466535025209
"hsa-miR-138-2-star_st",1.32107641603691,1.44389399773486,1.3244204562308,1.44389399773486,1.73335154529782,1.44389399773486,1.44389399773486,1.28496380524663,1.65005391415347
"hsa-miR-138_st",5.29104765897855,4.59790515986614,3.92034878923797,4.75612404794583,5.32451021699581,5.46462941037019,4.57706621081289,3.82396077390583,4.39703060879545
"hsa-miR-139-3p_st",1.3816013436149,1.95603760853183,1.66406311548037,1.53145453985346,1.46898538020708,2.06543322871563,1.62196924284341,1.70462973929517,1.66406311548037
"hsa-miR-139-5p_st",3.25106530523343,2.44011560583434,3.25106530523343,3.80169280631469,2.41086927736867,2.91689914926642,3.01148836326655,4.38981676527457,3.79287735978736
"hsa-miR-140-3p_st",7.92509563502097,8.03898482150212,8.13136597389019,8.12872091514973,8.2722042844801,8.51629230540128,7.92773138211474,8.3136032381365,7.9818832693322
"hsa-miR-140-5p_st",2.46265906509719,2.50936557885849,2.465942694662,3.07290200998652,2.54559892798619,2.63119430455155,2.73193841283103,2.21509721143009,4.51891966435724
"hsa-miR-141-star_st",2.08856516075556,1.40040156592361,1.82048753878116,2.73587181206909,1.31357890528158,2.08856516075556,2.08856516075556,1.81057868046353,2.12876947824103
"hsa-miR-141_st",7.95246701472387,7.48405516882149,7.82190566944082,8.03543200502379,8.34903695866093,8.36389729384477,8.22804117889097,8.32055864140039,8.43505867616072
"hsa-miR-142-3p_st",0.73641116241625,0.53837075740409,0.73641116241625,0.708970076165104,0.926460267909986,0.728669732329309,0.73641116241625,0.896572462668885,0.869239944108582
"hsa-miR-142-5p_st",0.950668057062392,0.950668057062392,0.977375339764336,1.26442616437186,0.950668057062392,0.836358757953178,0.950668057062392,0.779029866460931,1.07200311704127
"hsa-miR-143-star_st",0.950668057062392,1.02738801772452,1.16840459953568,0.919795028896229,0.950668057062392,0.950668057062392,1.06026920387993,0.751125998830844,0.950668057062392
"hsa-miR-143_st",0.890322871669779,0.877759312725024,0.690780813438232,0.890322871669779,0.998011897293648,0.927918004179134,0.869239944108582,0.890322871669779,1.09201620737117
"hsa-miR-144-star_st",0.977375339764336,1.09820658325335,1.17885187785851,1.11212511376555,0.976871523274469,1.05448832076714,1.23922316506451,1.11212511376555,1.09820658325335
"hsa-miR-144_st",0.989219479030597,1.07933668311742,0.893916708695839,1.52854073296985,0.950668057062392,1.05701634675296,0.748974721361005,0.770648316595434,0.950668057062392
"hsa-miR-145-star_st",1.51916279876703,1.11695578003973,0.950668057062392,1.07385236151039,0.894615292310538,1.06497735617161,1.13815477672169,1.07385236151039,1.17396446039436
"hsa-miR-145_st",0.856040279785458,0.836358757953178,1.14908012150621,0.618868566208295,0.930038270082729,1.46967484416312,0.979224584233456,1.09325521362962,0.950668057062392
"hsa-miR-1468_st",1.23184986788729,1.11454212688411,1.19518742148927,1.46318686252149,1.19518742148927,1.19518742148927,1.10055964421234,1.3377745780565,1.41920974150733
"hsa-miR-1469_st",11.5539520454255,11.0754367523111,11.116954582275,11.1422275855336,11.3929097600529,11.3549778625238,11.0865836595678,11.8858895625039,11.4105702470877
"hsa-miR-146a-star_st",0.977375339764336,0.992362110052643,0.977375339764336,0.592462138527249,0.798138270564485,0.977375339764336,1.00408262246628,0.830346733000347,1.11794555154361
"hsa-miR-146a_st",1.20825846021335,0.795961160555046,1.21650347874889,0.913072924553037,3.0560026064069,1.60894465781466,3.4433072871223,1.70302073747872,1.07200311704127
"hsa-miR-146b-3p_st",1.08456667598603,0.950668057062392,1.06859449978005,1.07200311704127,1.07200311704127,0.712778366024773,1.36707703146659,1.07200311704127,1.61414794609733
"hsa-miR-146b-5p_st",2.439166235033,2.32348218965719,2.17769538307572,2.46921405208873,1.63095052346783,2.18088317069735,2.83330226844514,1.74940631322961,3.48491156993481
"hsa-miR-147_st",0.530280049949786,0.931488897689542,1.03143649322647,1.01058256652045,1.03143649322647,1.21921289587085,1.01058256652045,1.07200311704127,1.03143649322647
"hsa-miR-1470_st",1.02552415762655,1.73290733074362,1.03143649322647,1.14870846207455,1.36544403315518,0.941298644455658,1.11429355501668,1.19076250168756,1.14574579233568
"hsa-miR-1471_st",1.38397637621363,1.72873041701531,1.21245523301535,1.03143649322647,0.848142247872229,1.21245523301535,1.25599853047472,1.50106872163775,1.17390381104715
"hsa-miR-147b_st",0.785077022217549,1.07200311704127,1.03143649322647,1.07200311704127,1.07200311704127,0.836358757953178,1.21301969885243,1.20836753187494,1.05261204787139
"hsa-miR-148a-star_st",1.74151033630504,2.01033166085215,1.19988892474765,1.21422888409367,1.80577913942329,1.28131703770146,1.25126189260153,0.979799688645999,1.36275220115229
"hsa-miR-148a_st",3.27428176959241,1.76807761954421,1.75602335534689,3.33638016115369,1.15695348061009,1.81792360322617,3.49527961627831,2.79423533209763,3.55307235821782
"hsa-miR-148b-star_st",0.871027050073765,1.44389399773486,1.04374120370724,0.685234430151197,0.978109143313537,0.950668057062392,1.04374120370724,0.881232153983553,1.20267139619547
"hsa-miR-148b_st",4.70148420656218,4.59338562171486,2.7267909119009,5.00650817193007,3.19671945103897,3.37516793636952,4.82419554520498,3.88070710685004,5.19935073918728
"hsa-miR-149-star_st",10.5317763409184,9.65482082737411,9.9340058492389,9.6406831964289,10.0438570339163,9.89663581250121,10.2403603318956,10.7789376375062,9.96020003394474
"hsa-miR-149_st",8.50060444326792,8.49462376210574,8.3493189538531,8.4835601910407,8.35858210896912,8.52053784876636,8.41984522971399,8.54321627946915,8.50686462614538
"hsa-miR-150-star_st",3.39868766826755,2.32348218965719,2.04604670659622,2.66367293135899,2.32348218965719,1.26381858586744,2.90577566425988,2.24069410881884,2.12944399171789
"hsa-miR-150_st",1.40332115903987,1.23922316506451,0.857543907753457,1.23922316506451,1.2063419789091,1.23922316506451,1.23922316506451,0.913072924553037,0.924695649338382
"hsa-miR-151-3p_st",8.95949623860624,9.07702685375237,8.97366842884559,9.02680713150914,8.87461571775191,8.95798743655276,8.95949623860624,8.82326535960718,8.95949623860624
"hsa-miR-151-5p_st",11.2418408180904,11.4319197350896,11.2332811707858,11.361663125367,11.2699662042032,11.2668040862465,11.2699662042032,11.2733053754239,11.0771442658514
"hsa-miR-152_st",6.38740322153031,6.33358425611971,6.36968570964647,6.60745762834543,6.20604676287361,6.21146718576488,6.43421129814306,6.58734706162297,6.52512241285062
"hsa-miR-153_st",1.23922316506451,1.27507064813926,0.788195324462114,1.25731247092148,1.07200311704127,0.950668057062392,1.10055964421233,1.02169756543435,1.10055964421233
"hsa-miR-1537_st",0.913072924553037,0.913072924553037,0.798763625443823,0.913072924553037,1.08572439881521,0.913072924553037,0.810407855651473,0.913072924553037,0.913072924553037
"hsa-miR-1538_st",1.6196533286501,0.934406435363411,1.03143649322647,1.40332115903987,0.953784322314343,1.42021203236948,1.35969060137833,1.85762110432464,1.7929538027897
"hsa-miR-1539_st",1.84863159629651,1.48305280998031,2.56566248174291,2.11036443472939,1.70882056984197,2.16872245962317,1.84863159629651,2.77141302468079,1.84863159629651
"hsa-miR-154-star_st",1.23763707546583,1.23763707546583,1.29519502620849,1.11322003036579,1.35194637457504,1.23763707546583,1.35969060137833,1.47328143455392,1.19908565349762
"hsa-miR-154_st",1.10866556343929,1.13386856274664,0.941445515416056,1.13386856274664,1.54144854913732,1.07623176974824,1.19762277706821,1.49392996693477,0.998553730220591
"hsa-miR-155-star_st",0.881954011547533,1.55563862746122,1.2169451043761,0.854512925296388,1.18631241615048,0.941896961888561,1.52854073296985,1.01467422554902,1.2006717430963
"hsa-miR-155_st",9.34974018701146,9.66374720596973,9.41123960253343,9.40581746986131,9.70063850102662,9.56952426605738,9.65018509175109,9.49637392787888,9.37827781292766
"hsa-miR-15a-star_st",2.31634865333505,1.78834333344073,1.20543486164883,2.82964797380864,2.22875963893346,2.78361557073886,2.15367677380972,2.07317975272117,2.71414080837561
"hsa-miR-15a_st",8.47562843944895,8.24635864120405,8.35264604274797,8.55814648658592,8.15430996214415,8.18704606675861,8.66155217449443,8.42405054603426,8.73589854623701
"hsa-miR-15b-star_st",0.869239944108582,0.870454220508356,1.01025652591974,0.869239944108582,0.50624660067436,0.869239944108582,0.959754647098537,0.913072924553037,0.820146055293653
"hsa-miR-15b_st",11.075610318542,11.0044100383726,10.7339010899137,10.8990497921423,10.261142151694,10.3457045289578,11.1368994425178,10.7728019383741,11.0192608582133
"hsa-miR-16-1-star_st",0.977375339764336,1.2187456790368,1.02817013659681,1.07200311704127,1.54939465967587,1.07200311704127,0.938939626635595,1.07200311704127,1.07200311704127
"hsa-miR-16-2-star_st",1.68268715093672,1.40332115903987,1.46762357425117,1.84300829922681,1.03968089761629,1.10911680069513,1.35948817859542,1.40332115903987,1.25340719289255
"hsa-miR-16_st",12.8576080999947,12.8865027246492,12.9620008545008,12.9840287428184,12.8167016288077,12.8810444060613,12.9004498875252,12.8759801552795,13.0329923580202
"hsa-miR-17-star_st",7.1196184219639,7.2415902743932,7.01397906138699,7.37352181888352,7.36652038319097,7.48956188533938,7.2471078669115,7.38911786592325,7.53347904570194
"hsa-miR-17_st",13.1899634860687,13.173528439533,13.0759479834583,13.1947571972632,13.320630103991,13.3337409759628,13.1869326923612,13.2261851940674,13.1330290084536
"hsa-miR-181a-2-star_st",7.00440032118483,6.91395900545097,6.98827278349333,7.01621191899781,7.35859667867008,7.54541254135027,7.23886034741251,7.00590633189073,7.01621191899781
"hsa-miR-181a-star_st",5.34470137070655,5.56124817365748,5.43921696190981,5.81668080529225,6.14321356473644,6.26105879124315,5.76724677955761,5.62912748101192,5.88294995789531
"hsa-miR-181a_st",10.633840181598,10.722289332191,10.4611601477681,10.5820822989086,10.6826603207729,10.9074292769407,10.6855107344177,10.6585220269125,10.6259552818781
"hsa-miR-181b_st",10.3944164804116,10.4922374002834,10.5584663409858,10.4574459406995,10.8945691478983,10.7651089891327,10.3787332894411,10.3972702483187,10.4765959652083
"hsa-miR-181c-star_st",0.977375339764337,1.31260377405991,0.73641116241625,1.12218338054579,1.51525319000348,1.26950035553057,1.50201565144109,1.3265223045721,1.28139712114153
"hsa-miR-181c_st",3.9750074288103,3.25173562062312,2.39651175397277,2.80464344693739,2.24786128418879,2.01651592286279,5.28692916191152,4.40764287225267,1.89347714996364
"hsa-miR-181d_st",4.83614947376459,4.57642723821377,3.93304780753823,3.92203492984789,4.49702611648798,4.00415035019611,4.64920432328653,4.23161118194602,5.16939200484085
"hsa-miR-182-star_st",0.646309652459441,0.933235747283162,0.933235747283162,1.24699385459263,1.13952117083086,0.715745555538279,0.844348513726126,0.977068727727617,0.933235747283162
"hsa-miR-182_st",9.99952705797405,10.3612650510298,10.1238390261588,10.2216447479912,10.2558104253008,10.0999948899538,10.0150188148166,10.0954890716821,9.98883129094708
"hsa-miR-1825_st",2.21293445270417,1.72873041701531,2.52085998756891,2.82290717298978,3.24227559439928,3.26596648880494,2.36671356960204,1.83686383342838,2.79364203132353
"hsa-miR-1826_st",12.2844493362313,12.3139601595819,13.4548837204341,12.6144652145107,12.6036761743552,12.4476330153658,12.6660534222895,12.423751523768,12.5475190052895
"hsa-miR-1827_st",1.2006717430963,1.2006717430963,1.88709722528003,1.52854073296985,0.861639536272845,1.40998566375649,1.2006717430963,1.04174155060807,1.19723149089787
"hsa-miR-183-star_st",2.99867382537837,4.08576170793736,4.06573273100535,3.9389271313562,3.9389271313562,4.00415035019611,3.0050762633379,4.28590680841872,3.9389271313562
"hsa-miR-183_st",6.97950096163548,6.6809326110867,6.48582861241897,6.66618746504553,6.22900722290267,6.59170824896656,6.9207554432371,6.30243662800859,7.15592326858442
"hsa-miR-184_st",1.23922316506451,1.1058324810112,1.69073728208774,0.830305281526574,1.15695348061009,1.06903162573582,0.867338290034438,1.03143649322647,1.03143649322647
"hsa-miR-185-star_st",1.43002844174182,1.40332115903987,1.18315204129437,1.33619496540009,1.14257920259938,1.90257552033619,1.34651888704505,1.40332115903987,1.40982996559187
"hsa-miR-185_st",10.0382223481589,10.1341568615664,10.2849622046724,10.0124583710307,10.2163299165712,10.2097613285293,10.0401087026141,10.0208375670003,9.87743419898137
"hsa-miR-186-star_st",1.03143649322647,1.1601051192815,1.03143649322647,1.03143649322647,1.03143649322647,1.11638685679529,0.727078088623519,1.15277155320535,0.840407233455127
"hsa-miR-186_st",1.23922316506451,0.903162145256825,0.74942616783351,0.777113138923997,1.07200311704127,1.38135376866887,0.869239944108582,0.786896619111434,0.936043331412229
"hsa-miR-187-star_st",1.10866556343929,1.01194085766492,1.46080547254354,1.79027357140273,1.12702326332076,1.48894953005889,1.2145902736085,1.12702326332076,1.25569188937579
"hsa-miR-187_st",0.877345863335539,0.73632928152438,1.0569240041813,1.0508904113231,0.971973640612473,1.92886083879802,0.869239944108582,0.718415670847306,0.970121975159019
"hsa-miR-188-3p_st",1.2006717430963,1.17913855581057,1.19185629656897,1.2006717430963,1.24780009224409,1.49973327846748,0.869239944108582,1.30848160799882,1.41478291489866
"hsa-miR-188-5p_st",2.45338698994842,4.09857068276151,1.98668876593067,3.15811934997304,3.90225570263236,3.80191227906372,2.63910136913089,4.53132325157947,3.15811934997304
"hsa-miR-18a-star_st",6.31752498863426,6.606628037154,6.82894121526545,6.73008022518688,6.83460655476045,6.76170732207891,6.3459100175446,6.58161128400032,6.94489302390173
"hsa-miR-18a_st",11.0168014692855,10.8529366184888,10.8978898719567,10.9760807822812,11.4299709482869,11.3412566450986,11.0577442266849,11.1368792999267,10.8824563073489
"hsa-miR-18b-star_st",1.35928541546464,1.28719360114628,0.980438566745815,1.11795835127645,1.19518742148927,1.63865140736149,1.10055964421233,1.30111213165848,0.882823101739047
"hsa-miR-18b_st",7.70884670309905,7.56227742456485,7.44649000508182,7.53728358728151,7.60496797176711,7.31683888362752,7.85023948089032,7.58831595413862,7.71199689283712
"hsa-miR-190_st",1.10866556343929,0.919761731619459,1.0811754623887,1.00053016778354,0.777599876134396,1.10687845747411,0.777599876134396,0.779029866460931,1.00053016778354
"hsa-miR-1908_st",11.4043908207212,10.8842894282242,10.845259453194,11.0595702297099,11.2482389872324,11.158955296511,11.1347841105592,11.7028679632133,11.1365622860739
"hsa-miR-1909-star_st",3.90116339227469,2.01033166085215,2.10903132041242,2.828500988259,4.1799539809001,4.00651480785926,4.05063381796088,3.96240287764293,3.6033255986628
"hsa-miR-1909_st",6.71789559950557,6.10680319427362,6.35645734391591,6.26142476272678,6.77577143617841,6.841258664281,6.53321034719483,7.11819907833566,6.83208723152437
"hsa-miR-190b_st",0.977375339764336,0.950668057062392,0.85465080451715,1.00472921052453,0.809651475251233,0.950668057062392,0.863284020470219,1.51509987831474,0.777157123147426
"hsa-miR-191-star_st",2.50130651145106,1.57329153075292,1.50727699781782,2.79453426241912,2.39308551560003,2.1258976899901,3.53442853134683,1.91709689239254,2.85178569469721
"hsa-miR-191_st",12.1485195669044,12.2561268449258,12.2737771233764,12.1684598536936,12.2652057509916,12.2855488033396,12.1467485902828,12.1574848131343,12.0833818871936
"hsa-miR-1910_st",7.01528081732294,6.95781838856956,6.65205773464929,7.05481321054988,7.44901372237327,7.45752817151253,6.99039195858076,7.21521799131542,6.83208723152437
"hsa-miR-1911-star_st",0.837338912230784,1.15343122999508,0.950668057062392,0.913072924553037,1.37661387633793,0.810097845283118,0.950668057062392,1.29601838656231,0.950668057062392
"hsa-miR-1911_st",0.857891945238911,0.800150066290226,0.970002042587121,1.0507704787512,0.970002042587121,0.785163296001919,1.10055964421233,1.03625722900104,1.39221006472932
"hsa-miR-1912_st",0.748974721361005,0.987052753472448,0.946486129657648,0.905919505842848,1.26073400247265,0.836358757953178,1.2171034448111,1.2145902736085,1.29602543705933
"hsa-miR-1913_st",2.00229812348316,2.40796894937,1.76350497028129,2.35405675565279,2.41501897225128,2.21308812251007,2.67955174065764,1.61357312057937,2.44493210160702
"hsa-miR-1914-star_st",2.6151067158988,2.00565229449339,1.758428599225,2.02155282864583,1.63406504213363,2.00565229449339,1.96116571999324,2.12999548617843,2.00565229449339
"hsa-miR-1914_st",1.37813525705068,1.10582845156457,1.1317675786209,1.93107391698692,1.25159496988355,1.88525647228187,1.24684503337573,1.70354451502611,1.37813525705068
"hsa-miR-1915-star_st",1.68268715093672,1.61119999793722,1.3707528173407,1.98943151359254,2.41501897225128,1.98943151359254,3.13400853727461,1.98943151359254,2.37547425359131
"hsa-miR-1915_st",12.0248319358653,11.9322842200882,12.0145989688449,12.0988834582317,12.3228674282622,12.2756988933091,11.6097394332377,12.4675541235462,11.9451478050629
"hsa-miR-192-star_st",1.44389399773486,1.44389399773486,1.44389399773486,1.44389399773486,1.44389399773486,1.28131703770146,1.82418118340893,1.46225169761633,1.5332326460518
"hsa-miR-192_st",6.78476720674152,6.8029504807831,6.67057476065186,6.94567694389925,6.8101601026348,6.4725840743427,6.98388277129816,6.80655979531086,7.13034660629666
"hsa-miR-193a-3p_st",1.91202388298388,1.31821831597631,1.64953635797491,1.67473935728226,1.57654674679243,2.22708671607864,1.64953635797491,1.79560985861091,1.64953635797491
"hsa-miR-193a-5p_st",6.2362459893917,5.7466813124162,5.44732882327987,5.71402946514198,5.82183426611197,5.75545166939849,5.93537646992593,6.35306852870316,5.75979849969928
"hsa-miR-193b-star_st",5.57049959384502,5.54413869567416,5.29348635572959,5.73209171781801,5.80452115994482,5.67156300692166,5.50885655924904,5.05539512026548,5.48624697588944
"hsa-miR-193b_st",8.16542584870491,8.12315513548924,8.16627692204577,8.11194821130084,8.24234813318558,8.1260218814489,8.13252548856584,8.0646220393902,8.140452851587
"hsa-miR-194-star_st",1.94358534740133,0.950668057062392,0.950668057062392,1.27054419861665,1.8251821491418,1.56416485360677,1.53135784278665,1.40079057920553,1.22469726612068
"hsa-miR-194_st",7.55647635362727,7.55647635362727,7.37330974032371,7.57013473774137,7.67797730761455,7.47498754104769,7.58197821779108,7.52898531073024,7.78683765067418
"hsa-miR-195-star_st",0.964233505233123,1.31919606361507,1.29529919253802,1.26442616437186,1.57466518443487,1.29529919253802,1.29529919253802,0.812483784646346,1.55359177877246
"hsa-miR-195_st",4.69852472969323,4.57537467172558,3.4942514992093,3.99665597640123,4.37573292022156,4.74775522325872,5.11428694864395,4.41896395451329,4.70559132692451
"hsa-miR-196a-star_st",1.10866556343929,0.91153436653566,1.14717872562375,0.805485729787015,1.04436314822799,0.967648981628133,1.10866556343929,1.04436314822799,1.08492977204279
"hsa-miR-196a_st",1.01317560762016,1.46487262935546,1.18590131915273,0.732315531063912,1.39521523981292,1.10055964421233,0.861134024881625,1.10055964421233,1.2006717430963
"hsa-miR-196b-star_st",1.5310369597944,1.07113549337621,0.995377616235204,1.52125801551935,1.27403432025096,1.93381403420621,1.35969060137833,1.0145338320924,1.35969060137833
"hsa-miR-196b_st",0.977375339764337,0.876401656588437,0.95978144540119,1.06725412916295,1.20614912383097,1.09977831826946,1.16251856616942,1.0174182383996,1.0740907445104
"hsa-miR-197_st",6.62030821306277,6.21215843726755,6.30297754961524,6.05061201403669,6.28729420424323,6.21215843726755,6.24397304251753,6.06974656315098,6.01651584068848
"hsa-miR-1972_st",6.56862490678188,6.44109455995485,5.80151518791479,6.73532705732969,6.6235632853916,6.75029465472637,6.45848859960593,6.6141532218344,6.49847318613764
"hsa-miR-1973_st",3.10522905678216,3.74824328718537,3.74824328718537,3.53638911141208,2.94723155040526,3.1768325597216,3.53638911141208,3.06856661038413,4.00689515419501
"hsa-miR-1975_st",9.86051616546445,9.71969683504046,11.9497548014396,9.69917319066423,10.2206445052407,10.1761819898535,9.81274578688943,10.2275435400991,9.93097205938408
"hsa-miR-1976_st",2.23214174945676,1.72873041701531,1.24693948913301,0.956342374356128,2.82336947706926,1.84191684866691,1.67192814502049,1.58012633654497,1.58265691637931
"hsa-miR-1979_st",6.15617937947524,6.38983367855345,8.90569762310986,6.07612716786197,6.7019901783389,6.1503842821753,7.02223375440218,6.80208273346007,6.24071992062148
"hsa-miR-198_st",1.25384489224112,1.44389399773486,1.44389399773486,1.29528991726452,1.55328961791867,1.62347213858062,1.35650996114269,1.08519274059044,1.53852177501179
"hsa-miR-199a-3p_st",0.948137477228043,0.843372335081845,1.060520459796,0.802805711267045,0.935573918283288,1.11223547120341,0.948137477228043,0.948137477228043,0.950668057062392
"hsa-miR-199a-5p_st",1.6508232252387,1.30451841295179,1.0454370484321,1.59954374376201,1.08386082415201,1.3859465259056,1.30451841295179,1.37164460659158,1.07200311704127
"hsa-miR-199b-3p_st",1.15332716541085,1.06470573695557,0.959341454065391,0.934872004502283,0.772362954778598,1.17359834871153,0.869239944108582,0.959341454065391,1.29493340869041
"hsa-miR-199b-5p_st",1.25674133166119,0.870079617783789,0.977375339764336,0.977375339764336,1.3260982563439,0.977375339764336,0.977375339764336,0.977375339764336,0.869239944108582
"hsa-miR-19a-star_st",1.02371863157321,1.02371863157321,0.836358757953178,0.759129687740356,1.01115507262846,1.02371863157321,1.27242423900824,1.02564707499461,0.950668057062392
"hsa-miR-19a_st",7.24431268017733,6.86271207435319,6.55695142043292,6.87018000365669,6.54021927486415,6.20868333394296,7.16551746430044,6.72729832444811,7.0691560846912
"hsa-miR-19b-1-star_st",2.85583142568103,1.57329153075292,2.21649157727076,2.10502524714709,1.91205149815013,3.53187128417726,2.07952182166582,2.22164337730415,3.11614623769894
"hsa-miR-19b-2-star_st",0.933542359319881,1.02817013659681,0.977375339764336,0.841798857857437,0.792525777508723,0.728669732329309,0.869239944108582,0.869239944108582,0.662795959289068
"hsa-miR-19b_st",11.186916867169,11.283501858919,11.0845817399901,11.0445041601876,10.6661372977693,10.748081284179,11.2660496727037,10.9440318469108,11.217540769319
"hsa-miR-200a-star_st",5.66832700701606,5.60948906227676,5.29848122448722,5.58289887084693,6.33475347232648,6.14567857178367,5.62588495278027,5.18512103148506,5.26894672993456
"hsa-miR-200a_st",6.72720951912314,6.28731066640914,6.59271822485865,6.59271822485865,6.69955972131576,6.5263361257511,7.01603763779068,6.50925212179092,6.79998080266045
"hsa-miR-200b-star_st",7.03893402121848,7.07475255863034,6.95663994607362,6.93581410812536,7.12345374096471,6.89875822839253,7.05900768080147,6.93573050276335,6.78254317318824
"hsa-miR-200b_st",7.2068377665616,7.31254414734602,7.05623409166031,7.34915022552476,6.93452185905563,6.85779205183325,7.48628968005024,6.57222475418394,7.45262376541501
"hsa-miR-200c-star_st",5.94315513235576,5.92660369653126,5.92660369653126,6.13597541775449,5.9026879601254,5.99264346340031,5.9026879601254,5.8235447666232,5.73971133851019
"hsa-miR-200c_st",13.4564587690223,13.6244973423991,13.6133661807781,13.4337565415932,13.4777723125556,13.4689835864952,13.4314606367816,13.4538734818616,13.4061638424432
"hsa-miR-202-star_st",0.938524263385189,1.24288266798814,1.011286784402,1.10591456167893,0.720787720911901,1.40332115903987,1.04118933228675,1.02539754489071,1.58824004798507
"hsa-miR-202_st",1.20038797915533,1.19789175233078,0.950668057062392,1.19789175233078,1.12117758573092,1.44177230838784,1.19789175233078,0.834251490907202,1.07267217840081
"hsa-miR-203_st",1.42911642776918,0.836358757953178,0.996431938087276,0.736679704068549,0.672104921188749,1.05701634675296,0.876166715339698,0.862154026682486,0.862154026682486
"hsa-miR-204_st",1.44009736242701,1.47769249493636,1.36338319582715,1.76753627806704,1.1157573910714,1.61274883668918,1.2006717430963,1.50294545429603,1.2006717430963
"hsa-miR-205-star_st",3.63157691531717,2.86938419293778,3.49832583970198,3.49832583970198,3.49832583970198,2.4576040124182,3.43047269256888,2.90289298924108,4.21677766946242
"hsa-miR-205_st",13.0449438873284,13.145376115502,13.2747733347313,13.1352194104908,13.1981726750733,13.1744151510982,13.1502174163498,12.981677174009,13.2449209486417
"hsa-miR-2052_st",1.40332115903987,0.572436541407071,1.35160614763246,1.32034665267601,0.950668057062392,1.15438136885074,0.721070853730917,0.950668057062392,0.611503858241387
"hsa-miR-2053_st",1.28965567488325,1.05464415214817,1.21580313069213,1.27888283579844,1.27371859340359,1.15940929429437,0.872483199470652,1.2145902736085,1.01240246626697
"hsa-miR-2054_st",0.646309652459441,0.950668057062392,0.826304499971024,1.04236017238398,0.950668057062392,0.950668057062392,0.950668057062392,0.950668057062392,0.873948096400263
"hsa-miR-206_st",1.10866556343929,1.12506169926668,0.806170791271414,1.02297568378604,0.846313921649255,1.0844888605717,0.659335422362462,1.18190587627427,1.07714073412808
"hsa-miR-208a_st",1.10866556343929,0.865717693493569,1.15690472976934,1.11583609748573,1.07200311704127,1.07200311704127,0.992362110052643,0.913072924553037,0.890929020966004
"hsa-miR-208b_st",1.43361005684912,1.44389399773486,1.69228859657045,1.7347105145705,1.3224132149122,1.19752631930508,1.52195459519831,1.85827263535732,1.40332115903987
"hsa-miR-20a-star_st",1.04457049804214,1.15695348061009,1.15695348061009,1.03253643551006,1.15695348061009,1.15695348061009,1.01565803148426,0.985315290008632,1.15695348061009
"hsa-miR-20a_st",13.0041645205785,12.9432633339239,12.8772506680616,12.9116713871267,13.0996783050705,13.0943688147931,13.0881460418661,13.0222181966115,12.9633864022488
"hsa-miR-20b-star_st",1.44113969633111,1.06497735617161,1.35887001187669,1.12873177744716,0.950668057062392,0.971786027353461,1.23922316506451,1.23922316506451,1.29943053726889
"hsa-miR-20b_st",9.66711250471426,9.67351793392535,9.48624072857966,9.61034316998574,9.61131774343857,9.58009150109143,10.0415780118491,9.67995490744182,9.89810427839298
"hsa-miR-21-star_st",7.81353130528749,7.22144249171672,7.10190376827044,7.14150492503493,7.98285218982895,8.13573574329865,7.62970409179518,7.73352701728935,7.62970409179518
"hsa-miR-21_st",8.80950391063709,8.66219312808636,8.34997490384041,8.41143032742505,8.28072580793217,8.46775653067811,8.82819393105842,8.1209170787033,8.56644701211234
"hsa-miR-210_st",7.75445687009739,7.84285566837038,7.98329559556725,8.13089177663239,8.65591319766659,8.59595332394635,8.34683932925909,7.65248631856733,7.47743750534619
"hsa-miR-211_st",1.05593235025107,0.950668057062392,0.934451567428409,1.14870846207455,1.3874348062838,1.52059312788795,1.35969060137833,0.97707027147309,1.0133936295485
"hsa-miR-2110_st",6.21337847246838,6.33611481814949,6.25411544903512,6.25411544903512,6.33466477014853,6.59896931966577,5.91252875539562,6.45631665233404,5.78639873542175
"hsa-miR-2113_st",0.809809558159359,1.13636495350285,0.783389628418875,0.880266617748859,0.936059343976894,1.094523512395,0.880266617748859,0.880266617748859,0.77553688768417
"hsa-miR-2114-star_st",0.977375339764336,1.46131188521304,1.15695348061009,1.02434490498318,1.15695348061009,1.15695348061009,1.15695348061009,1.00936700302945,1.4250311025845
"hsa-miR-2114_st",0.984619080449097,1.07200311704127,1.28131703770146,1.07200311704127,1.30764747612936,1.27828854058897,1.23922316506451,0.90036492643981,1.07200311704127
"hsa-miR-2115-star_st",1.33606162782799,1.07200311704127,0.878511504570468,0.947586071941234,1.15695348061009,1.29266070584106,1.13513449037645,0.891983376574312,1.07200311704127
"hsa-miR-2115_st",1.01167102413527,0.843416419554774,0.783389628418875,0.871972946725839,0.996389991825875,0.722081359575895,0.909005955233702,0.913072924553037,0.736658114199788
"hsa-miR-2116-star_st",1.44037961873167,1.57329153075292,1.50929455169638,3.19517780966484,1.21525199131878,1.71111310587267,2.05258913556794,2.00212610493377,1.93053560965544
"hsa-miR-2116_st",1.2145902736085,0.939250208064905,0.674880567596458,1.28562978173277,1.39416841445425,1.18788299090655,1.66160422337553,1.2145902736085,1.47533223004899
"hsa-miR-2117_st",0.990301994765859,0.950668057062392,1.13898069460273,0.913072924553037,1.02423139544043,0.93865277807953,0.93412988548362,1.07200311704127,0.759638797291049
"hsa-miR-212_st",1.84863159629651,1.60983844309465,1.31482567185206,1.67138159748207,1.85392549863878,2.02300090120127,1.84863159629651,1.84863159629651,1.63959765674738
"hsa-miR-214-star_st",0.863284020470219,0.950668057062392,0.781432807192561,1.05814074082416,1.29939097364196,0.950668057062392,1.17710053897234,1.03038019422152,0.821999431007361
"hsa-miR-214_st",1.17270652784011,1.38681769964247,1.28131703770146,1.49158284178866,1.38681769964247,1.38681769964247,1.49902726334213,1.38681769964247,1.0561687190034
"hsa-miR-215_st",0.992119358885742,0.977777248852179,0.836358757953178,0.992119358885742,1.19840478243344,0.834121852508842,1.08232943653339,1.45642361152919,0.910691245931933
"hsa-miR-216a_st",0.841387387732733,1.48313351496177,1.18894203950606,1.03143649322647,1.03143649322647,1.26276172403646,1.03143649322647,0.851416752759512,1.03143649322647
"hsa-miR-216b_st",1.02454116811476,1.6429996200873,0.756695358225309,1.18371724544234,1.2145902736085,1.5181842638867,1.78691240184205,1.2145902736085,1.32889957271771
"hsa-miR-217_st",1.14870846207455,0.817390420075947,1.32035254111429,0.940921790236515,1.14870846207455,1.30285488004142,1.14870846207455,1.2145902736085,1.14870846207455
"hsa-miR-218-1-star_st",0.913072924553037,0.970401816045284,1.23324257895903,0.913072924553037,0.717995189279745,1.11476626025442,0.951624346521243,1.07717112774507,0.826946027230245
"hsa-miR-218-2-star_st",0.857891945238911,0.857891945238911,1.08629256364224,0.857891945238911,0.93461190590104,0.837586956207215,1.23922316506451,0.867921310265691,0.777123509074833
"hsa-miR-218_st",0.885200263144609,0.659862936183753,1.03014225047944,0.885200263144609,0.549432663129457,1.05785173740678,0.885200263144609,0.929033243589064,0.885200263144609
"hsa-miR-219-1-3p_st",1.68268715093672,1.30909064449376,1.57329153075292,1.66160422337553,1.57329153075292,1.60143558826827,1.40444139916139,2.14506846715813,1.57329153075292
"hsa-miR-219-2-3p_st",1.29685995806291,1.44389399773486,1.43135580734754,0.913072924553037,0.646309652459441,1.02802385921135,1.23665258585853,1.2145902736085,1.07200311704127
"hsa-miR-219-5p_st",0.994356264330078,0.836358757953178,0.957693817932056,0.840151221724102,1.16700773859225,0.990844610893866,0.957693817932056,1.00152679837651,1.1719507125782
"hsa-miR-22-star_st",4.25532058484585,3.67546916937049,4.98467113191029,4.52709482577098,4.34782048085361,4.41707637527416,3.68381216916247,3.81008059023611,5.03679808499724
"hsa-miR-22_st",11.5709982236798,11.502013487771,11.737165642606,11.7584798384674,11.8241600629624,11.8395196180363,11.7183630173728,11.6231116543056,11.7651317887098
"hsa-miR-220a_st",0.87946523087121,1.2314302602582,0.933526384333344,1.26442616437186,1.10276163420317,1.187711997772,0.967239251692657,1.33678195502805,1.10276163420317
"hsa-miR-220b_st",1.14870846207455,1.24333623935148,1.62023284829144,1.14870846207455,1.04236017238398,1.02099266132002,1.14870846207455,1.14870846207455,1.12200117937261
"hsa-miR-220c_st",1.10866556343929,0.886220868674324,1.02723745048548,1.00053016778354,0.867701386091205,1.00053016778354,0.696171763180587,1.06780407430028,1.00053016778354
"hsa-miR-221-star_st",1.83771500106418,1.79576233810565,1.4306728448269,1.79576233810565,1.71620891344623,1.40332115903987,1.75101154032258,1.92010552979069,3.1231089168443
"hsa-miR-221_st",12.4574481067172,12.3960691343392,12.498880784897,12.4231576260652,12.4056014167466,12.3314901721443,12.5585384149462,12.3828330299417,12.4282090277011
"hsa-miR-222-star_st",2.07566091338505,2.15418177205924,2.61071938798782,2.61071938798782,3.06305017216157,2.29906458131694,3.11779402915525,1.89808343630525,2.61071938798782
"hsa-miR-222_st",12.6524324477325,12.641071538311,12.4987123553913,12.6052075915612,12.566415084874,12.5922071442487,12.6052075915612,12.630231530948,12.6265441838094
"hsa-miR-223-star_st",0.857891945238911,1.10604396581937,1.00060297463914,0.805485729787015,0.887273829807528,1.15695348061009,1.21833951711242,0.913072924553037,0.680829844988013
"hsa-miR-223_st",1.16546783543411,0.932234467232037,1.08667246301254,1.66160422337553,1.7392854846928,1.60619693167069,1.29602543705933,1.35366223005773,1.24582292383551
"hsa-miR-224-star_st",4.55006202406967,5.933486919585,5.40155978872257,5.45113198757468,5.03216233166622,5.68867278512253,4.41701906410447,4.48597004611367,5.15917933294856
"hsa-miR-224_st",3.80921110043788,4.86671711174733,4.40031932045085,4.23130885039448,3.77412507047426,3.63281801459198,4.07666106086984,3.27237753319994,4.69185122480321
"hsa-miR-2276_st",2.21979872221777,2.26154619477095,1.69510853165366,2.28151071949571,2.58863967162433,2.73384150366946,1.83560037549541,2.439166235033,1.89580774769979
"hsa-miR-2277_st",5.5102051857753,3.76250730182779,4.16782124626078,4.98716224633983,5.59342657309928,5.02118174104744,3.95709374201527,5.31902444112035,4.92274875338446
"hsa-miR-2278_st",1.84863159629651,1.76756959502553,2.24956968686658,2.8433266544655,1.84863159629651,3.06821330892671,1.54427319169356,1.08360476275848,1.90920960868735
"hsa-miR-2355_st",1.09092866696894,1.27828854058897,1.27828854058897,1.60707600275323,1.15695348061009,1.48760246124916,1.08858448229143,1.53165776320551,1.39295699639347
"hsa-miR-23a-star_st",8.60414223343659,8.66899896849517,8.22618252031114,8.52057855313526,8.98140604754373,9.10545146483586,8.56729244134849,8.6788658438498,8.48253289998938
"hsa-miR-23a_st",13.6231392059074,13.5353997623092,13.5055133493131,13.5508727384455,13.4186788111827,13.4006379293162,13.6339514526745,13.5811669579478,13.7570456134865
"hsa-miR-23b-star_st",3.63836998594883,3.82777075609219,3.06180444935118,3.10876744271083,4.12340822515752,3.90511750655618,3.44474879122039,2.92911453281079,3.44474879122039
"hsa-miR-23b_st",12.5375577575,12.522221170713,12.3779163154299,12.467700809993,12.3909898110743,12.4056768086306,12.4622622717529,12.4763261721171,12.5314948440028
"hsa-miR-24-1-star_st",0.91004620690275,1.31128160083568,1.14400317219217,0.957679202303208,1.34740379332536,1.31128160083568,1.22985348788188,0.933357986686524,0.759638797291049
"hsa-miR-24-2-star_st",5.76858939834067,6.06343805542078,5.59551529780294,5.95481770845829,6.27597804896036,6.14729537691246,6.22320574942387,5.94542776317254,6.01353482618505
"hsa-miR-24_st",13.480774902341,13.4315450301806,13.4295228916292,13.4724950054979,13.5895527015673,13.5522247914748,13.4959840847941,13.5044647123837,13.394562302765
"hsa-miR-25-star_st",9.35504978431639,10.2277356895872,10.2003472156275,10.127584271908,9.98559360082586,10.0731948442796,9.77047225017077,9.58943663138325,9.18590170712311
"hsa-miR-25_st",10.0880626228868,10.3163366260262,10.2468300145881,10.0955027575584,9.68421712096709,9.64608093699689,10.1430562581782,9.77821174018162,10.1445774174552
"hsa-miR-26a-1-star_st",0.857891945238911,0.997784072842537,1.24113082480217,1.06728034912074,0.869239944108582,0.97813993699076,0.774612166831649,0.869239944108582,0.525486835013277
"hsa-miR-26a-2-star_st",1.20225479100927,1.03748996965307,0.913072924553037,0.913072924553037,0.913072924553037,0.913072924553037,0.799042295156874,0.855744033060791,0.950668057062392
"hsa-miR-26a_st",12.2044239670062,12.3238303460133,12.2017301398785,12.3365762060448,12.0887215793771,12.133162670483,12.2154335853047,12.2023595333738,12.2757726518526
"hsa-miR-26b-star_st",1.10866556343929,0.920952077719192,1.15695348061009,1.52854073296985,1.26424920259064,1.14825354729579,1.23922316506451,1.12968866088043,1.15695348061009
"hsa-miR-26b_st",1.76513666160298,2.58508865816806,2.53577115711782,2.70745885627252,2.53577115711782,2.38610757032847,2.24013432421268,2.6027231589971,2.78457582893776
"hsa-miR-27a-star_st",9.02397416273816,8.76328660511064,8.32400524273861,8.48870121645917,9.51469854887539,9.31107405680022,9.02448368740363,8.85484388620774,8.77483322004269
"hsa-miR-27a_st",12.054756147914,11.5408870748648,11.5346773295092,11.8928981656431,12.3633441980784,12.4194688015282,12.2618364813696,12.1493372913971,12.2366240259408
"hsa-miR-27b-star_st",6.66462364942675,7.33341684564365,7.04315100348703,7.21411690332808,7.02222492181097,7.02081160376772,7.23089506169449,6.47713594422103,6.72792752816505
"hsa-miR-27b_st",10.2941915096741,10.0951668479305,10.0044862123276,10.0951668479305,9.83799253024807,9.8098757972266,10.2066656418744,10.0375209381702,10.3864962041039
"hsa-miR-28-3p_st",7.16983676919157,7.23208957705634,7.28257471018819,7.18699925543971,7.10966511025907,7.18699925543971,7.01833475080856,7.18699925543971,7.18588169216583
"hsa-miR-28-5p_st",7.71075229407249,7.54468908174186,7.39301527132825,7.67701264796871,7.76085034326016,7.68371925522501,7.66567483148929,7.85188245446236,7.66804129050113
"hsa-miR-2861_st",12.0986042119647,11.8764505018886,11.9369687431325,12.0693538846089,12.2004867696082,12.1339251923616,11.7172082640116,12.5242102655145,12.1233066986462
"hsa-miR-2909_st",0.785077022217549,1.10360238972874,0.863260179124993,0.944252963276944,0.915298025237859,0.997658105107727,1.21301969885243,1.48357864638692,1.40332115903987
"hsa-miR-296-3p_st",3.69009367365694,4.39796120336259,2.72656223478671,3.48208226331881,4.19775939461504,4.36478929755715,4.9731672366323,4.2648582349516,4.18018204050276
"hsa-miR-296-5p_st",1.25545259836434,0.842890886226352,1.29602543705933,1.26442616437186,1.29602543705933,1.29602543705933,1.29602543705933,1.79591365902758,1.38679702178678
"hsa-miR-297_st",1.411090343208,2.01403061970407,1.24185509333816,1.35273231831421,1.04694186141191,1.49173563781316,1.4353418014154,1.95003035570255,1.411090343208
"hsa-miR-298_st",1.32661581400659,0.995288950441411,1.40265209768034,1.07200311704127,1.20461169266818,0.8848808519363,0.805239844947674,1.07200311704127,1.07200311704127
"hsa-miR-299-3p_st",0.929599147414323,0.854722295853195,0.618868566208295,0.94819328906233,0.808875363357229,0.979066317228493,0.798308923739367,1.28705447454948,0.877949930727994
"hsa-miR-299-5p_st",0.893245952470789,0.967019360056924,0.869239944108582,0.923301097570716,0.794632471515686,1.29518576338412,0.893245952470789,0.948426931784915,1.6804144184749
"hsa-miR-29a-star_st",1.16767679995178,1.00559400782301,1.23729684852325,0.836358757953178,0.781571687804951,0.836358757953178,0.836358757953178,0.65633901748622,0.726791762463647
"hsa-miR-29a_st",10.8502241111001,10.6520738696892,10.7317366208665,10.6705509437489,10.731687386091,10.6458889448927,11.0398656373301,10.7231528518084,11.0394853467177
"hsa-miR-29b-1-star_st",8.08262982519702,8.08805996537872,7.99698346264911,7.86241643021948,8.57361741805492,8.22390363869552,8.35679622510561,7.84369723892934,8.38657268334164
"hsa-miR-29b-2-star_st",2.7622820222805,2.57102954177964,3.48933620701616,3.48933620701616,3.79622211002379,3.96426739638179,3.53638911141208,2.6500337977336,4.03165535317422
"hsa-miR-29b_st",5.08006862018382,5.05362351829398,5.30506402125985,4.77157914215966,4.62955273739312,4.02662907117091,5.98220696930435,4.25107111690398,5.54552141874372
"hsa-miR-29c-star_st",1.18623855966257,0.825332157509195,1.63831565476881,1.08297802883759,1.07135325368212,1.05701634675296,1.08945116287648,1.23158210930793,2.2124390875967
"hsa-miR-29c_st",3.64134638084461,2.31478892555159,2.02784840842682,1.86669671550299,3.4480445730629,3.39040778006449,3.96240287764293,3.31006116284973,4.23075828120965
"hsa-miR-300_st",0.977375339764336,1.27476628997396,0.851345528241485,1.07200311704127,1.07200311704127,1.15695348061009,0.988723338634007,1.21807661767726,1.07200311704127
"hsa-miR-301a_st",5.63846926986263,5.89556194873901,5.77677441301151,6.01436351448962,5.47767116222949,5.92399025846187,6.17710460406137,6.04490114924617,6.54566864645208
"hsa-miR-301b_st",1.24185509333816,1.2006717430963,1.24185509333816,1.40079057920553,1.78102559441786,1.24185509333816,1.32022865701503,1.2006717430963,1.161209798733
"hsa-miR-302a-star_st",1.16568262917082,1.07200311704127,1.4120503076006,1.28610623669031,1.47585412378218,0.877127521168707,0.789743484576534,1.08682055039284,1.20940089165703
"hsa-miR-302a_st",0.977375339764336,0.738160136438409,0.843637021474199,0.913072924553037,1.00045696114521,0.93865277807953,0.870988918130742,0.913072924553037,0.913072924553037
"hsa-miR-302b-star_st",1.07200311704127,1.2006717430963,1.40265209768034,0.83327677283202,1.07200311704127,0.679561937975496,1.10055964421233,1.07200311704127,0.869239944108582
"hsa-miR-302b_st",1.00872842958216,1.15237004071599,1.07200311704127,0.913072924553037,1.09461147926232,1.05701634675296,0.977375339764336,1.27620266209968,0.744652027002742
"hsa-miR-302c-star_st",0.869239944108582,0.906835076617937,1.10866556343929,0.805485729787015,1.0307181344653,0.813227942720419,0.907791366076788,0.779029866460931,0.869239944108582
"hsa-miR-302c_st",0.977375339764336,0.950668057062392,0.893916708695839,0.781432807192561,1.06497735617161,0.950668057062392,0.863284020470219,1.20403727967893,0.873948096400263
"hsa-miR-302d-star_st",1.11485960797314,1.16090287405172,1.0933264206874,1.22244602843915,1.15695348061009,1.55832359384535,1.09377668041194,1.09022671651713,0.981567116712282
"hsa-miR-302d_st",0.947731794785017,0.950668057062392,0.926198607499284,0.801781562399247,0.690554248411191,0.804863547520405,1.01883431137407,0.926198607499284,0.926198607499284
"hsa-miR-302e_st",1.18779393987603,1.11640718887116,1.24185509333816,1.09193773930806,1.11640718887116,0.827852080869049,1.12897074781592,1.12349152466473,0.937404290302794
"hsa-miR-302f_st",1.18887904707022,1.1289889657974,1.1522166006722,1.26442616437186,1.03888745584059,1.05701634675296,1.03888745584059,0.921291811169406,1.2006717430963
"hsa-miR-3065-3p_st",2.439166235033,2.89278022907849,1.84344452763279,2.16742608806545,2.50589299912596,2.58181281039315,1.6975178829539,2.439166235033,2.83414371300577
"hsa-miR-3065-5p_st",1.40684992964617,1.90500136057278,1.2118580870052,2.18537219971449,1.70129077196899,1.9808715171436,2.19858174278426,3.05373084082191,2.19166151617051
"hsa-miR-3074_st",1.40332115903987,1.281986099061,1.40332115903987,0.966951795488724,1.40332115903987,1.53661365030073,1.23922316506451,1.24439096655164,1.65128210610523
"hsa-miR-30a-star_st",7.96541827118296,8.13324081048375,7.87596347043661,8.07547697052618,7.73277362387929,7.71990537162503,8.15568927441689,7.61218816435682,8.04424937947967
"hsa-miR-30a_st",8.63932065540402,8.6986258730296,8.83595743595779,8.90787762165337,8.8333652769711,8.84075318611141,8.86705724019921,8.75806369963187,9.04479280658791
"hsa-miR-30b-star_st",5.56837736501144,6.13255226902756,5.61281010175376,6.22362668693016,6.34816170223219,6.05164239871749,5.92425045166086,5.745458240263,5.86049763990297
"hsa-miR-30b_st",8.00776189915018,7.69355443020787,7.67694679125568,7.80683610973726,7.4878896204853,7.47236402147476,8.02139906010773,7.54386312495146,8.33928062104028
"hsa-miR-30c-1-star_st",3.31022103211603,4.50727958876404,3.96790048774473,4.43795356707838,4.51191174465017,4.96710692174883,4.68187827016784,3.0592284509237,3.67775735675888
"hsa-miR-30c-2-star_st",6.10952132512566,6.47109575267028,6.46203276249247,6.34173353321489,6.57986729682322,6.56688546763357,5.96826577144276,6.08657982495752,5.93972088381434
"hsa-miR-30c_st",10.0530855719374,10.0353288729743,9.76874121025472,9.9745400067976,9.60537690636601,9.61108777744659,10.1240393276328,9.92628797650355,10.1912482597527
"hsa-miR-30d-star_st",0.940003981132347,1.0744867698125,1.23465957673293,0.809897825979638,1.16995923016777,0.950668057062392,0.940003981132347,1.60248391490691,0.950668057062392
"hsa-miR-30d_st",7.92168559881334,8.06694381464392,7.81072212852145,7.81706729235415,7.67541549141837,7.95917908082747,7.57162866566468,7.46422460992549,7.95511983382333
"hsa-miR-30e-star_st",4.4528639502705,6.10228288863927,5.12523746308939,5.7377869976529,3.20238379364017,4.12717605575083,5.40155978872257,4.21656542626836,5.6232802628877
"hsa-miR-30e_st",5.07392254828769,4.19386839215368,3.83893980021044,4.46469227030362,4.58529319581768,4.39955870504632,5.71816311914663,4.96903494644771,5.14491524409461
"hsa-miR-31-star_st",8.52657715655308,8.68762523014284,8.12991116094397,8.3378087597724,8.170588890196,8.0839740529561,8.88873355439792,8.42236598308163,8.45876050554815
"hsa-miR-31_st",13.9448153850588,13.7997361504778,13.8059626097968,13.8086375257639,13.9337779670795,13.9334184361839,13.9112186590497,13.9066207317765,13.9066207317765
"hsa-miR-3115_st",0.857891945238911,1.18092034091918,0.893916708695839,0.950668057062392,1.07200311704127,0.976247910588885,0.950668057062392,1.10959824955062,0.869239944108582
"hsa-miR-3116_st",1.04589922887054,1.04589922887054,0.855850123376802,0.618868566208295,1.04589922887054,1.26655681767032,1.16636666518436,1.2831141627147,0.73679017514946
"hsa-miR-3117_st",0.957829079096041,1.29342103372106,0.874370448027543,0.913072924553037,0.957829079096041,1.15695348061009,0.969177077965712,0.769635019734164,0.798044797006882
"hsa-miR-3118_st",0.857891945238911,1.17835140673184,1.03143649322647,1.18816553666064,1.05701634675296,1.1018543195809,0.733987951072698,1.07200311704127,1.05701634675296
"hsa-miR-3119_st",1.04819390529316,1.17469037708045,0.747904884129704,1.19450515565782,0.809435478949495,0.935681286774085,0.979224584233456,0.950668057062392,0.759638797291049
"hsa-miR-3120_st",1.21692770679189,0.938934971362957,1.25651008761586,1.03143649322647,1.18026526039387,1.95689373964911,0.848833461406148,0.779029866460931,1.18026526039387
"hsa-miR-3121_st",0.954617081601057,1.64953635797491,1.64953635797491,1.23707885346652,1.04200111819323,0.954617081601057,0.851952012699493,0.952086501766708,1.04200111819323
"hsa-miR-3122_st",1.2768546598913,1.25158125788703,1.11091021453151,1.68723681839148,1.15695348061009,1.08023931401023,0.825887793305197,1.15695348061009,1.11312050016564
"hsa-miR-3123_st",0.732159968149148,1.11924363014249,0.784481714413992,0.913072924553037,0.869239944108582,0.869239944108582,0.825406963664127,0.998923240242745,0.869239944108582
"hsa-miR-3124_st",6.04759213500455,3.96254047611746,2.61532458177723,3.56627505063283,3.13959897510976,3.17377390610102,5.2900934585989,5.24970287963975,4.09974121933921
"hsa-miR-3125_st",0.857891945238911,1.10959824955062,0.718816161745223,1.40037372122383,0.836358757953178,0.831184662536967,0.739481768623194,1.2813071846801,0.859586392827977
"hsa-miR-3126-3p_st",1.84256994599285,1.2318859120974,1.16276150521197,0.866430455144613,0.968108838189603,1.07188936005216,0.788530697343847,0.779029866460931,0.869239944108582
"hsa-miR-3126-5p_st",1.23922316506451,1.22665960611975,1.19093524789371,1.40079057920553,1.03968110683296,0.987650515813387,1.32149284951892,1.26927831016443,1.29602543705933
"hsa-miR-3127_st",1.23302912053066,1.28131703770146,1.53345813782975,1.44288445184248,1.28131703770146,1.28131703770146,1.27885814559662,1.54939465967587,1.62425635917089
"hsa-miR-3128_st",1.68268715093672,2.86523520319515,1.68268715093672,1.92356606266359,1.53661365030073,2.24429062210007,1.08005572466527,1.68268715093672,1.64413572896852
"hsa-miR-3129_st",0.748974721361005,0.869439963412062,0.869439963412062,1.14123765934748,1.07200311704127,0.728669732329309,0.977375339764336,0.805137548200763,0.964067740688996
"hsa-miR-3130-3p_st",1.73812554510724,1.87334876456479,1.45476688239893,1.49743137865412,1.54939465967587,1.73812554510724,1.52854073296985,1.39046446718763,1.54939465967587
"hsa-miR-3130-5p_st",2.01033166085215,1.95012428864777,1.18243677396808,2.46921405208873,1.40332115903987,2.86566971051841,1.65831049391787,1.75881933780356,1.95012428864777
"hsa-miR-3131_st",2.04344320601462,1.52355712153785,1.04273049566354,0.885432264408104,1.20663338185483,1.87749876065483,1.35969060137833,1.65992153637152,1.52355712153785
"hsa-miR-3132_st",1.36055822504338,0.962361925855705,1.19660223205021,1.03143649322647,1.15695348061009,1.07200311704127,1.30762879797385,0.981793039393619,1.07200311704127
"hsa-miR-3133_st",0.954804268730645,0.977654207079008,1.24185509333816,1.24185509333816,1.12052003335929,1.28131703770146,1.24185509333816,1.35588572273433,1.24185509333816
"hsa-miR-3134_st",1.21712085344285,1.2145902736085,0.927664178784778,1.03143649322647,1.63428723318413,1.43524786240828,1.2145902736085,1.2145902736085,1.01447143749927
"hsa-miR-3135_st",0.809887090899588,0.841798857857437,1.758428599225,0.805485729787015,0.779138434151774,0.950668057062392,0.869239944108582,1.2145902736085,0.869239944108582
"hsa-miR-3136_st",1.68268715093672,1.15518669421332,1.56068302959831,2.19677278117995,1.68268715093672,1.68268715093672,1.16194503175163,1.40079057920553,2.53577115711782
"hsa-miR-3137_st",1.60774230482768,0.670529350882302,1.23361007480262,1.14870846207455,1.14870846207455,1.14870846207455,1.29380878984438,1.14870846207455,1.14870846207455
"hsa-miR-3138_st",0.945077938377966,2.45157187279259,1.44389399773486,1.37426986268352,1.26792157299295,1.13862550359543,1.53412057992856,1.52287394315386,1.47747344124443
"hsa-miR-3139_st",1.15695348061009,1.19085185931607,0.895105655309923,0.913072924553037,1.39334803025681,1.15695348061009,0.995386066469073,1.44422108193261,1.42022601688494
"hsa-miR-3140_st",1.33146941489955,1.45635678071196,0.799430731787347,1.06743017281957,0.995166806238854,1.09204379556884,1.09204379556884,0.912024055101881,1.66406311548037
"hsa-miR-3141_st",9.85781285639831,9.72796285172608,8.98137748846777,9.52060921018088,9.82153374155212,9.84748009259862,9.78637805324578,10.0539554641896,9.50703065783305
"hsa-miR-3142_st",1.10180380998441,0.687735597592181,1.15944060298282,1.1955346964185,0.836358757953178,0.813135790695908,0.725226296511797,0.913072924553037,1.03645851417175
"hsa-miR-3143_st",1.26288180957357,0.773084812342578,1.10295798665542,0.866157958987424,0.905624640518638,1.03266887672441,0.696049948254935,1.3214505349837,1.07200311704127
"hsa-miR-3144-3p_st",1.22702913211272,1.06987925348539,0.851541433990942,1.03143649322647,0.954722326626611,1.1753799154264,0.879327567438285,1.51915414787896,1.06903162573582
"hsa-miR-3144-5p_st",1.264803018591,1.09758297056776,1.7483957929397,0.843677977360539,1.02738801772452,1.05701634675296,1.09404935526083,1.05701634675296,0.950668057062392
"hsa-miR-3145_st",0.901724925683366,0.950668057062392,0.803471777735504,0.913072924553037,0.921317943088579,0.921317943088579,0.913072924553037,0.65633901748622,0.662847824038212
"hsa-miR-3146_st",1.05701634675296,1.14902252640997,1.25805000566462,1.14870846207455,1.05701634675296,1.05701634675296,0.975588233799154,0.885378156151503,0.924845530437128
"hsa-miR-3147_st",3.13088529694003,2.59239367956576,1.89808343630525,3.28776910738413,2.62445482523509,1.90264230015558,2.53485470675348,2.86970602363649,3.07168200624981
"hsa-miR-3148_st",1.4470746379705,2.07524541077347,1.4470746379705,2.13925661298717,1.34693293967145,1.5073169180339,1.35969060137833,1.49625906954356,1.46160139547596
"hsa-miR-3149_st",1.23922316506451,1.32660720165668,1.0728445680636,1.5485029212319,1.44091650076589,1.42614645167343,0.790382796198132,1.76970396293015,1.44091650076589
"hsa-miR-3150_st",1.49497099022819,0.964707395060723,1.04456203079012,0.711941712853141,1.15695348061009,0.960385422261171,0.869239944108582,1.07200311704127,1.18533226187288
"hsa-miR-3151_st",1.98291808592991,1.26796179751319,1.30878439954852,1.72865956907908,1.40332115903987,1.13658969294637,1.40079057920553,1.40079057920553,1.40079057920553
"hsa-miR-3152_st",1.29602543705933,1.82800777794603,2.7956551276557,1.40079057920553,1.29855601689368,1.05218833846389,1.2163844300707,1.31101220734763,1.29602543705933
"hsa-miR-3153_st",1.31032346533123,1.07894255718975,1.14622547135586,1.08192305614456,1.14622547135586,1.06395578690145,1.52854073296985,1.08192305614456,1.29602543705933
"hsa-miR-3154_st",1.99755561776493,2.51487180084156,1.44389399773486,2.39759257495744,2.58320248623498,2.1355390279781,1.67455906820653,1.22794139138124,1.71149444459753
"hsa-miR-3155_st",1.0320961700162,1.0320961700162,1.00538888731426,1.36088363218046,1.0320961700162,1.21167431086196,1.10055964421233,0.967793754804902,0.950668057062392
"hsa-miR-3156_st",1.40332115903987,1.37476463186881,1.58289929988563,1.69037198364739,1.51158372165188,1.15695348061009,1.40332115903987,1.40332115903987,1.40332115903987
"hsa-miR-3157_st",1.61330664424882,1.23922316506451,1.32417352863333,1.66160422337553,1.23922316506451,1.2242363947762,1.03645999213182,1.23922316506451,0.759638797291049
"hsa-miR-3158_st",2.439166235033,1.07200311704127,2.18984162476021,1.40079057920553,1.53339915483243,1.37133043549698,1.11055453900948,1.33466076290875,1.68838939774879
"hsa-miR-3159_st",1.03228542168641,1.16357564536136,1.16357564536136,1.13336167798294,1.16357564536136,1.32395962372381,1.16357564536136,1.40079057920553,0.993723669064468
"hsa-miR-3160_st",0.977375339764336,0.977375339764336,0.956521413058321,0.952905890201228,1.13630553225257,0.977375339764336,0.977375339764336,1.23006755370435,1.2006717430963
"hsa-miR-3161_st",1.0944986947116,0.828651133597252,0.977375339764336,0.905927424198603,0.942960432706466,0.856040279785458,0.869239944108582,1.17860479179456,0.942960432706466
"hsa-miR-3162_st",5.37091838092268,5.92660369653126,3.53948743026594,4.99320463275214,4.30550762822982,4.64773011285788,5.17406647347859,5.85916684709019,5.10748820634867
"hsa-miR-3163_st",0.959846156777331,1.7434175340139,1.15695348061009,1.26275619333022,1.07200311704127,0.853335948943944,1.10055964421233,1.12141357091835,1.69553700374624
"hsa-miR-3164_st",0.813277136572304,0.977375339764336,1.44020056664157,1.0464499071351,0.977375339764336,1.15695348061009,0.883017779453111,0.913072924553037,0.977375339764336
"hsa-miR-3165_st",1.21301969885243,1.07200311704127,1.07200311704127,1.52854073296985,1.07200311704127,1.07200311704127,0.768061419104146,1.07200311704127,0.898492183126305
"hsa-miR-3166_st",1.22125589582139,1.06303863292631,0.99656950224765,1.43642199857606,1.4489002864214,1.15695348061009,1.10055964421233,1.15695348061009,1.15695348061009
"hsa-miR-3167_st",1.10866556343929,0.869642184408676,1.03837871978565,1.06094979081934,0.897083270659821,0.715734108362263,0.897083270659821,0.604110020079482,0.924277487857455
"hsa-miR-3168_st",1.23922316506451,1.84401027744788,1.21251588236256,1.62090242237555,1.17237117338868,1.09820658325335,1.23922316506451,1.23922316506451,1.08578903780252
"hsa-miR-3169_st",1.19879410397816,0.960000950776294,1.10191711464817,1.26442616437186,1.2561229954704,1.34486760461415,1.32533439114529,1.24483737005674,1.0655016127173
"hsa-miR-3170_st",1.10866556343929,1.10866556343929,0.927316401141733,0.949735370951059,1.10866556343929,1.29836962173683,0.970002042587121,1.43745302560355,1.07200311704127
"hsa-miR-3171_st",0.983148576055669,1.03143649322647,1.03143649322647,1.02319147469093,1.03143649322647,1.07972441039727,0.792010873895761,1.18487062048846,1.03143649322647
"hsa-miR-3172_st",1.68268715093672,2.26023750904045,7.17287668132747,2.28165943219758,2.81856382303102,1.68268715093672,2.90453873374882,2.01706860842657,2.06619931110114
"hsa-miR-3173_st",1.01682213772714,1.07200311704127,1.15001166762602,1.8457488154419,1.01371340612234,1.68268715093672,1.1547299879335,1.07200311704127,1.97419319282433
"hsa-miR-3174_st",1.34280123762096,1.24678398507572,1.15131653412358,1.26442616437186,1.2101215386777,2.07493870506083,1.24678398507572,1.24678398507572,1.04402081214303
"hsa-miR-3175_st",5.1844396004794,3.66394701411695,7.60381530275677,3.4811386564758,4.43536370773688,3.98735009795438,3.80663364148065,3.2283416479227,4.06800160014104
"hsa-miR-3176_st",1.68268715093672,1.24528492198161,1.758428599225,1.85884549768096,1.758428599225,1.9622217818501,1.24528492198161,1.68268715093672,2.06872989093549
"hsa-miR-3177_st",4.8687752172313,4.87166464374311,4.00473709740939,4.35287666223715,4.642801885327,4.92541442668691,3.16887967266878,5.09420521925286,4.88420478024622
"hsa-miR-3178_st",13.3555074827175,12.7270262806433,12.699238708567,12.5649811674258,12.9571709402671,12.9229957381266,12.8387474190593,13.3686645279405,13.3683927555636
"hsa-miR-3179_st",0.92558978753884,0.689945428450748,1.12066752281213,0.919795028896229,0.92558978753884,0.950668057062392,0.663741962238671,1.06817694410607,1.06497735617161
"hsa-miR-3180-3p_st",7.90732505494417,7.32612995575358,7.21670922376374,7.3636988446859,7.53694156697457,7.6736646673719,7.5671492531847,8.04161610720377,7.81054525487521
"hsa-miR-3180-5p_st",1.40332115903987,1.40332115903987,1.40332115903987,1.79280415123708,1.40332115903987,1.40332115903987,1.36222118121268,1.33659439494691,1.19400723837968
"hsa-miR-3181_st",1.66406311548037,1.73118930912015,1.75582023724622,1.66406311548037,1.66406311548037,1.68268715093672,1.06908575594647,1.66406311548037,1.66406311548037
"hsa-miR-3182_st",0.782515322927823,0.950668057062392,0.745794495909521,0.913072924553037,1.06497735617161,1.23366764720995,0.913072924553037,0.836367579519756,0.953639548367837
"hsa-miR-3183_st",1.10793294138955,0.963456809252138,0.977375339764336,0.587939809611447,1.0441021038573,1.02566325693514,0.603406336752052,0.977375339764336,0.869239944108582
"hsa-miR-3184_st",1.26650408957212,0.64742509337936,1.38016267480353,1.10055964421233,1.10055964421233,1.01979120804826,1.1291161713834,1.09802906437799,1.40332115903987
"hsa-miR-3185_st",10.0475105715268,9.62264758006937,9.46853051167074,9.80554461951565,10.0743678818553,9.98091321173511,9.6482454107717,10.3496326725565,10.1442601818959
"hsa-miR-3186-3p_st",0.689852949918813,1.00061204867541,1.07200311704127,0.742052870656294,1.10055964421233,1.29026370250987,1.38824712854939,1.25813357106787,1.10055964421233
"hsa-miR-3186-5p_st",1.0307181344653,1.12349424628878,0.836358757953178,1.43725235359825,1.0307181344653,1.0307181344653,1.15020152899073,0.973389242973055,0.99405568806728
"hsa-miR-3187_st",5.16206679529914,5.23354416135886,4.74063719137616,4.52002901830815,4.76413263547938,4.86617883986649,4.86617883986649,5.25138014353891,4.84410792005702
"hsa-miR-3188_st",5.71146079621625,6.02772773968481,5.86354699129911,5.19367836474527,5.27623309345615,5.19627233616113,5.55033964032269,6.02772773968481,5.46462941037019
"hsa-miR-3189_st",1.39040013023115,1.20055600816016,0.783389628418875,0.780859048584526,1.19283191760985,1.4539252307767,2.17342468831084,1.37113714993835,1.04413158485937
"hsa-miR-3190-3p_st",1.09648337882778,1.28210690654713,1.25696170950633,1.34586132782268,1.28131703770146,1.3834094736515,1.19370541535396,1.50775266533654,1.29602543705933
"hsa-miR-3190-5p_st",1.06937118876761,1.07200311704127,1.07200311704127,1.2361013202333,1.03534067064325,1.40680750310864,1.01794196357914,1.07200311704127,1.07200311704127
"hsa-miR-3191_st",1.35969060137833,1.60969428741224,1.17095971594695,1.12096425716908,1.59441683815293,1.35969060137833,1.35969060137833,1.80981312352146,1.90674131707665
"hsa-miR-3192_st",1.03501213276274,1.21106802299349,1.2145902736085,0.851006618805357,1.0083048500608,1.0083048500608,0.954243696598664,0.836666659459337,1.08973296301461
"hsa-miR-3193_st",1.38709172574004,1.60212025017937,1.0241448676975,1.67640929364538,1.46497692529606,1.48598787037182,1.44389399773486,1.54939465967587,1.7868333192043
"hsa-miR-3194_st",2.39238353291975,1.03414726999658,0.783389628418875,1.14870846207455,1.42072603362084,2.04642010833992,1.54939465967587,2.36184424727024,1.75204407561944
"hsa-miR-3195_st",7.3347962837594,6.58274305802469,6.29620095361414,6.40989208468544,6.54776522286809,6.16419013677569,6.59431205913762,7.28213290510934,6.99174762662551
"hsa-miR-3196_st",12.1100720751851,11.6529919890467,11.546513731041,11.7593532554289,12.0365806046764,11.9835814214029,11.8418706610864,12.4528980953395,11.8755596995939
"hsa-miR-3197_st",5.05451315980849,3.41868564973796,3.57588810741011,3.81273929085359,4.31676238930072,4.27032700363965,4.28367186938857,4.5426602964585,4.11722627013991
"hsa-miR-3198_st",1.39551457728389,2.01033166085215,1.52854073296985,1.47951058767032,1.52854073296985,1.22577397207269,0.956521413058321,1.52854073296985,1.52854073296985
"hsa-miR-3199_st",1.10866556343929,0.867701386091205,0.619602369757496,0.950668057062392,0.809651475251233,0.711644678031776,0.962016055932063,1.10410218432438,0.950668057062392
"hsa-miR-32-star_st",0.968222595178717,0.850679998970763,0.8009441665352,0.943753145615609,1.15695348061009,1.29887157581779,0.968222595178717,1.30302698124609,0.968222595178717
"hsa-miR-32_st",1.38209819794496,1.05078015594636,1.25625245366944,1.59327232682522,1.06159978664707,0.950668057062392,1.48735738272799,1.34325889966353,1.17211521592524
"hsa-miR-3200_st",1.92716153577639,2.96965522278393,2.70327340335949,3.12295513594566,2.21069052599467,2.46897359033032,2.64403371972982,1.98461588483556,2.42415689824025
"hsa-miR-3201_st",1.03428503108481,4.81607283600484,2.53577115711782,4.51891966435724,2.46400780211707,3.30420382998182,1.19437457700285,1.91369512822179,1.93367410241518
"hsa-miR-3202_st",0.950668057062392,1.11236812161803,1.20533753605383,0.883579903454602,0.991234680877192,0.950668057062392,0.940003981132347,1.00011989707113,0.759638797291049
"hsa-miR-320a_st",11.0135955744774,11.2830758128622,11.221339235664,11.1298964812827,11.3537090023148,11.3901348679571,11.0337452421731,11.1962757097293,10.8020612981429
"hsa-miR-320b_st",10.8846721020305,11.1645609356546,11.1521083613022,11.0203261867638,11.3213189431758,11.3139368532064,10.9036560965968,11.1017060190706,10.7500955459031
"hsa-miR-320c_st",10.7720851845589,11.1034441667965,11.0504210858772,10.7903173318315,11.1075303122887,11.0561431287223,10.750616062555,11.0011546342741,10.6139739609405
"hsa-miR-320d_st",8.90000443593577,9.14494491510245,8.94932088633556,8.96649006080088,8.79275800298099,8.87239417749617,8.83318417938179,8.78708683895649,9.04837136110543
"hsa-miR-320e_st",6.78757245724109,6.40453464643626,5.94107195725539,5.92729233677591,5.88809579510331,3.46401464580827,7.05978229026164,6.13798195303209,6.07595550688384
"hsa-miR-323-3p_st",1.00388389561555,0.976442809364405,1.19393300110929,1.40653661163144,1.28131703770146,1.19393300110929,1.19393300110929,1.01391326064233,1.29755572586033
"hsa-miR-323-5p_st",1.84863159629651,1.3225565143642,1.00390641706921,1.12236683031874,0.97719913436726,1.27651324828561,2.23957524327756,1.28252813057138,1.59728123612338
"hsa-miR-323b-3p_st",1.3577632124777,1.09981319090469,0.954279132020531,1.18122381803224,1.0967002840426,1.52629845193206,1.41216289502606,1.89808343630525,1.69932819283539
"hsa-miR-323b-5p_st",0.756320097843888,1.07200311704127,1.36319015331704,1.26442616437186,1.07200311704127,1.04103405207953,1.74265190477221,0.99314103826329,0.79073805212945
"hsa-miR-324-3p_st",7.09970342931852,7.05700401793532,6.99048755301021,6.9616414689099,6.69896642421719,6.9616414689099,6.95743506870196,6.9706348209282,6.74572057802022
"hsa-miR-324-5p_st",7.86443880846542,8.19362805191736,8.19362805191736,8.23491280663099,8.26647956792583,8.10234448226445,7.82127490672512,8.11395431475189,7.90584108390694
"hsa-miR-325_st",1.13704130904788,0.740350805390007,1.03143649322647,1.02890591339212,1.15442290077574,0.946636228937708,1.02890591339212,1.2145902736085,0.849903014823752
"hsa-miR-326_st",1.36209816240908,0.970166405431644,1.35960193558453,1.87869169902549,1.73619547663083,0.890484789125163,0.995961674160953,1.07200311704127,1.6472007541278
"hsa-miR-328_st",3.1109540715802,1.59292494873012,1.9808715171436,1.83556128781656,2.78166571052283,2.21649157727076,2.09154699896176,1.93459500553956,2.21649157727076
"hsa-miR-329_st",1.2145902736085,1.29602543705933,1.21712085344285,1.40079057920553,1.10028097449928,0.970252364826909,1.92549139719176,1.2145902736085,1.2145902736085
"hsa-miR-330-3p_st",5.72494829728392,6.00024231904105,5.92660369653126,6.09329612219107,5.87564149973754,5.94488555932384,5.05227829249609,5.87564149973754,5.38059086781342
"hsa-miR-330-5p_st",1.40079057920553,1.1885016117449,1.28131703770146,1.65290429006122,1.40079057920553,1.55870929915119,2.10001672672917,1.596962134022,1.54686407984152
"hsa-miR-331-3p_st",5.5007866570282,5.62588495278027,4.642801885327,5.69760883194279,5.62588495278027,6.13483527041434,5.66412593935055,5.51106479603126,6.10642373730995
"hsa-miR-331-5p_st",5.20022477936649,5.55747180417587,5.21127933737296,5.20022477936649,5.96229197043187,5.78606181475627,5.20022477936649,4.40764287225267,4.43648534020652
"hsa-miR-335-star_st",0.950668057062392,1.72895916308292,0.783389628418875,1.10642865799496,1.07200311704127,0.906949794576184,1.79212678227087,0.748314182696618,0.880985284930042
"hsa-miR-335_st",1.02161379634488,3.22847150761851,1.29954063717732,1.43699407020204,2.07559144866817,1.29602543705933,1.14187901909246,1.2145902736085,1.29602543705933
"hsa-miR-337-3p_st",1.10866556343929,1.24450406858866,1.4917000766169,1.22060719751161,1.40018533835737,1.27700103390937,1.22060719751161,1.07200311704127,1.22060719751161
"hsa-miR-337-5p_st",0.93238094796643,0.627362004699093,0.977375339764336,0.895347939458567,0.919817389021675,1.13407428366782,0.832433352429502,0.726956467393713,0.919817389021675
"hsa-miR-338-3p_st",1.10866556343929,1.1516441240299,1.05701634675296,0.91624611567021,1.01439764270828,1.05701634675296,0.96238856947603,1.05701634675296,1.06142844294559
"hsa-miR-338-5p_st",1.26581510848403,0.907408957413194,1.28131703770146,1.15873112633199,1.03925758482792,1.00469216837172,1.04023773910553,1.15356688393713,1.47197502490264
"hsa-miR-339-3p_st",7.4474590218146,7.16022924215848,7.54760627470259,7.32135615801213,7.68522536924803,7.80690601457557,7.16659553051455,7.57316708585886,7.08464295811167
"hsa-miR-339-5p_st",8.37519445017337,8.46691799253614,8.30566489714437,8.54397907178535,8.66248777342926,8.91619256780303,8.41858174672866,8.45415269486394,8.36081689095929
"hsa-miR-33a-star_st",0.787625020086036,0.913072924553037,0.713530866321489,1.40079057920553,1.00045696114521,0.793171873310116,0.713530866321489,0.913072924553037,0.963534552355398
"hsa-miR-33a_st",0.913072924553037,1.00507910421005,0.951424437462632,0.913072924553037,0.810407855651473,0.905331494466096,0.892677540105887,0.820437220678253,1.03333814730061
"hsa-miR-33b-star_st",3.91497603965393,4.11705066716758,2.79371835432935,3.65427052010127,3.96715146238974,5.15537341569709,4.11705066716758,4.89840737960442,4.4512487694469
"hsa-miR-33b_st",0.769152037976392,0.825153989755996,0.675803590898988,0.94269658596395,0.94269658596395,1.15695348061009,1.55816439438076,0.94269658596395,0.898863605519496
"hsa-miR-340-star_st",0.882823101739047,0.940151993231294,0.759638797291049,0.750121478652976,0.962895246669077,1.20341782439596,0.882823101739047,0.882823101739047,0.997132400848261
"hsa-miR-340_st",0.928552862206761,1.01593689879893,0.951535680727449,1.2803231428917,1.15695348061009,1.15695348061009,1.23922316506451,1.09265106539879,1.17166187996796
"hsa-miR-342-3p_st",8.34829527393689,8.70428084622354,8.39632600677237,8.58593663498388,8.28767608456807,8.30764501544398,8.27811977110109,8.21152805972483,8.34829527393689
"hsa-miR-342-5p_st",2.37224177516041,2.73819592804457,1.65392255347267,1.90320615015147,3.56184586936331,1.84863159629651,2.76429904981596,2.48746706882461,3.44524274166134
"hsa-miR-345_st",7.14157569757782,7.5099326518079,7.44355094446307,7.46747255357784,7.5746388609016,7.74827433490682,7.0703991732877,7.10982357116924,7.04855256006722
"hsa-miR-346_st",4.47097053882126,3.93601670008704,4.34252657851134,4.34252657851134,4.44571700711611,4.70468511094948,4.11705066716758,4.36375308763839,4.34252657851134
"hsa-miR-34a-star_st",1.23922316506451,0.985853942447966,1.20256071866648,1.35143272876416,1.40332115903987,1.23922316506451,1.23922316506451,0.952297070240785,0.881228974132031
"hsa-miR-34a_st",2.34592445339624,1.93820490514024,1.89808343630525,1.89808343630525,1.89808343630525,1.38912690260398,2.32316751594034,1.80007326823301,1.69796460019602
"hsa-miR-34b-star_st",1.20050723974926,1.21549401003757,1.42771502656216,1.1313840887634,0.836358757953178,1.1886104741383,1.20050723974926,1.22136116645528,1.33192597940679
"hsa-miR-34b_st",1.54939465967587,1.54939465967587,1.46795949622504,1.54939465967587,2.64403371972982,1.34927582356664,1.675934946843,1.72873041701531,1.34927582356664
"hsa-miR-34c-3p_st",3.00696806376853,2.30042058658808,1.8770955307017,2.91543017293519,2.79817395808407,2.439166235033,2.11685381468013,2.57438945449054,2.57438945449054
"hsa-miR-34c-5p_st",1.12951949014531,2.15418177205924,1.28131703770146,2.11382648092821,1.54939465967587,2.46744597032697,1.35969060137833,1.54939465967587,2.24084527091462
"hsa-miR-361-3p_st",1.52854073296985,1.52854073296985,1.8179913119566,1.52854073296985,1.68268715093672,1.52854073296985,1.52854073296985,1.56910735678465,1.4647863116943
"hsa-miR-361-5p_st",9.93678613038648,10.2040153288606,10.0618855661209,9.99734863545978,10.0067825510844,10.0047934470264,9.91681231048569,9.93707048167678,9.79811437522729
"hsa-miR-362-3p_st",1.0847111151545,0.843746937806411,1.0847111151545,1.37552763199014,1.38377265052568,1.0847111151545,1.0847111151545,0.913072924553037,1.69172161696677
"hsa-miR-362-5p_st",6.85303813986247,6.75954232279409,6.75809227479313,6.58556259301843,7.36654864727337,6.82907277319807,6.38726653321301,6.44924816002172,6.54401311515523
"hsa-miR-363-star_st",1.10866556343929,1.08195828073735,0.777599876134396,1.1457127020129,1.07200311704127,1.08195828073735,0.981846181853381,0.901938540270389,1.12056232905025
"hsa-miR-363_st",0.860566547105583,1.19518742148927,1.37121037525623,0.658212672739809,0.836358757953178,0.935681286774085,1.10055964421233,1.07200311704127,0.950668057062392
"hsa-miR-365-star_st",1.66160422337553,1.57329153075292,1.89684418093963,1.66160422337553,1.82048753878116,1.55830476046461,1.60139685117115,1.74671082879642,1.7868333192043
"hsa-miR-365_st",1.10866556343929,0.735478476304917,1.05191421507274,1.10866556343929,1.25473906407528,1.12951949014531,1.33998526354304,1.07107043092994,1.10866556343929
"hsa-miR-367-star_st",1.19178689093336,0.739133788955873,1.01025652591974,1.64880595571743,0.793619038640183,0.739133788955873,0.869239944108582,1.2474714597639,0.792519983446453
"hsa-miR-367_st",1.28060283398033,1.24394038758231,1.50577730988427,1.20634525507296,1.25826769113819,0.950668057062392,1.07751029764906,1.47851249015461,1.05291112781097
"hsa-miR-369-3p_st",0.977375339764336,1.2066790638907,1.89808343630525,0.913072924553037,0.977375339764336,0.977375339764336,0.887273829807528,0.977375339764336,0.903812001386299
"hsa-miR-369-5p_st",0.857891945238911,0.698175008930783,1.48564920572457,0.939528787879121,1.09782172947505,0.950668057062392,1.00319395219812,0.913072924553037,0.939528787879121
"hsa-miR-370_st",1.40332115903987,1.38009352416507,1.1651288020833,1.79027357140273,1.808008470439,1.17837431942817,1.63856111660398,1.12171991520303,1.40332115903987
"hsa-miR-371-3p_st",0.834788183197108,1.03453266576335,0.972055521504342,1.32873702410809,1.18631241615048,1.07200311704127,1.07200311704127,1.07200311704127,1.08671151639914
"hsa-miR-371-5p_st",1.42615899045634,1.29602543705933,1.25545259836434,2.11246226531347,1.16056192165225,1.45313777941414,1.29339070334458,1.40152609900033,1.40152609900033
"hsa-miR-372_st",1.03143649322647,1.29602543705933,0.950668057062392,0.766002866315275,1.23312982892786,0.92595960819068,1.10055964421233,1.03143649322647,1.41438900573276
"hsa-miR-373-star_st",1.40332115903987,1.17672065135969,1.77544725397317,0.805485729787015,0.962463756713551,0.836358757953178,0.869239944108582,1.13912551885034,1.13912551885034
"hsa-miR-373_st",1.36055822504338,1.07200311704127,1.13788492857522,1.07200311704127,0.879580069710684,1.05701634675296,1.30538384509051,1.02216722627791,0.800205421105849
"hsa-miR-374a-star_st",1.55522648333165,1.45510168600927,1.54318891214774,1.14870846207455,0.9618757453368,1.15695348061009,1.23922316506451,1.15695348061009,0.892062450292767
"hsa-miR-374a_st",0.815675275208701,0.977375339764336,1.62293360777362,0.913621125442769,0.977375339764336,0.977375339764336,0.869239944108582,0.865127115217438,1.01025652591974
"hsa-miR-374b-star_st",0.758183440304508,0.895065541894046,0.972152748688797,0.774429757036626,0.874365828509276,0.931727988292067,0.931727988292067,1.42710422500625,0.869239944108582
"hsa-miR-374b_st",2.9513059302868,1.60489080344039,0.845008984094711,1.29602543705933,0.768010435103721,1.03603824386605,1.45319582300791,1.19187352128094,3.23723622971299
"hsa-miR-375_st",0.679739039504577,0.869788144998314,0.869788144998314,0.805485729787015,0.836358757953178,1.3147464247466,1.15834325300043,0.869788144998314,1.16240120877981
"hsa-miR-376a-star_st",0.977375339764336,0.913072924553037,0.838570607733001,0.913072924553037,0.791592141730375,1.02738222366225,1.06026340981766,0.913072924553037,0.836352963890908
"hsa-miR-376a_st",1.23922316506451,1.02413516059756,1.05701634675296,1.03143649322647,1.12374311084593,1.02755620304441,1.05701634675296,1.05701634675296,1.24574723218434
"hsa-miR-376b_st",1.05701634675296,1.10073460923917,0.600983523990233,1.05701634675296,0.646309652459441,1.24479274939734,1.12929113641024,0.775119775021766,0.903582219490975
"hsa-miR-376c_st",1.01228027736927,0.997361887656911,1.01228027736927,1.03143649322647,1.01228027736927,0.836358757953178,1.06014563117905,1.33295384228193,0.809517104436584
"hsa-miR-377-star_st",0.767644712438319,1.07200311704127,1.2309333095295,0.964415922275248,1.37018748324815,1.17835140673184,1.07200311704127,1.07200311704127,1.07200311704127
"hsa-miR-377_st",0.662814209965619,1.02371863157321,0.950668057062392,0.836358757953178,0.836358757953178,0.836358757953178,0.836358757953178,0.640766119066923,0.662847824038212
"hsa-miR-378-star_st",6.08971824837513,6.41497309811869,5.93197318625885,6.11826313600356,6.35407345775324,6.58066349082652,6.25638243454925,5.54063843771607,6.08971824837513
"hsa-miR-378_st",9.95890525453807,10.0450238452345,9.99770268158332,9.88550711375598,10.1109644304016,10.0562344505372,9.89898954418003,10.1301855734965,9.7244057027738
"hsa-miR-378b_st",2.36614625349173,2.33649562055362,1.68268715093672,1.9808715171436,1.73248475109341,1.73248475109341,2.42788546691063,1.9808715171436,2.01033166085215
"hsa-miR-378c_st",8.54112893794681,8.84075318611141,8.88229101115792,9.01355779281815,8.85385450754744,8.87534675099413,8.69171608955378,8.82245726071256,8.71707822017379
"hsa-miR-379-star_st",1.43108936425747,0.73641116241625,1.39560197429546,0.813125329016109,0.957068751216035,0.957068751216035,0.792970548024002,1.07840381119491,1.07840381119491
"hsa-miR-379_st",0.715527514464167,1.66791930802985,1.07200311704127,0.881405171300402,1.39503151272154,1.21464969240142,0.977375339764336,0.779029866460931,1.07200311704127
"hsa-miR-380-star_st",1.1713610511098,1.10604396581937,0.950668057062392,1.03143649322647,0.856040279785458,0.763092576082674,0.776271117016047,1.21090215459376,0.668266286043258
"hsa-miR-380_st",0.801868702192869,1.07200311704127,1.11473990525602,0.904533771094433,0.681603479445292,0.985961884048242,0.904533771094433,0.904533771094433,0.869239944108582
"hsa-miR-381_st",1.2145902736085,1.2145902736085,0.999813658284326,1.29535870977258,1.54939465967587,1.49236681848726,1.35969060137833,1.2145902736085,0.950668057062392
"hsa-miR-382_st",1.07200311704127,1.07200311704127,0.831038939693183,1.03453266576335,0.950668057062392,1.1516441240299,1.09883508097464,1.07200311704127,1.2006717430963
"hsa-miR-383_st",1.77521203973346,1.67521369783861,1.44389399773486,1.63631704506545,1.20775042363327,1.04716635889101,1.47245052490593,1.73598865922966,1.55387863785973
"hsa-miR-384_st",0.997024099109051,1.11990330693222,0.817996954828968,0.919795028896229,0.869899620898313,0.923960774360447,0.923473839864758,1.02738222366225,0.950668057062392
"hsa-miR-409-3p_st",2.23638089860126,1.2006717430963,1.29805235479038,1.12344267288348,1.54939465967587,1.28131703770146,0.877643347416035,1.00507910421005,1.06617589381168
"hsa-miR-409-5p_st",1.16486205942363,1.06767845805693,1.05672666376788,1.10055964421233,0.923897882075547,1.23945463888035,1.10055964421233,1.16644145574628,1.10055964421233
"hsa-miR-410_st",0.990506629554098,1.06722659021623,0.836358757953178,0.705538134250087,0.73641116241625,1.10481592866331,0.990506629554098,0.990506629554098,1.0233878157095
"hsa-miR-411-star_st",1.56131866541677,0.905902390506604,0.929087422593535,0.963483236163915,0.950668057062392,1.31797948409948,1.13537284614124,1.16700493317578,1.02723745048548
"hsa-miR-411_st",1.07200311704127,1.08201370596843,0.838900585927682,1.36281963387691,1.27828854058897,1.27112751855532,0.981901607084461,0.885024617754477,1.07200311704127
"hsa-miR-412_st",1.361730206434,1.68713946440944,1.64865630125772,2.21308812251007,1.64865630125772,1.61768723629598,1.80922743810386,1.50780370707,1.64865630125772
"hsa-miR-421_st",6.36344333933022,6.97709040653488,6.73008022518688,7.02063596128995,6.73008022518688,6.4381990287633,6.38333004712775,6.72859433404051,6.96505216482221
"hsa-miR-422a_st",7.62692272877752,7.91412618643018,7.8093778912035,7.84501632734267,7.283149463548,7.75483499176799,7.35801254802741,7.65611928143319,7.53191221247455
"hsa-miR-423-3p_st",9.91071513892384,9.94094353489272,9.8835284934772,9.81401302375555,10.2001287848388,10.1183161107946,9.88729327222959,9.75504932866003,9.63322054453092
"hsa-miR-423-5p_st",8.07228777801811,8.4790326339143,8.31309931542928,8.27395134364909,8.52589569661967,8.46333110876501,8.21845092579681,8.24492283907691,7.93370243882107
"hsa-miR-424-star_st",7.64951550655985,8.05364947534072,8.15393436049083,8.08951600361785,7.81647876067084,8.08163221209396,7.98454914412583,7.59194950478046,7.48007353014799
"hsa-miR-424_st",0.892655395416993,1.35136409289831,0.979473212204721,1.14870846207455,1.35135787801812,1.70674529931431,1.04859636319059,1.49743137865412,1.08827608565106
"hsa-miR-425-star_st",5.49511506265481,5.68852603892499,5.79667685789427,5.56312193040603,5.81622490198283,5.9910285677279,6.01290419646804,5.50326464797969,5.73067479903486
"hsa-miR-425_st",9.82274558339241,9.71444625969821,9.96304525353888,9.86098852440068,9.81669418547017,10.0014781114084,9.86697653124967,9.88043325029799,9.86283354615671
"hsa-miR-4251_st",0.991935003331017,1.07853721170104,0.93384709912185,1.00328300220069,1.13800850396701,1.00328300220069,1.11141839785644,0.913072924553037,1.00328300220069
"hsa-miR-4252_st",1.68268715093672,1.36700413173934,0.977375339764336,1.76223268515378,1.68268715093672,1.81597964219758,1.93803316811008,1.86202290827616,1.68268715093672
"hsa-miR-4253_st",1.61604466319093,1.5945114759052,1.28124027712357,1.67122564250506,1.91510619856211,1.53377497873652,1.5129210520305,1.61604466319093,2.32824541894601
"hsa-miR-4254_st",1.29602543705933,1.29602543705933,1.29602543705933,1.21406421435617,1.4686769113215,1.53990599311638,1.20592392710252,1.10904693777253,1.7367545332959
"hsa-miR-4255_st",0.977375339764336,1.00184478932744,1.10259491369431,0.977375339764336,0.977375339764336,0.977375339764336,0.948666201811753,0.987404704791116,0.948666201811753
"hsa-miR-4256_st",0.913072924553037,0.913072924553037,1.03143649322647,0.805485729787015,1.00698777223682,0.913072924553037,0.862889789281412,0.913072924553037,0.753288642463879
"hsa-miR-4257_st",2.31634865333505,1.72427707453504,1.61819817833251,2.06977113545996,1.80922743810386,1.90454264298746,1.54527512348654,1.80922743810386,1.80922743810386
"hsa-miR-4258_st",2.01953725154875,1.35904768702266,1.92243566518893,2.20948648979645,2.39963982908899,2.31634865333505,2.36119502205034,2.11172995615997,2.32824541894601
"hsa-miR-4259_st",1.68268715093672,1.37332321735847,0.855623573119631,1.32946585556368,1.12331953132456,1.28131703770146,1.28131703770146,1.51779625063118,1.24465459130344
"hsa-miR-4260_st",1.2533770918681,1.32503530018767,1.45860239709273,1.29602543705933,1.6266744176984,1.28131703770146,1.29373577128678,1.29602543705933,1.29602543705933
"hsa-miR-4261_st",1.22787516619484,0.674324271438095,1.29731079856796,0.968528629782837,1.21923014672331,1.33677274293126,1.23922316506451,0.837157339724196,0.727649718055974
"hsa-miR-4262_st",0.670620305363875,0.893916708695839,0.893916708695839,0.926907189377505,0.893916708695839,0.974562003300999,0.793804609811873,0.893916708695839,0.893916708695839
"hsa-miR-4263_st",1.09051139609608,1.37249904699305,1.05384894969806,1.24627199702865,1.05384894969806,0.836358757953178,0.934287321309248,1.07200311704127,1.04823159201649
"hsa-miR-4264_st",0.663741962238671,0.950668057062392,1.27126277971931,0.919795028896229,0.918876420337345,1.17132564586218,1.23835554139945,0.821999431007361,0.950668057062392
"hsa-miR-4265_st",1.0157092847232,1.34883362117445,0.950668057062392,1.28170742753466,1.063997201894,0.949687902784786,0.977375339764337,1.30783430048943,1.063997201894
"hsa-miR-4266_st",0.816195935223053,0.885631838301892,1.50861836543176,0.978704984946738,0.913072924553037,0.885631838301892,0.918861004124617,0.913072924553037,1.02640206938465
"hsa-miR-4267_st",1.27275389545875,1.44389399773486,0.977375339764336,1.38643028571027,1.40332115903987,1.42440408660107,1.3159371224477,1.58094119930192,1.63519408562799
"hsa-miR-4268_st",1.15249854388375,0.880191738397633,0.954256274794902,0.755774693297597,1.36540370872678,0.772502712773764,0.869239944108582,0.926991455065236,1.11583609748573
"hsa-miR-4269_st",1.21680095909505,1.07578437728389,1.63312766516112,0.951367332183851,1.52074265703217,0.607509120162608,1.04246599520493,1.07200311704127,1.10866556343929
"hsa-miR-4270_st",9.39276910809587,8.95134854232717,8.43952319273841,8.47502597885187,8.61037659530313,8.39850346825812,8.97462189260823,9.69134208371656,8.44974284148403
"hsa-miR-4271_st",1.72013599280608,2.8675755815118,1.35160614763246,2.12351809250375,2.00404455099969,3.19758449973513,2.19007519753284,2.07317975272117,2.12351809250375
"hsa-miR-4272_st",0.977375339764336,1.01497047227369,1.3207087244763,0.776244128064441,0.798138270564485,1.41820628133137,0.933542359319881,0.963597504419808,1.3121797258317
"hsa-miR-4273_st",1.28675197178472,0.950030177660991,1.07200311704127,0.683648285602414,1.04370968979054,0.793449451723427,0.711089371853559,0.814120436799955,1.1307784606928
"hsa-miR-4274_st",1.38373935226979,1.36220616498405,1.09518424426767,1.79027357140273,1.40332115903987,1.47651546409327,2.53207074182447,1.35910646081378,1.99074985408206
"hsa-miR-4275_st",1.15086519581925,1.18631241615048,1.67953835682295,1.14064792960816,1.02938441299659,1.05701634675296,1.27034859034468,1.07200311704127,0.955821074618551
"hsa-miR-4276_st",0.857110117016759,0.977375339764336,0.977375339764336,1.03143649322647,0.977375339764336,1.15661240896419,0.977375339764336,0.977375339764336,1.29602543705933
"hsa-miR-4277_st",0.87602828170847,1.02356680789943,1.29587361338554,1.40079057920553,1.44181780494576,1.13787610700864,1.13787610700864,1.2145902736085,1.05644799405483
"hsa-miR-4278_st",0.907905123065902,1.43041905353124,0.937193112858771,0.913072924553037,1.09285704374729,1.07200311704127,1.35969060137833,1.40079057920553,1.2006717430963
"hsa-miR-4279_st",1.47545624922127,1.29602543705933,1.44389399773486,1.25843030454997,1.8947520396728,1.07402711232624,1.30410989080519,1.01642240646814,1.29602543705933
"hsa-miR-4280_st",1.5310369597944,1.07974454712821,0.722243597313835,1.30764747612936,0.957887956401927,1.07200311704127,1.02817895816339,0.999672402198181,1.07200311704127
"hsa-miR-4281_st",10.1461776625101,9.2452526302909,9.08738880464171,8.9725219749915,8.83623901483332,8.73072645943375,9.76195173567775,10.4087300480878,9.02267596804722
"hsa-miR-4282_st",1.08933157791456,1.07200311704127,1.19454861311945,0.950668057062392,0.883807461046617,0.766264864838663,0.950668057062392,0.950668057062392,1.01442227138396
"hsa-miR-4283_st",0.844743346893185,0.950668057062392,0.825111414511366,0.918184561156212,0.836358757953178,1.01028661432718,1.10055964421233,0.952957722834934,0.950668057062392
"hsa-miR-4284_st",8.9564337526825,7.80551405764167,8.49871729712531,8.35813042876444,8.88082219669851,8.72125003727247,8.76995451599936,8.64568387671672,8.42446699892152
"hsa-miR-4285_st",1.71037271713384,1.98613869180753,1.42027113490585,1.50983837107076,1.82150652883879,1.87481489702409,1.52854073296985,1.72873041701531,1.79248463133687
"hsa-miR-4286_st",4.78940736589881,5.34746690377846,5.25889416065668,5.45208169620499,5.28716723587218,5.20400121708707,5.38029299633401,4.60093821076964,5.52647383046214
"hsa-miR-4287_st",0.646309652459441,1.06190437333819,0.63903138893842,0.933235747283162,1.42348398177,1.28131703770146,1.12072246694246,0.933235747283162,1.56955748240599
"hsa-miR-4288_st",1.84863159629651,2.0821708604597,1.62797400749673,1.7454280177356,2.06140536431261,1.84863159629651,1.84863159629651,1.86361836658482,1.84863159629651
"hsa-miR-4289_st",1.40332115903987,0.917786870906987,0.950668057062392,0.950668057062392,0.90307847154912,1.14352398431221,0.94183064861082,1.35049185086297,0.837399779289759
"hsa-miR-429_st",1.31896050401419,1.87226745919511,1.78417015350351,1.7261569295066,1.50480416160667,1.72189561122326,1.27306059575973,0.913072924553037,1.7868333192043
"hsa-miR-4290_st",1.68268715093672,1.07200311704127,1.07200311704127,1.74212662554453,2.35798581133562,1.23737671368008,1.68268715093672,2.1828630033703,1.77916571038202
"hsa-miR-4291_st",1.25167096789755,1.57329153075292,1.40332115903987,1.33743934750593,1.40332115903987,1.40332115903987,1.249174741073,1.48822719457578,1.40332115903987
"hsa-miR-4292_st",2.84366591508085,2.72627570758786,2.45836626838164,2.81000605636286,2.39582489798987,2.12351809250375,1.93346898701002,2.46142328507316,2.12351809250375
"hsa-miR-4293_st",1.2006717430963,1.2006717430963,1.11831166322643,1.2006717430963,1.54939465967587,1.2006717430963,1.03657374912093,1.12834102825321,1.2006717430963
"hsa-miR-4294_st",1.12085959639107,1.57002582907536,1.28242701053209,1.40079057920553,0.85413280057151,1.17473798490822,1.57011449486915,1.28242701053209,1.29602543705933
"hsa-miR-4295_st",0.89440866879315,0.73641116241625,0.89440866879315,1.39680747840826,0.89440866879315,1.15695348061009,1.03957299141664,0.797531679463166,0.8247258966608
"hsa-miR-4296_st",1.11603886061651,1.23922316506451,1.23922316506451,1.10615967465883,1.23922316506451,1.23922316506451,1.23922316506451,1.35325379446067,1.36122728640292
"hsa-miR-4297_st",1.26593044776645,0.683170981419595,1.44085062472091,0.83219301248896,1.15088473802359,0.817214039511701,0.977375339764336,0.977375339764336,0.897515515407046
"hsa-miR-4298_st",10.9158884709652,11.0982828394666,10.3066645556347,10.7981286404446,10.9859307691491,11.1205725651977,10.8824712903759,10.9570002094002,10.6983659382377
"hsa-miR-4299_st",2.01033166085215,2.51869806643237,1.71402201765744,1.52854073296985,2.104864271009,1.54939465967587,1.72873041701531,2.50588473267715,1.72873041701531
"hsa-miR-4300_st",0.977375339764336,1.2006717430963,1.18939440127164,0.950668057062392,0.73641116241625,0.839050362282293,0.70721873365423,0.950668057062392,1.2006717430963
"hsa-miR-4301_st",0.926483393020597,0.712136778577237,0.962508156477524,1.21729990985624,1.05426527824337,0.712136778577237,0.714901100241126,1.2145902736085,1.26926319087799
"hsa-miR-4302_st",0.939780207254982,0.950668057062392,0.913072924553037,0.913072924553037,0.840970059320131,0.776104252768234,0.956616222012409,0.989787091152897,0.806724634862466
"hsa-miR-4303_st",1.07200311704127,1.28949330878615,1.05943955809652,1.07200311704127,1.07200311704127,1.20461169266818,0.989643037171402,1.00256721396243,0.893000218472901
"hsa-miR-4304_st",3.91438261932849,4.75221856890606,4.14974099836141,4.78729123828133,4.98209924041525,5.78234209324426,2.0738367257746,2.28775299001912,5.58452898720747
"hsa-miR-4305_st",1.29971725969065,0.824948531947244,0.869239944108582,0.800116793122718,1.36985440723245,0.656856704716029,1.84210862425926,0.681753224449285,0.997436243646667
"hsa-miR-4306_st",2.20839041496081,2.7319427119343,2.61532458177723,2.90597824984475,1.63639100127048,1.79140654524373,2.16299379760349,2.26346944219578,3.05607699575396
"hsa-miR-4307_st",0.977375339764336,1.06966318986674,0.977375339764336,0.913072924553037,0.977375339764336,1.15695348061009,0.977375339764336,0.779029866460931,0.977375339764336
"hsa-miR-4308_st",1.08343980446289,1.04677735806487,1.24185509333816,1.12348270309815,1.00305909557866,0.745110557791037,1.24951447883311,0.866757617597915,0.796773672030964
"hsa-miR-4309_st",1.01086900060131,1.18641362431864,1.29191428625965,1.60707600275323,1.12407229445469,1.15695348061009,1.15695348061009,0.989733432586857,1.15695348061009
"hsa-miR-431-star_st",1.27901866336149,0.854286375039217,1.09028777793012,1.02598536271882,1.28131703770146,1.09028777793012,1.29302489869835,1.09028777793012,1.09028777793012
"hsa-miR-431_st",0.971813721440477,1.0928387289376,0.941861482692167,0.946018452711168,0.788884012611914,0.830262500740263,1.66160422337553,0.971813721440477,0.968701413058643
"hsa-miR-4310_st",1.24416955207073,1.2006717430963,1.11269288241499,2.46309180854398,1.43603743247134,2.10954014319863,1.23922316506451,1.43603743247134,0.912851510072121
"hsa-miR-4311_st",1.04757800863038,0.950668057062392,1.10866556343929,1.27591988608531,1.37121037525623,1.08349683875472,1.00113675888486,1.37404060721597,1.08349683875472
"hsa-miR-4312_st",0.990955435644586,0.995542119582241,1.53926874222408,1.66160422337553,1.54939465967587,1.99650015697205,1.35969060137833,1.03816082362692,1.44389399773486
"hsa-miR-4313_st",1.54937786630679,1.44389399773486,1.52831173211467,1.66160422337553,2.41501897225128,1.68268715093672,1.46141453933007,1.54324065470209,1.49940767425764
"hsa-miR-4314_st",0.756348018538221,0.850975795815154,1.11910279446326,1.41795248261371,0.828351376279451,0.86733325318148,1.20831978515047,1.17976325797941,1.15966941827806
"hsa-miR-4315_st",0.805239844947674,1.09589998811832,0.997500800221234,1.07200311704127,0.995288950441411,1.08024813557681,1.23922316506451,1.61490175100788,1.07200311704127
"hsa-miR-4316_st",1.83738623138146,1.7391330834336,1.25712925333659,1.76000645954211,1.88552344692573,1.35638700565469,2.24557161841625,1.47803406546157,1.7391330834336
"hsa-miR-4317_st",3.03453777352189,3.67775735675888,2.61532458177723,2.9513059302868,2.93864718998033,3.20563695702552,3.37152410734818,3.20563695702552,3.33585361222445
"hsa-miR-4318_st",0.972201244348125,0.950668057062392,0.789189866705672,1.40079057920553,0.950668057062392,0.618868566208295,1.40720567299097,0.770648316595434,0.950668057062392
"hsa-miR-4319_st",1.09573890843777,0.854774731089682,1.27531704928353,1.03143649322647,1.06903162573582,1.09573890843777,1.27794572674931,1.76745297870011,1.09573890843777
"hsa-miR-432-star_st",0.857891945238911,0.945275981831085,1.10420617431932,0.983111519168888,0.698908303401303,0.906397352569029,1.39189365865637,0.887947090338838,0.778055933807849
"hsa-miR-432_st",1.28466928136462,1.28466928136462,1.28466928136462,1.3613746263979,1.42333280221679,1.15695348061009,1.45188932938786,0.953351239366017,1.71181199919059
"hsa-miR-4320_st",1.23922316506451,0.957068751216035,1.05701634675296,0.864572171236127,0.836358757953178,1.05701634675296,1.04962807443753,0.999687455260717,1.08989753290837
"hsa-miR-4321_st",2.99151024777226,3.39932951961557,2.06349924845579,2.99151024777226,2.98884953830544,3.53700857231594,2.22040175198462,3.10243106385925,2.99151024777226
"hsa-miR-4322_st",3.35202732051765,2.7275116346159,2.10324802210945,3.4141358604254,3.35202732051765,3.31263994970761,3.35202732051765,3.4013476346548,4.30361442287208
"hsa-miR-4323_st",1.2234973934567,0.988485870721625,1.24185509333816,1.49664684671688,1.51294797244345,1.37514758459902,1.21717832875091,1.24185509333816,1.24185509333816
"hsa-miR-4324_st",2.25601245465097,0.836358757953178,1.03143649322647,0.913072924553037,0.973799700228064,1.54939465967587,1.382822244544,0.829082618860696,0.892371587274255
"hsa-miR-4325_st",1.27210435121991,0.752621813951521,0.482701617162145,1.03143649322647,1.31419822385687,0.728669732329309,0.673068389292103,0.97400508625478,0.869239944108582
"hsa-miR-4326_st",1.09871039974321,1.07200311704127,0.904724688397753,1.23912604903684,1.07200311704127,0.995288950441411,1.02817013659681,1.2145902736085,0.847980797023213
"hsa-miR-4327_st",1.5319897850949,1.40332115903987,1.40332115903987,1.5319897850949,1.40332115903987,1.38833438875157,1.81267649022891,1.44135713504143,2.42176136045203
"hsa-miR-4328_st",0.950668057062392,1.00263133808414,0.869239944108582,0.950668057062392,0.950668057062392,1.03889899738033,1.01497047227369,0.950668057062392,0.950668057062392
"hsa-miR-4329_st",1.84699282430893,1.14073127205522,1.44389399773486,1.70516309330757,1.53884354155039,1.70097421454528,1.66406311548037,1.53631296171604,2.35201395978127
"hsa-miR-433_st",0.857891945238911,0.799424048602961,1.36624087929384,1.08127238398983,0.894356517267036,0.692002642901262,1.1591866469908,0.951364348296441,1.1642652749188
"hsa-miR-4330_st",0.857891945238911,0.901330338073761,0.859088652192556,1.03143649322647,1.03143649322647,1.7634555871008,1.15170171597405,1.29535870977258,0.773153428890819
"hsa-miR-448_st",0.748974721361005,0.950668057062392,0.997646523065017,1.23013657502836,1.15998197772258,0.950668057062392,0.771089916216636,0.779029866460931,1.11476605103776
"hsa-miR-449a_st",1.56833224254544,1.29602543705933,1.2193054763972,1.29602543705933,1.29602543705933,1.6152927308274,1.10597633156559,1.11600569659237,1.75793930618755
"hsa-miR-449b-star_st",2.57064418389174,2.01033166085215,1.68428208953372,1.69708321427399,2.60102721266966,1.94497337970798,2.58090769032205,2.10254730656352,2.55202014843539
"hsa-miR-449b_st",1.21393043319475,1.37802863638678,1.67954598544224,1.34043350387743,1.16377174174064,1.3374557976918,1.42849948202212,1.72873041701531,1.37802863638678
"hsa-miR-449c-star_st",1.13380139413349,1.07200311704127,1.35494093329693,1.26442616437186,1.1459069937478,0.679600137181759,1.12505306704178,1.07200311704127,0.995283156379141
"hsa-miR-449c_st",1.5310369597944,1.55816920729557,1.01436632404286,1.07200311704127,1.07453369687562,0.873962712029111,0.646309652459441,1.07200311704127,0.873962712029111
"hsa-miR-450a_st",0.834146617365098,1.02112511665189,1.49930422784414,0.80835134863579,0.950668057062392,0.728669732329309,0.731481548463535,1.11275326702465,0.661798776331185
"hsa-miR-450b-3p_st",0.820296812729557,1.03440798453192,0.913072924553037,0.674346580343787,0.950668057062392,0.913072924553037,1.02267407137057,0.913072924553037,1.2006717430963
"hsa-miR-450b-5p_st",1.21469193314573,1.19315874586,1.21469193314573,1.12417723015578,1.21469193314573,1.30746804496921,1.51020516573745,0.779029866460931,1.3787899271211
"hsa-miR-451_st",0.673016935161386,0.977375339764336,1.01340010322126,0.939780207254982,1.63834561303847,0.836358757953178,0.977375339764336,0.789888620105039,1.29602543705933
"hsa-miR-452-star_st",0.950668057062392,0.929134869776658,0.646309652459441,1.03143649322647,0.950668057062392,0.950668057062392,1.09168463887355,1.09325521362962,0.690288910289358
"hsa-miR-452_st",3.36752497185547,4.0138602385628,2.77703626853468,4.28371860461277,2.6443745161226,3.35115970136256,3.35115970136256,3.04507961983645,4.45424935182457
"hsa-miR-454-star_st",0.911511675856364,1.00351785551337,0.882182795534494,1.26025176258019,1.15695348061009,1.00351785551337,1.04706115297274,1.03672822527754,0.869239944108582
"hsa-miR-454_st",1.56272450296573,3.36504030095138,3.15811934997304,2.99142944264906,2.65235819360123,2.1801518703763,2.53577115711782,3.15811934997304,4.63023719645935
"hsa-miR-455-3p_st",10.3059206098258,10.4799406942785,10.004817010259,10.3756343050764,10.4956033234479,10.5269261968046,10.399388218264,10.3310947453597,9.99877425704435
"hsa-miR-455-5p_st",4.29661475654427,4.08398816904039,3.49013633639424,4.77696987634081,4.48467593397513,3.87301932604698,4.70298981152376,1.60943528033479,4.80584332866537
"hsa-miR-466_st",1.32149284951892,1.23922316506451,1.03645999213182,1.23097814652896,1.65638954480579,1.23922316506451,1.23922316506451,1.30634935870429,1.21251588236256
"hsa-miR-483-3p_st",1.88301314147067,1.97888806784769,1.44389399773486,1.46474792444088,2.35502192184138,1.96572575672322,1.77869838380223,1.46474792444088,1.78315606540638
"hsa-miR-483-5p_st",3.36613076031118,3.37960411725523,1.74639382312091,1.79557825469397,1.53099753775238,1.74685995682457,1.82328715751056,2.40099120181464,2.3512881196618
"hsa-miR-484_st",3.73658226710182,3.45193674621776,3.71807971568413,3.45193674621776,3.39668842308546,2.97662244341462,4.0044223811153,3.16481335452946,3.45193674621776
"hsa-miR-485-3p_st",1.23922316506451,1.15025353915922,1.46974831953255,1.2310219753233,1.27465253298484,1.23355255515765,1.37203855713446,0.944095880499576,1.07200311704127
"hsa-miR-485-5p_st",1.15695348061009,1.15695348061009,1.13372584573529,1.43941525247556,1.15695348061009,1.45433103007201,1.15695348061009,1.27322956942114,1.0708265832873
"hsa-miR-486-3p_st",1.15462847701772,1.2006717430963,1.02133598575686,1.40301524306791,1.07200311704127,0.950668057062392,1.2006717430963,1.2006717430963,1.29825010092171
"hsa-miR-486-5p_st",1.7999591197848,1.41522584932881,1.33186224245658,1.14870846207455,1.93775950762924,1.4614095095942,1.9719629423294,1.76749907207113,1.78958372864858
"hsa-miR-487a_st",0.772869945914755,1.72873041701531,1.26330177030066,1.15695348061009,0.878346830950545,1.05701634675296,1.08372362945491,1.17835140673184,1.15941237271494
"hsa-miR-487b_st",0.789541345175805,1.07200311704127,1.2551568974233,1.07200311704127,1.07200311704127,0.991234680877192,1.14112626802713,1.19333817702015,1.07200311704127
"hsa-miR-488-star_st",1.5211197367957,1.17555800074551,0.880716391508465,1.35758673373794,1.47032760655879,1.38316658726443,1.23922316506451,1.23922316506451,1.42892722336205
"hsa-miR-488_st",0.902022627922796,0.744025121545896,0.893916708695839,1.0528521945632,0.972083758399121,0.77258164871696,0.922473235866904,0.700250933873872,0.706759740425864
"hsa-miR-489_st",1.19662083008027,1.28862700973728,0.946967037731881,1.32981565335827,0.734264919100418,0.950668057062392,1.32255796894542,1.00102819119401,0.924308230531885
"hsa-miR-490-3p_st",0.977375339764336,0.956819944863043,0.783389628418875,1.37205953446538,0.835484884884165,0.836358757953178,1.24128454380206,0.750298821720783,1.07815500484192
"hsa-miR-490-5p_st",1.14870846207455,1.14870846207455,1.66908493785864,1.14870846207455,1.50771618512562,1.0258908803766,1.05259816307855,1.14870846207455,1.041412740094
"hsa-miR-491-3p_st",0.977375339764336,0.73641116241625,1.05911992847618,1.12584669256914,1.16344182507849,1.12584669256914,1.79465394351545,1.12584669256914,1.4488750882494
"hsa-miR-491-5p_st",4.92686062251621,4.31903866495883,4.14516567112905,4.28983883017373,4.28983883017373,4.26666793363215,3.96240287764293,4.28983883017373,4.64727902989667
"hsa-miR-492_st",1.10866556343929,1.00214495569795,1.19722269097125,1.07200311704127,1.00214495569795,1.51731355429791,0.549432663129457,1.07200311704127,1.07200311704127
"hsa-miR-493-star_st",1.53390841840996,1.25230717457312,1.06494730095308,1.22258554100379,1.18770070910592,1.15695348061009,0.979136217595631,1.46712497522145,0.960217570888395
"hsa-miR-493_st",1.10055964421233,0.73641116241625,1.36503939778616,1.16940407463551,1.25948983670057,1.54128874044891,1.10055964421233,1.10055964421233,0.764113599986389
"hsa-miR-494_st",4.6189568779466,5.8284658479332,7.03379259542428,5.52505707487682,5.54379037355778,4.03736438550925,4.81607283600484,4.81343212681679,5.09420521925286
"hsa-miR-495_st",0.939320058192721,0.850720461525464,1.52532211068867,0.907564638533056,0.950668057062392,0.950668057062392,1.10055964421233,1.3008429836686,0.922111529891327
"hsa-miR-496_st",0.990720726931244,0.869239944108582,0.900112972274745,0.844770494545474,0.6855944172179,1.05701634675296,0.869239944108582,0.576784559786,1.23752851072338
"hsa-miR-497-star_st",0.548103241298856,0.703529976260845,0.766675985820828,0.964226826162092,0.836358757953178,1.13068779752935,0.939023826854742,0.836358757953178,0.836358757953178
"hsa-miR-497_st",1.5310369597944,1.45026852363032,1.29015804806754,1.5310369597944,1.82048753878116,1.5310369597944,1.62155166278436,1.15729527304999,2.02284344906789
"hsa-miR-498_st",3.00990274747442,2.15418177205924,2.15418177205924,1.7847866724862,1.45599921032194,1.57371703466921,2.38755455461919,2.5014906085614,2.174787212915
"hsa-miR-499-3p_st",1.11373975459801,1.10866556343929,1.10866556343929,1.40079057920553,1.00871796790236,1.15075943607625,1.10866556343929,1.08476869236224,1.10866556343929
"hsa-miR-499-5p_st",1.31333306495767,1.2006717430963,0.910101433247592,0.936205321418323,1.14897908943442,0.728669732329309,1.10055964421233,1.07200311704127,0.807938151578618
"hsa-miR-500-star_st",7.16341866284409,6.86754366995148,6.83208723152437,6.88186748700822,7.13748022387939,7.17876078883521,6.60331799708401,6.88186748700822,6.56593487928731
"hsa-miR-500_st",6.62701968769216,6.76627576745623,6.59303252507601,6.71490068017139,6.76563319770152,6.98023813578645,6.4510814827058,6.38224771068281,6.64236842225619
"hsa-miR-500b_st",1.16980683161985,1.09309266501999,1.03634131665344,0.81137724161715,1.51159699202496,1.44469332782709,1.38164777302211,0.913072924553037,1.1259738511754
"hsa-miR-501-3p_st",5.631119148138,5.60908209095369,5.70759068362833,5.63949633138124,6.04537250188064,5.87765319781335,5.16816278131813,5.39204791932577,5.63949633138124
"hsa-miR-501-5p_st",4.77480627191138,4.97701840376833,3.99304377563886,5.1315336841512,4.94958063052354,5.3316316384264,4.97701840376833,4.97701840376833,5.34419431142401
"hsa-miR-502-3p_st",6.81335969790093,7.0181373914036,6.83954691992429,6.93261404372396,6.96713763730247,7.02134142333375,6.93261404372396,6.93654534795786,6.84906002595439
"hsa-miR-502-5p_st",1.74508086106923,1.71562071736068,1.66265158782638,1.66160422337553,1.44818357964964,1.42074249339849,2.16156452856852,1.90664827521025,2.09374184765892
"hsa-miR-503_st",7.04855256006722,7.09070359929024,7.04855256006722,7.12064142208987,7.0401183693748,7.29175369229788,6.97541563773179,7.03034680363661,7.00241404838116
"hsa-miR-504_st",1.40332115903987,0.995288950441411,0.950668057062392,1.07200311704127,1.07200311704127,1.07200311704127,1.15427280149568,1.2145902736085,0.995283156379141
"hsa-miR-505-star_st",5.78507735772905,6.49296318860634,5.70015176597968,6.24229665669906,6.05221777524583,6.10952132512566,5.93691217915322,5.23918340340938,5.66461958000522
"hsa-miR-505_st",4.02271727674364,2.81294473127237,1.76544470669383,3.33764554776806,2.42860690928005,2.09861625736302,2.7319427119343,2.7319427119343,3.11978128808326
"hsa-miR-506_st",1.05602488363586,0.950668057062392,0.869239944108582,0.913072924553037,0.940514010804183,1.02287409067405,1.03494195607466,1.02287409067405,1.0604692231834
"hsa-miR-507_st",1.34326055715002,0.843444675379274,0.783389628418875,0.869239944108582,0.727701175796838,0.869239944108582,0.869239944108582,0.869239944108582,0.869239944108582
"hsa-miR-508-3p_st",1.51546710291349,1.29529952037323,1.07200311704127,1.12183900780463,1.07200311704127,1.04529583433933,1.01560928064351,1.07200311704127,0.774625567579356
"hsa-miR-508-5p_st",0.950668057062392,1.25502646166534,1.15695348061009,0.831643992182373,0.950668057062392,0.891804542615114,0.950668057062392,1.0530929675975,0.880985284930042
"hsa-miR-509-3-5p_st",0.979871566588888,1.05880345271815,1.49436385986571,0.949934253513191,1.05880345271815,1.11613234421039,0.977375339764336,1.05880345271815,1.11289772227485
"hsa-miR-509-3p_st",1.54828039228684,1.2006717430963,1.15155654170069,1.15155654170069,1.07200311704127,0.975398194956451,1.15155654170069,1.37610469812535,1.17875075889832
"hsa-miR-509-5p_st",0.786311140570208,1.2006717430963,0.906576363317786,1.31174063408502,1.12194524760841,1.06159978664707,1.11370022907287,1.31646340200555,1.11370022907287
"hsa-miR-510_st",0.997841880153354,1.1098251314623,1.21195305195571,1.05302285946748,0.97630869286762,0.97630869286762,0.510670657399127,1.2145902736085,0.902225953858277
"hsa-miR-511_st",0.794821653856971,0.77804464353587,0.805485729787015,0.805485729787015,0.782258094912216,1.05701634675296,0.805485729787015,0.938205943788505,0.759638797291049
"hsa-miR-512-3p_st",1.59474033074783,0.851982966466918,1.31537433885099,1.31537433885099,1.30618522274572,1.4479829144779,1.48726394882831,1.54939465967587,1.30618522274572
"hsa-miR-512-5p_st",1.14870846207455,1.18928130076954,1.14870846207455,1.14621223525,1.07200311704127,1.50987602342645,1.06728034912074,1.01846208148567,1.14870846207455
"hsa-miR-513a-3p_st",1.10055964421233,1.10055964421233,1.10055964421233,1.18887233683494,1.01819956434247,1.4312086248514,1.10055964421233,0.928058692664942,1.10055964421233
"hsa-miR-513a-5p_st",1.14870846207455,1.10608975802987,1.07387754818381,1.14870846207455,1.68268715093672,1.15695348061009,1.4380260299799,1.07200311704127,1.27513252676903
"hsa-miR-513b_st",1.20038797915533,0.834497239478364,0.88394129296943,0.826251011962356,0.950668057062392,0.733177865317509,1.09168463887355,1.07014159856646,0.950668057062392
"hsa-miR-513c_st",0.958176540245329,1.06595596128465,1.22125718529083,1.07825035576252,0.875906855790915,0.658416664046033,0.788522819198742,0.779029866460931,0.764492248453059
"hsa-miR-514_st",1.03293774151681,0.976925740128642,1.03293774151681,1.23097814652896,0.950668057062392,1.19441593187352,0.782338838280646,1.12756551879374,1.02090499795856
"hsa-miR-514b-3p_st",1.22297486254851,0.950668057062392,0.812835771925963,1.14574579233568,0.760618951568655,0.950668057062392,0.788159007338707,1.13350933683862,0.752865180352856
"hsa-miR-514b-5p_st",1.06417736878661,1.17166187996796,0.868339991987697,2.06977113545996,1.15695348061009,1.15695348061009,0.990345023762649,1.4250311025845,1.07630818600493
"hsa-miR-515-3p_st",0.748974721361005,0.739128635780885,0.946765256941682,0.681331630030488,1.18240961602977,0.724766932208599,0.748974721361005,0.639816568639777,0.839076231317813
"hsa-miR-515-5p_st",1.40332115903987,0.900509156391618,1.15695348061009,1.00045675192855,1.54939465967587,0.736255865669389,1.03333793808395,0.882093183255113,0.971900224757481
"hsa-miR-516a-3p_st",0.87382543078476,0.918628442407591,1.23099276215781,0.964475374903557,0.849192539328753,0.836358757953178,0.828526932450782,0.849192539328753,0.918628442407591
"hsa-miR-516a-5p_st",0.973282808962167,1.01942121424361,1.12534592441282,1.40079057920553,1.01942121424361,1.05701634675296,1.04612849694555,1.39765272989893,0.86598708698162
"hsa-miR-516b-star_st",1.1096788471,1.16700773859225,1.1096788471,0.855066150134677,1.28131703770146,1.4261933012437,0.74603858567642,1.01946876945235,1.1096788471
"hsa-miR-516b_st",1.0037752963063,1.05260791093026,1.07200311704127,1.28623706817176,1.09115933289847,0.983470307274599,1.12404051905387,1.09115933289847,1.14517037183023
"hsa-miR-517-star_st",1.02978155521623,0.854703081705044,0.955279238396196,0.993560064316089,0.919817389021675,0.865757644984238,0.977375339764336,0.913072924553037,1.03412668813089
"hsa-miR-517a_st",1.02763606170095,0.654517951563888,1.01334661509998,0.966867655685262,0.825460705582145,1.00366920139187,0.918718837823046,0.828508760175394,0.841998877160917
"hsa-miR-517b_st",0.977375339764336,0.836358757953178,1.09685873428976,0.805485729787015,0.836358757953178,0.836358757953178,0.715527514464167,0.836358757953178,0.662847824038212
"hsa-miR-517c_st",0.704756497271293,0.971750984623589,0.935681286774085,0.685309908873798,1.01710939972789,0.956764214335282,0.927007889771085,1.17216049970381,0.935681286774085
"hsa-miR-518a-3p_st",0.754445048115195,1.01497047227369,1.35160614763246,0.977375339764336,0.977375339764336,0.865757644984238,0.977375339764336,0.977375339764336,0.867774192946803
"hsa-miR-518a-5p_st",0.748974721361005,1.4965910998495,1.31725534251006,1.31725534251006,1.81646155210311,1.60222383781407,1.31725534251006,1.2674194517467,1.70076750267448
"hsa-miR-518b_st",0.996282580871335,0.874947520892457,1.10866556343929,1.19136031614463,0.806233475377599,1.05701634675296,0.996282580871335,1.04011556131579,0.932617416552336
"hsa-miR-518c-star_st",1.23891194402817,0.98718478061663,1.10866556343929,0.964193252138752,0.994407219517178,1.80016827787625,1.10866556343929,1.07200311704127,0.723314340411888
"hsa-miR-518c_st",0.601838878581353,0.81527324119423,0.857891945238911,1.10172904383434,0.857891945238911,0.964240234929483,0.869239944108582,0.857891945238911,0.838500876069029
"hsa-miR-518d-3p_st",1.01547179489832,1.0010043453648,1.24268157247999,1.09407749200965,0.857474288521415,1.05701634675296,1.05701634675296,1.3008534453484,0.975588233799154
"hsa-miR-518d-5p_st",1.29958601206292,1.49741154530739,0.877214615707806,1.14870846207455,1.1927241380144,1.39865985448577,1.75464040465283,1.51813339598984,1.55551444749637
"hsa-miR-518e-star_st",0.836358757953178,0.830789952690828,0.74068844273402,0.759129687740356,0.857441685514375,0.728669732329309,0.836358757953178,1.03748996965307,0.884055842391085
"hsa-miR-518e_st",0.836358757953178,0.923742794545351,0.836358757953178,0.799325749445315,0.836358757953178,1.15562605172125,0.836358757953178,0.703687655719754,0.638555881243642
"hsa-miR-518f-star_st",1.05902315693881,0.843998357182272,0.569214712531794,0.913072924553037,0.913072924553037,1.00737394025248,0.71137958885165,0.913072924553037,0.913072924553037
"hsa-miR-518f_st",1.09168463887355,0.950668057062392,1.09168463887355,0.946502311598174,1.09168463887355,1.09168463887355,1.09168463887355,0.92004644827209,1.20635309467805
"hsa-miR-519a-star_st",0.942803282486619,0.942803282486619,0.743261224255072,0.81269712733391,0.840138213585056,0.828493983377406,0.942803282486619,1.39292580462975,0.869239944108582
"hsa-miR-519a_st",0.977375339764336,1.07200311704127,1.08592164755347,1.03254689718986,1.05701634675296,0.939473750545009,1.06957990569772,0.87003784746617,1.05701634675296
"hsa-miR-519b-3p_st",1.18830657042792,1.09758918544795,1.05701634675296,1.1110775002151,1.26330177030066,1.05701634675296,1.05701634675296,0.947449351263432,0.947449351263432
"hsa-miR-519b-5p_st",0.60104408625151,0.867741688778543,0.728669732329309,0.618868566208295,0.697921075581494,0.894614177689098,0.672275895931551,0.65633901748622,1.12111091139508
"hsa-miR-519c-3p_st",1.44425751806431,1.07200311704127,1.328941635318,1.08019585654861,0.836358757953178,0.836358757953178,1.52854073296985,1.2145902736085,0.975430714402412
"hsa-miR-519c-5p_st",0.977375339764336,1.05078015594636,0.860566547105583,1.01974262443316,1.17496874801089,0.950668057062392,0.77143098786254,0.791737864574159,1.16492495170853
"hsa-miR-519d_st",1.21680095909505,1.30880713875205,1.40739890483591,1.21680095909505,1.65753005533162,1.05880345271815,0.977375339764336,0.657568058785211,1.09079050067309
"hsa-miR-519e-star_st",1.37052835782023,1.57329153075292,1.17616898130811,1.56295140515082,1.51584233544551,1.40332115903987,1.36803213099568,1.37052835782023,1.09116236592338
"hsa-miR-519e_st",1.41156617757542,1.15695348061009,0.906168415233696,1.15695348061009,1.15695348061009,1.15948406044444,1.71185312058431,1.07200311704127,1.09751400600228
"hsa-miR-520a-3p_st",0.845191172026602,1.23759415188611,0.950668057062392,0.845191172026602,0.950668057062392,0.950668057062392,0.950668057062392,1.2145902736085,0.765296914056853
"hsa-miR-520a-5p_st",0.739481768623194,1.02738801772452,0.836358757953178,0.913072924553037,1.04122624265,0.836358757953178,0.748974721361005,0.756286613023148,0.836358757953178
"hsa-miR-520b_st",1.23922316506451,0.950668057062392,1.05701634675296,1.05701634675296,0.8161374350261,1.03548315946723,1.35969060137833,1.25977951968565,1.05701634675296
"hsa-miR-520c-3p_st",1.41882739609474,1.40837807786471,1.89808343630525,1.72072778198608,1.6440224369528,1.45278973759105,1.54939465967587,1.54939465967587,2.06970049831201
"hsa-miR-520c-5p_st",1.27847728311298,1.46852638860672,1.0453747519994,1.29602543705933,1.49878860999201,1.29602543705933,0.761944222128035,1.28850664813976,1.29602543705933
"hsa-miR-520d-3p_st",0.776463832285102,0.869239944108582,0.759638797291049,0.950008380272661,0.856676385163827,1.30147613109574,0.775248272210018,1.13316216065469,0.990575004087461
"hsa-miR-520d-5p_st",1.15430868191401,0.919297159178935,1.17266638179547,0.871149032740013,1.25331167640063,0.950668057062392,1.76730354629083,0.789713869289185,1.17266638179547
"hsa-miR-520e_st",0.977375339764336,1.07015145158782,1.1585753149309,1.06542868366729,0.919252912718908,0.988723338634007,0.824625135441975,0.988723338634007,1.02631847114336
"hsa-miR-520f_st",1.21281405639726,0.98158739693845,0.75491914101407,0.913072924553037,1.28131703770146,1.39239219724302,0.994150955883205,1.17802550705796,1.01446858309385
"hsa-miR-520g_st",1.10866556343929,1.03143649322647,0.954716532564341,1.03143649322647,0.931488897689542,1.09816325731943,0.944052456634297,1.03143649322647,1.26708085231456
"hsa-miR-520h_st",1.03912193088587,1.2006717430963,1.51651347352046,0.916449672826573,0.939174335348937,0.750566822883751,1.03912193088587,1.20068934502688,1.07200311704127
"hsa-miR-521_st",1.07200311704127,0.699748716018228,1.24185509333816,0.979350273468013,1.07200311704127,1.21807661767726,1.47790939610525,1.07200311704127,0.91400561066437
"hsa-miR-522-star_st",0.863284020470219,0.950668057062392,1.02640950535067,0.806724634862466,0.760618951568655,0.950668057062392,0.994211354521763,1.02738222366225,0.947670086503122
"hsa-miR-522_st",1.18365927778693,0.705251324949687,1.01078896897143,1.06375809850573,1.08283547210718,0.970684951860882,1.22105632976117,1.14047226510559,1.03705081580378
"hsa-miR-523-star_st",0.851639790262568,1.05748738599123,1.21133063234086,0.60435283515826,0.555306758778184,0.765512892939776,0.748974721361005,0.546620846995231,0.765512892939776
"hsa-miR-523_st",0.890583736299728,0.86597994280705,0.987460725629712,0.805485729787015,1.75374196916481,0.875251161930053,0.987460725629712,0.987460725629712,1.28043397621005
"hsa-miR-524-3p_st",0.889991303172163,1.08141107436336,0.869239944108582,1.03143649322647,0.977375339764336,1.01946921240129,1.09784277607816,0.952742448308329,0.914739482336602
"hsa-miR-524-5p_st",0.857110117016759,1.07200311704127,0.726035405331579,0.977375339764336,1.18013851269702,1.03039380993453,0.895015259894469,0.977375339764336,0.977375339764336
"hsa-miR-525-3p_st",0.869342470177702,0.841901383926557,1.46488791105643,0.841901383926557,0.869342470177702,1.15695348061009,0.869342470177702,0.779029866460931,0.869342470177702
"hsa-miR-525-5p_st",1.1585056525287,1.23993376548251,0.893916708695839,1.19960563035589,1.20213621019024,1.15076422244175,1.1585056525287,0.945604725906334,1.1585056525287
"hsa-miR-526a_st",1.2145902736085,1.82160077542077,1.33592533358738,1.37615768774952,1.2145902736085,0.88394129296943,1.2145902736085,1.2145902736085,1.2145902736085
"hsa-miR-526b-star_st",1.05880345271815,0.950668057062392,1.12052003335929,0.913072924553037,0.739085764282921,1.13844445970677,0.950668057062392,0.779029866460931,0.841066910244858
"hsa-miR-526b_st",1.05785602042817,0.949720624772416,0.85664747812757,0.949720624772416,0.935012225414549,1.05701634675296,0.949720624772416,1.11128803891344,1.00652289676724
"hsa-miR-527_st",1.44550858861221,1.26442616437186,1.21025582065069,1.16255873621279,1.15695348061009,1.9808715171436,1.10285875023084,1.69713114432784,1.26442616437186
"hsa-miR-532-3p_st",5.58305519130483,5.22542827198491,5.29943052447749,6.07059953100064,5.07740148472788,5.7574370841829,5.85654881745101,5.57334043652824,5.67883586198823
"hsa-miR-532-5p_st",7.46994029364101,7.81906441159491,7.66679418915889,7.639384321245,7.69836520061561,7.68109164915819,7.39913595996205,7.61599835477781,7.49315718084391
"hsa-miR-539_st",1.0807742122151,1.2006717430963,0.869239944108582,0.926198607499284,0.950668057062392,0.950668057062392,0.747904884129704,0.988138508340316,0.950668057062392
"hsa-miR-541-star_st",1.52681891051826,1.29602543705933,0.977375339764336,1.29602543705933,1.4986748530029,1.4023737267499,0.894790043126392,1.12438724645787,1.5095672255107
"hsa-miR-541_st",1.67704878436054,0.721047410329975,1.01525176867472,1.09196593527458,1.07200311704127,1.01525176867472,0.894986545927139,1.05908474911917,0.971418788230262
"hsa-miR-542-3p_st",1.25384489224112,1.44389399773486,1.25384489224112,1.25384489224112,1.3412289288333,1.22640380598998,1.23730672066235,1.16120918836634,1.25384489224112
"hsa-miR-542-5p_st",1.62498916262404,2.40243778676396,1.89779237267963,2.24557161841625,3.88206336275783,2.68742224973772,2.24557161841625,2.98019872663901,2.10460298527353
"hsa-miR-543_st",0.939780207254982,1.05672832089637,0.950444283185026,0.843949773567172,0.798763625443823,0.913072924553037,0.913072924553037,0.913072924553037,1.13600321620218
"hsa-miR-544_st",0.962245480546438,0.836358757953178,0.883337223955803,0.805485729787015,1.25690107614702,0.91059626386011,1.382120650077,1.25437049631267,1.05425166020345
"hsa-miR-544b_st",0.918628442407591,0.648054439500184,0.836358757953178,0.882205690449144,0.836358757953178,0.960722315044546,0.72302961312157,0.780756062586256,0.759638797291049
"hsa-miR-545-star_st",1.05409530042647,0.894559236032188,0.821999431007361,1.22542842273668,0.994506831569116,1.02738801772452,1.55922375206995,2.08071651704575,0.950668057062392
"hsa-miR-545_st",0.874710270862773,0.884739635889552,0.784792040352624,0.961453802489411,0.874710270862773,0.672356396496999,0.977375339764336,0.884739635889552,0.980093329852579
"hsa-miR-548a-3p_st",1.47380257201103,1.63075260475038,1.64467113526258,1.63075260475038,1.76903469235395,1.28667011446261,1.14273688470613,1.40079057920553,1.79245266930602
"hsa-miR-548a-5p_st",1.52596724408262,1.31171034943648,1.00567566939296,1.52596724408262,1.49308605792721,1.48825409066281,1.80922743810386,1.72873041701531,1.52596724408262
"hsa-miR-548b-3p_st",0.977375339764336,1.01794817845932,1.43495874435545,0.716741045417428,1.01946921240129,0.952742448308329,0.692565105424,0.5418282573028,0.761713188536986
"hsa-miR-548b-5p_st",1.10866556343929,1.14071716255613,0.783389628418875,0.925088203535899,0.922111529891327,0.950668057062392,0.994211354521763,0.950668057062392,0.965654827350699
"hsa-miR-548c-3p_st",0.977375339764336,1.51507200364642,0.841387387732733,1.03143649322647,0.987718230740262,1.23408590917004,0.911171270478892,1.07200311704127,1.03143649322647
"hsa-miR-548c-5p_st",1.00290360721495,0.991567300838398,1.07200311704127,1.17423672952516,1.38988407738317,0.873681394305343,0.988648683450233,1.05808458652907,1.05808458652907
"hsa-miR-548d-3p_st",0.857891945238911,0.950668057062392,1.23669614432244,0.592252120572422,1.06497735617161,0.842979031438523,0.760618951568655,1.02738222366225,1.51763045814909
"hsa-miR-548d-5p_st",1.40332115903987,1.3094063113561,1.40332115903987,1.273074778451,1.36194267091153,1.40332115903987,1.45042289316726,1.49562939461745,1.54596773440003
"hsa-miR-548e_st",1.23922316506451,0.836358757953178,0.929415960474042,1.12183900780463,1.28131703770146,0.808080900495163,1.19247055335509,1.07200311704127,1.07200311704127
"hsa-miR-548f_st",1.10866556343929,1.07200311704127,1.1997532708056,1.07200311704127,1.07200311704127,0.854512925296388,0.648587877600081,1.40079057920553,1.07200311704127
"hsa-miR-548g_st",0.867921310265691,1.10126763386844,1.01816430380338,0.879269309135361,0.878144915064169,0.671859491516469,0.869239944108582,1.06367250135909,0.960697422089171
"hsa-miR-548h_st",0.857110117016759,1.05880345271815,1.07379022300645,1.02120832020879,1.18080757405656,1.05880345271815,0.977375339764336,1.05880345271815,0.978158158112986
"hsa-miR-548i_st",0.97922700521779,1.39964762695669,1.48810021016273,1.40079057920553,0.995288950441411,0.777798758696528,1.02990924440432,1.07200311704127,0.61705164072382
"hsa-miR-548j_st",1.24411086497068,0.950668057062392,0.692312877375688,0.950668057062392,0.663741962238671,0.950668057062392,1.01979120804826,0.67268157677036,0.825448483132415
"hsa-miR-548k_st",1.23922316506451,1.02575895498167,1.30377627400833,1.2006717430963,0.772604336677622,0.950668057062392,1.10604396581937,1.21882591043951,1.40332115903987
"hsa-miR-548l_st",1.28263138758227,1.64999899123267,0.833148397353571,1.19458681232571,1.37273289753908,1.58698979218522,1.17726710469209,1.54939465967587,1.40332115903987
"hsa-miR-548m_st",0.845451743107058,0.950668057062392,0.991234680877192,0.886365641851092,0.753117287362484,0.7603098913744,1.07385236151039,0.860457979414741,0.950668057062392
"hsa-miR-548n_st",0.965345784822322,0.856040279785458,0.981475267219171,1.03143649322647,0.977375339764336,1.28541696515629,0.977375339764336,0.940712893366315,0.895947226810527
"hsa-miR-548o_st",1.22440485287504,1.08338827106388,1.23728956519499,1.16010243766374,0.950668057062392,1.1976975701731,1.28173374436729,0.859365951045825,0.909877337148917
"hsa-miR-548p_st",0.857891945238912,1.23869287564868,1.22398447629081,1.15446116083707,1.17135203416667,1.0238363905987,0.874654076914311,0.962038113506484,0.702306235880397
"hsa-miR-548q_st",2.14723008892873,1.53547612916367,1.54939465967587,1.54939465967587,1.51444384396348,1.59919225983255,1.42072531164866,1.42949348039466,1.61314887399743
"hsa-miR-548s_st",1.0684699659702,0.950668057062392,0.991240895757378,1.18928130076954,1.07188619036254,1.01682074928387,0.937179742295245,0.894363906427394,0.950668057062392
"hsa-miR-548t_st",1.2489596602671,1.2006717430963,1.43055960935145,0.913072924553037,1.2489596602671,0.726455760974318,1.2006717430963,1.22152566980232,1.2006717430963
"hsa-miR-548u_st",1.10866556343929,1.05511224371167,1.54632273610305,1.26442616437186,1.36436329822899,1.26442616437186,1.23922316506451,1.26442616437186,1.41049966500785
"hsa-miR-548v_st",1.13166943879051,0.915999764941804,1.05701634675296,1.51355396268154,1.05701634675296,1.05701634675296,1.31886417205313,1.01942121424361,0.935681286774085
"hsa-miR-548w_st",1.08830420233664,0.967682071950914,1.34853743675946,1.03143649322647,0.83866662798555,1.06159691963469,1.06159691963469,1.63337385603991,1.06159691963469
"hsa-miR-548x_st",1.60027013779849,1.33811930969628,1.68268715093672,1.03743648164441,1.28131703770146,1.28131703770146,1.3084563430686,0.880513666433717,1.12238684521323
"hsa-miR-549_st",0.913587828165999,0.836358757953178,0.836358757953178,0.836358757953178,0.836112873113836,0.90308552204614,0.865067895905761,1.10287614520743,0.693771601385949
"hsa-miR-550-star_st",4.34944723935781,5.12522230280027,4.93840585138832,4.99565304196264,4.93840585138832,4.93840585138832,5.2177917993757,4.13368329016406,4.93840585138832
"hsa-miR-550_st",4.13359245513561,5.36086019742604,5.10764977102625,5.09420521925286,5.5492216674609,5.09420521925286,5.09420521925286,4.22377576893335,4.97701514610292
"hsa-miR-551a_st",1.26197120130346,1.02595985096269,1.22145482186609,1.40079057920553,1.07538132123009,1.35474731312694,1.22256704311081,1.40079057920553,1.40332115903987
"hsa-miR-551b-star_st",2.31634865333505,2.5177567152848,1.19993370117874,1.30327148043049,1.6121679536433,1.77429862663819,1.36757389564179,2.09230536024087,2.70199302166154
"hsa-miR-551b_st",1.07200311704127,1.2110750734905,0.836358757953178,1.06375809850573,1.28131703770146,1.15695348061009,0.976205782777688,1.12963991003968,0.976205782777688
"hsa-miR-552_st",0.857891945238911,1.44389399773486,0.913072924553037,0.913072924553037,0.950668057062392,0.929800944029204,0.847440864159337,0.913072924553037,1.04174155060807
"hsa-miR-553_st",0.857891945238911,1.0477360673099,0.857891945238911,0.857891945238911,0.681230183102124,1.05701634675296,0.778107172432108,0.857891945238911,0.972201244348125
"hsa-miR-554_st",1.10866556343929,0.618868566208295,0.977375339764336,1.00986389780587,0.950668057062392,1.0520424859809,1.08758263587809,0.977375339764336,0.759638797291049
"hsa-miR-555_st",0.977375339764336,0.977375339764336,0.799288931418905,0.977375339764336,1.28131703770146,0.927015205632714,0.977375339764336,0.977375339764336,1.30869338176294
"hsa-miR-556-3p_st",1.10866556343929,0.869642184408676,1.4871675240514,1.01161359484275,1.40332115903987,1.22910378658763,0.748974721361005,1.07107043092994,1.2006717430963
"hsa-miR-556-5p_st",1.24968214525045,1.40189866258206,0.977375339764336,1.16979838709492,0.977375339764336,0.950668057062392,0.946628111268505,0.684402089183998,0.71764346213825
"hsa-miR-557_st",2.00765045457854,1.32113917941012,1.60590580031337,1.66160422337553,1.91516021271146,1.10968691534442,1.35969060137833,1.12467368563272,1.35969060137833
"hsa-miR-558_st",0.951624346521243,0.790400666493745,1.2617958411326,0.913072924553037,0.73641116241625,1.28131703770146,0.913072924553037,0.913072924553037,0.913072924553037
"hsa-miR-559_st",1.2145902736085,1.2006717430963,1.18788299090655,1.32206295737026,1.07200311704127,1.53518499626541,1.35969060137833,1.03457053314154,1.35366223005773
"hsa-miR-561_st",0.961875647983367,0.836358757953178,0.593452454642649,0.932994365384138,0.869239944108582,1.05701634675296,0.869239944108582,0.869239944108582,0.799557171976232
"hsa-miR-562_st",0.868271457631504,1.2006717430963,1.00099167163299,1.03143649322647,0.840584020651954,0.950631537501372,0.981600602463113,1.00099167163299,0.954893319761168
"hsa-miR-563_st",1.35389968877247,1.07200311704127,1.20697886124471,0.913072924553037,0.957693817932056,1.07200311704127,0.873773256502229,1.03534067064325,1.32200680307518
"hsa-miR-564_st",1.20198694006928,1.28131703770146,1.707262856977,1.28131703770146,1.28131703770146,1.68115370235136,1.35969060137833,1.03743648164441,1.10515869095722
"hsa-miR-566_st",1.05928904960232,1.02640786344691,1.13600901026445,1.05928904960232,0.836358757953178,0.836358757953178,1.10055964421234,1.54939465967587,1.05928904960232
"hsa-miR-567_st",0.977375339764336,0.838164910126272,0.745158734397864,1.05408068479762,0.960837168185565,0.618868566208295,1.54737961280369,0.977375339764336,1.10604396581937
"hsa-miR-568_st",1.07200311704127,1.07200311704127,0.995283156379141,0.805485729787015,1.07200311704127,1.36665871264185,1.07200311704127,1.09036081692273,1.07200311704127
"hsa-miR-569_st",1.30519328830357,0.627834609771035,0.848285355509159,0.723065781579182,0.65527569602218,0.723065781579182,0.723065781579182,0.65633901748622,0.680824095697978
"hsa-miR-570_st",0.748974721361005,1.04174155060807,1.20001344167781,1.31960714368598,0.73641116241625,0.891539737267304,1.03255631907846,0.913072924553037,0.706787501005336
"hsa-miR-571_st",0.99086986941167,1.0854976466886,1.03143649322647,1.0932189400446,1.1337855638594,1.1337855638594,0.954207423013648,1.0854976466886,1.33550133272251
"hsa-miR-572_st",4.97701840376833,5.38022058362944,5.11171601298816,3.57962057915243,4.01742010457856,4.09857068276151,4.98035079824461,5.17614238820428,4.97701840376833
"hsa-miR-573_st",0.937332441129077,0.802462551649708,0.900669994731056,0.977375339764336,1.15695348061009,0.802462551649708,1.02933862078609,1.0540895063642,1.04147164195607
"hsa-miR-574-3p_st",8.50423696083344,8.70388843176639,8.02192169263233,8.68907785562514,8.36044682599753,8.67444823605207,8.56729244134849,8.56035555502458,8.33709122793431
"hsa-miR-574-5p_st",6.28422877043931,6.46943719555176,6.28422877043931,6.412652509831,6.48544188860106,6.6809326110867,6.20832491998749,6.23436741959693,5.99118584001655
"hsa-miR-575_st",1.20529560830213,1.24586844699711,1.1903666857147,2.56049178557329,0.993713315522655,1.19058720894426,1.10055964421233,1.07200311704127,1.20529560830213
"hsa-miR-576-3p_st",0.950668057062392,1.0320961700162,0.950668057062392,1.07014159856646,0.950668057062392,0.950668057062392,0.950668057062392,0.913072924553037,0.950668057062392
"hsa-miR-576-5p_st",1.17800859289218,0.950668057062392,1.03143649322647,1.11370617768088,1.35758673373794,0.769931945228322,1.17800859289218,1.11370617768088,1.24237480373591
"hsa-miR-577_st",1.07200311704127,1.08671151639914,1.10866556343929,1.07200311704127,0.950668057062392,1.07200311704127,0.8101552917411,1.07200311704127,1.32661581400659
"hsa-miR-578_st",1.46324548508256,1.35335432855157,1.38097580062815,1.30117723709272,0.841644365922054,1.40332115903987,1.47377325890725,1.10904693777253,1.29602543705933
"hsa-miR-579_st",0.758769707099535,0.853587640785125,1.00637676333593,0.711941712853142,0.948818812593272,1.05861997871428,0.977375339764336,0.724796492575215,0.948818812593272
"hsa-miR-580_st",1.23922316506451,0.950668057062392,0.950668057062392,0.913197605784467,0.923960774360447,0.913197605784467,1.11788810508563,0.950668057062392,0.950668057062392
"hsa-miR-581_st",0.79116518114595,0.960958288452925,1.2145902736085,0.743468096708042,1.09022671651713,0.763724094894804,0.701063671189141,0.967826943282737,0.701226410826838
"hsa-miR-582-3p_st",1.21680095909505,0.777256503655111,0.867774192946803,0.939780207254982,0.735827906941446,1.26156157726808,0.977375339764336,0.979665005536879,1.2006717430963
"hsa-miR-582-5p_st",0.987330503460413,0.873953890462532,1.10866556343929,1.02148558017869,0.97390148599946,0.829332997083513,0.804517987383694,0.971649689415328,0.950668057062392
"hsa-miR-583_st",0.877345863335539,1.08010903626823,1.06739496882928,0.932526842649665,0.877345863335539,0.836358757953178,0.869239944108582,0.877345863335539,0.877345863335539
"hsa-miR-584_st",6.8762117756002,6.96105406305591,6.83145711617793,6.74088258374553,6.4815327929329,6.53558513121701,6.31676774362653,6.73309706218685,6.62753715304977
"hsa-miR-585_st",0.849072825392129,0.817839275370059,1.44046505429339,0.950668057062392,1.15343122999508,0.950668057062392,0.896606903600258,0.779029866460931,1.09143828814515
"hsa-miR-586_st",0.895487077748266,1.07200311704127,0.950668057062392,0.950668057062392,0.950668057062392,1.54850348631525,1.12255766703971,0.950668057062392,0.830126252681729
"hsa-miR-587_st",0.950543375830962,0.950543375830962,1.23825691233247,0.913072924553037,0.77130630663111,0.950543375830962,0.868183295961094,1.00795051008658,0.950543375830962
"hsa-miR-588_st",0.857891945238911,1.87293631171389,1.01344583880716,1.01344583880716,0.79051554715802,1.01344583880716,1.2161829595754,1.07200311704127,1.00883955246555
"hsa-miR-589-star_st",4.65383574751621,5.44775705213727,5.37089824251211,5.58821282509336,4.95303839130508,5.00496346025952,4.0333474639216,4.47291616495089,5.00496346025952
"hsa-miR-589_st",1.9464539749174,2.15072349344049,1.24185509333816,3.45142315507412,2.71711086939526,2.15072349344049,2.43536901432455,1.90684293738344,2.15072349344049
"hsa-miR-590-3p_st",0.857891945238911,0.950668057062392,0.887284949682491,0.92732784831775,0.824662779416186,0.92732784831775,1.09454789634099,1.22153220666249,0.92732784831775
"hsa-miR-590-5p_st",1.40332115903987,1.31617819698033,1.07200311704127,1.73210862120413,1.40332115903987,1.99580229174922,1.30869338176294,1.40332115903987,1.71349265365123
"hsa-miR-591_st",0.913072924553037,1.08230817442287,1.03858991193666,0.913072924553037,0.913072924553037,0.695582732808155,0.869239944108582,0.626146829729316,0.913072924553037
"hsa-miR-592_st",1.27465253298484,1.07200311704127,1.15277155320535,1.03440798453192,1.06426168695433,1.06426168695433,1.10055964421233,1.29535870977258,0.784315632704213
"hsa-miR-593-star_st",3.64300191384309,2.11538369280581,1.35160614763246,3.15811934997304,4.9291249628825,2.89983628563739,3.02505585956737,4.64123494962302,3.21705687077797
"hsa-miR-593_st",1.1490135303658,0.950668057062392,0.950668057062392,1.03143649322647,0.90804935301771,1.0023830684698,0.869239944108582,1.03688900077351,0.834486014639673
"hsa-miR-595_st",1.67232260617167,2.01033166085215,2.10051836395579,1.36540370872678,1.28868954212693,2.74944809444221,1.9808715171436,2.33118287741241,2.0020846005449
"hsa-miR-596_st",2.03884183681087,1.29602543705933,1.48338524929917,1.77804084489975,2.5103726662143,1.77804084489975,1.66160422337553,1.7095534757535,1.58521028406845
"hsa-miR-597_st",0.866156062759308,1.2006717430963,1.18596334373843,1.42333798906745,0.826934383681807,1.68268715093672,1.14386947110148,1.18596334373843,1.2006717430963
"hsa-miR-598_st",0.977375339764336,0.977375339764336,0.867774192946803,1.06694536977066,0.880498350434352,0.977375339764336,0.977375339764336,1.40079057920553,0.900655379102208
"hsa-miR-599_st",0.936808715949537,1.25473289655843,1.48797410915505,1.03143649322647,1.03143649322647,1.17408306858662,0.936808715949537,0.967134078015171,1.2006717430963
"hsa-miR-600_st",1.15695348061009,1.01593689879893,1.15695348061009,1.13609955390408,1.15695348061009,1.45619041723074,1.04411332363786,1.27828854058897,1.17780740731611
"hsa-miR-601_st",2.00999463925604,1.44389399773486,1.28480571584301,0.99263968648279,1.11203110002192,1.44268008066099,0.992994970418851,1.36203478605583,1.54939465967587
"hsa-miR-602_st",4.69107028556109,3.81270020520574,2.74949738858692,3.75081697958326,3.57942215523272,4.31809623907579,4.04707048940385,4.86072915539103,5.02482906246923
"hsa-miR-603_st",1.10866556343929,1.0663857593597,1.0663857593597,1.26442616437186,1.0663857593597,1.0663857593597,0.984957646405887,1.21245925999569,0.945843954979034
"hsa-miR-604_st",1.4882715226087,1.10396399468315,1.24169400473361,1.14870846207455,1.12975926341246,1.01329808426676,1.43901324839245,0.987600461320151,1.15695348061009
"hsa-miR-605_st",1.72543736664996,1.02350983122101,1.17448157672824,1.19936228471764,1.1246194660071,1.01648407035134,1.04319135305329,1.54939465967587,1.13781913033022
"hsa-miR-606_st",1.09952403050149,0.978188970522609,1.40346572843861,1.14870846207455,1.09952403050149,1.09952403050149,0.987141047933532,0.929345243722051,1.1512390419089
"hsa-miR-607_st",1.31858063491636,1.30764747612936,1.1260642705034,1.07200311704127,0.972055521504342,0.983103498724913,1.07200311704127,0.968703337236441,1.07200311704127
"hsa-miR-608_st",0.921213510039238,1.29602543705933,1.29544431790736,0.876437471927829,1.0954822943048,1.02736669593296,0.913470480435692,1.17064183027257,0.924134556365736
"hsa-miR-609_st",1.40332115903987,0.977375339764336,0.977375339764336,1.03143649322647,0.632891294197955,0.977375339764336,0.977375339764336,1.13894275390536,0.950668057062392
"hsa-miR-610_st",1.03143649322647,0.725419500743571,1.2145902736085,1.02319147469093,1.03143649322647,1.03143649322647,1.4343009003378,1.07200311704127,1.03143649322647
"hsa-miR-611_st",1.52854073296985,1.8456252567261,1.11476605103776,1.3166997915676,1.18234883196933,1.23998562496774,1.52854073296985,1.23745504513339,1.72177655285003
"hsa-miR-612_st",1.21523183944051,0.762578737463026,1.19745102150827,1.52854073296985,1.42948873408665,0.96652623200548,0.928305744616787,1.07200311704127,1.53348863309218
"hsa-miR-613_st",1.10866556343929,1.09675976873987,1.09675976873987,0.669729106077622,0.906710663246128,1.29958461774241,1.00937573214769,1.20268447890907,1.15351111710642
"hsa-miR-614_st",0.913731225971532,1.2006717430963,0.811066157069968,0.783625070818823,0.811066157069968,0.913731225971532,0.913731225971532,1.14937558505962,1.2367596216518
"hsa-miR-615-3p_st",2.59010063956916,1.58624252507591,1.18237089776263,1.67455521769852,1.28131703770146,0.93443976789118,1.02017434864474,1.36552467814466,1.54939465967587
"hsa-miR-615-5p_st",1.74853571350817,1.57329153075292,1.758428599225,1.50740971921897,2.00476838822065,1.57329153075292,1.92077971286392,1.11197858946592,1.37525112574076
"hsa-miR-616-star_st",1.23922316506451,1.51981394790687,0.988122812234646,1.3195592496494,1.8756206240587,1.3195592496494,1.90916035598366,1.24925253009129,1.54358156966746
"hsa-miR-616_st",1.26442616437186,1.41174313935663,1.26442616437186,1.26442616437186,1.26442616437186,1.5437921562687,1.28347653603271,0.731006602701187,1.23771888166991
"hsa-miR-617_st",1.23922316506451,1.0831273344331,0.796201239609384,0.941629451724102,1.0831273344331,1.20690793390291,1.10055964421233,1.0408776917611,1.44591702420927
"hsa-miR-618_st",1.39303943931939,1.05808458652907,1.07200311704127,1.03143649322647,0.958673972209662,1.05701634675296,1.09663600849728,1.07200311704127,1.2006717430963
"hsa-miR-619_st",0.977375339764336,0.988263189571746,1.24185509333816,0.781432807192561,0.836358757953178,1.32242934553875,0.818067896864527,0.737767130440029,0.950668057062392
"hsa-miR-620_st",1.40467742467257,1.35960193558453,1.24321135897086,1.12068210223473,1.2309333095295,1.05837261238566,1.2159465392412,1.07200311704127,1.74973308782651
"hsa-miR-621_st",0.857891945238911,0.856997807038453,1.05207554231175,1.06969070848363,0.971307106147667,0.971307106147667,0.954768934568895,0.971307106147667,0.971307106147667
"hsa-miR-622_st",1.2702233156244,1.46791677284531,1.40079057920553,1.40079057920553,1.24328503292594,1.12574243671798,1.2702233156244,1.44135720302033,1.86270444833375
"hsa-miR-623_st",1.83907415810363,1.24364130764273,1.6445793982128,1.20604617513338,0.906079297858776,1.12933200853352,1.65207816654106,1.07200311704127,1.24364130764273
"hsa-miR-624-star_st",1.10866556343929,1.10866556343929,0.832878073973358,0.986312201235347,1.20042268520514,1.10934066669259,0.977375339764336,1.45311489914516,1.10866556343929
"hsa-miR-624_st",1.26014107338312,0.934483332510639,0.893916708695839,1.03143649322647,1.26628282336473,0.782866130733125,0.893916708695839,1.07707048907787,0.691153535763151
"hsa-miR-625-star_st",1.53408307046638,0.997926172094197,0.95371416773437,1.40079057920553,2.41501897225128,1.53408307046638,1.35969060137833,1.40079057920553,1.63822923873395
"hsa-miR-625_st",6.85303813986247,7.50245402311798,7.44261464833335,7.56163428714713,7.5330055117095,7.639384321245,6.9018327783616,7.12588638677333,7.43780222511941
"hsa-miR-626_st",1.15899346916905,1.07200311704127,1.07200311704127,1.03440798453192,0.800358193576816,1.15695348061009,1.02741448455386,0.899006114907287,0.758245009731806
"hsa-miR-627_st",1.58691642141096,1.01794196357914,0.977375339764336,0.977375339764336,1.12597942023468,0.863066040655122,0.977375339764336,0.939780207254982,0.977375339764336
"hsa-miR-628-3p_st",1.10739065785097,2.08714635350528,1.758428599225,1.88695666945982,2.22442862088286,1.88718225635184,1.88695666945982,1.75828804340479,3.04798199162359
"hsa-miR-628-5p_st",1.04762903513589,1.02276576398889,1.27602965353922,1.4350630636472,1.80620230300376,1.68268715093672,1.52557776663715,1.44330808218274,1.44330808218274
"hsa-miR-629-star_st",5.09420521925286,5.31943473176372,4.60337827001493,6.03010201629614,5.70882925561182,5.23884073355843,5.23884073355843,4.62850117210171,5.11039677324851
"hsa-miR-629_st",6.47391730675871,7.1315980270005,6.79531484702807,7.03873603147721,7.28755157895603,6.92928421003014,6.85775722732208,6.51557587624804,7.17442978418019
"hsa-miR-630_st",0.857891945238911,0.929134869776658,0.950389387349341,0.600357355062277,0.549432663129457,1.05701634675296,0.748974721361005,0.950389387349341,0.836358757953178
"hsa-miR-631_st",1.27895760194851,1.05218833846389,1.11312050016564,1.15695348061009,1.15695348061009,1.15695348061009,1.85617962813374,0.958608007306687,0.96592422083875
"hsa-miR-632_st",0.893916708695839,0.934489547390825,0.893916708695839,0.816322324929528,0.893916708695839,0.78622768307197,0.493169154032236,0.65633901748622,1.19827511329879
"hsa-miR-633_st",0.901017585980787,1.29602543705933,1.41451010357369,1.03680542989077,1.22189470419121,1.10055964421233,1.10055964421233,1.06389719781431,0.950668057062392
"hsa-miR-634_st",1.3098437106305,1.44256392463199,1.39994522058731,1.92974384388405,1.82048753878116,1.02658782524895,1.44256392463199,1.21326020050563,1.24016093849815
"hsa-miR-635_st",1.35342579612841,1.32639497525267,1.16469491069703,1.14022546113393,1.04321412787437,1.15695348061009,1.2262828763687,1.16469491069703,0.820941801601728
"hsa-miR-636_st",2.69196348095706,1.5374254661711,2.53337148732221,2.14646562564798,2.24786128418879,2.05320861716642,2.71045268858544,2.24786128418879,2.24786128418879
"hsa-miR-637_st",2.01033166085215,1.44389399773486,1.71107951236234,1.79027357140273,1.79027357140273,1.55126448109637,2.02278886731325,2.6027231589971,1.56625125138467
"hsa-miR-638_st",12.3148129765115,12.0057192461305,12.0344408779805,12.2122614591068,12.4326160198589,12.345509671997,12.0074637368808,12.6249009029898,12.2327446142106
"hsa-miR-639_st",1.87727141828128,1.95365649703332,1.281290101182,1.37165867484497,1.78646767279928,1.68268715093672,1.27470839168763,1.30476353678756,1.5977367873679
"hsa-miR-640_st",1.26442616437186,1.08776440223507,0.99766289227826,1.26442616437186,1.14495262286779,1.58502088702877,1.31421014249887,1.26442616437186,1.58307626166685
"hsa-miR-641_st",2.92820147396455,3.80796562919566,2.32987654775067,3.05061720064763,3.12876158658709,2.4950362970016,2.10254730656352,2.92820147396455,3.44524274166134
"hsa-miR-642_st",1.09562362189599,1.30029445456635,0.800968026295408,1.26442616437186,1.18907660833441,0.973341129627137,1.09309304206164,0.894747568758237,0.988327899915444
"hsa-miR-643_st",0.871516420146138,0.958900456738311,0.918333832923511,0.887460804757349,0.918333832923511,1.48770915777183,0.838692825934885,0.958900456738311,0.869239944108582
"hsa-miR-644_st",0.84748796791011,1.07394396095152,0.934872004502283,1.27085335301184,0.934872004502283,1.02701625441641,0.869239944108582,0.879269309135361,0.885778115687354
"hsa-miR-645_st",0.656780617107422,0.975430714402412,1.07578437728389,0.828113739417636,0.63681669972163,0.836358757953178,0.836358757953178,0.836358757953178,0.869239944108582
"hsa-miR-646_st",1.21801145534115,1.05079140731792,0.846521888794819,0.815145674551874,1.05079140731792,1.03580463702961,1.11395902650586,1.50091392946105,0.950668057062392
"hsa-miR-647_st",1.84863159629651,1.44389399773486,1.2304344603618,1.51748528496932,1.51748528496932,1.81151570120628,1.08642179737101,1.62507247973534,1.51748528496932
"hsa-miR-648_st",1.5310369597944,2.91404838593506,2.12658240067313,2.28551788654049,2.53577115711782,1.94145054800785,1.97565385866131,2.29013932463723,2.28804846637484
"hsa-miR-649_st",1.07200311704127,1.07200311704127,0.99528895044141,0.913072924553037,0.736411162416249,1.05046992975554,0.805239844947674,1.17792782721048,1.07200311704127
"hsa-miR-650_st",0.857891945238911,1.44508719735822,1.0807742122151,1.24487241540713,0.978109143313537,0.950668057062392,1.46122148979759,0.894573906618074,1.11365539837051
"hsa-miR-651_st",0.895947226810527,0.841798857857437,1.14884297469977,0.831644811599228,0.869239944108582,0.869239944108582,0.869239944108582,1.03859296339852,0.662795959289068
"hsa-miR-652_st",7.44454628022672,7.64679073884376,7.39115590810798,7.51111931945879,7.66330448438581,7.57953703040373,7.28898267933501,7.4993568126667,7.24703622384001
"hsa-miR-653_st",0.913072924553037,1.11774375722339,1.29995057553493,0.669192368495982,0.836358757953178,0.950668057062392,0.593265643573912,1.11583609748573,0.713171626325899
"hsa-miR-654-3p_st",0.977375339764336,1.07200311704127,1.03143027834628,0.886247951070907,1.03143027834628,1.03143027834628,1.03143027834628,1.07199690216108,0.843653875701903
"hsa-miR-654-5p_st",0.977375339764336,1.12625005532976,1.2145902736085,0.995382902621904,1.08506436538821,0.977375339764336,0.977375339764336,0.939780207254982,0.977375339764336
"hsa-miR-655_st",1.07200311704127,1.12880538903609,0.893916708695839,1.24333623935148,0.73641116241625,1.6440224369528,1.07200311704127,1.2145902736085,1.12880538903609
"hsa-miR-656_st",1.40332115903987,1.07200311704127,1.09944420329242,1.07200311704127,1.17352339844277,0.950668057062392,1.23922316506451,1.12067210215706,0.967237974895072
"hsa-miR-657_st",1.21937031119804,1.22579428810607,0.802642651498741,0.913072924553037,1.26146418383499,1.13056311629792,0.977375339764336,1.05517876028729,1.05517876028729
"hsa-miR-658_st",1.40079057920553,1.10658622086078,1.12132206123956,1.40079057920553,1.40079057920553,1.40079057920553,1.49218042556253,1.40079057920553,1.55972077169376
"hsa-miR-659_st",1.59768257684667,1.44389399773486,1.15695348061009,1.44907849637633,2.22460457986208,1.89691951346731,1.55827841865401,1.72734597292552,1.64359439881374
"hsa-miR-660_st",5.62246115527334,5.45702619398092,5.08299960615173,5.57780531382082,5.21077622679507,5.62246115527334,5.7210249025397,5.78551929608194,5.68001210012117
"hsa-miR-661_st",0.931079495138582,1.03547269778743,0.892752594350935,1.15695348061009,1.15695348061009,1.15695348061009,1.15695348061009,1.63434502324469,1.30893576526926
"hsa-miR-662_st",0.87741988598751,1.32911690772281,1.2371107280658,1.91363239124744,1.91363239124744,1.05701634675296,1.21936088476154,1.32403128491319,0.990895529130759
"hsa-miR-663_st",10.8061364121687,10.4297359462504,10.3219741950233,10.420595297101,10.7859423114093,10.6088123766394,10.3308007992627,11.1204974867508,10.743249868663
"hsa-miR-663b_st",3.05607699575396,4.00855691422949,2.48220363994435,3.30420382998182,2.24687813510122,3.88892005417431,3.54846774697568,3.30420382998182,3.63202755334558
"hsa-miR-664-star_st",1.10866556343929,1.46078487106447,0.994266213093941,1.28131703770146,1.9808715171436,1.1738443539397,1.80922743810386,0.648472264835717,1.66406311548037
"hsa-miR-664_st",2.57714964524617,1.89248515411574,1.43752469891028,2.4931402506453,2.37450056195616,1.8110885511015,2.14579389421989,2.02892009897546,1.54706729160641
"hsa-miR-665_st",1.68723901766191,2.76883559001002,2.0738450019106,2.32870114097042,2.92396272254469,2.78875269531829,2.12858258506628,1.91725464065011,2.21649157727076
"hsa-miR-668_st",1.80544636195364,1.64200739008062,2.16132190655647,1.83064936126099,1.6111870330917,1.6111870330917,1.80922743810386,2.16361157232901,1.80922743810386
"hsa-miR-670_st",0.87610134964791,1.0301986627793,1.22058539521429,1.09927323015006,1.36579061740432,1.31163152494197,1.16302744447163,0.913072924553037,1.19590863062704
"hsa-miR-671-3p_st",5.35947108977062,4.29386475643991,4.43153918695644,5.50728682736904,5.64361959754343,6.00992148107509,5.45205327560574,5.58972770612227,5.36947416305456
"hsa-miR-671-5p_st",6.56042496787561,6.55168570734006,6.11625437490242,6.36129559108404,6.85285029286913,6.42190113463816,6.51232320470362,6.72918598382311,6.3835987862405
"hsa-miR-675-star_st",2.25212323211732,1.40332115903987,1.61791862667289,1.33901874382857,1.40332115903987,1.01644350805798,1.40332115903987,3.01164668880842,1.37661387633793
"hsa-miR-675_st",3.35981363274495,3.55013904563088,4.09437024819638,2.83081849441194,2.60784854519814,2.31634865333505,3.55013904563088,4.16078030454934,4.00315274031911
"hsa-miR-7-1-star_st",4.27833011719294,4.71484783584194,3.95881807776087,4.11705066716758,2.65842179079324,2.10893739989902,4.9147175134201,3.40437215230276,4.44085349394576
"hsa-miR-7-2-star_st",0.752657942150012,0.966769113952371,0.61205806700468,1.52854073296985,1.05701634675296,1.05701634675296,0.977375339764336,1.07200311704127,1.05701634675296
"hsa-miR-7_st",1.58375846857375,1.3584211416129,1.5944225445038,1.52854073296985,2.04975045753788,1.49428084620475,2.38755455461919,1.5944225445038,1.5944225445038
"hsa-miR-708-star_st",1.04559743119444,0.850004792308187,0.750057196771259,0.744527907272397,0.850004792308187,0.728669732329309,0.882885978463592,0.850004792308187,0.740437796818656
"hsa-miR-708_st",6.93193607895072,7.64991337698218,7.43359231996099,7.48686416461744,7.6115277617557,7.63132198069813,7.2069906747737,7.36822936351603,7.23692891081674
"hsa-miR-711_st",1.11563367470282,0.840293609159224,0.977375339764336,0.726400567332836,1.28131703770146,1.56094411195946,0.928606301781831,1.07200311704127,1.33250813106027
"hsa-miR-718_st",1.46920391920333,1.59574420637046,1.54939465967587,1.46563805121775,1.40332115903987,1.43974377549478,1.82825950228098,1.88071270167447,2.00618646493632
"hsa-miR-720_st",6.75584407118689,6.66855981964891,6.71916747343919,6.16675049442648,6.98888008816284,6.76749722373677,7.00053745991806,6.3842319573201,6.66433041280229
"hsa-miR-744-star_st",1.57329153075292,1.57329153075292,2.17828445167801,2.03422401103214,1.26885145163229,1.57329153075292,2.35766890699435,1.11235452957664,1.57329153075292
"hsa-miR-744_st",8.91396807746051,8.89743277420984,8.7810185326097,9.05023385939059,9.15812170417975,9.18073092126147,8.74700800157576,9.19103980971508,8.6494756432539
"hsa-miR-758_st",0.818199262436762,0.836605108681583,0.977375339764336,0.977375339764336,0.998458267325533,1.05701634675296,0.977375339764336,1.11996249633156,0.977375339764336
"hsa-miR-759_st",0.857891945238911,1.04794105073265,0.814058964794456,0.857891945238911,0.725171731237421,1.00183536743884,0.857891945238911,0.857891945238911,0.857891945238911
"hsa-miR-760_st",2.9397998710425,3.08588435105128,2.13755360089535,2.44755167663841,3.13728770252384,3.10229610659793,2.55164083405379,1.97450945268997,2.73298645135625
"hsa-miR-761_st",1.07075017217467,1.27607731503782,0.763441506397372,1.13700535858859,0.950668057062392,1.13700535858859,1.20130777379989,1.29593555107682,0.983571231326601
"hsa-miR-762_st",11.116278888862,10.5989968958466,10.7230379308678,10.6392102187213,11.0863644002578,10.8821539997002,10.8279869498276,11.3977292413742,10.7494970331061
"hsa-miR-764_st",1.00200823122034,1.23922316506451,1.24185509333816,1.23922316506451,1.23922316506451,1.23922316506451,1.4864468603329,1.23922316506451,0.975300948518399
"hsa-miR-765_st",1.96530967309266,1.40079057920553,0.923399036570929,1.45062646996888,1.07033928429482,1.11223547120341,1.40079057920553,1.40079057920553,1.11307704270402
"hsa-miR-766_st",3.30965761197818,3.48933620701616,3.04176611948267,2.9513059302868,3.02334923310454,3.14323154561541,3.15811934997304,3.81381196746621,3.09020122478037
"hsa-miR-767-3p_st",1.10866556343929,0.764467751465365,1.2848793835395,1.40701332093908,1.2145902736085,1.68268715093672,1.29296383728536,1.2145902736085,0.926770040584319
"hsa-miR-767-5p_st",0.893916708695839,0.887756728354138,1.08950934758209,0.856883700187976,0.950668057062392,0.618868566208295,0.646309652459441,0.913072924553037,0.893916708695839
"hsa-miR-769-3p_st",3.52247395571843,3.74859214613414,2.79762570127617,4.11705066716758,3.85195692907644,3.63836998594883,3.52247395571843,1.8841682806116,3.27062825897387
"hsa-miR-769-5p_st",4.51178155417617,4.25107111690398,4.14937886711078,4.11705066716758,5.44472264388795,5.09450722222971,4.39211520111416,4.39211520111416,4.31633053852975
"hsa-miR-770-5p_st",1.49411671366721,1.16698284563687,1.52854073296985,1.1222320478538,1.15695348061009,2.03285754991695,1.3863466164518,1.16698284563687,0.916979159602963
"hsa-miR-802_st",0.977375339764336,0.917485258491516,0.940712893366315,0.980755792001574,1.38144198960289,0.799942662283561,0.940712893366315,0.940712893366315,0.940712893366315
"hsa-miR-873_st",0.984610258882518,0.695573911241576,1.18537090847257,1.14870846207455,1.14870846207455,1.22935375667971,1.14870846207455,1.14870846207455,1.14870846207455
"hsa-miR-874_st",6.16379590368882,6.08138992061921,6.08138992061921,6.33872003253904,6.03848497259856,5.95837084329215,6.08138992061921,6.08138992061921,5.83795005537132
"hsa-miR-875-3p_st",1.23922316506451,1.81839593335671,1.23922316506451,1.23922316506451,0.903455565049354,0.974523063791854,1.30352558027581,1.23922316506451,1.23922316506451
"hsa-miR-875-5p_st",0.863284020470219,0.950668057062392,1.12052003335929,0.826251011962356,0.950668057062392,1.22865453735442,0.856040279785458,0.950668057062392,0.950668057062392
"hsa-miR-876-3p_st",0.820296812729557,0.950668057062392,1.17699514109914,0.887277655823729,0.910398322686366,0.807596039517247,1.16610281307329,0.913072924553037,0.913072924553037
"hsa-miR-876-5p_st",1.00357880597641,0.836358757953178,0.836358757953178,0.917127194117256,0.836358757953178,0.828617327866237,0.825694682023133,0.836358757953178,0.836358757953178
"hsa-miR-877-star_st",1.40332115903987,1.2006717430963,1.36981200129203,1.13671036361733,1.97714847025447,1.64917799318888,1.37585674140779,2.6027231589971,2.09000893475591
"hsa-miR-877_st",6.65764241974726,6.0794517831032,5.96560280062666,5.643410569752,5.4815976503707,6.00089426388941,6.3723389184196,6.26213370995595,5.52505707487682
"hsa-miR-885-3p_st",5.26830597051096,4.09857068276151,2.68135450971744,2.93937432669773,3.30659091833419,3.08588435105128,4.39229885445399,4.37726536212658,4.18018204050276
"hsa-miR-885-5p_st",2.79817395808407,2.79817395808407,2.76946482013149,1.86335949423042,2.79817395808407,3.90511750655618,2.79817395808407,3.78602913473085,2.36933938390322
"hsa-miR-886-3p_st",7.19999609575111,7.06567398869995,9.6631016326939,7.49308191741244,8.53610871233623,8.01594525715095,7.70421616967004,7.58434712685629,7.29301609113621
"hsa-miR-886-5p_st",9.62457803417315,9.76629924487412,9.93882136920314,9.94339869056846,10.2009570640796,10.313126061262,9.9417838895499,9.74267046137973,9.37091659885177
"hsa-miR-887_st",1.35960289655367,1.04264418150088,1.15695348061009,1.14870846207455,1.15695348061009,1.26330177030066,1.07529398314056,1.29046258751847,1.15695348061009
"hsa-miR-888-star_st",0.748974721361005,0.73641116241625,0.748974721361005,0.748974721361005,1.03668825786251,0.637357026580906,0.948516779592552,0.748974721361005,0.639373574543471
"hsa-miR-888_st",0.624611164269637,1.09022671651713,1.09022671651713,0.945044389241754,1.15695348061009,1.15695348061009,1.12877813848534,1.09022671651713,0.947639559949902
"hsa-miR-889_st",0.939132394545584,1.14082573024697,0.865038240781038,0.805485729787015,0.836358757953178,0.91759920725985,1.42572515557409,1.05764141346898,0.950668057062392
"hsa-miR-890_st",0.950668057062392,0.833125460854437,0.862619043889516,1.12732981919918,1.07200311704127,1.0832766326893,0.79652163909552,0.913072924553037,0.877949752049329
"hsa-miR-891a_st",1.18533226187288,0.990254526599586,0.759638797291049,1.47745727763911,1.18533226187288,1.46469825376973,1.13127110841074,2.01928884952954,1.01811221384964
"hsa-miR-891b_st",1.40332115903987,1.25069204361986,1.89235639797143,1.61765444231518,1.58201008561846,1.57947950578411,1.38943040029037,1.77717296300502,1.18303828022
"hsa-miR-892a_st",1.44145369850767,0.843410524051271,1.23366702666964,0.805815391541917,0.964745584030149,0.915720028181044,0.751663196572625,1.48749696458626,0.759638797291049
"hsa-miR-892b_st",0.936072797406339,0.836358757953178,0.994356264330078,0.905433325323943,0.836358757953178,0.614360433220095,0.646309652459441,0.836358757953178,1.07200311704127
"hsa-miR-9-star_st",0.977375339764336,0.869239944108582,0.809620907227962,0.832206935600719,0.869239944108582,0.741084077749712,0.869239944108582,0.913072924553037,0.869239944108582
"hsa-miR-9_st",0.776463832285102,0.950668057062392,1.40006101729041,0.75077882264691,0.869239944108582,0.767506842123077,0.787811831154773,0.869239944108582,0.787811831154773
"hsa-miR-920_st",2.01033166085215,1.62762184998837,1.49031296348987,1.59740788260995,1.62762184998837,1.28131703770146,1.32326344538542,2.08520956277443,2.63435244668667
"hsa-miR-921_st",2.45025032739139,0.847442850311574,0.783389628418875,1.27321115071175,1.27057392905896,0.588311893145582,1.11164373657073,0.790113958819328,1.30710952941772
"hsa-miR-922_st",1.13491269707898,0.862605891592861,0.920163842335522,0.793369825806951,1.09825025068095,0.703675699104628,0.967876585363786,0.939320058192721,0.950668057062392
"hsa-miR-924_st",0.821077586593911,1.16855411463635,0.718412517692347,0.821077586593911,0.549432663129457,0.866579785738779,0.821077586593911,1.14410598227418,0.641693131277568
"hsa-miR-92a-1-star_st",9.36773498607942,9.68699648857444,9.21848279350143,9.67314302634258,9.88354050943746,9.98727011854807,9.59638666851988,9.46748733075944,9.19733390757396
"hsa-miR-92a-2-star_st",0.972201244348125,0.733177865317509,1.1490135303658,0.977123920388476,0.591639097005765,0.950668057062392,0.663741962238671,0.950668057062392,0.950668057062392
"hsa-miR-92a_st",13.3223355095178,13.3123547848711,13.2147479600373,13.2232218519986,13.2762718541684,13.2448160916156,13.3067330758903,13.275443981387,13.181660356871
"hsa-miR-92b-star_st",7.70443236258475,7.21976292495521,6.79931355659305,7.13200989440861,7.29313993888507,7.1037670301074,6.99793066878164,8.11109464961895,7.29313993888507
"hsa-miR-92b_st",7.52248693416395,7.34915022552476,7.33034849434221,7.27850121642125,7.29528648222309,7.60284772971948,7.55593355374957,7.14702942969684,7.32785624017781
"hsa-miR-93-star_st",7.57182307027722,7.77473526853909,7.94881684178578,7.77473526853909,7.78275726196639,7.94474735393341,7.6068610489083,7.72512299118493,7.46401139704847
"hsa-miR-93_st",12.2953623981898,12.1644278244144,12.2801552153638,12.2553049760877,12.5244327745829,12.520659778169,12.2915274398684,12.2853711364343,12.096438053014
"hsa-miR-933_st",2.439166235033,2.98020948963123,2.194114327145,1.65288392465489,2.24786128418879,2.5804500078736,2.16620178671926,1.72873041701531,3.56623044210191
"hsa-miR-934_st",0.977375339764336,1.07200311704127,1.09926793677094,1.00612130550732,1.25158125788703,1.17993871019871,1.07200311704127,1.07200311704127,1.07200311704127
"hsa-miR-935_st",2.95069995430791,2.78853307303211,2.41513489773178,3.2496758827501,3.43158074517707,1.94361051151489,2.53577115711782,2.61532458177723,2.41513489773178
"hsa-miR-936_st",1.23922316506451,1.5578732623595,1.23922316506451,1.40079057920553,1.09820658325335,1.23922316506451,1.01082254666117,0.91818684278639,1.21251588236256
"hsa-miR-937_st",1.40332115903987,1.44389399773486,1.40332115903987,1.62446069820332,1.05796377904294,1.40332115903987,1.40332115903987,1.17929883902182,1.06687511481393
"hsa-miR-938_st",1.17929883902182,0.976649423078243,1.03912193088587,0.939301493955198,2.02325071171384,1.56094411195946,1.07200311704127,1.17676825918747,1.07200311704127
"hsa-miR-939_st",4.92987535230958,4.57856965705873,2.95970937472004,4.55042756511273,4.49390062976513,4.38354439707262,4.55874830308151,4.9147175134201,4.64431399535514
"hsa-miR-940_st",2.01033166085215,1.91909191306931,1.77259182204832,2.07700987471701,2.04278328416282,3.11801959466077,2.07317975272117,2.07317975272117,2.69592507077135
"hsa-miR-941_st",6.6828153853448,6.21552172637724,5.89351348934772,6.77593607294108,6.27597804896036,6.77956152732296,6.23368512673519,6.26266416104754,6.14190743248286
"hsa-miR-942_st",0.857891945238911,0.869239944108582,0.869239944108582,0.923301097570716,1.40332115903987,0.869239944108582,0.869239944108582,0.869239944108582,0.869239944108582
"hsa-miR-943_st",3.73658226710182,2.99473759070378,2.99473759070378,3.33071893921335,4.09309289875249,3.96928267418102,4.11705066716758,2.35220254296502,3.34217299189609
"hsa-miR-944_st",1.10866556343929,1.37064211480934,1.16622351418195,1.30075004481309,0.918616457945555,0.969593606990057,1.02128152684712,1.06511450729157,1.2006717430963
"hsa-miR-95_st",1.32189304608606,0.862859203332932,0.869239944108582,0.564221000841245,0.869239944108582,0.567573143834747,0.869239944108582,1.02267407137057,0.98950516685616
"hsa-miR-96-star_st",0.992362110052643,1.29602543705933,1.15264841164643,1.14870846207455,1.07200311704127,1.15695348061009,0.971891018157305,0.94333449098624,1.07200311704127
"hsa-miR-96_st",1.68268715093672,1.07588763099237,1.26046311099544,1.52854073296985,1.52854073296985,1.19789175233078,1.55709726014092,1.43863144066646,2.24337093513288
"hsa-miR-98_st",3.08303236959932,3.93283755596105,3.15186604290933,3.36180881048899,2.79817395808407,3.28225538582957,3.39364311088493,2.98521314713277,3.28225538582957
"hsa-miR-99a-star_st",1.55092728282933,1.24185509333816,1.28394896597512,1.26705809264552,1.10031632502642,1.24185509333816,1.24185509333816,1.2145902736085,1.12416468388596
"hsa-miR-99a_st",7.42058883339436,7.34915022552476,7.43277475863952,7.33928512834098,7.33928512834098,7.2772904893559,7.19577327042199,7.33928512834098,7.40412847343624
"hsa-miR-99b-star_st",6.70033971559809,6.86421564454278,6.71048557049421,7.06923016063635,6.90812635649657,7.14344471854695,6.87720090634434,6.87720090634434,6.62173883324636
"hsa-miR-99b_st",10.715354458919,11.0345082410328,10.9139380300139,10.9865080570049,11.1465360832288,11.2193757486356,10.7245000500712,10.8541696516457,10.6487877436518
"hsv1-miR-H1-star_st",1.80842323427449,1.63271021035878,1.86522550626931,1.59466964112463,2.16077251315024,1.76508380797026,1.6178981971088,2.18087364879855,2.12351809250375
"hsv1-miR-H1_st",2.439166235033,1.68268715093672,1.68268715093672,2.54142435716971,1.77721976109357,1.42645447622424,1.27470839168763,2.1774494282021,1.22175014976044
"hsv1-miR-H11_st",0.857891945238911,0.893916708695839,0.893916708695839,1.08633975602642,0.893916708695839,0.993864304232767,0.748974721361005,0.893916708695839,0.73413242660668
"hsv1-miR-H12_st",1.2145902736085,0.833699053079393,1.2145902736085,1.2145902736085,2.01501021192336,1.10690124798463,1.2145902736085,1.56189911011066,1.29414369826792
"hsv1-miR-H13_st",1.84273733115401,1.44389399773486,1.03764006637601,1.76009600656705,1.45818238456985,1.45818238456985,1.53662775662107,2.07502059154799,1.21496012993129
"hsv1-miR-H14-3p_st",6.81447384602157,6.26600064844738,6.1521770157141,6.55532066269375,6.55532066269375,6.55532066269375,6.57088745128162,6.8571920573524,6.44137989573528
"hsv1-miR-H14-5p_st",2.71870086594638,2.88040093050201,2.8152284644369,2.8152284644369,2.8152284644369,2.56886078600712,3.17081857159962,2.94324902237104,2.439166235033
"hsv1-miR-H15_st",4.75871223558414,4.8143421541429,4.75245892852042,4.94031864030096,4.75245892852042,4.44080412184954,4.58769417924596,4.83434213681704,4.75245892852042
"hsv1-miR-H16_st",1.19386280779208,1.2006717430963,0.929203403338869,1.3143302441059,1.0473404770607,1.44762273536675,1.28912724479855,1.3143302441059,2.36584521956838
"hsv1-miR-H17_st",11.5001606234782,11.0521809760713,11.1644481043953,11.191121323237,11.346143612019,11.4557512690285,11.0114935612852,11.8141376508529,11.3084180387656
"hsv1-miR-H18_st",3.25275807850956,2.66162570012008,3.20563695702552,2.92374038529432,2.92465825609643,3.20563695702552,3.19880491924091,4.46355602331846,3.8769746040534
"hsv1-miR-H2-star_st",1.73443935192264,1.52595511500403,1.63960473732352,1.65349074770609,1.4847194298297,1.41164581589482,1.51933951457594,1.54939465967587,1.72103285027733
"hsv1-miR-H2_st",1.40079057920553,1.06947253720692,1.43270002830335,1.46454500048108,1.07200311704127,1.40332115903987,1.26212705835335,2.07064917288682,1.40079057920553
"hsv1-miR-H3-star_st",0.802427674279728,0.950668057062392,0.950668057062392,0.870773799092642,0.848002988160828,1.64086103284874,0.874795779800623,0.91400561066437,1.105608637399
"hsv1-miR-H3_st",2.35026308088774,1.95957047773457,1.26417799880322,1.01821521659561,0.986241072495036,1.0686011523649,1.35002831449293,1.89808343630525,2.14081977030863
"hsv1-miR-H4-star_st",1.06697151044904,1.2671130857618,0.774203096417366,0.811264241674049,0.950668057062392,0.90897400407214,1.10055964421233,0.549432663129457,0.935681286774085
"hsv1-miR-H4_st",1.03143649322647,1.00472921052453,1.03143649322647,1.03143649322647,1.07200311704127,1.23772191677417,0.803035874823138,0.845799018036293,1.03143649322647
"hsv1-miR-H5-3p_st",1.09764056251191,0.857746222395128,1.07200311704127,1.27004352205343,1.07200311704127,1.96889681904409,0.869239944108582,0.913072924553037,1.07200311704127
"hsv1-miR-H5-5p_st",6.32449694796683,4.05636295859332,3.14540775564974,4.18899748703009,4.84392711534807,4.98713306466992,5.6476993428291,6.39201118468682,5.43117679446961
"hsv1-miR-H6-3p_st",1.40332115903987,1.29602543705933,0.780206485202811,1.52854073296985,1.8984368269317,0.950668057062392,1.87484554525676,1.40079057920553,1.64233024934624
"hsv1-miR-H6-5p_st",6.97354840527509,5.47952658009901,5.78324482887394,5.52648440796759,5.58305519130483,6.27041682640698,6.8991225748024,7.46044940692081,6.01661032599903
"hsv1-miR-H7-star_st",1.97200471884207,1.36132068494662,1.35160614763246,1.52854073296985,1.9808715171436,1.19789175233078,1.52854073296985,1.54166598478334,1.54939465967587
"hsv1-miR-H7_st",0.845628791525038,0.950668057062392,0.733755408443203,1.0013893924576,1.14028438712562,1.1327098618977,0.88388734366906,0.893916708695839,0.77773466627312
"hsv1-miR-H8-star_st",1.24732908429146,0.950668057062392,1.36697331882883,1.3015416133293,1.72123857290493,1.11721904372609,1.10055964421233,1.07592675275633,1.23922316506451
"hsv1-miR-H8_st",4.65470039302291,3.94943454830068,3.44524274166134,3.0758476420883,2.79817395808407,2.7579395283537,3.6185312504985,3.73469771547434,3.44524274166134
"hsv2-miR-H10_st",12.6415833227927,12.2349946880525,12.3880890556853,12.4577896091269,12.5152461667304,12.4991292107041,12.450149388495,12.9601108747525,12.5017937719711
"hsv2-miR-H11-star_st",0.977375339764336,1.10055964421233,1.10055964421233,1.10055964421233,0.950668057062392,1.51122709808432,1.09245372498538,1.2145902736085,1.25785787546778
"hsv2-miR-H11_st",0.951737894293692,1.2198716777168,1.07200311704127,1.07200311704127,1.22060719751161,1.07200311704127,1.07200311704127,0.926902789271442,1.07200311704127
"hsv2-miR-H12_st",0.913072924553037,0.687735597592181,0.783389628418875,0.913072924553037,0.913072924553037,0.913072924553037,1.17135598888869,0.913072924553037,0.945954110708442
"hsv2-miR-H13_st",1.17845111889835,1.0703157232426,0.783389628418875,1.28802594888326,1.03683292993921,0.711808949686555,1.0703157232426,1.27307889617528,1.1758163851836
"hsv2-miR-H19_st",1.74867853903681,1.29602543705933,1.57539142895618,1.2722115953039,1.29602543705933,0.939126377710746,1.35969060137833,1.24058704288881,1.07200311704127
"hsv2-miR-H2_st",1.54939465967587,1.46326525446471,1.26078117105347,1.41914827908699,1.15695348061009,1.54939465967587,1.83708214401292,1.87818212184012,1.77509277205836
"hsv2-miR-H20_st",1.06667110396782,1.44389399773486,1.03721096025927,1.61252500922783,1.51215744685242,1.21678910110503,1.46852688919087,1.44389399773486,2.04784969088793
"hsv2-miR-H21_st",1.06451830182388,0.977375339764336,0.977375339764336,0.977375339764336,0.944494153608932,0.969633909677395,0.920864331338326,1.08496253453036,0.977375339764336
"hsv2-miR-H22_st",6.62030821306277,6.59194848109476,6.33872003253904,6.46566479344434,6.31911974718809,6.85554377559795,6.46566479344434,6.90211277531581,6.15015112509475
"hsv2-miR-H23-star_st",0.865717070803879,0.726455760974318,0.843998357182272,0.913072924553037,0.836256927095331,0.836256927095331,0.666181094167811,0.920898050118005,0.684214075093113
"hsv2-miR-H23_st",1.32937470704918,1.42699017205595,1.11890334746949,0.982508827631876,0.8771871927773,1.42065660817654,0.958028959112511,0.913072924553037,1.11462585230573
"hsv2-miR-H24_st",1.32661581400659,1.33611768563926,1.10647800793963,1.52854073296985,1.63678730861795,1.83849710181397,1.44708325032041,1.30198292255059,1.38435148208644
"hsv2-miR-H25_st",10.5170601264831,10.0676478651201,9.9893343846249,10.2081668445343,10.4367611860778,10.2712592989471,10.0652628338359,10.7080692588845,10.2786339127202
"hsv2-miR-H3_st",1.50107099036468,2.13046639573545,1.02157664817889,1.06733355508718,1.54939465967587,1.31623224377947,1.23922316506451,1.47643809890867,1.83587537643204
"hsv2-miR-H4-3p_st",1.10866556343929,1.06497735617161,1.03143649322647,0.950668057062392,0.950668057062392,0.809897825979638,0.916253150004521,0.991234680877192,0.950668057062392
"hsv2-miR-H4-5p_st",1.37829512151374,1.04565405915904,0.836722719069803,1.29602543705933,1.28131703770146,1.29602543705933,1.42885421875166,1.63161739168435,1.33965599472087
"hsv2-miR-H5_st",9.58883594150446,9.71635684428857,9.5312357093184,9.57489763299189,9.48160713932787,9.40316011187155,8.99652974377591,9.60520469092092,9.38893777476106
"hsv2-miR-H6-star_st",1.57329153075292,1.48864479551793,1.44557572999839,2.60551559144652,1.59164923063438,2.02312608810211,1.57329153075292,1.07200311704127,1.80985295379685
"hsv2-miR-H6_st",5.98597913587935,6.04543628354148,4.61422651285755,5.4099037809956,5.39395523124437,5.7667133630084,5.31741472100713,5.70137422836649,5.14059410272397
"hsv2-miR-H7-3p_st",1.28131703770146,1.19636667413264,0.855623573119631,1.20408796748864,1.42739053833745,1.28131703770146,1.65290429006122,1.51779625063118,1.00195104580461
"hsv2-miR-H7-5p_st",1.39815335755274,1.07200311704127,0.893916708695839,0.813528833555218,1.15343122999508,1.07200311704127,1.35969060137833,0.794016636749238,1.07200311704127
"hsv2-miR-H9-3p_st",1.72873041701531,1.62396527486911,1.28131703770146,1.32804421941399,1.89588810507779,1.58265691637931,1.66160422337553,1.72873041701531,1.92003536785951
"hsv2-miR-H9-5p_st",1.80297527590009,1.54939465967587,1.21796286068815,1.40079057920553,1.54939465967587,1.50335139359728,1.58794608164407,1.74958434372132,1.54939465967587
"hTR_st",1.55243568245625,1.936660195032,1.84863159629651,1.81775856813035,1.84863159629651,1.84863159629651,2.03611831595581,2.07317975272117,1.84863159629651
"hvt-miR-H1_st",6.17539759030709,4.68453534021699,3.79545816331958,5.10267435017867,5.23278948327655,5.23278948327655,4.88194910118627,6.41733122714262,5.35870303039045
"hvt-miR-H10_st",1.15695348061009,1.14169731683373,1.07120986144305,1.40079057920553,1.57226492675184,1.15695348061009,0.966904375116356,1.2628781907793,0.950668057062392
"hvt-miR-H11_st",0.977375339764336,1.00741940542894,0.950668057062392,0.950668057062392,0.865717693493569,0.950668057062392,1.03293774151681,0.60618401149601,1.00741940542894
"hvt-miR-H12-3p_st",0.869239944108582,0.962016055932063,0.74775916128592,0.913072924553037,0.903114552706212,0.906835076617937,0.869239944108582,0.790377865330602,0.695729010193617
"hvt-miR-H12-5p_st",1.41156341829034,1.17655189555526,0.99360350119995,1.28131703770146,1.15931291636305,1.28131703770146,1.54213068187146,0.913072924553037,1.51696139678955
"hvt-miR-H13_st",0.770507908646738,0.857891945238911,1.03143649322647,0.817325321424112,0.857891945238911,0.938537239844072,0.890773131394316,0.857891945238911,0.890773131394316
"hvt-miR-H14-star_st",5.56771876430177,5.52212195496117,6.08778585896391,5.99333353703788,5.97997958162582,5.7532742029179,5.70218551323553,4.67960310352673,6.28628409908651
"hvt-miR-H14_st",1.23922316506451,1.03657374912093,1.13507386620003,1.50003680923451,1.22470355490744,0.872090736337297,1.67693498523863,1.23922316506451,1.67735665688492
"hvt-miR-H15-star_st",1.15361384633093,0.875321781066496,0.831461262333506,0.804744400533829,0.827624696628589,0.950668057062392,0.640646197341796,0.937542374116145,0.850852331503388
"hvt-miR-H15_st",1.53903175459339,1.15237004071599,0.741663346422468,1.1267901871895,0.834061015066904,1.01329808426676,1.88959436177858,1.10926662218665,1.29602543705933
"hvt-miR-H16-3p_st",1.00769721472769,1.34872955711642,0.891159405890982,1.52854073296985,1.10221243435867,1.05675506406496,1.05837945391422,1.10221243435867,1.10047332655117
"hvt-miR-H16-5p_st",1.68268715093672,1.35996233142813,1.29403345656953,1.42371675270369,1.15695348061009,1.12951239435895,1.84530030838161,1.7086852480077,1.98333102734677
"hvt-miR-H17-star_st",1.41482432128704,1.15695348061009,1.51556842956652,0.93946328886521,0.729010803975213,1.15695348061009,3.14841928980588,1.57578502398804,0.939216938136805
"hvt-miR-H17_st",1.03752982936312,1.12491386595529,1.23922316506451,1.49750622940016,1.23922316506451,1.40332115903987,1.23922316506451,1.50314538161061,1.06687532403059
"hvt-miR-H18-3p_st",1.23922316506451,1.30884647719351,0.999797545733797,1.15897362306137,1.28408637537185,1.23111724583755,1.23111724583755,1.53134818083074,1.12298185018179
"hvt-miR-H18-5p_st",5.72163269652393,4.31178707506944,3.19052938974486,2.10374554093748,3.55307235821782,4.12601530396592,5.45651874192989,5.32845524706336,4.94101741431384
"hvt-miR-H2_st",1.41552723137678,0.925730234145786,1.41552723137678,1.03143649322647,1.17610161204607,1.17610161204607,0.973338439113385,1.3914978974146,1.17610161204607
"hvt-miR-H3-3p_st",4.69240882237121,3.08174977598931,3.55307235821782,2.6836684346192,2.74952569405347,3.43047269256888,3.54268225626854,4.42831900712817,3.82324382893892
"hvt-miR-H3-5p_st",9.60009003383738,8.69221793480721,8.59656070892568,8.43033188055758,8.37621186621253,8.28357310072902,9.16685765436617,9.93597192832205,8.46583556856115
"hvt-miR-H4-star_st",1.2145902736085,1.00074364082725,1.79214063171222,1.12717061973459,0.886434341718034,1.28131703770146,1.28929874882936,1.2145902736085,1.2145902736085
"hvt-miR-H4_st",2.35827673490882,1.55563862746122,2.06977113545996,1.94299910551627,1.07200311704127,1.9808715171436,2.18402500319812,1.89808343630525,1.86671372938721
"hvt-miR-H5-star_st",1.34910446643071,0.815474488755258,1.1096788471,1.1096788471,1.28131703770146,1.1096788471,1.21781424275575,0.852944940033183,1.1096788471
"hvt-miR-H5_st",0.977375339764336,1.13802555822701,0.778996598170386,0.920535366482131,0.85490330608843,0.836358757953178,0.851099463403292,1.15617972557022,1.50461909068832
"hvt-miR-H7-3p_st",0.950668057062392,0.869899620898313,1.10866556343929,1.09330596281119,0.929134869776658,1.13844445970677,0.630860776083266,1.32002214304145,0.950668057062392
"hvt-miR-H7-5p_st",1.35160614763246,1.1174799811563,1.35160614763246,1.21271115296444,1.35160614763246,1.56092006829265,0.961926087588047,1.35160614763246,1.39532441011867
"hvt-miR-H8_st",7.45068173559898,6.24615090917089,8.0019549482708,6.08002981588203,6.77431376728506,6.79445704468198,7.90828444488355,7.37738334904922,6.55113447306893
"hvt-miR-H9-3p_st",0.972993609676318,0.847603878252389,1.10866556343929,1.25280069359908,1.15695348061009,1.06037764626849,1.20676800976062,1.06037764626849,1.06037764626849
"hvt-miR-H9-5p_st",1.73864720364416,0.976607067284172,1.11871567302316,1.17168480255746,1.29301986253634,1.05701634675296,1.31684912518095,1.17168480255746,1.17168480255746
"iltv-miR-I1-star_st",1.18567957979747,0.950668057062392,1.30736638543198,0.804717824676622,0.788159007338707,1.24972959243357,1.01433322138139,0.869232893611563,0.829332997083513
"iltv-miR-I1_st",0.836358757953178,0.718816161745223,0.994356264330078,1.23609249866672,0.836358757953178,0.836358757953178,0.96918753964551,0.743723054078393,0.836358757953178
"iltv-miR-I2_st",1.33659439494691,1.14040689605965,1.7069685865314,0.787589232556284,1.07200311704127,1.2145902736085,1.05302285946748,1.2145902736085,1.36319435407884
"iltv-miR-I3_st",1.23066968477771,0.722003849561896,1.26666306981619,1.18943399960337,0.849584198919593,1.84863159629651,1.12122912238405,1.3725877799854,1.02802026883413
"iltv-miR-I4_st",0.977375339764336,0.763118445118194,1.43002844174182,1.0540895063642,0.741730980676244,0.759885148019454,1.10055964421233,0.805737149162876,1.01025652591974
"iltv-miR-I5-star_st",1.68268715093672,1.08509993904563,1.20659057488965,1.32606411639372,1.18637084596332,1.15695348061009,1.32606411639372,1.89808343630525,1.32606411639372
"iltv-miR-I5_st",4.00503718232121,4.58193807010488,2.53577115711782,4.59714505497493,3.59439015200157,5.1034717464371,3.97053674831405,3.83700400130992,4.41370386787681
"iltv-miR-I6-star_st",0.922874610082692,0.961049546613761,0.849585585088288,1.06146131345824,1.08593076302134,1.07251587673743,1.07251587673743,1.39730778228976,1.2006717430963
"iltv-miR-I6_st",1.23922316506451,1.39744941750902,0.688057771858991,1.23922316506451,1.41880130591026,1.23922316506451,1.66160422337553,1.23922316506451,0.947876271421097
"iltv-miR-I7_st",0.961540081564178,1.16264430431247,0.972888080433849,0.909133866112282,1.08287514154306,0.842066540060113,0.961540081564178,1.11014416203452,0.576626880327091
"isc-bantam_st",0.893916708695839,0.963352611774677,0.893916708695839,0.805485729787015,1.06119513733936,1.03281170336386,0.893916708695839,0.893916708695839,0.785781313040085
"isc-let-7_st",11.7906840017972,11.9463551599354,11.7907793852398,11.8960373966931,11.4088655219065,11.3257887942599,11.8685614878741,11.5666598636173,12.0607911615158
"isc-miR-1_st",0.965027384008208,1.2006717430963,0.965027384008208,1.12659479814923,0.965027384008208,0.943494196722474,0.965027384008208,0.868150394678224,0.965027384008208
"isc-miR-10_st",1.23922316506451,1.14703599991413,1.35332142346183,1.24185509333816,0.929505389216792,1.25010011187371,1.43231739186505,1.72873041701531,1.38796562302667
"isc-miR-100_st",11.0785761100914,11.3070264347967,11.1894599956595,11.294743855446,11.1581249680166,11.1893843980619,10.9488621868851,10.9945480568618,11.2492639320927
"isc-miR-12_st",0.820296812729557,0.950668057062392,1.2145902736085,1.1042219906701,0.994387280517733,0.782966769400328,0.913072924553037,0.820437220678253,0.791737864574159
"isc-miR-124_st",0.843602498637938,1.19333817702015,0.593824005849021,1.24333623935148,1.40680750310864,0.950668057062392,1.5190170668083,1.07200311704127,1.07200311704127
"isc-miR-133_st",0.857891945238911,0.978577098272088,0.788209173106562,0.892554940670872,1.02173758452057,1.10668794808939,1.18895763254381,0.740709966877231,0.940252025108779
"isc-miR-137_st",0.986661442100878,1.04965775862955,1.03494935927168,1.01805848594207,1.15695348061009,1.03494935927168,1.01841118769291,1.54939465967587,1.03494935927168
"isc-miR-153_st",1.10866556343929,1.64233024934624,1.27060094503838,1.40332115903987,1.40332115903987,1.40332115903987,1.40332115903987,1.56089508589541,1.21554475639549
"isc-miR-184_st",1.36138578462487,2.62720344919925,1.14802159313884,2.41534927342596,0.836358757953178,1.29060874970607,1.29060874970607,1.29060874970607,0.852896929531949
"isc-miR-1993_st",0.977375339764336,0.977375339764336,0.977375339764336,0.881662719100697,0.646309652459441,1.30869338176294,1.12793598827382,1.09937946110275,1.19163223441048
"isc-miR-2001_st",1.19865032636952,1.25545259836434,1.40332115903987,1.52854073296985,1.15695348061009,0.98938499189463,1.40332115903987,1.72676717938149,1.62993639151067
"isc-miR-219_st",1.14560548174042,1.28562210666512,0.995487414908383,1.29001697101577,1.34568436604147,1.15695348061009,0.833925084929827,1.15695348061009,1.41769543705059
"isc-miR-252b_st",1.08496253453036,1.17696871418737,1.26454067537611,0.913072924553037,1.86516230857766,1.15695348061009,0.984850435646393,1.08496253453036,1.07200311704127
"isc-miR-263a_st",1.10866556343929,1.40343491602899,1.07200311704127,1.07200311704127,1.03912193088587,1.47268931464259,0.8101552917411,1.07200311704127,0.682933452257768
"isc-miR-275_st",1.07895657658176,1.04060506367216,0.578911034713972,0.805485729787015,0.850555958178426,0.83025096914673,0.850555958178426,0.753678968848442,0.950668057062392
"isc-miR-278_st",1.59281255725735,1.07200311704127,0.773946641439838,1.14750212000071,1.08187005960701,1.33623300543208,0.904052796592547,1.2145902736085,1.09840823118578
"isc-miR-279_st",1.34692732264212,1.36163572199998,1.22374301819412,1.71359406816732,1.40332115903987,1.34692732264212,1.34692732264212,1.22122462357899,1.2006717430963
"isc-miR-285_st",2.05677063012103,1.02403384210807,1.31080248512332,1.8079067248667,1.68268715093672,1.68268715093672,1.68268715093672,1.38290535035622,2.0193060794062
"isc-miR-2a_st",0.81804928873177,0.79908215118396,0.570873814830424,0.774612701620852,0.73641116241625,0.905433325323943,1.07091935669821,0.872573883394805,1.41094960682678
"isc-miR-2b_st",1.17572081306774,0.817214039511701,1.27196514064384,0.977375339764336,0.902164403080523,0.950668057062392,0.977375339764336,0.977375339764336,0.869239944108582
"isc-miR-307_st",1.14870846207455,0.950668057062392,1.10042054490375,1.25618114583631,1.14870846207455,1.14870846207455,1.23922316506451,0.96458658757459,1.07514512369651
"isc-miR-315_st",0.977375339764336,1.07732293530126,0.977375339764336,0.592462138527249,0.844655125762846,0.944494153608932,1.43391295569292,0.977375339764336,1.02771367954692
"isc-miR-317_st",0.924686142056494,1.07200311704127,1.35296989033728,1.0015021395142,0.924686142056494,0.836358757953178,0.745449072856642,0.779029866460931,0.858864233765398
"isc-miR-375_st",0.748974721361005,0.750137814242056,0.920098976356895,0.945215549515349,0.606357238260673,0.671401305617362,0.783019000397461,1.08453634945292,0.576626880327091
"isc-miR-7_st",1.63551413714666,0.950668057062392,1.63551413714666,1.72441375546302,1.63551413714666,1.5111505800553,1.85322436278733,1.63551413714666,2.19642402950525
"isc-miR-71_st",0.785892505427814,1.43031142079593,0.882190867866307,1.14870846207455,1.084954040799,1.084954040799,1.11166132350094,0.913315850197535,1.1286723032852
"isc-miR-750_st",0.869239944108582,0.872104645993412,1.0914059691605,0.618868566208295,1.17941143871994,0.728469713025829,0.977375339764336,0.948818812593272,0.869239944108582
"isc-miR-79_st",0.977375339764336,0.950668057062392,1.54939465967587,1.52854073296985,1.28131703770146,1.23922316506451,1.52854073296985,0.977375339764336,1.09764056251191
"isc-miR-8_st",1.26856237604011,1.13708995119197,1.24185509333816,1.24185509333816,1.1174915362468,1.24185509333816,1.32022865701503,1.24185509333816,1.28557335582437
"isc-miR-87_st",1.19011225648523,1.39180559218662,1.86919713482122,1.39180559218662,1.86919713482122,1.37681882189831,0.977375339764337,1.39180559218662,1.39433617202097
"isc-miR-96_st",1.18292393312826,1.02060949879977,0.986159851848582,1.07200311704127,0.836358757953178,1.15695348061009,0.748974721361005,1.09022671651713,1.1534382804921
"isc-miR-993_st",1.11797555727671,1.33591718713158,0.962302525488896,1.26442616437186,0.950668057062392,0.852281676711636,0.937625760901639,1.44800338411184,1.12732981919918
"jcv-miR-J1-3p_st",1.14026314768937,1.05928904960232,0.950668057062392,0.77877844708507,0.7404619229008,1.03030906405102,0.869239944108582,1.08035135319655,0.950668057062392
"jcv-miR-J1-5p_st",1.15695348061009,1.12951239435895,1.2145902736085,1.15695348061009,1.05700588507316,1.03258992351872,1.15695348061009,1.23366764720995,1.15695348061009
"kshv-miR-K12-1-star_st",0.96963231016079,1.05701634675296,0.797284469126876,0.913072924553037,1.18137990384433,1.05701634675296,1.13928603120738,1.21858376089398,0.9299555713603
"kshv-miR-K12-1_st",1.48018184386726,1.21691455124459,0.912022831742376,1.08868459387916,1.4520377863519,1.07784259479535,1.66160422337553,1.31154232852152,1.08522888234923
"kshv-miR-K12-10a-star_st",1.35490721044031,1.28294142755071,1.47864878439522,1.23097814652896,1.65130025865738,1.23922316506451,1.23922316506451,1.03855509919838,1.03293774151681
"kshv-miR-K12-10a_st",1.24185509333816,1.02759819869202,1.24185509333816,1.36707466726814,1.24185509333816,1.15016297801658,1.26856237604011,1.38792859397416,1.24185509333816
"kshv-miR-K12-10b_st",1.25916164706334,1.8328986674401,1.13994923635996,1.52854073296985,1.34926315702015,1.34926315702015,1.34926315702015,1.34926315702015,2.01033166085215
"kshv-miR-K12-11-star_st",0.869239944108582,0.869239944108582,0.903654851166453,0.979780760055136,0.68226144482179,0.861498514021641,0.869239944108582,0.776604240233798,0.869239944108582
"kshv-miR-K12-11_st",0.921132365263109,1.13524353706547,1.01390847708659,0.896517192856218,1.22019390063429,1.28131703770146,1.13524353706547,0.939650898179213,1.22724971672248
"kshv-miR-K12-12-star_st",2.88913768316081,1.56767708961276,1.10115843164224,1.38820925624976,3.26287281951626,2.44013174521295,2.24557161841625,2.04576558007326,1.92629203856919
"kshv-miR-K12-12_st",2.03833565459405,2.02868936073361,1.27002866777902,1.4541302226694,1.15695348061009,2.03833565459405,1.64465909668234,1.69150049541012,1.31438313694079
"kshv-miR-K12-2-star_st",1.28131703770146,1.08623930242817,1.28131703770146,1.86037903385758,1.02938441299659,1.45396851196363,1.38573421987029,1.07200311704127,1.40332115903987
"kshv-miR-K12-2_st",1.68268715093672,1.33628923794953,1.40316867954513,1.15695348061009,1.15695348061009,1.13137996685916,1.06956944401792,1.15695348061009,1.07200311704127
"kshv-miR-K12-3-star_st",0.977375339764336,1.02109360225054,1.10442595069699,0.977375339764336,0.977375339764336,1.01497047227369,0.748974721361005,0.977375339764336,0.956065922131318
"kshv-miR-K12-3_st",7.00647670528264,7.39306936560076,6.9508691650146,7.11197434431948,7.35130123628489,7.19223884570919,6.56747414620041,7.55866254568829,6.85756945095551
"kshv-miR-K12-4-3p_st",1.03143649322647,0.836358757953178,1.03143649322647,1.03143649322647,1.40332115903987,0.854186738052671,0.977375339764336,1.17675047085175,1.06903162573582
"kshv-miR-K12-4-5p_st",1.40332115903987,1.16303631325929,0.869239944108582,0.913072924553037,1.14832791390143,0.950668057062392,0.869239944108582,0.950668057062392,0.636140541336268
"kshv-miR-K12-5-star_st",0.861796982879678,1.07200311704127,1.31837079547105,1.07200311704127,1.07200311704127,1.07200311704127,1.06133904111123,1.07200311704127,0.975212143788434
"kshv-miR-K12-5_st",0.9618757453368,1.19752010442489,0.836358757953178,0.931002717170637,0.999470877846155,0.9618757453368,0.874491708744627,0.9618757453368,0.918042764892345
"kshv-miR-K12-6-3p_st",0.977375339764336,0.977375339764336,0.98650261089642,1.37710908047788,0.981911123563692,1.15695348061009,1.13639419804636,0.818445147276104,0.759638797291049
"kshv-miR-K12-6-5p_st",1.03143649322647,1.03143649322647,1.03143649322647,0.581475562624298,1.03143649322647,1.17033148789449,1.23922316506451,1.03143649322647,1.03143649322647
"kshv-miR-K12-7-star_st",1.44034555519782,0.836358757953178,1.00357880597641,0.913064102986459,1.46437574337924,1.00357880597641,1.00357880597641,1.16514622011743,1.31375030058777
"kshv-miR-K12-7_st",1.14870846207455,1.14870846207455,1.20626641281721,1.14870846207455,1.14870846207455,1.14870846207455,1.10055964421233,1.31280666526658,1.29389078934993
"kshv-miR-K12-8-star_st",1.59772871946444,1.22778816916596,1.01029797742108,1.51300014290518,1.53408307046638,1.19450515565782,1.5731824449006,1.40079057920553,1.64848519069599
"kshv-miR-K12-8_st",1.10597633156559,1.53166979614742,1.52854073296985,1.27517151035331,1.02794781508492,1.61349109653867,1.22111035689118,1.29602543705933,1.29602543705933
"kshv-miR-K12-9-star_st",1.56263623248187,1.3276247097468,1.38320542031993,1.81640191284342,1.29602543705933,0.982267329749863,1.10632137876179,1.58099393236334,1.29602543705933
"kshv-miR-K12-9_st",0.857891945238911,0.665448446016943,1.07200311704127,0.800977596798814,0.836358757953178,0.946159924074191,0.685982581189862,1.13056311629792,0.794117072071973
"lca-miR-125b_st",11.3324673428823,11.1923662884155,11.2966919887611,11.2181219734572,11.1660186276611,11.0202169293265,11.2997588657893,11.2690608706571,11.1508845723514
"lca-miR-15a_st",8.5212877959721,8.38112955816152,8.46527774136351,8.4564678218071,8.27699497426206,8.13099128898681,8.71498165568091,8.42754009792067,8.79637468219891
"lca-miR-16_st",7.00491237528399,6.84760269111644,6.39183289763936,6.37200260831862,5.96614880909435,6.25929044993688,6.59896931966577,6.75385182658542,6.7065021728939
"lca-miR-17-3p_st",6.60556881329161,6.59718608880876,6.59718608880876,6.70547818553823,7.0251129892502,6.77452531524883,6.64593823635452,6.45676948562214,6.64593823635452
"lca-miR-17-5p_st",13.0487789239823,12.9925927866419,12.9625098755643,12.9476140386409,13.0999070814314,13.1178399929438,13.0057498604319,13.0415061243388,12.9032028191402
"lca-miR-18_st",10.3465561265313,10.1329649538642,10.1922420417841,10.2712592989471,10.2809215140475,10.2712592989471,10.3733058667297,10.273173884832,10.257705950253
"lca-miR-19a_st",6.74776070936611,6.73158943225475,6.77614676030305,6.86141479027991,6.51116319655485,6.21254609065821,6.84524351316856,6.4579153476489,6.8226339452641
"lca-miR-19b_st",11.1513287326754,11.2771032317763,11.139283836405,11.1311191648945,10.7441264450414,10.6934355482392,11.3250164354336,10.8941349859078,11.1918565207799
"lca-miR-20_st",10.2082981974006,9.85151739504761,9.68175760560829,9.93373227583126,9.95637772189191,9.94837490089655,10.2475612177314,10.0423559106734,10.4265477259197
"lca-miR-216_st",1.09871039974321,1.17662097098416,1.23000062341817,1.1904025150648,0.874688079725158,1.1056370663268,0.990575004087461,1.07225453641713,1.07200311704127
"lca-miR-218_st",0.976255513912344,0.954722326626611,1.03143649322647,1.03143649322647,1.03143649322647,1.03143649322647,0.944052456634297,1.0942845850955,1.17571974854632
"lca-miR-22_st",11.498854894159,11.2478582477518,11.7071407387462,11.7177920379656,11.8376222120885,11.8189548621434,11.6613017680553,11.5725122989129,11.6904347718885
"lca-miR-23a_st",13.5699176829,13.555267534925,13.4846904412748,13.5207283432038,13.420609662701,13.4199836339268,13.6428817271395,13.5207283432038,13.7424138801289
"lca-miR-27a_st",10.8689581705451,10.3896480985032,10.4074536649139,10.7364832617373,11.3202834569437,11.3025911690069,11.1521742092368,10.9483321456606,11.1374555735291
"lca-miR-92_st",13.2760505435489,13.3036173718022,13.2017493958366,13.225549409182,13.2844834347908,13.2608191872737,13.2515855673884,13.2377482188717,13.1089017810604
"lgi-let-7_st",13.3632888600838,13.3412397276458,13.3612636393513,13.3778115672818,12.9287151377094,12.7888186691506,13.3988985832922,13.19732642109,13.4749935060789
"lgi-miR-1_st",1.32999896531302,1.17200145893612,1.29975161270045,1.02681913166075,1.17200145893612,1.0196161208719,0.869239944108582,1.17200145893612,1.16038635195465
"lgi-miR-10_st",2.01033166085215,2.07317975272117,2.47438606802967,1.70129508690777,2.07317975272117,2.0865698232559,2.61998288232907,2.07317975272117,2.07317975272117
"lgi-miR-100_st",11.6063332686675,11.7274107142185,11.6063332686675,11.5810644241727,11.6051364860914,11.6486820277714,11.5093312674951,11.6063332686675,11.5545710300874
"lgi-miR-1175-star_st",0.781855907516409,0.869239944108582,1.07200311704127,0.837036886830535,0.840669028971565,1.0307181344653,0.781855907516409,1.0447382973116,0.950668057062392
"lgi-miR-1175_st",1.38232049674165,1.45067542913021,1.22737902579825,2.06977113545996,1.15695348061009,1.05701634675296,1.60969428741224,0.799436349163365,1.2006717430963
"lgi-miR-12_st",0.950668057062392,0.827995799003099,0.783389628418875,1.00584903637652,0.788159007338707,0.950668057062392,0.950668057062392,0.950668057062392,0.962016055932063
"lgi-miR-124_st",1.26073400247265,0.975022278805349,1.07200311704127,0.83327677283202,1.13872988113423,0.950668057062392,1.23922316506451,0.929415960474042,1.07200311704127
"lgi-miR-133-star_st",1.10866556343929,1.41281767164871,0.836358757953178,1.00489074536159,0.744093069990147,0.913072924553037,1.20814683897836,0.855744033060791,0.913072924553037
"lgi-miR-133_st",0.857891945238911,1.05743400347046,0.92732784831775,1.45716774418401,1.05743400347046,1.60233987875567,0.962806226193526,0.97736185854043,0.816015962269529
"lgi-miR-137_st",0.977375339764336,0.836358757953178,0.869239944108582,0.836358757953178,0.836358757953178,0.728669732329309,0.869239944108582,0.973007641110898,0.759638797291049
"lgi-miR-153_st",0.798532346675849,0.871874677823331,0.977375339764336,1.17749417587356,1.07732293530126,0.831301839128344,0.887273829807528,1.07200311704127,0.977375339764336
"lgi-miR-182_st",6.90361759110996,6.95475110438848,6.63749711299993,6.84845582514347,6.11830576233711,6.07064284308352,6.68008691224904,6.69715246833898,6.72930395169541
"lgi-miR-183_st",5.28716723587218,6.02288788116104,4.89894282848466,5.45339646441262,3.50884443389449,5.0190241348098,4.81851381731131,3.96240287764293,5.91057481325146
"lgi-miR-184_st",1.10866556343929,1.88672792339221,1.10866556343929,1.27999868574951,1.10866556343929,1.02639587898488,1.10866556343929,1.40079057920553,0.920047589294307
"lgi-miR-190_st",0.977375339764336,0.855894556941675,1.31134806970565,1.17245307503763,1.15695348061009,1.27643687513552,0.808812813614048,0.967519737704986,0.655155417954765
"lgi-miR-193_st",0.968585120425361,1.06002403416843,1.18269629222772,1.18269629222772,1.18269629222772,1.48059391787547,0.992992233930179,0.995717792940927,1.29602543705933
"lgi-miR-1984_st",1.29723753515665,0.836358757953178,0.950668057062392,1.06794002591047,0.950668057062392,1.20054860153738,0.748974721361005,1.10850664972527,0.950668057062392
"lgi-miR-1985_st",0.869239944108582,0.842532661406638,1.13316216065469,0.869239944108582,0.799804041029744,0.848934955076886,0.858575868178538,1.29265518354977,0.869239944108582
"lgi-miR-1986_st",0.950668057062392,0.950668057062392,0.950668057062392,0.618868566208295,0.850720461525464,0.950668057062392,0.896606903600258,0.779029866460931,1.07200311704127
"lgi-miR-1988_st",0.950668057062392,1.04344416888587,1.03561842063121,1.14870846207455,1.35135425466371,0.858975941740804,0.869239944108582,0.950668057062392,0.759638797291049
"lgi-miR-1989_st",1.79027357140273,1.82859864456604,1.88709794725221,1.79027357140273,3.03063602791898,1.28131703770146,1.62873299604909,1.46923724912461,1.89347714996364
"lgi-miR-1990_st",1.23922316506451,1.24857742698698,1.38049070746489,1.29462791403135,1.21791374743149,1.21791374743149,1.13371035107495,1.21791374743149,1.0151505744988
"lgi-miR-1991_st",1.24409644266963,1.15695348061009,1.15695348061009,1.11935834810074,1.15695348061009,1.15695348061009,1.15695348061009,0.626132407428269,1.15695348061009
"lgi-miR-1992_st",0.646309652459441,1.17997178118875,0.893031264063986,0.805485729787015,1.04553934035172,0.950668057062392,1.2313547621964,0.913072924553037,0.950668057062392
"lgi-miR-1993_st",1.20329334071623,1.07200311704127,1.07200311704127,1.11785004953724,1.07200311704127,0.950668057062392,0.963867721385516,1.30921805088543,1.1666308943182
"lgi-miR-1994a_st",0.938695191726247,1.10866556343929,1.01856405348248,1.32802878179179,1.10866556343929,0.987330503460413,1.23922316506451,1.10866556343929,1.10866556343929
"lgi-miR-1994b_st",1.00138134812654,0.950668057062392,1.03143649322647,1.03143649322647,1.03143649322647,1.11638685679529,1.03143649322647,1.03143649322647,1.03143649322647
"lgi-miR-2001_st",1.21501385312986,0.762811988408221,1.84547044451146,1.05701634675296,1.38766532739203,1.05701634675296,0.977375339764336,0.867289495717224,0.975588233799154
"lgi-miR-216a_st",0.980173222620192,1.20287880579571,1.15695348061009,1.14870846207455,0.8443500574716,1.06380684934648,1.23922316506451,1.14870846207455,1.14870846207455
"lgi-miR-216b_st",0.905433325323943,1.2006717430963,0.96918753964551,0.913072924553037,0.836358757953178,0.936306353490106,0.905433325323943,0.913072924553037,0.869239944108582
"lgi-miR-242_st",0.742824343505445,0.902120577579346,1.15931291636305,0.909432371888056,1.28131703770146,1.03747993910603,0.85360019697412,0.949998995702856,1.28131703770146
"lgi-miR-242b_st",1.1997189177958,1.27196721419471,0.674688433722226,1.15277155320535,1.07200311704127,0.643719368760486,1.10488430319667,1.07200311704127,1.07200311704127
"lgi-miR-252_st",1.29275373511049,1.24988943525731,1.35969060137833,1.66968867712139,1.16503793435596,1.35969060137833,1.29025750828593,1.58265691637931,1.40332115903987
"lgi-miR-252b_st",1.37957018564932,1.44389399773486,1.92499939945029,1.28131703770146,1.25808940282666,1.28131703770146,1.34507125202303,1.25808940282666,1.28131703770146
"lgi-miR-2722_st",0.913072924553037,1.02738222366225,1.03143649322647,0.913072924553037,0.913072924553037,0.832304488388959,0.7230238190593,0.913072924553037,0.722043664781694
"lgi-miR-278_st",0.977375339764336,1.01794817845932,1.22359053869938,0.692661385528695,0.840295363804902,0.812854277553757,1.23922316506451,1.1070586358985,1.02342926109105
"lgi-miR-279_st",1.4150498799539,0.777798758696528,0.836358757953177,1.1903666857147,1.15695348061009,1.74079616228641,1.54159016712103,1.07200311704127,1.10893857276089
"lgi-miR-281-star_st",1.04090386220287,1.49286285660671,0.962041783424889,0.801880483172253,1.53406110333642,0.744551591680007,0.962041783424889,0.962041783424889,0.759638797291049
"lgi-miR-281_st",0.857891945238911,0.915220836731158,1.15086519581925,0.618868566208295,0.831184662536967,0.807531811107289,0.857891945238911,0.857891945238911,0.662847824038212
"lgi-miR-29_st",0.996000910425946,1.2006717430963,0.73641116241625,1.27738590969616,0.950668057062392,1.33396423435716,1.72400358652145,1.2006717430963,1.2006717430963
"lgi-miR-2c_st",1.10866556343929,0.938104498117637,1.13142545055152,0.820561901909682,0.893110106319731,1.05701634675296,0.950668057062392,0.938104498117637,0.719348356958639
"lgi-miR-2d_st",0.977375339764336,0.603843462042654,0.836358757953178,0.711941712853142,0.836358757953178,0.990505175920049,0.946874618258502,1.03654844199863,0.662847824038212
"lgi-miR-31_st",9.91752453955314,9.34897471336839,9.16816221697431,9.3175468714048,9.05585328428839,9.06247471228788,9.94453788362147,9.62711234604667,9.25555403950062
"lgi-miR-315_st",1.10866556343929,0.994501037506847,0.869239944108582,0.913072924553037,0.838260412027322,0.950668057062392,0.750876375435149,0.913072924553037,0.770435018804235
"lgi-miR-317_st",1.05061565259932,1.38584408689489,1.05678955605278,1.01974262443316,0.950668057062392,1.05061565259932,1.08349683875472,1.15654036276853,0.952362504651457
"lgi-miR-33-star_st",0.950668057062392,0.829332997083513,0.988263189571746,0.950668057062392,0.950668057062392,1.09927213753273,0.977375339764336,0.950668057062392,0.950668057062392
"lgi-miR-33_st",1.40332115903987,1.12491386595529,0.819474035027145,0.977133541628338,1.00357880597641,1.23922316506451,1.23922316506451,1.54939465967587,1.3014638204023
"lgi-miR-34_st",1.19703573549217,1.12875446540782,0.950668057062392,0.950668057062392,0.624961980135804,0.950668057062392,0.896606903600258,0.950668057062392,1.2006717430963
"lgi-miR-375_st",0.857891945238911,0.74656768604929,0.871871872382241,0.734892503500674,0.869239944108582,0.95160002397845,0.869239944108582,0.772362954778598,0.869239944108582
"lgi-miR-67_st",0.972839161192108,1.19752631930508,0.728941721058592,1.05400756426016,1.15695348061009,1.02369506313953,1.06600855050419,1.36702844785149,0.957873154848433
"lgi-miR-7_st",5.02780364663247,4.51891966435724,3.80482304390811,4.58526291251472,2.59301116044229,4.01313379510467,4.269498440161,3.96690436718207,5.99000584893027
"lgi-miR-71_st",0.770090251929242,1.05701634675296,1.10866556343929,1.05701634675296,1.05701634675296,0.949327321129094,0.872755320830806,1.25720603079842,0.950668057062392
"lgi-miR-745a_st",1.10866556343929,0.891831086653603,0.901334464926922,0.923430566295063,1.1598362548788,1.06861289357044,0.857798505901362,0.98718478061663,1.21048118394859
"lgi-miR-745b_st",1.67710221944308,1.95508653373764,1.64953635797491,1.90877296958324,1.80510726710973,1.49153885159801,1.22384289339308,1.32338611746344,2.07174438011712
"lgi-miR-750_st",1.08467106174488,0.964811780819581,1.0083048500608,1.05814377592841,0.950668057062392,1.0847111151545,0.977375339764336,0.913072924553037,0.977375339764336
"lgi-miR-79_st",1.36055822504338,0.931232885958516,1.2361013202333,1.09091899295793,1.07650185716887,0.914934443027851,0.958673972209662,0.45152383695363,1.07200311704127
"lgi-miR-8_st",1.17480802124353,1.09461147926232,1.41371467512255,1.05701634675296,0.790253074659367,1.05701634675296,1.45774597572486,0.855463419000272,0.910942846116971
"lgi-miR-87_st",0.825688887960864,0.913072924553037,0.505709777314109,1.10815065982633,0.950668057062392,0.950668057062392,0.913072924553037,0.741354136402201,1.27738590969616
"lgi-miR-9_st",0.857891945238911,1.32336259207101,0.725063163546579,0.857891945238911,1.04794105073265,0.764818798594065,0.975434541446866,0.779029866460931,0.857891945238911
"lgi-miR-92_st",13.1175486238646,13.1007669539396,13.0191934167974,12.9031779908023,12.99515677088,12.9973846747452,13.0184306632157,12.905289770029,12.8928258899438
"lgi-miR-96a_st",1.07200311704127,0.939174335348937,1.47074111488795,1.12851412546728,1.07200311704127,1.05169812800957,1.07200311704127,1.19147665854533,1.07200311704127
"lgi-miR-96b_st",1.03093853902846,0.951407398890948,1.28272544088955,1.26442616437186,0.715763039802855,0.754036055238324,0.952076460250483,1.04670423752742,0.85382331230262
"lgi-miR-981_st",1.15209630358365,1.13056311629792,1.24601115126743,0.913072924553037,1.51300091831263,1.08363282938752,1.2152639227716,1.12490208638602,1.00220471643371
"lja-miR167_st",0.800623938047333,0.626302463301712,0.663124405671297,0.71150427008308,1.11721883450943,0.721533635109859,0.748974721361005,0.748974721361005,0.767072694384466
"lja-miR2111-star_st",0.977567064846788,1.16644856112088,0.783389628418875,1.11448528009913,1.27662860021797,1.43744182974162,0.943152157788917,0.776014137094096,0.977567064846788
"lja-miR2111_st",1.29602543705933,1.29602543705933,0.970616179083894,1.42377559082365,1.61657696713195,1.29602543705933,1.29602543705933,1.16198237896722,0.897091348649896
"lja-miR396_st",0.780352710551547,1.11583609748573,1.10866556343929,0.868241862203866,0.993145069483067,0.791425864746159,0.748974721361005,0.913072924553037,0.796890882130318
"lla-miR-100_st",11.6180214210797,11.7431146430332,11.6090136416864,11.5671337121267,11.6034112260747,11.637506147854,11.5619379580118,11.6059942159204,11.5927283013167
"lla-miR-101_st",1.61309541127517,1.8004552848952,1.61708336169652,2.1669452628818,1.34078860578905,2.24783790672148,2.53577115711782,1.28345971429681,3.57580576803149
"lla-miR-103_st",13.2968736256912,13.2539070016464,13.2445793746675,13.2596024734053,13.4215621493557,13.4232977818086,13.356244538777,13.3318631159049,13.2096590046388
"lla-miR-105_st",0.971145333873435,0.950668057062392,0.818365203493437,1.13524353706547,1.28131703770146,1.13524353706547,0.971145333873435,1.2941737295537,1.39598549350596
"lla-miR-106b_st",11.7710822082488,11.6377494174424,11.7400819246152,11.7253094707311,11.727132926789,11.7051541814852,11.7184581586411,11.7150839312854,11.7184581586411
"lla-miR-107_st",12.9096728894394,12.7902336243965,12.8347468705326,12.8220765212542,12.8226708534211,12.9102787762235,12.8761918077316,12.8480236325504,12.806012223164
"lla-miR-124a_st",1.33448760207098,2.10559609785862,1.07485418209788,1.35969060137833,1.40332115903987,1.14979993363859,1.09022090776694,1.35969060137833,0.864314364664148
"lla-miR-125b_st",11.2887654346795,11.2026292123061,11.2883237658847,11.2035811079942,11.0549743743619,11.015795443109,11.268113525958,11.1919385421122,11.2233310522946
"lla-miR-127_st",1.12189799024998,1.09519070754804,1.09519070754804,1.03143649322647,1.06230952139263,1.42999509361541,1.32651040765179,1.42999509361541,1.01376259459423
"lla-miR-133a_st",0.856907903450516,1.03648604429627,0.91500526147361,1.2690013402068,1.24579996495646,1.33554757966745,1.23922316506451,1.03648604429627,0.920304001873553
"lla-miR-135_st",0.805485729787015,0.73641116241625,0.839900636844885,0.805485729787015,0.836358757953178,0.805485729787015,0.805485729787015,0.835540874886942,0.633137888753101
"lla-miR-139_st",0.857891945238911,0.857891945238911,0.740349349030957,0.901724925683366,0.777123509074833,0.883471798765404,0.977375339764336,0.887947090338838,0.695695396121024
"lla-miR-143_st",1.02128152684712,0.73641116241625,0.569965501771335,0.523637394400148,1.04330376093718,0.748974721361005,0.642068367004241,0.825688887960864,0.951737894293692
"lla-miR-15a_st",8.4520944323869,8.25197671895607,8.46860382296188,8.57263357537245,8.26525328549235,8.22461124787374,8.69788379806788,8.51528602167365,8.78076995228055
"lla-miR-15b_st",11.1426816000222,11.1775560341712,10.7540041955503,10.9684833210094,10.3024181548537,10.2804394695039,11.0824270775163,10.6789754498175,11.068964845659
"lla-miR-16_st",12.9033619178926,12.9243148303999,12.9402256891656,12.9921509804972,12.8028438730251,12.8703533614635,12.9424509184285,12.852197292578,13.0318529804683
"lla-miR-17-3p_st",6.74808733839165,6.04543628354148,6.64694544847054,6.76064037954267,6.74808733839165,6.69801661504687,6.85439124407368,7.04591701863864,6.47371153733251
"lla-miR-17-5p_st",12.9664182981888,13.0029274426898,12.9264369003645,12.9490557019268,13.098569850342,13.1123542761467,12.9676351415311,13.0125775848664,12.8998674865874
"lla-miR-18_st",10.2237465598476,10.0483050650697,10.1602116869989,10.1887851538029,10.3038723387546,10.2191392241906,10.38203777129,10.3456263302374,10.2251802432028
"lla-miR-181a-star_st",5.3011300836265,5.26232397782921,5.3124699267603,5.99825305264968,6.35557641503613,6.4381990287633,5.62598822723307,5.60951357458571,5.62201996933825
"lla-miR-181a_st",10.667597410562,10.7207176412667,10.4448529442851,10.5786074141667,10.6666608631041,10.7514497970289,10.6818144656573,10.6657145017931,10.6566661111254
"lla-miR-181b_st",10.6413000906231,10.6606990292453,10.7861270434723,10.5579381156816,11.0697055409529,11.093869380524,10.5736397451913,10.6684740149097,10.5437417594495
"lla-miR-196_st",1.03082305674787,1.03082305674787,0.922790601040315,0.805485729787015,1.03082305674787,1.40332115903987,1.2592236751512,0.950750911817842,0.957259718369834
"lla-miR-198_st",0.857891945238911,1.29602543705933,0.950668057062392,0.919068784374921,1.15695348061009,0.766264864838663,0.977375339764336,1.10959824955062,0.950668057062392
"lla-miR-199a_st",1.10866556343929,1.23231393009725,1.22269619283546,1.10893152226387,1.48568315271379,1.0281630860998,1.23922316506451,1.2145902736085,1.37352046609673
"lla-miR-19a_st",6.67604277140471,6.78103195101691,6.54677314955747,6.43953500709475,6.52078409096891,6.39694136081876,7.12906218597337,6.70995010195126,7.10150936872618
"lla-miR-19b_st",11.093925829127,11.2438031956206,11.0950624462094,11.0422689841925,10.680970652011,10.6914215405501,11.2813159796138,10.932345961251,11.2354585397776
"lla-miR-20_st",10.2985328392043,9.97340928732152,9.83945240226956,10.0336997490966,10.0319094216666,9.94827462561307,10.5447855459769,10.0888561125242,10.524027668651
"lla-miR-205_st",13.098030789388,13.1266757700965,13.2979155976967,13.1621715165114,13.155651517605,13.2021241161376,13.1998538766323,13.1147186836126,13.2774880712132
"lla-miR-218_st",0.97032492311392,1.18443609491628,0.743121011664234,1.14386947110148,1.11716218839953,1.30796746507685,1.14386947110148,1.32702325148351,1.2006717430963
"lla-miR-22_st",11.607471011811,11.4363893600582,11.7771883669154,11.7144462393918,11.7916826002837,11.8269328091528,11.7046292786173,11.6843884195759,11.7471846264189
"lla-miR-25_st",10.2194991534294,10.2491096618534,10.1796025320919,10.2317861444231,9.63106167686153,9.65679409029025,10.231030802456,9.88747780367224,10.0628525633092
"lla-miR-26a_st",12.2505804646351,12.3958852070727,12.265426042986,12.3269733679082,12.1091807024735,12.1202338800128,12.2739389696107,12.2051045330532,12.2468495717233
"lla-miR-28_st",7.86012274019563,7.35797150268045,7.33477560983391,7.48031091954082,7.67236974266971,7.63981370875492,7.65866581637615,7.75679926032737,7.85106606564109
"lla-miR-29a_st",11.5334298983491,11.3530030467551,11.4308077991453,11.3977922146629,11.3455856951971,11.490736882396,11.6503477896709,11.4063083078934,11.7279593625233
"lla-miR-29b_st",0.798363219660014,0.918628442407591,0.918628442407591,1.08019585654861,0.960722315044546,0.836358757953178,0.918628442407591,0.738608701940634,0.951509628562996
"lla-miR-30b_st",5.71461305624833,5.72845938207251,5.09244040890468,5.71461305624833,5.35003635254205,5.48582294794625,6.13137478253397,5.67377388599762,6.17538054403801
"lla-miR-30c_st",10.0440038292021,9.97466288562254,9.73756053526189,9.92036141043894,9.50975944589049,9.76421065792259,10.0320221061115,9.85084344037254,10.1565746672177
"lla-miR-34a_st",2.48197923568838,2.2061219596499,1.45476688239893,1.92115346434589,2.29787908141575,2.2061219596499,1.66160422337553,1.54939465967587,2.96018704388284
"lla-miR-7_st",0.950668057062392,0.950668057062392,0.998955974233192,1.03143649322647,0.92563378050634,0.983253781996667,0.869239944108582,0.980723202162318,0.950668057062392
"lla-miR-9_st",1.03143649322647,1.07200311704127,1.06880785185846,1.03143649322647,0.836358757953178,0.828617327866237,1.05814377592841,0.961759645978095,1.28144017926038
"lla-miR-92_st",13.2643445300032,13.2986795190818,13.1984603860236,13.218599084211,13.2660126353234,13.2910021456699,13.2773126545988,13.2649267873407,13.1781218913096
"lla-miR-93_st",12.2214797184282,12.0743246967574,12.1388955343978,12.1495153032454,12.4387468309956,12.4230011521263,12.1982217999893,12.2352435672119,12.0176837480597
"lla-miR-95_st",1.28715640373735,0.798763625443823,0.970002042587121,0.845984770945248,0.824800492757496,0.862712790421415,1.10055964421233,0.920098685422702,0.893681855383155
"lla-miR-99a_st",7.44913997841034,7.54468908174186,7.24452911454543,7.53788963385486,7.34298262455405,7.07747852210081,7.35562892662046,7.34337620077635,7.60134579930786
"lmi-miR-10-star_st",1.30366239611319,1.19636667413264,1.11493151068181,1.13206425892134,1.29099445140957,1.28131703770146,1.19636667413264,1.19636667413264,1.0291466261094
"lmi-miR-10_st",1.82370373274788,1.68268715093672,1.52854073296985,1.60342940707149,1.72181293108344,1.79699645004594,1.74627727544314,1.52375695844849,1.68268715093672
"lmi-miR-210-star_st",0.977375339764336,1.27296264919346,1.08122447718815,1.00399540697532,0.896032753613612,0.908240200522939,0.841798857857437,0.751588780209786,0.923226970811246
"lmi-miR-210_st",7.42136233218659,7.63017500544852,7.87486718990694,7.87486718990694,8.53845006523001,8.5205431680516,8.21886146844858,7.65855207465146,7.23306082430465
"lmi-miR-276-star_st",0.788159007338707,0.991234680877192,1.31072946125052,0.843339986652833,1.25460975499952,0.950668057062392,1.35969060137833,1.04529583433933,0.841066910244858
"lmi-miR-276_st",1.07200311704127,1.07200311704127,0.870591197746839,1.03143649322647,1.46931780036031,0.847056277429563,1.1816042638588,1.50470809699725,1.07200311704127
"lmi-miR-281-star_st",1.1754157447765,1.37273078209261,0.982417642960322,1.14870846207455,1.07200311704127,1.29478196271054,0.869239944108582,1.29478196271054,1.14870846207455
"lmi-miR-281_st",1.18623855966257,1.2006717430963,1.05701634675296,1.0527169836145,0.950668057062392,1.05701634675296,1.05701634675296,0.889796298729727,1.29144332782375
"lmi-miR-307-star_st",0.969130321228795,1.38435282116264,1.02319147469093,1.14870846207455,1.14870846207455,1.14870846207455,1.06132442548238,1.41263067862066,1.2006717430963
"lmi-miR-307_st",1.10055964421233,1.08799608526758,1.34692732264212,1.06352663570447,1.14112626802713,1.10055964421233,1.10055964421233,1.15819643721074,1.14427790669854
"lmi-miR-8-star_st",1.93971294146603,1.29602543705933,1.45402294343623,1.40079057920553,1.15695348061009,0.880049337676278,0.991667032456376,1.19412788933867,1.2006717430963
"lmi-miR-8_st",0.863255778979284,1.05061565259932,1.54939465967587,0.867461872217291,0.950668057062392,1.11734241669228,1.45348005971065,1.00016349530336,1.15791137457987
"lmi-miR-9a-star_st",1.11057023313949,1.2006717430963,0.808761596884269,1.14870846207455,1.15695348061009,1.28131703770146,1.4614853872663,1.67885085428855,1.2006717430963
"lmi-miR-9a_st",0.993286761107073,0.950668057062392,0.860566547105583,0.797694122220819,0.847213260471081,1.04157467827787,1.10549632480673,0.995082863116431,1.08529294076408
"mcmv-miR-m01-1_st",0.935958797347869,0.924384949063751,1.35582412949419,1.22321555386728,0.813954676009455,1.37837524912165,0.869239944108582,1.04705720712304,1.04705720712304
"mcmv-miR-m01-2-star_st",0.763118445118194,0.857746222395128,0.857746222395128,1.03440798453192,1.46843025629058,0.836358757953178,0.767644712438319,0.777674077465098,1.07200311704127
"mcmv-miR-m01-2_st",0.950668057062392,1.41529402437602,0.950668057062392,0.926198607499284,0.950668057062392,0.678361251576278,0.950668057062392,0.994501037506847,0.994298614723939
"mcmv-miR-m01-3-star_st",0.850076367929622,1.04012547342336,1.16146053340224,1.04012547342336,1.04012547342336,1.05701634675296,1.1900170605733,0.647722493563848,1.07172474611083
"mcmv-miR-m01-3_st",0.857891945238911,0.96558097086278,2.14482751013677,0.857891945238911,0.844245910883902,0.81434864777954,0.870953193585847,0.655538070873138,0.73292053482573
"mcmv-miR-m01-4-star_st",0.857891945238911,1.27433625959102,0.857891945238911,0.717121714156158,0.834664310364112,0.826922880277171,0.977375339764336,0.779029866460931,0.991930793083293
"mcmv-miR-m01-4_st",5.8232032497344,5.6366657005189,4.78521825635404,4.11705066716758,4.15398513398705,5.68384135232325,4.52345585105602,3.48074308144179,4.47803713605254
"mcmv-miR-m107-1-3p_st",1.34883014148286,1.06143448933119,0.618868566208295,1.14653747424974,1.09911021938992,1.05701634675296,1.05701634675296,0.889796298729727,0.870405229559845
"mcmv-miR-m107-1-5p_st",0.862499594865824,1.39978488519223,1.18552799054609,1.16105854098298,1.28131703770146,1.79738027610581,0.996960337790948,1.22814669459077,1.08579599819779
"mcmv-miR-m108-1-star_st",0.655142066532865,0.639965060001696,1.56279243607166,1.24558545140453,1.04754504639238,1.04754504639238,0.646309652459441,1.16888010637125,1.07700519010092
"mcmv-miR-m108-1_st",1.08921164534266,0.857581719048091,1.09103448666616,1.10055964421233,0.971891018157305,0.850188266312048,1.10055964421233,1.2145902736085,1.58407042797139
"mcmv-miR-m108-2-3p_st",1.02221513307959,0.994774046828448,1.52854073296985,1.03143649322647,1.53285896123025,0.87343898684957,1.51312757123051,1.2145902736085,1.03143649322647
"mcmv-miR-m108-2-5p.1_st",1.39453231952457,1.14105117297953,1.26442616437186,1.32386563897966,1.36436329822899,1.26442616437186,1.86901404099442,1.07200311704127,1.2006717430963
"mcmv-miR-m108-2-5p.2_st",1.03376917616209,1.28807579607786,1.15695348061009,1.01177115333472,1.15695348061009,1.60578849607362,0.848776989493191,0.862624441033921,1.35241927345708
"mcmv-miR-m21-1_st",0.890621692205509,1.28088557965034,0.973895691937191,0.993286761107073,0.950668057062392,0.942926626975451,1.45348005971065,0.993286761107073,0.98339780402899
"mcmv-miR-m22-1_st",1.34745871664115,1.10866556343929,1.18626146096338,0.805485729787015,1.10866556343929,1.10866556343929,0.962783961042456,1.2145902736085,1.16887293564367
"mcmv-miR-M23-1-3p_st",1.07200311704127,1.07200311704127,1.07200311704127,1.00770070182997,1.07200311704127,1.42072603362084,0.843602498637938,1.61769220211063,1.07200311704127
"mcmv-miR-M23-1-5p_st",7.57946616674223,6.65412559679045,6.60674531240593,5.92326991403244,6.99370624676686,6.65585511324278,7.25120614963453,7.84710423974248,6.98465705943214
"mcmv-miR-M23-2-star_st",0.948818812593272,1.28949330878615,0.697961940305969,1.14870846207455,1.07200311704127,1.40380260789537,1.07200311704127,0.913072924553037,1.40380260789537
"mcmv-miR-M23-2_st",6.90548067439763,6.25504844820334,6.27782834711054,6.772549646208,6.2194419494481,6.47724262176667,6.28409704439646,7.59286319829428,7.15248681638052
"mcmv-miR-M44-1_st",1.63653762173541,1.44209893769532,1.12132725325719,1.395248241709,1.35697161234528,1.68828965434388,1.76307790890254,2.01369891231932,1.54939465967587
"mcmv-miR-M55-1_st",2.08326568190644,1.55218404924102,1.55218404924102,1.14870846207455,1.67654760633239,1.12390030096023,1.66540864213231,1.5159089868128,1.54939465967587
"mcmv-miR-m59-1_st",1.50144573359734,1.07200311704127,1.12956106778393,1.07200311704127,1.07200311704127,1.07200311704127,0.973796482528885,0.909494067317585,0.86566108687313
"mcmv-miR-m59-2_st",1.10866556343929,1.1837808697667,1.03556731491193,1.26442616437186,1.35119971767712,1.68268715093672,1.51164985964025,1.18404202961464,1.2006717430963
"mcmv-miR-M87-1_st",8.75601801803661,8.99063692375146,8.77159704567711,9.01748043191665,9.04664785775245,9.05480906609715,8.55637634963584,9.11153667341038,8.79149879298068
"mcmv-miR-m88-1-star_st",1.83379847462194,1.29602543705933,1.06240031211859,1.38246723233386,1.82301811861551,1.40332115903987,1.81175801793821,1.2145902736085,1.25724765840388
"mcmv-miR-m88-1_st",1.84863159629651,1.74313093435551,1.84863159629651,1.76020061738769,1.84863159629651,2.01173123435364,2.05527453181301,1.90879214672925,1.84863159629651
"mcmv-miR-M95-1-3p_st",2.37625414969403,1.44389399773486,1.70933815152277,2.21308812251007,2.28820459581969,2.31634865333505,2.9016936459597,2.09465290585719,3.19374019141456
"mcmv-miR-M95-1-5p_st",1.56942326127455,1.1432466232358,1.2900572693777,1.51341125988639,1.59350361994492,1.71550774128333,1.52854073296985,1.80761561823113,2.04681480390915
"mcv-miR-M1-3p_st",0.923713853530008,1.26913021808809,1.01648996535349,0.867973698791889,1.01648996535349,0.935061852399679,0.935061852399679,0.975560893557911,0.869239944108582
"mcv-miR-M1-5p_st",1.01644350805798,1.05701634675296,1.05701634675296,1.221114549945,1.05701634675296,1.05701634675296,1.08372362945491,0.762687307176792,1.29266070584106
"mdm-miR482-star_st",1.10866556343929,1.07200311704127,0.940446987073966,1.0029547542512,1.22868913378552,1.44294602843166,1.36612606368984,1.32829168212625,1.06890485169636
"mdm-miR482_st",1.44515752760008,2.01033166085215,1.53793363942356,2.17918179244367,1.80759454008391,2.31634865333505,2.01033166085215,2.37937147648913,2.09950396527895
"mdo-let-7a_st",13.3400421918523,13.3400421918523,13.3788295416079,13.3765994093448,12.9727061275456,12.8337560488858,13.3792402143285,13.1892298330332,13.4614401597997
"mdo-let-7b_st",13.8533639561058,13.9646077080578,13.9251144391795,13.9153444217685,13.8158357170558,13.8218081454308,13.8430650821985,13.7981560522754,13.6533614299506
"mdo-let-7d_st",11.5302670164231,11.6828572210742,11.5184580538279,11.5755617917716,11.4020273359521,11.2794662190914,11.5912816846402,11.4033372706503,11.5404653594959
"mdo-let-7f_st",9.49980955359775,9.5597119467043,9.32873524765954,9.30263836371463,8.72808272771377,8.54583194735934,9.55368187376048,8.97742503195578,9.63613864480954
"mdo-let-7g_st",6.39299104360181,6.36812662972435,6.21470604296134,6.32078399431036,5.46130555092463,5.65798687728401,6.18555899770709,5.74723593969052,6.43019782776348
"mdo-let-7i_st",8.18152987761539,8.39419077667296,8.10428908510617,8.10428908510617,7.62893537014569,7.67076416146109,8.347824123797,7.81197061551774,8.32487283482199
"mdo-miR-1_st",0.977375339764336,1.25657075500015,1.09764056251191,1.37710908047788,0.920978800375126,0.947748975361971,1.09764056251191,1.09764056251191,1.7039172154793
"mdo-miR-100_st",10.0249679977171,10.1827561441441,10.0083965567091,9.91114342012153,9.89025232540257,9.85105064319602,10.0992137719879,9.97305631868515,10.0395842507574
"mdo-miR-101_st",2.24557161841625,2.24557161841625,2.44183038044651,2.06977113545996,2.12609807691219,2.00173451982082,1.71402098331931,1.78463461723997,3.44477536933208
"mdo-miR-103_st",13.302309796572,13.2482864243383,13.2202612557634,13.2894402694536,13.4337146290955,13.4443122390533,13.3394035340003,13.3749478302902,13.2374955231987
"mdo-miR-106_st",12.8703585805632,12.8484645980468,12.7748859625985,12.8215707705362,12.9652317317508,12.951908977345,12.8869546082179,12.9163652823792,12.8617096990247
"mdo-miR-107_st",12.9253151727005,12.7944622201908,12.875454107679,12.816382872514,12.88875483393,12.9335495714952,12.9441106957736,12.9039229041185,12.8132028329618
"mdo-miR-10a_st",1.54939465967587,1.27708785418975,1.12371558305999,1.06219119610972,1.71349265365123,1.54939465967587,1.80922743810386,1.8415196754421,1.84405025527645
"mdo-miR-10b_st",1.60948100665433,1.91139387176636,1.49387391746098,1.98809921679964,1.89987202246854,1.89640710147805,1.52854073296985,2.13205146056614,2.09320831215673
"mdo-miR-122_st",0.940003981132347,0.965654827350699,1.03143649322647,0.793369825806951,1.19454861311945,0.950668057062392,0.950668057062392,0.7404619229008,0.744382633514691
"mdo-miR-124a_st",0.980940100728855,1.07200311704127,0.968376541784099,0.9433449682195,1.06832413732103,0.980940100728855,1.23922316506451,1.10227516070773,0.945875548053849
"mdo-miR-125b_st",11.2070145858725,11.1994971255818,11.2174673142253,11.2152678182764,11.0497637158763,11.0165819262161,11.259039303315,11.2078130729435,11.2221201987582
"mdo-miR-126_st",1.09522405567445,1.06851677297251,1.00698617815271,1.0440473234094,1.06851677297251,1.06851677297251,0.987088660018697,1.2145902736085,1.06851677297251
"mdo-miR-128_st",6.28010930788952,6.67624941944989,6.21002285132453,6.58400914659213,5.53471641291764,6.00981584710758,6.11307872747677,5.68155726369423,6.26483433572407
"mdo-miR-129_st",1.86774450428492,1.26073400247265,1.07200311704127,1.8246874434074,1.85946060508612,1.09815704243925,0.956375597869695,0.966404962896474,1.38206906245152
"mdo-miR-130a_st",4.39548564957425,4.51256447538502,3.71295155942851,4.04893290793807,2.94811885191968,3.1258239633807,3.56954531753092,3.31522419930294,4.4036711710913
"mdo-miR-132_st",6.3713363719353,6.52705713961142,6.16410319232721,6.46423938554075,6.49972055524145,6.65451283043154,6.53043807765673,6.29243257452814,6.49972055524145
"mdo-miR-133a_st",1.23922316506451,1.01223639924272,1.54939465967587,1.32679983730816,1.11771328427851,1.2145902736085,1.2145902736085,1.2145902736085,1.2145902736085
"mdo-miR-135a_st",0.733480694201145,0.836358757953178,0.977375339764336,0.78866167351527,0.646309652459441,0.950668057062392,0.736246659069212,1.07200311704127,0.836358757953178
"mdo-miR-135b_st",0.852595076007142,0.947413009692732,1.48760246124916,1.01177115333472,1.04264418150088,1.15695348061009,1.25362632080465,0.862624441033921,0.739973457399295
"mdo-miR-137_st",0.868927443502785,1.10352077972702,0.909220093278292,1.03143649322647,1.30965653973936,1.05980251724081,0.810985633512471,0.974852153671992,0.759360448013255
"mdo-miR-138_st",0.896681030359728,0.869239944108582,1.07200311704127,0.869239944108582,0.869239944108582,0.869239944108582,0.895947226810527,0.792534599075301,0.85974138585204
"mdo-miR-139_st",1.13108776940875,1.0405730664188,0.977375339764337,1.00297793390944,1.2468584899665,1.0405730664188,0.869239944108582,1.10645487795274,0.897985909851568
"mdo-miR-140_st",2.39590688550195,2.75535751451326,2.41293161641058,2.10557619846864,2.79263780020016,2.64403371972982,2.64403371972982,2.27570226425413,3.64457851696337
"mdo-miR-141_st",3.21601363828835,3.11629959883518,3.24404975259951,3.11629959883518,3.11883017866953,2.52603814250475,3.11629959883518,2.56890689988628,3.55307235821782
"mdo-miR-142_st",1.00358762754299,0.778250300582136,0.975031100371927,0.913072924553037,1.09097166413517,1.09097166413517,1.00358762754299,1.32661602322326,1.00358762754299
"mdo-miR-143_st",1.45403590048798,0.843351866592529,0.748724089315596,0.913072924553037,1.12458501983893,0.950668057062392,1.13103935092959,0.965654827350699,1.12458501983893
"mdo-miR-144_st",0.772941581670089,1.36397761009273,1.07200311704127,1.66160422337553,0.740685075042666,1.07200311704127,1.74081036798758,0.987052753472448,1.07200311704127
"mdo-miR-145_st",1.00327451464241,0.990710955697651,1.14870846207455,1.14870846207455,1.69019487524085,1.03649889837489,1.14870846207455,1.14870846207455,1.11733875515651
"mdo-miR-146a_st",1.57329153075292,1.26389428910031,0.945244191805315,0.913072924553037,2.76334765058094,2.31634865333505,2.53577115711782,1.44304515016404,1.50522696759557
"mdo-miR-146b_st",2.31634865333505,1.62746940513046,1.89808343630525,3.20294281809697,2.62031387254279,1.85542010512302,3.76271405545986,2.24786128418879,4.0333474639216
"mdo-miR-147b_st",0.749467555008484,0.825753519926144,0.477329797896551,1.29780018417474,0.869732777756062,1.38037660590671,1.56657555509618,0.869732777756062,0.869732777756062
"mdo-miR-148_st",1.85982442195866,1.53595690102219,2.13801490026811,2.25986137915117,1.85532461665792,2.30965897930785,2.13801490026811,1.40079057920553,3.28454341466752
"mdo-miR-150_st",1.29602543705933,0.965660220361225,1.29602543705933,1.21879636684651,1.44767562820165,1.59068103265991,1.41920974150733,1.72873041701531,1.27471601942631
"mdo-miR-151_st",1.23922316506451,1.23922316506451,1.06113675671907,1.82148054769341,1.03495364654141,1.30750443514886,1.23922316506451,1.07200311704127,1.24574364556832
"mdo-miR-152_st",7.12071605332573,7.11134348762228,7.17706428249992,7.24835891295949,7.29227960164161,7.16313556620722,7.29301609113621,7.0730907779454,7.14861278469631
"mdo-miR-153_st",0.977375339764336,1.07200311704127,1.28131703770146,1.18490343401274,1.39259783969818,1.07200311704127,0.927061129706436,1.2145902736085,0.93772520563648
"mdo-miR-1540_st",0.977375339764336,0.950668057062392,0.950668057062392,0.950668057062392,0.741354136402201,0.950668057062392,0.908574184425437,0.950668057062392,1.09585038433777
"mdo-miR-1541_st",0.857891945238911,0.836358757953178,0.869239944108582,0.803358132574635,0.869239944108582,0.752415060203122,0.869239944108582,0.913072924553037,0.95509025979829
"mdo-miR-1542_st",1.14995193642333,1.19126029491313,0.785381608908675,1.15084310978395,1.29602543705933,1.64996707617631,1.35969060137833,1.29602543705933,1.29602543705933
"mdo-miR-1543_st",1.10866556343929,0.920310761629463,0.864828464843859,1.10866556343929,1.24090548428638,0.705801156327963,0.921638190518305,1.10866556343929,1.22914144998698
"mdo-miR-1544_st",0.805239844947674,1.00833795272227,1.26759575592752,1.21624371482389,1.18631241615048,1.07200311704127,1.07200311704127,1.24866487917806,1.07200311704127
"mdo-miR-1545_st",1.13537284614124,0.863066040655122,0.977375339764336,1.14436471963954,0.955842152478603,1.26508887626585,0.869239944108582,1.11648479579551,0.689555106740157
"mdo-miR-1546_st",1.68268715093672,1.30499900306684,1.02426779146195,1.26442616437186,1.20710306694188,1.26442616437186,1.05422003021026,1.28381723354174,1.41049966500785
"mdo-miR-1547_st",1.19400723837968,0.991234680877192,1.07200311704127,1.07200311704127,1.07200311704127,1.07200311704127,1.27978978887931,1.07200311704127,1.08698988732958
"mdo-miR-1548_st",2.17009080704311,1.88695666945982,1.61573514905744,1.57809130307876,2.49458622113715,1.82876065157272,1.57030416836877,1.68268715093672,1.87306568319631
"mdo-miR-1549_st",0.966078406872063,0.851345528241485,1.04642326351478,1.36436329822899,1.1719402508984,1.07200311704127,1.07200311704127,1.04737022558526,1.07200311704127
"mdo-miR-15a_st",5.74775804095961,5.30754857996275,5.50395355124158,5.74125497157999,5.03679808499724,3.08588435105128,6.04726340200267,5.22718451523811,6.06739632446202
"mdo-miR-16_st",12.9204020553475,12.9138710141683,12.958050004771,12.9658730326175,12.8023208992956,12.9121159071231,12.959217258634,12.881221734828,13.0317370198026
"mdo-miR-17-3p_st",6.75340573546189,6.77536695208586,6.55532066269375,6.67988456398939,7.05579969378089,7.11791248786504,7.06323462691539,7.11791248786504,6.8429795167966
"mdo-miR-17-5p_st",12.9601042877413,12.9734871950021,12.9248017492681,12.9578919133882,13.1173802867175,13.1237126677739,12.928880145246,12.9567018004883,12.8619502999033
"mdo-miR-18_st",10.2419274338654,10.1717924559325,10.1832120620557,10.2455086639377,10.2427292105806,10.2363389014324,10.3306476117609,10.3177581825803,10.2328111955054
"mdo-miR-181a_st",10.6721954116793,10.7844216128514,10.5216140349382,10.6684841055813,10.7945448623479,10.8331861691756,10.7747004918363,10.7998560148453,10.7051122933985
"mdo-miR-181b_st",9.96553247147468,9.88836116328173,9.91440391525109,9.82811236904305,10.0502390615385,10.102329955546,9.96553247147468,9.991152952226,9.95325475193905
"mdo-miR-181c_st",10.6128194101906,10.773072004818,10.4454828323302,10.5661583490963,10.77125622825,10.7995216650181,10.6899286794586,10.5786273494486,10.6792176910159
"mdo-miR-182_st",8.55950491206435,8.8015202006624,8.47058751881215,8.68003878920297,8.26601961302372,8.18758810084064,8.75231722056802,8.61947184692725,8.90836918266875
"mdo-miR-183_st",7.80766206652765,7.57862784344338,7.5287182450368,7.6592523867378,7.238299426663,7.26823638864415,7.57862784344338,7.57862784344338,7.65637948638586
"mdo-miR-184_st",1.33528494759431,1.65299663883177,1.42460709986375,1.68147728433953,1.26710155358416,1.48135844823031,1.80922743810386,1.48135844823031,1.48135844823031
"mdo-miR-186_st",1.25812056950125,1.40197068070835,1.01644972293816,0.924407771126054,1.06827644743026,1.05701634675296,1.05701634675296,1.2145902736085,1.05701634675296
"mdo-miR-187_st",1.08010903626823,0.865717693493569,0.926820789765893,0.926820789765893,1.07200311704127,1.19636667413264,1.08456667598603,1.40079057920553,1.04344658987021
"mdo-miR-190a_st",0.716875654077895,1.07200311704127,0.624920790612369,0.880973857269927,0.918568989779282,1.13250447423588,1.06846057692922,0.880973857269927,0.759638797291049
"mdo-miR-190b_st",1.08029297257627,1.13709524457109,0.663741962238671,0.919795028896229,0.950668057062392,1.06497735617161,0.760252839885832,0.913072924553037,0.983549243217796
"mdo-miR-191_st",12.1436682461482,12.2000578050008,12.2908768541967,12.1816244377794,12.1560395240051,12.2088246640814,12.0845612982312,12.0958298668246,12.074640611209
"mdo-miR-193_st",1.31133079737177,1.18004057369681,1.58762056008749,1.03143649322647,1.22213444633377,1.58762056008749,1.10055964421233,1.07200311704127,1.48441308779885
"mdo-miR-195_st",1.44389399773486,1.44389399773486,1.9808715171436,1.54865913988106,1.32065127801832,1.69026167616464,1.23922316506451,0.836373180254225,1.69026167616464
"mdo-miR-196b_st",0.907905123065902,1.24197348875431,1.19722269097125,0.817390420075947,1.21807661767726,1.28131703770146,0.537921902109978,0.913072924553037,1.07200311704127
"mdo-miR-199b_st",0.939023826854742,0.939023826854742,0.836358757953178,0.901990818346878,1.28131703770146,0.888663692723119,1.19004886479378,0.939023826854742,0.766675985820828
"mdo-miR-19a_st",7.0903232873594,6.69791633320328,6.60954350817733,6.48050018130832,6.60392343792674,6.85414458676445,7.07835655594274,6.35034094246455,7.22614297107119
"mdo-miR-19b_st",11.2078749167277,11.3171940494196,11.1218296967224,11.0726735218462,10.75244223843,10.6639017935984,11.2343587783644,10.8758123965217,11.1867628073535
"mdo-miR-20_st",12.9594682822756,12.9692951606491,12.8636639419824,12.900144941823,13.1227128966519,13.0760110258283,12.9994453809649,13.0364538464736,12.9497157539189
"mdo-miR-200a-star_st",0.880827069037451,0.950668057062392,1.15695348061009,0.685234430151197,0.686745840516285,0.686745840516285,0.950668057062392,1.23360015279232,0.937117218416572
"mdo-miR-200a_st",6.60556881329161,5.9388343320196,6.37465757139939,6.60556881329161,6.47981744716819,6.65730533919652,6.89991639747102,6.62419592352068,6.82447651060064
"mdo-miR-200b_st",7.12173984242938,7.33206534931393,7.03229002875536,7.21304164012136,6.93654534795786,6.98011750877514,7.64039496906103,6.85440754242381,7.62684633437278
"mdo-miR-200c_st",13.447840217694,13.5993423117455,13.6046724553129,13.4121586442211,13.450499606221,13.447840217694,13.3991062384605,13.4261084695262,13.4176009209433
"mdo-miR-203_st",0.857891945238911,0.857891945238911,0.770079706964539,0.813912687408994,0.857891945238911,0.857891945238911,1.10055964421233,0.552873001971574,0.857891945238911
"mdo-miR-204_st",1.33236979632812,0.883348319782124,0.993308015007829,1.76223156912225,1.82048753878116,1.05745190111444,1.47499909301187,1.47907002718233,1.24185509333816
"mdo-miR-205a_st",13.0942398404289,13.1454096532343,13.266970704047,13.1730834002763,13.1648795101246,13.1929903990443,13.1364709471774,13.0336606252249,13.2974613611661
"mdo-miR-206_st",1.08114707650805,1.72873041701531,1.13306791407271,0.805485729787015,1.00023913238037,1.36068170742143,1.57825753113162,0.920166987450343,1.25730542325228
"mdo-miR-208_st",1.093536304327,1.28358540982074,1.22878709816284,1.24697043158899,1.07200311704127,0.854512925296388,0.951767142307037,1.22625651832849,1.093536304327
"mdo-miR-21_st",8.74766456656013,8.71164283132627,8.5512461556691,8.35445695159875,8.2663588471173,8.44916779450549,8.89859720999872,8.31813063923883,8.51534235538561
"mdo-miR-210_st",7.73428001747328,7.9934133610543,7.89620049304509,8.18739664958144,8.77337516628725,8.83830374613492,8.41485847144627,7.87016302182418,7.2215179158602
"mdo-miR-212_st",1.59316528111086,1.40332115903987,1.32089188579702,1.11137435322857,1.40332115903987,1.37386101533133,1.49553680475124,1.02822368329962,1.66791010287273
"mdo-miR-214_st",1.68805818052804,1.44389399773486,1.22411872465545,1.14870846207455,1.42417508574589,1.7631960064474,1.54939465967587,1.51273221327785,1.65139573413002
"mdo-miR-215_st",0.967345974737557,1.14987629131173,0.977375339764336,0.977375339764336,1.07323215834026,1.15739508023129,0.870468985407573,0.977375339764336,0.684762275982845
"mdo-miR-216_st",1.10866556343929,0.92644828344795,1.19356717616736,1.52854073296985,1.02639587898488,1.10866556343929,1.39798313134464,0.81433652386312,0.869239944108582
"mdo-miR-217_st",1.39384459691583,1.07147885280711,1.41852136150309,1.49743137865412,1.7845147545298,1.9117149265577,1.21249543461827,1.39384459691583,1.54939465967587
"mdo-miR-218_st",0.857891945238911,1.07200311704127,1.10574033748553,1.20989063567486,0.945275981831085,1.05701634675296,0.977375339764336,0.805737149162876,0.977375339764336
"mdo-miR-219_st",1.01025652591974,0.856676385163827,0.795145790344036,0.805485729787015,0.766574875207019,0.869239944108582,0.869239944108582,1.10645487795274,0.869239944108582
"mdo-miR-22_st",11.4009161005887,11.2087523727761,11.5106578583063,11.554630836208,11.5477744050058,11.6502682431967,11.5449025193454,11.5149326053428,11.5375112055911
"mdo-miR-221_st",12.421650018995,12.3504389579292,12.451379289519,12.3321514179227,12.3468124975115,12.3299273426651,12.5040461042461,12.3571045696574,12.3839571152447
"mdo-miR-222a_st",13.3777645366272,13.496019242361,13.405777119486,13.5138854224461,13.4962859409497,13.5127020819539,13.3834942282302,13.4250618508699,13.3037619335785
"mdo-miR-223_st",1.43941284910996,1.72873041701531,1.39739525784662,1.41986505063424,2.01664028994433,2.04882128034197,2.01664028994433,1.72873041701531,2.37033237476959
"mdo-miR-23a_st",10.9626895323159,10.8113829084648,10.6785987421001,10.6522696617175,10.5314021620315,10.5825491693281,10.9982322770038,10.5988684895497,10.9204607999635
"mdo-miR-23b_st",12.5140436804193,12.5439562875606,12.3405317164961,12.4595641664156,12.3542594019233,12.4239933358136,12.4066704083017,12.4555423746041,12.5193203487596
"mdo-miR-24_st",3.10883952316786,3.25972275978692,2.06977113545996,2.79878575861064,2.53070813663624,3.0584526912464,3.2263279010697,2.84067352838658,2.79878575861064
"mdo-miR-25_st",10.0875260822222,10.227807304229,10.190444944056,10.1637051802054,9.71050652938584,9.59768415383844,10.2921940385787,9.81202868802619,10.1865111055508
"mdo-miR-26_st",11.04818951467,11.4135929216365,11.2696741269181,11.3274441975061,11.1316290016691,11.0291798879159,11.1192262663269,11.0615828613757,11.3956191764356
"mdo-miR-27a_st",12.1863809130594,11.5608795625005,11.6114039608249,11.901371325031,12.4065379016484,12.4560205130863,12.2822623452226,12.1409898619676,12.2496543535355
"mdo-miR-27b_st",10.2496441514992,10.0676142527248,9.92289053462669,10.0803336701917,9.72913527830052,9.75866601857889,10.1442064551852,10.0712283368734,10.3134410277418
"mdo-miR-28_st",1.48425657891983,1.72873041701531,0.859747477935159,2.44181872670787,1.4410200240481,1.84863159629651,1.66160422337553,2.48874019591566,2.05664086002572
"mdo-miR-29a_st",1.70377007849792,1.68268715093672,1.76733388617171,1.76733388617171,0.975204315618111,1.68268715093672,2.01798868486689,1.26501241226175,1.78818781287773
"mdo-miR-29b_st",1.10866556343929,1.2006717430963,1.10866556343929,1.18537090847257,0.707430169506357,1.18931085804445,1.10866556343929,1.07107043092994,0.949646705157265
"mdo-miR-301_st",5.58495853032438,6.08847436428844,6.02309847753459,6.37200260831862,6.03606556435721,5.77167492465616,6.38757761507046,6.06997467191228,6.55723459331474
"mdo-miR-302a_st",1.10866556343929,0.802022346590324,1.81786309300565,1.29414369826792,1.2145902736085,1.54939465967587,0.924390734906933,1.2145902736085,1.07239009226588
"mdo-miR-302b_st",0.602843237315087,1.00407863124802,1.52854073296985,0.711623246925439,0.780056311229965,1.21833552589416,0.817100131961229,1.26800084779413,0.716258398223843
"mdo-miR-302c_st",1.53435902802112,1.47418218091444,1.04456203079012,1.39328961393773,1.07200311704127,0.956322791898979,1.44653706053924,1.46717426120737,0.829210867925965
"mdo-miR-302d_st",0.760618951568655,0.443955778093667,0.923195911602055,0.624579862864207,0.657953882667091,0.950668057062392,0.771966950438326,1.02869657354306,0.771283027498699
"mdo-miR-30a_st",8.78454349337438,8.53855805804371,8.80734708821167,8.90001467791432,8.88448573844698,8.75473489360599,8.97184025134835,9.02034575146029,8.95543991199216
"mdo-miR-31_st",11.5600820772856,11.0935957293441,11.2574861667149,11.209888521439,11.0115323244963,11.0453378259303,11.5964534356415,11.5145959903279,11.2650066391108
"mdo-miR-32_st",1.07200311704127,0.995288950441411,1.05284690118407,1.07200311704127,1.07200311704127,1.1516441240299,1.07200311704127,1.19147665854533,1.2048318987336
"mdo-miR-33_st",0.964240234929483,0.898008988779708,0.797020186906247,0.964240234929483,0.964240234929483,1.05701634675296,0.964240234929483,0.77726173564269,1.22498219136998
"mdo-miR-338_st",0.779733238522909,0.73641116241625,0.595394580605091,0.965904036281108,0.677068169621345,1.01593689879893,0.825694682023133,1.10226845111478,0.836358757953178
"mdo-miR-340_st",1.23922316506451,1.72873041701531,1.28131703770146,1.26064508822164,0.878998318983478,1.05701634675296,0.891561877928233,1.36204074676246,0.805434980605441
"mdo-miR-34a_st",3.13157287866542,2.27793125344477,1.89808343630525,2.7319427119343,2.53577115711782,1.75818303384818,2.6027231589971,2.6027231589971,3.15186604290933
"mdo-miR-363_st",1.40332115903987,1.23032119760906,1.10976825650248,1.05833679994046,0.980317511575152,1.07688707034707,1.15360123694693,1.15360123694693,1.1683096363048
"mdo-miR-365_st",0.940638692035612,1.2006717430963,0.759638797291049,0.994501037506847,1.03074020199242,1.04735233379256,0.869239944108582,0.88394129296943,0.759638797291049
"mdo-miR-367_st",0.881232153983553,0.995418854845459,1.16815824880727,0.950668057062392,0.587027795638811,0.950668057062392,1.27681829757386,0.913072924553037,0.950668057062392
"mdo-miR-375_st",0.949735370951059,1.07200311704127,1.12956106778393,1.03143649322647,1.24079116089422,0.902214280316867,0.854188852705055,0.913072924553037,1.03143649322647
"mdo-miR-383_st",1.1997189177958,1.07200311704127,0.833810760084691,1.01901363111433,0.930986535230111,1.15695348061009,0.963868626159159,1.07200311704127,1.07200311704127
"mdo-miR-425_st",0.886775109205438,2.2762266294356,2.5699861812574,2.44283573163638,1.82048753878116,1.98643198414095,2.07877060311681,2.20399969894558,2.85761085812531
"mdo-miR-429_st",1.01403778616236,0.877427744227408,0.977375339764336,1.30616280192859,1.15695348061009,0.977375339764336,1.24157622602349,0.913072924553037,0.977375339764336
"mdo-miR-449_st",0.927813630003152,0.902018361273843,0.913072924553037,0.902018361273843,0.913072924553037,0.832304488388959,0.977375339764336,0.913072924553037,1.07200311704127
"mdo-miR-451_st",0.822157815779272,0.828113739417636,0.94242303852685,0.94242303852685,1.03705081580378,0.950668057062392,1.14906597404335,0.827536196291943,0.94242303852685
"mdo-miR-455_st",1.27078261389374,0.788767206053313,1.46866527220803,1.1096788471,1.14727397960935,1.0062573977982,2.00583336065082,0.779029866460931,1.14727397960935
"mdo-miR-460_st",1.00481642601548,0.848706713709306,1.0333873411525,0.882144167956189,1.51546025416613,0.977375339764336,0.977375339764336,1.13753664001697,0.977375339764336
"mdo-miR-497_st",1.69106436708407,1.66160422337553,1.43758190335747,1.66160422337553,1.66160422337553,1.81647198988617,1.66160422337553,1.03984351063093,2.29605728800916
"mdo-miR-499_st",0.991935003331017,1.02738222366225,1.24185509333816,0.882199896386875,0.913072924553037,0.862712790421415,0.913072924553037,0.714727451249632,0.913072924553037
"mdo-miR-551a_st",0.642829711645944,1.07200933192146,0.923301097570716,1.03143649322647,0.917127194117256,0.809438168493387,0.829743157525083,1.29535870977258,1.09523987366335
"mdo-miR-551b_st",1.03143649322647,1.20393744477386,0.759638797291049,1.03143649322647,1.05701634675296,1.05701634675296,1.01001017519134,1.2145902736085,0.742881385224356
"mdo-miR-599_st",0.705344163699457,1.25239487939778,0.850286151034291,1.14870846207455,1.01338578909142,1.05701634675296,0.918758011814482,1.01338578909142,0.892050729112537
"mdo-miR-7_st",1.50225993697876,0.836358757953178,1.15695348061009,1.29447326514072,1.15695348061009,1.15695348061009,0.9699749813233,1.07200311704127,1.49254543523511
"mdo-miR-739_st",13.4453717290278,13.196099639747,12.843995577294,13.13467461405,13.3013782326023,13.4300134070721,13.0838796939493,13.4580916732806,13.4680046116299
"mdo-miR-759_st",0.9285093604527,0.906573932866873,0.906573932866873,1.17837162880229,1.07385236151039,0.656202554966586,1.10055964421233,0.514170953007363,0.906573932866873
"mdo-miR-761_st",1.02967548873691,0.913072924553037,0.937749689140294,1.14870846207455,0.913072924553037,0.905331494466096,0.913072924553037,0.828122560984215,0.913072924553037
"mdo-miR-875_st",0.84700890910725,1.25953342344345,1.00730335971879,0.913072924553037,1.01794196357914,1.10289232714796,0.78680153690287,1.24451829356295,0.914176043446518
"mdo-miR-885_st",1.29486586903632,1.65034177877948,0.924882648080395,0.80606126947785,1.34315378620712,0.914870037926335,0.977375339764336,1.40079057920553,1.27443907081832
"mdo-miR-9-star_st",1.22213261115489,1.49731350385483,1.07052801090409,1.24020656094726,1.27042052832569,1.05701634675296,1.16863404153306,1.17866340655984,0.962190056713547
"mdo-miR-9_st",1.01497047227369,0.618868566208295,1.5463897644626,1.02354145124935,0.950668057062392,0.919698992100651,0.869239944108582,0.950668057062392,0.950668057062392
"mdo-miR-92_st",12.4684456034132,12.3954994822675,12.2976782371954,12.2917768411886,12.2935495166369,12.2739185920996,12.4430422184106,12.2177365876261,12.3786034429293
"mdo-miR-93_st",12.2122915887962,12.0827747701661,12.1601447671989,12.1766714251826,12.405711690703,12.397706058393,12.2122915887962,12.2399501937294,11.9343553737739
"mdo-miR-96_st",1.15914607910081,1.07200311704127,1.07200311704127,0.805485729787015,1.01436632404286,1.12867562315208,1.2171034448111,1.54939465967587,1.54939465967587
"mdv1-miR-M1-star_st",1.24308037793288,1.22154719064715,1.28131703770146,1.64961459706583,0.971435454468431,1.14196671032179,1.15695348061009,0.97070971379886,0.961815313021064
"mdv1-miR-M1_st",0.857891945238911,0.664653976211307,0.844546558072004,0.97994138572111,0.977375339764336,1.05880345271815,1.0464984907502,0.848706713709306,0.977375339764336
"mdv1-miR-M10-3p_st",1.08029297257627,0.913072924553037,1.12052003335929,1.06221963685383,0.913072924553037,0.905331494466096,0.822971414596228,0.620099673972698,0.950668057062392
"mdv1-miR-M10-5p_st",0.760618951568655,1.10597633156559,1.12030979364694,0.723585943060792,0.646309652459441,0.728669732329309,0.657953882667091,0.779029866460931,0.909223032038996
"mdv1-miR-M11-3p_st",1.25127463927626,1.29602543705933,1.62388978850584,1.37649421320624,1.21839345312086,1.00256903184123,1.0510849552308,0.923334801466478,1.30937754146525
"mdv1-miR-M11-5p_st",1.07200311704127,0.854512925296388,1.1666308943182,1.18421268074093,1.04529583433933,0.770336316767434,1.07200311704127,1.07200311704127,1.49794893631681
"mdv1-miR-M12-star_st",0.977375339764336,1.01119373517288,0.977375339764336,0.946502311598174,1.27203093536492,0.856040279785458,1.24157622602349,0.977375339764336,1.33743674395246
"mdv1-miR-M12_st",1.02233588158356,0.921309121522,1.52884436130368,1.40079057920553,1.15695348061009,1.11323521812388,1.2452661732327,1.07200311704127,1.15695348061009
"mdv1-miR-M13_st",1.10659755267394,0.867574173643323,0.950668057062392,0.977375339764336,1.32022727562081,0.836358757953178,0.977375339764336,1.07200311704127,1.33743674395246
"mdv1-miR-M2-3p_st",1.17887993522512,1.2249232013037,1.25163048400565,0.836305269944509,1.28131703770146,1.2249232013037,1.2249232013037,0.94267506896818,1.54939465967587
"mdv1-miR-M2-5p_st",1.06604115478726,1.33063009862012,0.693786753764221,0.870448515901008,1.06604115478726,1.51099943453555,0.869239944108582,1.26880432771995,1.06604115478726
"mdv1-miR-M3-star_st",0.836358757953178,0.836358757953178,0.861035522540434,1.26442616437186,0.836358757953178,0.816053768921482,0.607958139549846,0.836358757953178,0.847022833883222
"mdv1-miR-M3_st",1.10866556343929,1.14870846207455,1.14870846207455,1.14870846207455,1.02670434073614,1.23365882564337,1.17726498924562,1.27004352205343,1.27004352205343
"mdv1-miR-M31_st",0.93866038140299,1.03143649322647,1.37067285050818,1.03143649322647,0.817179598580328,1.15695348061009,1.03143649322647,1.06890694450439,1.14799819274594
"mdv1-miR-M4-star_st",0.987404704791116,1.12247061714209,2.14907697868011,0.913072924553037,0.987404704791116,0.979663274704175,0.977375339764336,1.1640664669279,0.845204523448502
"mdv1-miR-M4_st",1.05846577157538,1.1152680435702,0.928211803178421,1.44458650715217,1.54939465967587,0.886276880530672,1.05945966638514,1.89808343630525,1.13264455896045
"mdv1-miR-M5-star_st",0.802813918687906,1.18974739330681,1.11055333426642,0.96532296841159,1.08974001351163,0.950668057062392,1.12262119966703,1.46797152916695,0.916229079596661
"mdv1-miR-M5_st",0.940003981132347,1.29602543705933,0.869239944108582,0.950668057062392,0.950668057062392,0.873852059604685,0.95269857517708,0.948137477228043,0.950668057062392
"mdv1-miR-M6-3p_st",1.22702913211272,1.07200311704127,1.07200311704127,1.03143649322647,0.950668057062392,1.44739615135608,1.22189470419121,1.06947253720692,1.99484946644872
"mdv1-miR-M6-5p_st",0.72659027438794,0.836358757953178,0.948818812593272,0.910287186156547,1.28013685459188,0.950668057062392,0.977375339764336,1.11082935731503,0.977375339764336
"mdv1-miR-M7-star_st",1.54967536362106,1.4037144626832,0.884666811854919,0.55446218622198,1.04122624265,0.836358757953178,1.66160422337553,2.55831348274535,1.2006717430963
"mdv1-miR-M7_st",1.12491386595529,0.944047783577047,1.00160573431971,0.876959629969257,1.28131703770146,0.836358757953178,1.0342578612247,0.944047783577047,1.07687656526938
"mdv1-miR-M8-3p_st",0.801140596872359,0.893916708695839,0.893916708695839,0.869447259132731,0.893916708695839,0.95825864095354,1.11684700034498,0.813844563765809,0.662847824038212
"mdv1-miR-M8-5p_st",1.15695348061009,1.40141384068886,1.15695348061009,1.13248403104698,1.15695348061009,1.36323890415779,0.852595076007142,1.22994641289694,0.756205021172847
"mdv1-miR-M9-3p_st",1.8277776695905,2.13249642612292,1.00686249255944,1.66160422337553,1.52854073296985,0.929814130356376,1.52854073296985,1.40079057920553,1.52854073296985
"mdv1-miR-M9-5p_st",1.81017959644303,1.72303663438349,1.14738384814349,1.81989577570499,2.104864271009,1.39182836928631,1.64792333631851,1.96497266313116,1.56466596282092
"mdv2-miR-M14-3p_st",0.868927443502785,1.03143649322647,1.03143649322647,1.03143649322647,1.08818784159302,0.854186738052671,1.31749766639387,1.00164765750428,0.885465615081557
"mdv2-miR-M14-5p_st",0.806470952712077,0.73641116241625,0.779029866460931,0.711941712853142,0.779029866460931,0.784937765426343,0.90913602161364,0.698957721530902,0.950668057062392
"mdv2-miR-M15-star_st",1.59508181546685,2.39525793863484,2.1338159911324,2.00108580319272,1.36621582007992,1.38050334740051,1.61343951534831,0.549432663129457,1.7868333192043
"mdv2-miR-M15_st",1.23922316506451,0.815603441963651,1.14459538778757,1.56801062722876,1.3852966657005,1.50966022279187,1.46215345671365,1.380035263216,1.23922316506451
"mdv2-miR-M16-star_st",1.18623855966257,1.18623855966257,1.18623855966257,1.18623855966257,1.27901467148605,1.05701634675296,1.14414468702561,1.67574581161337,1.28944213822347
"mdv2-miR-M16_st",1.07453369687562,0.615465501112689,1.23000062341817,1.07200311704127,0.86268919638108,1.07200311704127,0.768061419104146,1.07200311704127,0.950668057062392
"mdv2-miR-M17-star_st",1.67978146470499,1.27504386614334,0.725066577104314,1.40079057920553,1.54939465967587,1.35969060137833,1.35969060137833,1.11581004532127,1.35969060137833
"mdv2-miR-M17_st",6.81836934774484,6.12016107920747,5.82878400545192,5.80773704461471,5.71723713463295,6.10952132512566,6.4043390914746,7.13927431807899,6.12016107920747
"mdv2-miR-M18-3p_st",2.08001367355698,1.72873041701531,1.64953635797491,1.97832382013917,1.41389199888682,1.38533547171576,1.30934442600635,1.46204963831562,1.84313097459166
"mdv2-miR-M18-5p_st",1.35960289655367,1.14948650141775,1.64953635797491,1.35707231671932,1.21334731700785,1.15695348061009,1.15695348061009,0.969466760950795,1.07200311704127
"mdv2-miR-M19-3p_st",1.80024013294226,2.15418177205924,1.53839230764209,1.0846543622779,1.95047118345545,1.32915634053268,1.80024013294226,1.77560724148625,1.80024013294226
"mdv2-miR-M19-5p_st",4.35988154783035,3.20563695702552,2.13644932713415,2.89404546599406,3.06723052955653,3.08588435105128,3.6407839910255,4.26313218388073,3.91592222244163
"mdv2-miR-M20-star_st",1.5310369597944,1.66426955020775,1.23748405725701,1.14870846207455,1.28131703770146,1.40332115903987,1.26776966717173,1.0252639710439,1.40332115903987
"mdv2-miR-M20_st",1.07200311704127,1.16210462699808,1.00232034490892,1.37223405203446,1.12029103421207,0.950356057234392,1.07200311704127,1.07200311704127,1.07200311704127
"mdv2-miR-M21-star_st",1.61598732336322,0.92109155663111,1.67220087028938,1.09859545571631,1.40683402508508,1.15695348061009,1.44464096494715,1.29954063717732,1.09515520351788
"mdv2-miR-M21_st",0.973432489384441,1.28131703770146,1.28131703770146,1.36208547386554,1.40332115903987,1.16700773859225,1.60957114585332,1.25471707856953,1.20054860153738
"mdv2-miR-M22-star_st",1.03054341950108,1.40162395313582,1.28131703770146,1.03054341950108,0.918333855801421,0.923070735739317,1.04189141837075,1.50712461507682,0.918333855801421
"mdv2-miR-M22_st",1.06146687470086,1.19807424519319,1.25297750799315,1.39049729252378,0.962429886105099,1.18308747490488,1.52854073296985,1.39049729252378,1.65376982879862
"mdv2-miR-M23-star_st",1.46201062308369,1.34663819801794,1.54939465967587,1.62610882627573,1.54939465967587,1.54939465967587,1.54939465967587,1.57024858638188,1.67139878101428
"mdv2-miR-M23_st",0.937532952227538,1.30702003278687,1.19403222077693,1.13778478291704,1.07200311704127,1.05701634675296,1.05701634675296,0.951539461717173,1.0842105639506
"mdv2-miR-M24-star_st",1.24430230075785,0.906467384751558,1.03006817657395,1.22321937319665,1.35960193558453,1.23826687560565,1.2006717430963,0.9398580989263,1.2006717430963
"mdv2-miR-M24_st",1.53440870072482,1.44389399773486,1.11848473975943,1.44389399773486,1.69850669470018,0.996480618421014,1.07485418209788,1.69796562468892,1.83868167322331
"mdv2-miR-M25-3p_st",4.9365761270459,3.27445420301507,3.86068090953384,3.4626583588017,4.21120754946288,3.53355947277623,4.57171680654417,5.03679808499724,4.21120754946288
"mdv2-miR-M25-5p_st",1.1163963725853,0.819869793484747,0.977375339764336,1.11489512429497,1.03412668813089,0.893110106319731,1.58092981773878,1.07795966857534,1.03412668813089
"mdv2-miR-M26-star_st",1.23724088485993,1.90199644844302,1.4354777904725,1.30287294525364,1.32734239481674,1.32734239481674,1.32734239481674,1.2145902736085,1.32734239481674
"mdv2-miR-M26_st",1.2006717430963,1.2006717430963,1.23733418949432,1.25473289655843,1.34283485143533,1.17396446039436,0.869606055791405,1.2006717430963,1.2006717430963
"mdv2-miR-M27-3p_st",1.15695348061009,1.05838660765379,1.38802236526772,1.03143649322647,1.15695348061009,1.15695348061009,1.18551000778116,1.2145902736085,1.17028582279443
"mdv2-miR-M27-5p_st",1.68154419868789,0.950522334218608,1.24185509333816,1.03143649322647,0.969338048139706,1.07200311704127,1.1914865115667,1.07200311704127,1.22060719751161
"mdv2-miR-M28-star_st",1.40332115903987,1.81253124850014,2.33903793820351,1.86296881506102,1.18023335137844,1.52559073137537,1.52559073137537,1.28171017531832,1.25857992986883
"mdv2-miR-M28_st",1.13680377178562,0.830689041149763,1.13680377178562,1.09920863927626,1.40332115903987,0.92592021295791,1.96865587012514,1.37401870562978,1.05537565883181
"mdv2-miR-M29-3p_st",1.07200311704127,1.07200311704127,1.07200311704127,1.03143649322647,0.950668057062392,1.28131703770146,1.10055964421233,0.86268919638108,1.07200311704127
"mdv2-miR-M29-5p_st",0.906911343437236,0.999687455260717,1.15062185979688,0.999687455260717,0.801647050248557,1.05701634675296,0.999687455260717,0.999687455260717,0.827339614226803
"mdv2-miR-M30-star_st",2.12351809250375,2.42906826826648,1.38201174140686,2.06977113545996,2.53577115711782,2.12351809250375,1.79266175196431,2.26610524907098,2.73979949416221
"mdv2-miR-M30_st",1.53408307046638,1.21577405355332,1.74947935583491,1.71225365826036,1.32516967373713,1.40332115903987,1.10267371230981,1.40079057920553,1.52945920526056
"mdv2-miR-M32-star_st",0.976958633098509,1.16700773859225,1.54897795301004,1.03143649322647,1.1403004558903,1.28131703770146,1.4312086248514,0.918089789968257,1.43508536056665
"mdv2-miR-M32_st",1.78300850855119,1.52513766787424,1.07200311704127,1.98167528380283,1.48298152484184,1.52513766787424,1.23922316506451,1.71644261871845,1.81304754080327
"mgh18S-121_st",5.69865072234723,5.78909902571204,7.41615891899319,5.98344777707563,6.41804911737125,6.39339091289822,5.20697254180287,6.01353482618505,6.16034600533329
"mgh28S-2409_st",9.70401891785565,9.45211001518564,10.7830827452688,10.0537166598116,10.1943708561252,10.1602538359753,9.60549998166096,9.83654284766087,10.239205275545
"mgh28S-2409_x_st",9.27763756724883,9.02434838441359,9.68624685793565,9.55236338636919,9.60511492979064,9.70655442242825,9.17309897813447,9.19103980971508,9.7725325041147
"mgh28S-2411_st",10.1320600331223,10.4208276302701,10.6206047826025,10.6279777657109,10.6788147125863,10.6695322546561,9.60082750769519,10.1281261220296,10.497123237747
"mghv-miR-M1-1_st",1.09168463887355,1.06497735617161,1.14574579233568,0.805485729787015,0.950668057062392,0.842979031438523,0.962783961042456,1.27860789487217,0.512956236888269
"mghv-miR-M1-2_st",2.01258758928968,1.29602543705933,1.00253243536944,1.62215689010958,1.68268715093672,1.84863159629651,2.1392247668653,2.30692631418591,1.60204185633156
"mghv-miR-M1-3_st",1.52499115903113,1.71483528110212,1.23253577470855,1.31221739101503,1.52499115903113,1.55313521654649,1.63312655468689,1.4449190141011,1.66406311548037
"mghv-miR-M1-4_st",1.11788810508563,0.950668057062392,0.860566547105583,0.805485729787015,1.06497735617161,0.742124677567199,0.850555958178426,0.950668057062392,0.950668057062392
"mghv-miR-M1-5_st",1.05701634675296,0.942707047643749,0.913648947095898,0.949429151986941,1.05701634675296,1.09461147926232,1.10055964421233,1.07200311704127,1.05701634675296
"mghv-miR-M1-6_st",1.40332115903987,1.17080586312935,1.40332115903987,1.08574653740821,1.40332115903987,1.73463920103848,1.40332115903987,1.40332115903987,1.73463920103848
"mghv-miR-M1-7-3p_st",1.65976548325835,1.15695348061009,0.927356277278618,1.43642199857606,1.06685197065328,1.15695348061009,1.65976548325835,1.15695348061009,1.15695348061009
"mghv-miR-M1-7-5p_st",1.5310369597944,1.4216413396106,0.926265102896419,1.7794237258446,1.38876015345519,1.2368025930254,1.37689054182753,1.29131823973881,1.58310740531231
"mghv-miR-M1-8_st",0.998627436352686,0.950668057062392,1.40720567299097,1.08703601858498,1.07933668311742,0.961794086909468,1.07933668311742,1.09325521362962,1.07933668311742
"mghv-miR-M1-9_st",1.20329334071623,1.07200311704127,0.908903478984146,1.40079057920553,1.07200311704127,1.07200311704127,1.07200311704127,0.913072924553037,1.03345169507306
"mgU12-22-U4-8_s_st",1.40588415066302,1.88685385934868,2.12013575365859,1.52329288439761,1.73078987957333,1.68268715093672,1.39729984338677,1.66406311548037,1.66406311548037
"mgU12-22-U4-8_st",1.84863159629651,1.84863159629651,1.84863159629651,1.84863159629651,1.84863159629651,1.84863159629651,1.93697613464569,1.72873041701531,1.98770355274575
"mgU12-22-U4-8_x_st",2.11957164248279,2.11957164248279,2.23195462505075,2.02905693949284,2.16166551511975,1.83263112535802,1.95012428864777,2.09493875102679,2.33311343093417
"mgU2-19-30_s_st",0.84846576953977,1.05015910524116,0.748518174002842,0.811432761031907,0.576820846075316,0.84846576953977,1.11031359483994,0.779029866460931,0.989236000622523
"mgU2-19-30_st",1.17296797865059,1.73105730489445,0.977375339764336,0.977375339764336,0.977375339764336,0.863066040655122,0.71061206767074,1.13630553225257,1.29602543705933
"mgU2-25-61_s_st",1.07200311704127,0.916564230778881,1.07200311704127,1.07200311704127,1.36499078415803,1.05701634675296,1.07200311704127,1.07200311704127,1.07200311704127
"mgU2-25-61_st",1.4471295046489,1.4471295046489,1.35160614763246,1.33919391149146,1.84785089487976,1.56143880375812,1.35974546805673,1.33118894088566,1.54175728192584
"mgU2-25-61_x_st",1.21343070558549,1.40079057920553,1.81795695894681,1.71454868651499,1.50808630118607,1.27878645786711,1.35716002154398,1.40079057920553,1.02674940247022
"mgU6-47_st",1.29747000093822,1.15695348061009,1.2145902736085,0.974305007011449,1.15695348061009,1.25032683750704,1.06956944401792,1.15695348061009,0.954190307677405
"mgU6-53_st",1.52497064703224,2.01447789898305,1.68906864100761,1.51983339113778,1.68906864100761,1.76971393561277,1.66160422337553,1.42101079913417,1.68906864100761
"mgU6-53_x_st",1.24185509333816,1.03254117267797,1.24185509333816,1.45833445473531,1.2609166484763,1.68268715093672,0.973936320366895,1.16952437849508,1.24185509333816
"mgU6-53B_st",1.0606551181716,1.07200311704127,1.2145902736085,1.07200311704127,1.07200311704127,1.07200311704127,1.10488430319667,1.07200311704127,0.759638797291049
"mgU6-53B_x_st",1.07200311704127,1.07200311704127,1.14284641571333,1.1260642705034,1.20529560830213,1.07200311704127,1.07200311704127,0.913072924553037,1.30387604362938
"mgU6-77_st",3.22047391590765,3.24111373484223,3.23337230475529,3.37031214213614,3.42398331286314,3.30420382998182,2.75136847465828,3.23337230475529,2.98000308213875
"mml-let-7a_st",13.4525876667621,13.3723078717875,13.416796490477,13.3894658813412,12.9773861956963,12.874286206119,13.5520101916046,13.2659704826018,13.4449190603108
"mml-let-7b_st",13.8581259703675,13.9569056788291,13.920174245142,13.9172936396566,13.8180726157083,13.8211182918159,13.8493890393752,13.7843260966163,13.7273732228104
"mml-let-7c_st",12.6190807480717,12.4957559254727,12.6059069122441,12.4957559254727,12.116992339038,12.0510977892453,12.6526886618845,12.3835651678101,12.4957559254727
"mml-let-7d_st",12.3144301725779,12.3426180339804,12.337516319369,12.3101636145605,12.0931765171449,12.1457233023098,12.3162214336519,12.2279314755947,12.2555163724758
"mml-let-7e_st",11.8834440827408,12.1718416340227,12.0301939449401,11.9414727222801,11.9814122211464,11.9414727222801,11.9414727222801,11.8917384217749,11.7472880053162
"mml-let-7f_st",9.42493455454295,9.41070988796099,9.15845718949233,9.34256682474795,8.63571507433741,8.54306959154386,9.48301612816405,8.95292082378497,9.47449278083553
"mml-let-7g_st",8.64149460724409,8.82281130245452,8.65191567893451,8.78769554960035,8.19142008050582,8.05559683414698,9.07501741463023,8.502939387104,9.09597033492575
"mml-let-7i_st",9.99327019126977,10.028238837346,10.1169023221987,9.92973914138678,9.64398665792253,9.80825802326759,10.1648417098046,9.72941856037821,10.0747256262476
"mml-miR-1_st",1.68268715093672,1.13747265263843,1.59911622070904,1.23270382444657,1.09116505613483,1.32680941522292,1.35969060137833,1.2145902736085,1.3030434626942
"mml-miR-100_st",11.6631216844678,11.7608783554927,11.6900372060097,11.6156557305092,11.6065141185258,11.6201761374367,11.6348708745447,11.6610628779709,11.5646236324353
"mml-miR-101_st",2.24786128418879,2.32348218965719,1.96288855841985,2.46921405208873,2.24786128418879,1.61419978179047,1.52854073296985,2.24786128418879,3.40299183789771
"mml-miR-103_st",13.3288572657826,13.2548728091193,13.2226575609834,13.245878444508,13.4356291688891,13.4316561719284,13.347053718294,13.3832053853518,13.2656720360544
"mml-miR-105_st",0.944855535907695,0.888645894181616,0.860793337805767,1.49602092911321,1.10141966219772,1.05701634675296,0.896745130168115,1.00365148452488,1.08372362945491
"mml-miR-106a_st",12.6332320241417,12.6363067904334,12.6470455788268,12.6908164696937,12.6931386014811,12.6838457830543,12.6847817348823,12.6804676860467,12.6823223503131
"mml-miR-106b_st",11.8017525451544,11.7061238004407,11.7302572609435,11.7534599249659,11.7570394214496,11.6833291199886,11.8168413378651,11.6917509710912,11.6719359497465
"mml-miR-107_st",12.8978974500546,12.8942208275614,12.8530726386766,12.8093534616239,12.8951635200434,12.9136671202182,12.995176882553,12.8951635200434,12.7956254484232
"mml-miR-10a_st",1.77806715971229,1.53710298236421,0.887792364066706,1.66290986327636,1.69579747525788,1.9808715171436,2.15775722455459,1.94556350464131,2.12351809250375
"mml-miR-10b_st",1.80922743810386,1.80922743810386,1.68268715093672,1.89166975879426,1.71912592814705,0.945716965668548,2.2061674602236,1.68932625882265,1.80922743810386
"mml-miR-1224-star_st",1.68268715093672,1.310601506474,1.54689843285132,1.76759943351432,1.54939465967587,1.54939465967587,1.52854073296985,1.54939465967587,1.54939465967587
"mml-miR-1224_st",3.07831406975438,3.48933620701616,3.07831406975438,3.07831406975438,3.46333417351583,2.69957566188538,3.07831406975438,3.13815917655069,2.93224056911838
"mml-miR-1225-3p_st",2.06977113545996,2.06977113545996,1.57266689571657,1.96183554230252,2.02839264733161,2.12351809250375,2.13665520994361,2.49211829472232,1.79470660151337
"mml-miR-1225-5p_st",4.06710648906727,3.41038702506983,3.25804923799734,2.72634484894793,3.45821051560566,2.76901399906579,4.0333474639216,3.4165212129918,3.23438649778161
"mml-miR-1226_st",2.56528946276447,2.36646233879059,1.95012428864777,1.95012428864777,1.9814939955658,2.439166235033,1.86745048811801,1.54939465967587,1.95012428864777
"mml-miR-1227_st",9.07782962247264,8.96302594629954,8.39208415638855,8.92939986740718,9.06268314121038,9.05160539654219,8.97741644022617,9.31855246862785,8.84963395225644
"mml-miR-122a_st",1.00274085327008,0.913072924553037,1.10866556343929,0.913072924553037,0.869354662066829,0.913072924553037,0.951624346521243,1.14871728364113,0.759638797291049
"mml-miR-1230_st",6.11882900434087,5.23704610043951,4.6918091367317,4.31123274064943,5.08118328952699,4.18482475043763,5.69669375646065,6.29243257452814,5.12968201801116
"mml-miR-1232_st",1.23922316506451,1.23922316506451,1.23922316506451,1.27106813724223,0.989219479030597,1.27359871707658,0.869239944108582,2.11173117468938,1.23922316506451
"mml-miR-1233_st",1.74015914876168,1.66791010287273,1.07453369687562,0.711941712853142,1.50619970508379,1.1838986552571,1.6358364549504,1.44388778285467,1.40332115903987
"mml-miR-1234_st",2.30697750867793,1.43971627010826,1.03143649322647,2.03767637953453,2.26559902054959,2.85281634755289,2.34995011469532,1.79679746780767,2.60557028746723
"mml-miR-1235_st",1.74461408126608,1.68268715093672,1.68268715093672,1.66160422337553,2.54978719203388,1.68268715093672,2.49553398812248,1.52375695844849,1.64509038391345
"mml-miR-1239_st",2.03026076100733,2.60698878015058,1.24185509333817,1.81402724129128,2.23249652556637,2.65902820538598,2.10254730656352,1.88941397900229,2.21367866981656
"mml-miR-1240_st",1.58945617579563,1.21720177477259,1.40079057920553,1.41227951004588,1.87818212184012,1.40079057920553,1.66160422337553,1.40079057920553,1.02674940247022
"mml-miR-1241_st",0.977375339764336,1.36951653320648,1.34561966212942,1.1737300521521,1.61671254123471,1.84863159629651,0.813277345788968,1.36477587798662,1.50454985461766
"mml-miR-124a_st",2.00617715872369,1.36789179111954,1.23922316506451,0.897142865971085,1.05224466577771,1.32417352863333,1.23922316506451,1.23922316506451,1.07943888297535
"mml-miR-125a-3p_st",5.99505992636274,6.40453464643626,6.40453464643626,6.48410468022674,6.71767088519973,6.63812090374115,5.93774425006944,6.40453464643626,5.48204375370885
"mml-miR-125a-5p_st",11.176693333081,11.6294071524869,11.0116204354617,11.5160378776109,11.1485068936156,11.2840388350198,11.1548362851395,11.1755029594276,11.3597272577735
"mml-miR-125b_st",11.2501950516367,11.2026292123061,11.2212041035293,11.2035811079942,11.0833494534104,11.0482111856296,11.1426602946928,11.2021530288343,11.2320215677394
"mml-miR-126_st",2.27685023462492,2.64403371972982,2.82128136025123,2.67714775255499,2.71026496587959,2.22843966113057,2.45432966143228,2.64403371972982,3.31206177784488
"mml-miR-127_st",1.5310369597944,1.39002037798324,1.36375853115089,1.55623995910175,1.5310369597944,2.02806240845845,1.16105373883848,1.5064040683384,1.50432967709246
"mml-miR-128a_st",5.79348683775372,6.55457693650585,6.05161107473847,6.04543628354148,5.35561952182792,5.95169821009011,6.04543628354148,5.88611423844945,6.26142476272678
"mml-miR-128b_st",6.40453464643626,6.62917270833459,6.04198612721047,6.18527993411456,6.09279206846433,5.94898733531823,5.99013430478456,6.23858235935832,6.4968457964033
"mml-miR-129-3p_st",1.40332115903987,1.27049237734754,1.19654032433613,1.52854073296985,1.40332115903987,1.40332115903987,1.40100419459439,1.54939465967587,1.40332115903987
"mml-miR-129-5p_st",1.35616439244738,1.03555920811067,1.24185509333816,1.09073076553618,1.57718870528528,1.35616439244738,1.24802899679162,1.45079216972431,1.50223789308337
"mml-miR-129_st",0.977375339764336,0.813952095543857,1.03143649322647,1.43602544376215,1.1081564538886,1.03144228728874,1.1081564538886,1.19218361119918,2.30640663281965
"mml-miR-130a_st",7.76954496623575,7.76234412223171,7.8998129034125,8.04868666629707,7.64634586037791,7.69614010111019,7.8998129034125,7.93495495503708,8.56834853167491
"mml-miR-130b_st",8.85189796811324,8.95417344319151,8.95417344319151,8.94875395021655,9.12509678162387,9.17250268930876,8.95538874623331,8.87770432343,8.69522010426954
"mml-miR-132_st",6.69337736841918,6.89572146740776,6.70110117884189,6.67491485578918,6.68176274651122,6.69337736841918,6.69337736841918,6.8882997374774,6.60253373534641
"mml-miR-133a_st",0.775682004062949,0.836358757953178,1.00408262246628,1.05408068479762,1.30802432040341,0.977375339764336,0.977375339764336,0.977375339764336,0.977375339764336
"mml-miR-133b_st",0.973518531825011,1.1542059160577,1.03143649322647,1.21311226650853,1.10488841500745,1.23485121066286,1.14485165413523,1.05464157648757,1.14485165413523
"mml-miR-133c_st",0.873338278452373,1.07503161415376,0.53757067843722,0.815539987769169,1.28131703770146,1.42881919237277,0.731697260631234,0.960722315044546,0.960722315044546
"mml-miR-134_st",3.16773537839081,2.45157187279259,1.88652587170246,3.15024430584723,2.54525138492214,2.76792604268438,1.81870766590818,2.30776330768079,3.10015102489636
"mml-miR-135a_st",0.950668057062392,0.950668057062392,1.15343122999508,1.11286460618028,0.868398372607978,0.950668057062392,0.977375339764336,1.15343122999508,0.950668057062392
"mml-miR-135b_st",0.72144121274408,0.881124424508965,0.917786870906987,0.836358757953178,0.803477571797773,0.836358757953178,0.964108911717503,0.880191738397633,0.471750545747787
"mml-miR-136_st",0.951795486237843,1.00399540697532,1.15695348061009,1.03143649322647,0.654434203197322,1.25573718417497,1.07497979068584,1.33295384228193,1.06903162573582
"mml-miR-137_st",1.04109679159834,0.963867721385516,1.00053016778354,1.29265518354977,0.800132614250251,1.08938470876914,0.869239944108582,1.24281929278641,0.713864035351607
"mml-miR-138_st",4.72411953697079,4.31903866495883,4.10789752709546,5.05186626964984,5.3368071490378,5.05402060839355,4.31568957321862,5.37590272489558,4.63975750610067
"mml-miR-139-3p_st",1.54939465967587,1.44389399773486,1.67139878101428,1.54939465967587,2.01749153700409,1.32509396872737,2.08831761799854,1.54939465967587,1.54709229346045
"mml-miR-139-5p_st",2.99457549213361,3.93502682492207,2.61457885488289,4.04893290793807,4.02194969339667,2.99496941913698,2.37222729927838,2.46059825580478,3.57632203882719
"mml-miR-140-3p_st",8.0410116587626,8.13283879322523,8.0684966522565,8.10283593468012,8.4804218780137,8.6496388120604,8.20148117450521,8.33031531785802,8.18633823654633
"mml-miR-140-5p_st",2.6869996737973,3.28596218334879,1.96832473188105,3.72312292281422,2.76647276593499,1.90609236653366,3.10077472995899,3.10077472995899,3.86724545195152
"mml-miR-141_st",8.02805631894997,7.04855256006722,7.4985405268874,7.65264718308561,7.84087361293692,7.78676278252588,8.01459659282867,8.08822049748609,8.14918506157727
"mml-miR-142-3p_st",0.869239944108582,0.869239944108582,0.847706756822849,0.832206935600719,0.950668057062392,0.917527861279383,0.869239944108582,0.869239944108582,0.869239944108582
"mml-miR-142-5p_st",1.093536304327,1.07200311704127,1.07200311704127,1.38435282116264,1.12371812844868,1.07200311704127,0.984619080449097,0.785077022217549,0.921068712505108
"mml-miR-143_st",0.792813495867729,0.780249936922974,0.803477571797773,0.836358757953178,0.73641116241625,0.873953890462532,1.2063419789091,0.836358757953178,0.836358757953178
"mml-miR-144_st",1.37420206220623,0.950668057062392,0.847053767917622,1.27945551922665,1.17398184201887,0.979224584233456,0.897796471279647,1.13638670950952,0.847053767917622
"mml-miR-145_st",0.615593968695128,0.81796643397632,0.643277408995091,1.27945551922665,1.15695348061009,2.439166235033,0.869239944108582,1.14667818280156,0.931276987892509
"mml-miR-146a_st",1.40079057920553,1.46725970988419,0.875324399937982,0.844729204796225,2.64403371972982,2.10610239037791,2.64053629926401,1.3193554157547,1.29602543705933
"mml-miR-146b-3p_st",1.32921649220979,1.2006717430963,0.950668057062392,1.10866556343929,1.07200311704127,1.10866556343929,0.745025302015711,1.10866556343929,1.23508962813377
"mml-miR-146b-5p_st",3.07939561342219,2.45157187279259,1.52092183938663,1.91861984925545,2.45157187279259,1.39824337347136,2.72348750088569,2.7319427119343,3.80921110043788
"mml-miR-147a_st",0.913072924553037,0.86909366672312,1.11476626025442,0.913072924553037,0.799657763644282,1.48003532563973,0.753896847225463,0.794709355879604,1.00264378300514
"mml-miR-147b_st",1.36463625386963,1.44389399773486,0.785168484515176,1.36463625386963,0.885116080052104,1.59815198177479,1.61566129180866,1.16229275389802,1.25242669016997
"mml-miR-148a_st",1.50707517703873,2.67691492901432,2.32824541894601,2.19512400113203,2.27237239689112,1.9808715171436,2.89846305509243,2.83569672993315,3.80750169358044
"mml-miR-148b_st",4.22342698215791,4.31903866495883,2.80357840511778,4.22342698215791,3.23495566582322,2.7531303610742,4.69896872594327,4.03681399711484,5.47603389307454
"mml-miR-149_st",8.48473153898537,8.48713849500225,8.46915755688262,8.57340703164364,8.48713849500225,8.48713849500225,8.38168684469099,8.49020346797576,8.51421633191281
"mml-miR-150_st",1.01856405348248,1.02802026883413,1.10866556343929,1.35588925870768,1.10866556343929,1.41883705805065,1.01856405348248,1.45596966925458,1.7868333192043
"mml-miR-151-3p_st",8.79440530495527,9.03597899575509,9.03569393050801,9.13274539647436,8.97262549812054,9.02092883564731,8.86452317197948,8.85102685063707,8.98122769399074
"mml-miR-151-5p_st",11.2485098769961,11.3283111566826,11.2973607978437,11.3418124332044,11.3111872568752,11.2440894732072,11.2507214282905,11.3075689564675,11.1490091129714
"mml-miR-152_st",6.35215680628898,6.31517868055976,6.21679192099823,6.18383601068742,6.02675914377596,6.21679192099823,6.66392681812243,5.85916684709019,6.21679192099823
"mml-miR-153_st",1.16515174240872,0.935681286774085,1.05701634675296,1.03143649322647,1.2467204050505,1.05701634675296,1.07732133578466,0.911916018983135,1.22429477539648
"mml-miR-154_st",1.04568150017995,1.23304137379998,1.04568150017995,0.913072924553037,1.04568150017995,0.931372201070733,1.42596868585401,0.617738823545067,1.04568150017995
"mml-miR-155_st",9.38915042044844,9.54097380238605,9.45469381547725,9.47083680922046,9.74404430142154,9.7118138955474,9.60082750769519,9.33122971663195,9.39788090120513
"mml-miR-15a_st",8.3970367645177,8.19206935221364,8.47041095299407,8.55605009554099,8.12491853172224,8.20914423871731,8.58221695120005,8.41507416975241,8.81314747419145
"mml-miR-15b_st",11.0751874425857,11.1323161586354,10.7769291301093,10.9375723820415,10.2471775087338,10.3163314809746,11.1326603189995,10.7469127653764,11.1007782854371
"mml-miR-16_st",12.8576751499371,12.8669017388501,12.9379342534977,13.0014542180268,12.803535361678,12.9163652823792,12.9169438292801,12.911378176088,13.031066500256
"mml-miR-17-3p_st",6.75713935847355,6.53133709221285,6.2511004878872,6.744090447086,6.89087553252415,6.744090447086,6.91395080428126,6.6809326110867,6.744090447086
"mml-miR-17-5p_st",12.9299751195829,12.9618013083234,12.9296987383706,12.9108023247479,13.0858294055987,13.0664075682963,12.9239246791103,12.9462793010981,12.8635248441338
"mml-miR-18_st",10.3461971925578,10.1111978819905,10.1907530691769,10.2612976945153,10.3008559032257,10.3361772784633,10.4353975393259,10.4024647332706,10.2436736976801
"mml-miR-181a-star_st",5.23071558498442,5.2356742935165,5.65798687728401,5.88970920330957,6.10181432654115,5.94235760196017,5.75475539692139,5.75592868939579,5.68316383128337
"mml-miR-181a_st",10.5674321784093,10.7698132876215,10.5099870990644,10.6607715663189,10.7231722024973,10.7731056846103,10.6273040838055,10.626856510773,10.6711777620633
"mml-miR-181b_st",10.6510884500694,10.6423956481889,10.7761825730513,10.6547205442648,11.0923804401907,11.1559024818739,10.709934242705,10.6618205710267,10.5610172863911
"mml-miR-181c_st",5.25394679458596,4.44200584950375,3.27643362674483,2.84560121294389,2.62816123590011,2.22893154800783,5.40225513795443,4.34252657851134,2.5579817969844
"mml-miR-181d_st",5.56323962004392,4.35166259822413,5.16077829366211,4.75245892852042,4.34782048085361,4.51191174465017,3.96240287764293,4.30630753266871,5.40155978872257
"mml-miR-182_st",8.56408566238997,8.6536131084984,8.56760880057071,8.6603965770454,8.25054987535852,8.14062555787869,8.69717306994516,8.56123603761692,8.92708347266528
"mml-miR-183_st",7.71650086413227,7.7257594057325,7.58199275871309,7.59447327840224,7.32780937434028,7.2207787568971,7.65241966880204,7.50010224962297,7.76435828480293
"mml-miR-184_st",0.627639661382126,1.07200311704127,0.950668057062392,1.02737340209567,0.836358757953178,0.950668057062392,0.748974721361005,0.779029866460931,1.54939465967587
"mml-miR-185_st",10.1016367668822,10.1892171502839,10.3413481686432,10.1919236476491,10.2535099429145,10.3168281500595,10.1433373936846,10.1050452268742,9.93847002977682
"mml-miR-186_st",1.22220493038203,1.2006717430963,1.96371128147893,1.21967435054769,1.19549764768009,1.22220493038203,1.63122747469797,1.54939465967587,0.934384697357855
"mml-miR-187_st",1.0529696805122,1.03143649322647,1.31333306495767,0.890666262143717,1.07200311704127,1.03143649322647,0.911171270478893,1.34380081297669,1.06431767938187
"mml-miR-188_st",3.54612179906431,4.2450780319999,2.37516507616827,4.11504336599199,4.33841015144976,4.22514913273226,3.35849876740668,3.8725843976499,3.70597529544912
"mml-miR-18b_st",7.86526589644628,7.49849186833671,7.35928215491459,7.59775659596468,7.52696630597078,7.26306492573159,7.93387118816628,7.76831718661978,7.81250393443759
"mml-miR-190a_st",0.950668057062392,0.950668057062392,0.833125460854437,1.18318335297292,0.950668057062392,1.05796377904294,0.841750833184485,1.00584903637652,0.950668057062392
"mml-miR-190b_st",0.857891945238911,1.29602543705933,0.719574836487197,0.756959345341962,1.54141193817354,1.16593357063087,0.869239944108582,1.01377919483194,1.29456184991913
"mml-miR-191_st",12.2100956237181,12.2184720528653,12.3469885589013,12.2008029808658,12.2374304236451,12.2744243994035,12.1208731285776,12.1654531513895,12.1407480225384
"mml-miR-192_st",6.94957286055963,6.855229438211,6.7662407119143,6.87370160420225,6.92366482642628,6.475361066291,7.1786362824865,6.8378623170682,6.8378623170682
"mml-miR-193a-3p_st",1.40332115903987,1.09084882599026,1.40079057920553,1.533888422621,1.40079057920553,1.63528408116181,1.40079057920553,1.40079057920553,1.01412886532813
"mml-miR-193a-5p_st",6.15759802074831,5.41366844351921,5.76944629953526,5.57577870555548,5.71402946514198,5.76944629953526,6.35600682619214,6.25937360967091,5.76944629953526
"mml-miR-193b_st",8.09624088218213,8.18911712953864,8.22394646201019,8.18203509554361,8.1551020446027,8.25059263459221,8.2542178517626,8.00460766051634,8.0543355413227
"mml-miR-194_st",7.78826097424279,7.49576606757943,7.31881644985699,7.32821562878944,7.51183894216167,7.45617573090377,7.63300141379798,7.53006796786009,7.64408234495057
"mml-miR-195_st",4.3690204595794,4.86724066782549,3.23597713743429,4.43536370773688,4.43536370773688,4.67750993760355,4.43536370773688,3.8125036728651,4.791118209536
"mml-miR-196a_st",0.992083561480722,1.05701634675296,0.974656266883095,1.2925596407114,0.834086055103822,1.05701634675296,1.19758655853224,1.16178148889916,1.54717233767673
"mml-miR-196b_st",1.19163223441048,0.950668057062392,0.783389628418875,0.942325114286235,0.817839275370059,0.950668057062392,0.979224584233456,0.950668057062392,1.13939894249377
"mml-miR-197_st",6.43887024753601,6.38740322153031,6.10066651242517,6.19951802312701,5.72273318411746,6.10039782867671,6.20604676287361,6.03267836374675,6.22759828427763
"mml-miR-198_st",0.857891945238911,1.31101220734763,1.40332115903987,1.04481438548383,1.07200311704127,1.07200311704127,1.07200311704127,0.975126127711286,1.07200311704127
"mml-miR-199a-3p_st",0.977375339764336,0.977375339764336,1.58709547691479,0.913072924553037,0.874710270862773,0.859723500574466,0.977375339764336,1.07200311704127,1.07037115580848
"mml-miR-199a-5p_st",2.24107277536229,1.54939465967587,1.54939465967587,1.54939465967587,1.54939465967587,1.93605637355326,1.49259238768105,1.2145902736085,1.6884666161251
"mml-miR-199a_st",0.65690534689122,1.26442616437186,0.976712627870346,1.26442616437186,1.74644157221228,1.15011686526264,1.26442616437186,1.83620310077707,1.13821570844949
"mml-miR-19a_st",6.84273926425833,6.61926060860982,6.55101798591198,6.69801661504687,6.01062785452709,6.30829096831808,7.10773137221902,6.51557587624804,7.12419139918944
"mml-miR-19b_st",11.2074684550279,11.2827943063829,11.1186855730419,11.0723514447114,10.7623443117525,10.6544698621134,11.1831346422857,11.0065306529508,11.2285133708741
"mml-miR-200a_st",6.70574637168678,6.41610244179515,6.51784167337867,6.67100924041965,6.58255916562985,6.58080488780375,6.8348983273789,6.57763489060907,6.86831825601353
"mml-miR-200c_st",13.3596934732887,13.5175647266099,13.543145019842,13.351574742787,13.403699407348,13.3628567828654,13.305412485228,13.3073953931575,13.3749311560086
"mml-miR-203_st",0.690449244940616,0.977375339764336,0.977375339764336,1.03143649322647,0.977375339764336,1.09168463887355,0.977375339764336,1.21301969885243,0.869239944108582
"mml-miR-204_st",1.34959559800458,1.46614843399977,1.70937068863833,1.61418663572175,2.06641992239897,2.22855059539386,1.80922743810386,1.666267270109,1.96358979317523
"mml-miR-205_st",13.0669791966236,13.0957147287701,13.2279778506654,13.1094308289844,13.1266740879999,13.1941257659888,13.1119372698026,13.0756542434414,13.2582226463613
"mml-miR-206_st",1.15825041419054,1.00025290781364,1.00025290781364,0.913072924553037,1.00025290781364,0.892563882189774,0.748974721361005,1.45037542995678,0.92231675603777
"mml-miR-208a_st",1.326630668281,0.911841816788634,1.07200311704127,0.996488552023624,0.842405913709796,1.27828854058897,1.32302815498031,1.07200311704127,1.19333817702015
"mml-miR-208b_st",1.3225527228758,1.07200311704127,0.90276786717144,0.950668057062392,0.950668057062392,1.07618504444601,0.983549243217796,0.770648316595434,0.873948096400263
"mml-miR-20a_st",10.2802544965133,9.92079504624063,9.82047119736722,10.0082451446702,10.044348036476,9.91797917814943,10.375243099535,10.0508828280353,10.4473047399043
"mml-miR-20b_st",9.75847861336118,9.67101434936614,9.4478321632225,9.61622805498039,9.67562144021698,9.57801617658187,9.9005406812324,9.700391714472,9.95232077424554
"mml-miR-21_st",8.90621883442581,8.84804665223998,8.63748785608161,8.3569643992152,8.02757256114326,8.56605042728,9.04225819940581,8.28807241210686,8.70598912746712
"mml-miR-210_st",7.78603668969937,7.96801364204687,7.94783775103488,8.08594700599082,8.76452481817267,8.86742607198401,8.4316497415423,7.8648876017352,7.51915048221217
"mml-miR-211_st",1.36055822504338,1.07200311704127,1.28131703770146,0.974335861378539,1.07200311704127,1.05701634675296,1.52854073296985,0.90036492643981,1.07200311704127
"mml-miR-212_st",1.81814598906426,1.4609017977432,1.54221615370789,1.40332115903987,1.21089811170929,1.53789957980436,1.0092047760079,1.2145902736085,1.55625549170622
"mml-miR-214_st",1.77520582485328,2.32348218965719,1.13152346310445,1.66160422337553,1.40332115903987,1.28131703770146,1.16610622519571,1.40332115903987,1.47631077022236
"mml-miR-215_st",1.23922316506451,0.950668057062392,1.42406282326381,1.22834946906318,0.915999764941804,1.05701634675296,1.35969060137833,0.779029866460931,0.948880951097209
"mml-miR-216a_st",1.00556327553129,0.950668057062392,1.34798274038144,1.40529701624483,0.669795675516135,1.03561842063121,1.49581171923479,1.1890525478932,1.17469037708045
"mml-miR-216b_st",1.3180981148534,1.72873041701531,1.2427086215314,1.92431662949484,1.2427086215314,1.67525628086228,0.995101565295,0.913072924553037,1.64481734989489
"mml-miR-217_st",0.748974721361005,0.950668057062392,1.05327034054203,1.24569338787261,0.950668057062392,1.15695348061009,0.950668057062392,0.860457979414741,0.950668057062392
"mml-miR-218_st",0.977375339764336,1.07200311704127,0.997500800221234,1.46718933730454,1.03912193088587,1.28131703770146,1.09663600849728,1.07200311704127,1.07200311704127
"mml-miR-219-3p_st",1.23922316506451,1.29602543705933,1.35160614763246,1.53986253565476,1.18269629222772,1.32689846522549,1.11644729621357,1.86780237346454,1.2006717430963
"mml-miR-219-5p_st",0.923473839864758,1.07200311704127,0.869239944108582,0.805485729787015,0.950668057062392,1.03561842063121,0.72773776541325,0.913072924553037,1.05032681998908
"mml-miR-219_st",0.779029866460931,0.83716771435676,1.21539923001208,0.779029866460931,0.706927001228025,0.764289161010816,0.60121260344647,0.779029866460931,0.870048900512165
"mml-miR-22_st",11.5284774036321,11.3196868318207,11.8111509624995,11.6951638699842,11.7813698055228,11.783262646071,11.706608164642,11.5761450405242,11.7783011304156
"mml-miR-220a_st",0.789541345175805,1.11128722243941,1.07200311704127,1.07200311704127,0.876925381767978,1.49794893631681,1.07200311704127,1.07200311704127,1.33659206087413
"mml-miR-220b_st",1.56332473589017,1.45399627900317,1.49254770097137,1.75336134514137,1.49507828080572,1.49254770097137,1.73977139623977,1.40079057920553,1.29602543705933
"mml-miR-220c_st",0.977375339764336,1.09871039974321,0.863066040655122,0.977375339764336,0.864046194932728,1.15695348061009,1.00408262246628,0.874075559959508,1.22737902579825
"mml-miR-220d_st",1.47444522649792,1.34672942574339,1.34672942574339,1.40079057920553,1.73339113962079,1.34672942574339,1.26530131278958,1.15799854031202,1.34672942574339
"mml-miR-221_st",12.3798879082356,12.3290983054522,12.4075664768152,12.3221763261777,12.3296517471737,12.3097444276844,12.460813347555,12.3513023571136,12.442221695624
"mml-miR-222_st",12.6089865308141,12.7104136583663,12.5720896407275,12.6049151184751,12.5553902896834,12.5936119297582,12.6003628200594,12.6003628200594,12.6318719666568
"mml-miR-223_st",1.87972573642378,1.7907877143247,1.65424633770982,2.07108043843923,2.36703076320293,1.79658752558745,1.86412905102942,1.89808343630525,2.50509393811752
"mml-miR-224_st",6.15905329303755,6.32200654947645,6.10292947470342,6.38430020373747,5.94821198663045,5.66323838565808,6.10292947470342,5.90000601734089,6.63298408226389
"mml-miR-23a_st",13.5751246415015,13.6012720720529,13.5089041404471,13.562738361399,13.4333166857523,13.4221318615531,13.5674727497768,13.5226272416235,13.7947699308364
"mml-miR-23b_st",12.5343566499136,12.5470750839001,12.305488666395,12.4407144885029,12.3609084903065,12.4011538515826,12.4345800692391,12.4432149327272,12.5299570203385
"mml-miR-24-star_st",1.32560900227745,1.20412821945478,1.43813305337773,1.17965876989168,1.44694406225632,2.31634865333505,1.32560900227745,1.24678496353146,1.58697696093783
"mml-miR-24_st",13.5353705684373,13.4354293203698,13.4085713860744,13.4996949581216,13.6110666157581,13.6077082683805,13.5390133791597,13.5003367033047,13.4155110301459
"mml-miR-25_st",10.0415933898162,10.2609597054882,10.0527624861386,10.1138680065025,9.57259972071029,9.64704447563076,10.0562507236259,9.72489937491581,10.1149394382336
"mml-miR-26a_st",12.2521374396933,12.3678957598975,12.249061728037,12.3889102639797,12.1180914200109,12.1632453504659,12.2773778361587,12.1762510862647,12.2925712613854
"mml-miR-26b_st",3.03157775813369,2.94144331995247,2.92820147396455,2.88763485014975,2.41501897225128,2.92820147396455,2.80781659750808,3.23217005010879,3.02623881243531
"mml-miR-27a_st",10.9281486558199,10.4360877414925,10.5655375987758,10.761082687903,11.3259397199371,11.3326188731258,11.1300811042151,10.9747200897649,11.2535474171092
"mml-miR-27b_st",10.2474981228159,10.077369189686,9.91063094648486,10.2275863571682,9.80371347014586,9.78480372162551,10.2699601008811,10.1665716899708,10.3179689371161
"mml-miR-28_st",7.70855507841146,7.44742025745529,7.67214302606722,7.67746849938617,7.73513335190045,7.63132198069813,7.60026747738749,7.75580686548214,7.80942642642585
"mml-miR-296-3p_st",3.97685009948216,4.87166464374311,3.11974840803263,4.32435871033243,4.32435871033243,3.43047269256888,4.63103645510762,3.64756173842479,4.38164408141918
"mml-miR-296-5p_st",1.00576050591444,1.44389399773486,1.07200933192146,2.16550504881701,1.44389399773486,1.09853661773793,1.66160422337553,2.07317975272117,1.68257500931576
"mml-miR-297_st",1.10866556343929,1.10866556343929,1.28131703770146,1.30108861076988,0.873021204351199,1.1900936763931,0.841902291345695,1.59325736859667,1.07011414147109
"mml-miR-298_st",0.898458569053711,1.07200311704127,0.823956252233675,1.07200311704127,1.07200311704127,0.991234680877192,1.07200311704127,0.779029866460931,1.2412383669111
"mml-miR-299-3p_st",1.05814377592841,1.03143649322647,0.974685144859917,1.03143649322647,0.950668057062392,1.23079525019058,0.977375339764336,0.954731148193189,1.08339977424822
"mml-miR-299-5p_st",1.01588945161581,1.10866556343929,0.73641116241625,1.17241998471485,1.79416234014532,1.28131703770146,1.10866556343929,1.40079057920553,1.10866556343929
"mml-miR-29a_st",11.5023622388183,11.274295182033,11.4383257334722,11.4383257334722,11.3504807515254,11.5332988643091,11.6812013310724,11.3215165954033,11.7331374829959
"mml-miR-29b_st",5.09556290962126,4.9199913282165,5.37089824251211,5.42974036980503,5.01098180908315,4.71121235432864,5.66153570983366,5.04143066014519,5.75587799990357
"mml-miR-29c_st",4.13778231274702,2.91439237364981,2.41570880635122,3.53420816933467,1.69518931389617,4.00415035019611,4.64771236740774,2.7319427119343,4.26851565314439
"mml-miR-301a_st",6.05361414290656,5.72391350350776,6.05361414290656,6.07188955318072,5.38501388967772,5.59906819997125,6.32748751513229,6.07991869298344,6.4331293735434
"mml-miR-301b_st",0.890972718255173,1.07200311704127,0.91306763117391,1.1997532708056,1.07200311704127,0.97333279812504,1.10488430319667,1.1666308943182,1.15649598361048
"mml-miR-302a_st",1.65413062376566,0.88538595346255,1.07200311704127,1.07200311704127,1.24465459130344,1.36277749609715,0.981901607084461,1.17792782721048,1.05808458652907
"mml-miR-302b_st",0.996955744863111,0.869239944108582,0.869239944108582,0.837640671421111,0.869239944108582,0.618868566208295,0.932905108427582,0.913072924553037,1.01531344474457
"mml-miR-302c_st",0.866967241259226,0.836358757953178,1.42860359911272,1.05701634675296,1.05701634675296,1.05701634675296,1.19803292856412,1.17132564586218,1.17132564586218
"mml-miR-302d_st",1.30352558027581,0.800713577627549,0.977375339764336,1.14870846207455,1.07200311704127,0.865717693493569,0.933542359319881,1.07200311704127,0.977375339764336
"mml-miR-30a-3p_st",8.11359391480712,8.11056323906607,7.8564853854233,8.11081986310757,7.67531434350387,7.54340071510162,8.11735493147842,7.67761722943783,8.09239132618404
"mml-miR-30a-5p_st",8.77242942734219,8.68260604045953,8.6866391910726,8.72454011087115,8.84038873702192,8.72564737992907,8.97407331388092,8.92967874048241,8.99809808530941
"mml-miR-30b_st",6.10452609765909,5.26094332822027,5.910924592731,5.88147831348727,5.58960900523591,5.68628028075016,6.06472299507695,5.31945712830316,6.17925609303289
"mml-miR-30c_st",10.0309704690217,9.9241905121961,9.72783527012878,9.8653126914162,9.59902033041573,9.57426327155651,9.95703523932828,9.79070055953547,10.0892003607168
"mml-miR-30d_st",7.75398646601198,7.84543575325912,7.7928204497818,7.93840198059549,7.75398646601198,7.75398646601198,7.63582614564094,7.64939929780654,7.68404842037253
"mml-miR-30e_st",4.95231716452225,4.6141678550974,4.54782460693991,4.56936361264437,4.70347767919959,3.3331087725645,5.17142086191469,4.92570937204981,4.47803713605254
"mml-miR-31_st",13.8985326195144,13.7523043192833,13.750139318912,13.7383806946551,13.8699807673545,13.8872418542802,13.8594848029122,13.8533734943273,13.6882919529285
"mml-miR-32_st",1.70255809566052,1.44642457756921,1.10866556343929,1.40332115903987,0.785204647127459,1.40332115903987,2.09504206088124,1.57706736214717,1.29855601689368
"mml-miR-320_st",11.0629444185145,11.3992086652102,11.3213509120782,11.2378526388621,11.4616743653354,11.5167084329702,11.0887529655443,11.2843376102309,10.8207488743795
"mml-miR-323-3p_st",1.00408262246628,0.763118445118194,0.977375339764336,1.04300740015804,1.18673000743208,0.977375339764336,0.977375339764336,0.646057297765732,0.977375339764336
"mml-miR-323-5p_st",1.45315704980323,1.12183900780463,1.32872857958316,1.26442616437186,1.20678937137345,1.14008297268681,1.37663572807152,1.26442616437186,1.15966102222566
"mml-miR-324-3p_st",6.92339912435821,7.26475376502819,6.95800999722413,7.10500421035523,6.92339912435821,6.92339912435821,6.7869379528048,6.94724796404591,6.65005580620041
"mml-miR-324-5p_st",7.84110795059336,8.13558072896455,8.14976161372141,8.08855331049313,8.13436575049917,8.20657082806076,7.86461596860326,7.83492887753374,7.82614538356419
"mml-miR-325_st",0.799288931418905,0.752554866031219,0.893916708695839,1.12690637984122,1.40456053684649,0.950668057062392,0.697775843480642,1.007947338092,0.891765295669284
"mml-miR-329_st",0.977375339764336,0.836358757953178,0.946486129657648,1.3158402156367,1.07200311704127,1.47998187629036,1.07200311704127,1.1719507125782,1.16400929669828
"mml-miR-330-3p_st",6.02834627916208,6.31539153370703,5.94283491620107,5.99330516405549,6.15620960531474,6.04606379104592,6.14313337916367,6.09833175126831,5.64211725880843
"mml-miR-330-5p_st",0.986683350595837,1.28902681099556,1.76641835363015,1.69989827765358,1.62034485299416,1.62034485299416,1.87928273296992,1.72873041701531,1.66406311548037
"mml-miR-331-3p_st",5.5492216674609,5.73097706274709,5.44826173624887,5.5492216674609,5.57081812004868,6.16014021869039,5.4315833029385,5.4939881156976,5.5492216674609
"mml-miR-331-5p_st",4.91122402223652,4.64637779036946,5.11031992587571,5.50219035306721,6.158281599903,5.42413590765698,4.77268937057755,5.12332336930762,5.14462752877185
"mml-miR-335_st",2.01033166085215,2.13555123478212,1.52854073296985,3.53221843151181,1.52854073296985,1.52854073296985,1.33307494012286,1.14558822046356,1.52854073296985
"mml-miR-337-3p_st",1.40332115903987,0.991023859381573,1.25822083127005,1.40332115903987,1.7010581545809,1.40332115903987,1.40332115903987,1.7010581545809,1.60652554442405
"mml-miR-337-5p_st",1.27790081330912,1.34878988971035,1.1601051192815,1.2006717430963,1.15695348061009,1.05990151201355,1.65720935902488,1.2412383669111,1.2006717430963
"mml-miR-338-3p_st",0.977375339764336,0.977375339764336,1.18366076331204,0.847269184611627,0.959543062401176,0.977375339764336,1.10055964421233,0.818445147276104,0.869239944108582
"mml-miR-338-5p_st",1.5319897850949,1.58879205708973,0.818673179427019,0.895489176884726,1.28131703770146,0.818673179427019,1.06051065342118,0.970300575773533,1.2006717430963
"mml-miR-339-3p_st",7.40460158771875,7.0903232873594,7.47526501913345,7.27648172130648,7.79767053548471,7.84902051773629,7.41955760723863,7.50026867953807,7.21474455159093
"mml-miR-339-5p_st",8.37572934808709,8.46236164958694,8.463815037204,8.52925926123888,8.69886160042866,8.80069481637322,8.30742973673881,8.48171545263254,8.39568894045494
"mml-miR-33a_st",0.857891945238911,1.08284087348317,1.03809007570011,0.736568841875158,0.69000287490873,0.869239944108582,0.869239944108582,0.796909229265494,0.869239944108582
"mml-miR-33b_st",0.939023826854742,1.1683275509811,0.912316544152797,1.10122037597263,0.836358757953178,0.808917671702032,0.939023826854742,0.939023826854742,0.939023826854742
"mml-miR-340_st",1.07200311704127,1.07200311704127,1.74416413525185,1.1997532708056,1.15264841164643,0.823297509606242,1.27034859034468,1.07200311704127,1.07200311704127
"mml-miR-342-3p_st",8.41953757261764,8.62221604547999,8.28985955036907,8.57022393343326,8.1876279785092,8.41570855549488,8.16003586041967,8.2418133068277,8.28012960683192
"mml-miR-342-5p_st",2.66303881053371,1.51506067969236,1.93523739247512,2.33777057649218,1.82341227191214,2.40223781862259,2.72992288501736,2.39090910124058,2.50873154856111
"mml-miR-345_st",1.88241126183992,2.11348939794616,1.64298564250921,2.06977113545996,2.06977113545996,1.84863159629651,2.58297313650449,1.8457488154419,2.61532458177723
"mml-miR-346_st",4.8920516834191,4.04712303686573,4.50337907621946,4.88675778107683,4.75439430952631,4.7643041478301,3.13400853727461,5.58972770612227,4.642801885327
"mml-miR-34a_st",2.41817368810433,2.20495325595458,2.12351809250375,2.46921405208873,2.12351809250375,2.12351809250375,1.66160422337553,1.79388239552539,2.12351809250375
"mml-miR-34b_st",1.11691058197483,1.48822965678146,1.40903559774107,1.40079057920553,2.09532415297704,1.53339915483243,1.5355758849082,1.40903559774107,1.09667127799085
"mml-miR-34c-3p_st",2.68456205523555,1.57329153075292,2.52539333722366,2.26691905373761,2.27523153581044,2.60748325422096,2.3777379302307,1.57115784400697,1.74654257795352
"mml-miR-34c-5p_st",1.18286046995776,2.01033166085215,1.05590869630752,1.78392405412297,1.25089814112412,1.39697164176012,1.95012428864777,2.05369894173415,1.2006717430963
"mml-miR-361-3p_st",1.23922316506451,1.23922316506451,1.32640314832511,1.23922316506451,1.54939465967587,1.23922316506451,1.23922316506451,1.10593067380365,1.08578903780252
"mml-miR-361-5p_st",9.86586490729022,10.1490776137981,10.1074395599967,9.85556773672769,10.0388320173139,9.97820107170554,9.76259525854425,9.89916344774231,9.77296073062444
"mml-miR-362-3p_st",1.17469037708045,1.36397869412188,1.17469037708045,1.09746130686763,1.03182924647393,1.40332115903987,1.42191407234884,1.08205467320566,1.29602543705933
"mml-miR-362-5p_st",6.48536163033952,6.53472090996482,6.65078350603145,6.57894717980324,6.71596356778168,6.81178696366708,6.51557587624804,6.54482508240298,6.57894717980324
"mml-miR-363_st",0.827483752614393,1.3477906065072,0.950668057062392,1.03143649322647,0.950668057062392,0.829020997255514,0.946967147139818,1.2145902736085,0.859990062217254
"mml-miR-365_st",1.58404265246366,1.23312982892786,1.03143649322647,0.73861110530623,0.807414173208413,1.03143649322647,1.03143649322647,0.938800789351686,1.05378185163819
"mml-miR-367_st",0.902380139891591,0.865717693493569,1.31035889914068,0.971454707262356,0.902380139891591,0.950668057062392,0.902380139891591,0.864785007382236,0.828816801513554
"mml-miR-369-3p_st",0.857891945238911,1.04794105073265,1.35070256556019,1.09608986859486,1.24850116335518,0.950668057062392,1.04794105073265,0.779955115973174,1.24850116335518
"mml-miR-369-5p_st",0.977375339764336,0.977375339764336,0.977375339764336,1.16979838709492,0.964811780819581,1.05701634675296,0.977375339764336,0.887165262116685,1.20139765978239
"mml-miR-370_st",1.87102571519607,1.66664028153663,1.50486903350091,1.57050109389461,1.9808715171436,2.12351809250375,1.80922743810386,1.80922743810386,1.17126404482245
"mml-miR-371-3p_st",1.23922316506451,1.10055964421233,1.11447817472453,0.931324394342505,1.10055964421233,0.992870618588466,1.10055964421233,1.14165962203953,1.10055964421233
"mml-miR-371-5p_st",1.62084866865494,1.96090249474407,1.02461388234664,1.40079057920553,1.16732948532891,1.32855558028376,0.8867049489623,1.2618288161908,1.2479102856786
"mml-miR-372_st",0.899601521270639,0.991607700927647,0.795590589653398,1.25436678487561,0.667687016355891,1.09296813911531,0.660175901939929,0.667687016355891,0.869239944108582
"mml-miR-373_st",0.864785007382236,0.66270154665275,1.03333814730061,0.913072924553037,0.913072924553037,0.892767935521341,0.913072924553037,1.07200311704127,0.884516397381972
"mml-miR-374a_st",1.07200311704127,1.07200311704127,1.0029285496705,1.07200311704127,1.04529583433933,1.54939465967587,0.955194324382517,1.07200311704127,0.854266574567982
"mml-miR-374b_st",2.06251861458638,2.26593561373449,1.51507500071512,2.18152497713521,1.0261411161091,1.33049952071205,1.27602166058409,1.66114850135112,2.32824541894601
"mml-miR-375_st",0.967539054712197,1.03143649322647,1.11638685679529,1.03143649322647,1.03143649322647,0.871275192973834,1.31912397756353,0.872506300738237,0.950668057062392
"mml-miR-376a_st",0.950668057062392,0.950668057062392,0.950668057062392,0.902970972624484,1.05060519091952,0.919698992100651,1.06026920387993,0.950668057062392,0.950668057062392
"mml-miR-376b_st",1.00408262246628,0.959341454065391,0.788644454332961,1.05814377592841,0.977375339764336,0.977375339764336,0.869239944108582,1.12344884040033,0.977375339764336
"mml-miR-376c_st",0.948818812593272,1.3590822798725,1.39259783969818,1.12015193490349,1.15695348061009,1.25977951968565,0.869239944108582,0.885024617754477,1.07200311704127
"mml-miR-377_st",0.857891945238911,0.73641116241625,0.895487077748266,1.02175846539843,0.857891945238911,1.0672058658991,0.770507908646738,0.857891945238911,0.857891945238911
"mml-miR-378_st",9.96697469723215,10.0790908835163,10.138462142923,9.95771605060106,10.1982623544734,10.0750233545046,9.96557249827518,10.0867393409576,9.80475745152262
"mml-miR-379_st",0.791491979734817,1.07200311704127,1.09196350618822,0.826251011962356,0.837338912230784,0.950668057062392,0.977375339764336,1.05825525182841,0.950668057062392
"mml-miR-380_st",1.10055964421233,1.10055964421233,1.56291555519219,0.991139831080404,1.01560928064351,1.10055964421233,1.10055964421233,1.39268465997857,1.01913153125853
"mml-miR-381_st",0.827211534204695,1.08403586059952,0.881272687666828,0.881272687666828,1.04275087802355,0.80050425150275,1.37172334493657,0.779029866460931,0.869239944108582
"mml-miR-382_st",1.04078872530757,0.931584912953799,0.666705246123256,0.913072924553037,1.33023930429432,0.71135371981613,0.869239944108582,0.913072924553037,1.12732981919918
"mml-miR-383_st",0.785077022217549,1.07200311704127,1.10866556343929,1.30763865456278,1.07200311704127,0.964314091417401,1.4748675241526,1.01467422554902,1.07200311704127
"mml-miR-384_st",0.772041629549204,1.2006717430963,0.783389628418875,0.711941712853142,0.772041629549204,0.764300199462263,1.09819187006067,0.570488701796513,0.772041629549204
"mml-miR-409-3p_st",1.6034399951491,1.29602543705933,0.921206211432068,1.0587259959627,1.2721219531505,1.21586180703265,1.8386799527132,1.56235799334654,1.40079057920553
"mml-miR-409-5p_st",1.07838385781692,1.19389031170095,0.950668057062392,0.950668057062392,0.906949794576184,0.906949794576184,0.869239944108582,0.950668057062392,0.950668057062392
"mml-miR-410_st",0.860566547105583,1.2006717430963,1.15695348061009,0.822917903298066,1.61757805368602,0.748948852325484,0.941629451724102,0.913072924553037,0.869239944108582
"mml-miR-411_st",0.977375339764336,0.950668057062392,0.869239944108582,1.01386578371685,0.817947843060901,0.950668057062392,0.842532661406638,1.40079057920553,0.842532661406638
"mml-miR-412_st",1.36498380900575,1.48998931100165,1.78068183309814,1.52854073296985,1.57063460560681,1.52854073296985,1.52854073296985,1.52854073296985,1.27517151035331
"mml-miR-421_st",6.90879855953178,6.90879855953178,6.90879855953178,6.96106549976879,6.6235632853916,6.83431603370978,6.82782094090429,6.67711410846681,7.18058657036366
"mml-miR-422a_st",5.60357894820368,6.41244180854839,5.60955697872994,5.4315833029385,4.89904165938284,5.10151193903128,5.40657610889653,5.19290628378624,5.41488452526287
"mml-miR-423-3p_st",9.88516538416835,9.80736323915088,9.95217581700632,9.81136207015031,10.1688586161601,10.0406501686186,9.88016668367628,9.88858953113461,9.624855831454
"mml-miR-423-5p_st",7.99481344050374,8.58048026985517,8.2978920931395,8.32030754194923,8.50889055675606,8.40500678895742,7.96188646898803,8.25673294432021,7.74927419080986
"mml-miR-424_st",0.646309652459441,0.906528464581217,1.39623382302176,0.902362719116999,1.11092856891339,1.56922328680279,1.15975461009203,0.939833170394924,1.04754504639238
"mml-miR-425_st",9.75552359574782,9.8449491799611,9.99934875542001,9.88884993618492,9.93969735679572,9.99896935715183,9.86235709637092,9.91047738774329,9.91047738774329
"mml-miR-429_st",1.57417485763833,1.66405067418878,1.16051737032992,1.93107391698692,0.993805954906323,1.63459053048023,0.996419376354553,0.82719271608468,2.66173494503887
"mml-miR-431_st",0.860566547105583,0.950668057062392,1.28626001168741,1.01974262443316,1.18917562143749,0.994169110682224,1.0807742122151,1.00915588097053,0.816979451500469
"mml-miR-432_st",1.18820220421226,1.29602543705933,1.29602543705933,1.3202390228389,1.61414802348779,0.842890886226352,0.977375339764336,1.75864528188357,1.29602543705933
"mml-miR-433_st",0.727784642495852,0.917833747989589,1.15343122999508,0.994547914589449,0.72773776541325,0.81014472236572,0.994547914589449,0.994501037506847,0.950668057062392
"mml-miR-448_st",0.960139357422979,1.26881898142027,1.18962492237987,1.19007983715864,1.07200311704127,1.05701634675296,1.05701634675296,0.94374806898033,0.94374806898033
"mml-miR-449a_st",1.37654082066978,1.08798571266767,1.48892380323774,0.913072924553037,0.950668057062392,1.00380910413871,1.17263244790266,1.35190792921377,0.806720647755845
"mml-miR-449b_st",1.23922316506451,1.15576453399601,1.15576453399601,1.26442616437186,1.03376041265759,0.916755443689644,1.01868455803657,1.17492074985321,1.2006717430963
"mml-miR-450a_st",0.525383891047476,1.28420416781424,0.950668057062392,0.806724634862466,1.15553554175921,0.950668057062392,0.950668057062392,1.07200311704127,0.84431976737182
"mml-miR-450b-3p_st",0.977375339764336,0.836358757953178,1.03143649322647,0.818662725210369,0.836358757953178,0.836358757953178,0.869239944108582,1.06685009948511,0.950668057062392
"mml-miR-450b-5p_st",1.22268499348573,1.23922316506451,1.41273409897947,1.20835013689834,1.23922316506451,1.19524390723459,1.15183912847233,1.12580800415575,1.40332115903987
"mml-miR-451_st",0.894790043126392,1.29602543705933,1.29602543705933,1.42377559082365,1.26937776286896,1.29602543705933,0.995794502066137,1.50283885674557,1.40921186871093
"mml-miR-452_st",3.10452747162002,3.71691963334152,3.15186604290933,3.65344738445501,2.84268692831959,1.93986262017197,2.94076886959019,2.16896879987654,3.15186604290933
"mml-miR-453_st",1.5977367873679,1.22391399359995,1.54450871625686,1.14107768441204,1.07200311704127,1.39260830137798,1.06381531692244,1.11384781038921,1.1719507125782
"mml-miR-454_st",3.17216311298067,3.40960554464178,1.97620867503639,2.61532458177723,3.00421168075585,2.61532458177723,1.27635126820652,1.29414369826792,3.87409739801521
"mml-miR-455-3p_st",10.3063671137005,10.5719125161645,9.99103328316314,10.3849550990307,10.5080229713397,10.5605244879674,10.4315014648722,10.3340782363268,10.1542721348364
"mml-miR-455-5p_st",3.86731335101421,1.78683266759164,3.52342366876926,4.2000917108873,3.67600840017,3.5432804593201,4.96651531211322,3.86731335101421,4.77605296094219
"mml-miR-484_st",3.8173844612882,2.88307999361998,2.33558913592847,2.88307999361998,3.64214568794916,2.88307999361998,3.24716820997639,2.88307999361998,2.00064836065289
"mml-miR-485-3p_st",0.891369461159866,1.15813273325346,1.11429975280901,1.23890116941754,1.15813273325346,1.15813273325346,0.977375339764337,1.15813273325346,0.965709685922876
"mml-miR-485-5p_st",1.5310369597944,1.88695666945982,1.83001288823659,1.83001288823659,1.5310369597944,1.5310369597944,0.990393597152228,1.40079057920553,2.10516039262229
"mml-miR-486-3p_st",2.25965999864755,2.36642035547708,1.3320467113763,2.21308812251007,2.67575402979627,2.32824541894601,2.81572545173152,2.29783041564711,2.32824541894601
"mml-miR-486-5p_st",1.42440408660107,1.23610111101664,0.74709281607279,2.32038384449062,1.15695348061009,1.82619266241128,1.10055964421233,1.40332115903987,1.40332115903987
"mml-miR-487a_st",1.10866556343929,1.1951554281973,0.894657644432688,0.939443389508637,1.30065609013831,0.882416222505799,0.909123505207744,0.804447566785036,1.08555391919715
"mml-miR-487b_st",1.2032247131139,0.886302749566193,1.18132808037641,1.06296451170298,1.10055964421233,1.10055964421233,1.10055964421233,0.65633901748622,0.950668057062392
"mml-miR-488_st",0.748974721361005,1.42917916132027,0.935953220647797,0.935953220647797,0.921626195623173,0.96682624881396,0.948516779592552,1.1998754371939,0.86238988226976
"mml-miR-489_st",1.16195003488056,1.49406584207149,1.06643877762014,1.14870846207455,1.10608975802987,0.941298644455658,1.2389185397222,1.14870846207455,1.18030773476202
"mml-miR-490-3p_st",0.646309652459441,0.705538134250087,1.40332115903987,0.774612701620852,0.805485729787015,0.784176312153997,1.13163597029848,0.779029866460931,0.816149805717059
"mml-miR-490-5p_st",1.25219442300147,0.836358757953178,1.00556103252726,1.12222660947455,1.05384894969806,1.22548714029952,1.02379380459813,1.02379380459813,1.03771073765514
"mml-miR-491-3p_st",1.20309712198462,1.1181467584158,1.31548010455258,1.46233373359295,1.20309712198462,0.981098797251538,1.32258051651005,1.40079057920553,1.22145482186609
"mml-miR-491-5p_st",4.43615323269153,4.50137645153144,4.642801885327,5.07447061737854,4.9147175134201,5.11994998805615,5.06625498036745,5.24417211432548,4.87144697823352
"mml-miR-492_st",1.23922316506451,0.977375339764336,0.621745282492672,1.68831150607747,1.70939443363867,0.927015205632714,0.895947226810527,1.42749786190747,0.977375339764336
"mml-miR-493_st",1.34158842224805,1.13380175041001,1.07200311704127,0.999223329645526,1.383682294885,1.15488467797121,1.10055964421233,1.17436837422481,1.07200311704127
"mml-miR-494_st",4.0333474639216,6.05870153026041,7.46419295266325,5.64473518144472,5.68141376917974,4.89994764470403,4.99694189062121,5.11229954813238,4.9027015980462
"mml-miR-495_st",1.06133904111123,1.35982335006545,1.03143649322647,1.32440974380681,1.07200311704127,1.07200311704127,1.49186327266806,0.938710625780414,1.07200311704127
"mml-miR-496_st",0.827146071471628,0.843444675379274,0.950668057062392,0.869239944108582,0.869239944108582,0.836358757953178,0.869239944108582,1.07200311704127,0.950668057062392
"mml-miR-497_st",1.10055964421233,0.73641116241625,1.68182401792899,1.05286255977443,1.43187768621094,1.06959057925059,1.55709726014092,0.941629451724102,1.08513407899582
"mml-miR-498_st",3.14287490646399,1.76624023469726,1.44389399773486,2.40603682645441,1.56285975967408,1.74234336362021,1.80922743810386,2.47908603178516,1.74130931291118
"mml-miR-499-3p_st",0.857891945238911,1.00831190055782,0.617900009675824,0.676512409703721,0.869239944108582,0.886976840578939,0.869239944108582,0.811911052616336,1.10488430319667
"mml-miR-499-5p_st",1.26442616437186,1.07200311704127,1.65948383217407,1.21201994891996,1.23496602066331,1.35720227619534,1.30451841295179,1.6314726408827,1.00050394782575
"mml-miR-500_st",6.56889221554391,6.68452928500105,6.40682848123121,6.27851458991923,6.46558332041976,6.77404518895827,6.56889221554391,6.48078670063261,6.64774500969206
"mml-miR-501_st",4.71184355998935,5.08132215940377,4.63877492562828,4.93578955244376,4.93578955244376,5.28716723587218,5.04651283977383,4.80162321655744,4.94248280789975
"mml-miR-502-3p_st",7.18990093716081,7.0167855454236,6.87720819599107,7.11147236287135,7.27031711900117,7.13194343477113,6.87095269962544,7.09045216260847,6.6500613768032
"mml-miR-502-5p_st",1.99816881588849,1.55464766114967,1.31722734966476,1.66160422337553,1.8157506413424,1.1958015884234,2.37863510882193,1.70635502115859,2.57222972543867
"mml-miR-503_st",7.05283856911335,7.16482788591115,7.24413605876975,7.4238668871488,7.28727296072571,7.24602243040062,6.99026014266175,6.88131830565953,7.18384168016599
"mml-miR-504_st",1.31986845966967,1.28131703770146,1.2145902736085,1.01479965044721,1.28131703770146,1.38861275968201,1.42522981945621,1.03743648164441,1.86747861380946
"mml-miR-505_st",3.35650779046881,2.32348218965719,2.14063281335036,2.84076522736822,2.32348218965719,1.40332115903987,1.88484834357226,1.57499776791731,3.419314366594
"mml-miR-506_st",0.977375339764336,0.836358757953178,1.18366076331204,0.692406844460326,1.11066783102519,1.28131703770146,0.977375339764336,0.815416650163614,0.950668057062392
"mml-miR-507_st",0.748974721361005,0.760618951568655,0.950668057062392,0.696568505909108,0.646309652459441,0.748974721361005,0.779138434151774,1.02454116811476,0.61680390504517
"mml-miR-508_st",0.918891332581394,0.958409487149333,1.05060519091952,1.01442247833795,0.950668057062392,0.950668057062392,0.690490714178063,0.950668057062392,0.983549243217796
"mml-miR-509_st",0.99890852705007,0.836358757953178,0.773245210003921,0.857891945238911,0.951450790058187,0.725220843005487,0.7497574543568,1.09542156857556,1.06405186165752
"mml-miR-510_st",1.17466818594283,1.02938441299659,1.11257595573626,0.913072924553037,1.07200311704127,1.2159465392412,1.07200311704127,1.07200311704127,0.756289129682048
"mml-miR-511_st",0.95903101601247,0.836358757953178,0.826329392926399,0.886913842740824,0.73641116241625,0.722049458843964,0.781213752998009,1.15343122999508,0.950668057062392
"mml-miR-512-3p_st",1.11119614327364,1.10866556343929,1.05102877044089,1.14870846207455,1.15695348061009,1.0962599256797,0.869239944108582,1.10866556343929,0.869239944108582
"mml-miR-512-5p_st",1.40079057920553,1.02853617818248,1.97481216670296,1.40079057920553,1.40332115903987,1.23082020749248,1.09233129709607,1.43768162659599,1.66153253564602
"mml-miR-513a_st",0.667482281195547,1.07200311704127,1.25675316332189,1.24323022207859,1.13575753831683,1.13575753831683,1.27677412012798,0.9918141161169,1.17335267082618
"mml-miR-513b_st",0.857891945238911,0.950668057062392,1.07200311704127,1.07200311704127,0.805239844947674,1.25158125788703,1.07200311704127,1.07200311704127,1.07200311704127
"mml-miR-514_st",0.877438205907207,1.05701634675296,1.07093487726516,1.10516516461518,1.37761106940988,1.05701634675296,1.05701634675296,1.0284598195819,0.972065983184141
"mml-miR-516_st",1.68268715093672,1.12306741457087,1.23737671368008,1.12978951891406,1.23737671368008,1.11537259234167,0.970613441586488,1.40079057920553,1.35101695142976
"mml-miR-516a-3p_st",1.15695348061009,1.33026373552574,0.817275050727367,1.01100324822432,1.97109793125832,1.15695348061009,1.01163442723949,1.54318506233643,1.15695348061009
"mml-miR-516a-5p_st",0.950668057062392,1.23826687560565,0.625392122041975,0.994501037506847,0.93412988548362,1.29939097364196,0.683904784968795,0.994501037506847,0.950668057062392
"mml-miR-517a_st",1.12195119621643,1.08339977424822,0.882628282960283,1.03143649322647,0.954731148193189,0.939990442743075,0.977375339764336,1.08745136219468,0.87801118753106
"mml-miR-517b_st",1.27075892038905,0.790506756809756,1.10866556343929,0.950668057062392,0.950668057062392,0.705089509919417,0.950668057062392,0.950668057062392,0.662847824038212
"mml-miR-518a-3p_st",1.35239298493177,0.936295891810307,0.869239944108582,0.82930619323956,1.13700734350118,1.15695348061009,1.01679291289886,0.764657701208847,0.771166507760839
"mml-miR-518a-5p_st",0.754898378837556,1.57329153075292,0.777599876134396,1.04436314822799,1.10866556343929,1.10866556343929,1.10866556343929,1.20329334071623,1.66302765407615
"mml-miR-518b_st",0.718510456972552,0.836358757953178,0.580252790319525,1.30599117210536,1.77725399885127,0.895715401302981,0.920864331338326,1.14093226372844,0.91155343147324
"mml-miR-518c_st",0.977375339764336,0.800165376737817,0.970635602649399,0.869239944108582,0.869239944108582,0.906835076617937,0.812728935682572,0.549432663129457,0.909806567923382
"mml-miR-518d_st",1.29580949995483,0.950668057062392,1.35160614763246,0.885126736775642,0.836358757953178,1.05701634675296,1.05701634675296,0.735980024474847,1.07200311704127
"mml-miR-518e_st",0.978459100107397,1.07200311704127,0.789728214676021,0.711941712853142,1.35638271425656,0.978459100107397,1.14567914813063,0.940863967598042,0.897030987153587
"mml-miR-518f_st",0.950668057062392,0.950668057062392,0.869239944108582,0.771200223699387,0.646309652459441,0.663727539937623,1.10055964421233,1.0565927672316,1.16477922886475
"mml-miR-519a_st",0.977375339764336,0.836358757953178,0.931511841205193,0.950668057062392,1.28131703770146,0.950668057062392,0.748974721361005,1.43838571171488,0.759638797291049
"mml-miR-519b_st",1.09510687908307,1.30921805088543,1.2145902736085,1.50164109821602,1.39416841445425,1.1098280883734,1.2145902736085,1.25035453643815,1.29423128059713
"mml-miR-519c_st",1.43002844174182,1.40332115903987,1.23604273039636,1.40332115903987,1.15710596010484,1.50966944873045,1.52854073296985,1.48251521808027,1.24112460992199
"mml-miR-519d_st",1.10866556343929,1.12001356230896,1.27094796684512,1.10613498360494,1.10866556343929,1.31131497938287,0.820952026937781,0.777347521440688,1.12001356230896
"mml-miR-520a_st",1.11603886061651,0.877427744227408,0.977375339764336,1.26442616437186,0.977375339764336,0.977375339764336,0.977375339764336,1.0540895063642,0.759638797291049
"mml-miR-520b_st",0.996555466091083,1.0204999644815,0.830450858987766,1.03143649322647,0.836358757953178,0.939320058192721,0.857891945238911,0.829335418067847,0.852896929531949
"mml-miR-520c_st",1.40332115903987,2.01033166085215,1.23198803672966,1.63592622338029,1.23198803672966,1.41156617757542,1.35517234117766,1.75932079396257,1.32660119837775
"mml-miR-520d-3p_st",0.990078618005222,0.73641116241625,1.36655198749637,1.14870846207455,1.17147425222308,1.15695348061009,0.869239944108582,1.07200311704127,0.997963318308114
"mml-miR-520d-5p_st",1.11996249633156,1.24185509333816,1.24185509333816,1.24185509333816,1.4007852858264,1.40332115903987,1.17472889969838,1.2145902736085,1.08842096607618
"mml-miR-520e_st",0.729745923402492,0.919795028896229,1.06081161070739,0.6070736653432,0.950668057062392,0.919795028896229,1.20835013689834,0.996509195496089,0.740409999332536
"mml-miR-520f_st",1.10866556343929,0.950668057062392,1.2145902736085,1.10055964421233,0.886302749566193,1.12613949773883,1.42794873271499,0.962576233999167,1.10055964421233
"mml-miR-520g_st",0.700402483937636,0.988942521417411,0.759638797291049,0.623173413724814,0.873053958199804,1.44036851679486,1.07680881308451,0.779029866460931,0.892467578983382
"mml-miR-520h_st",0.857891945238911,0.695876303683679,0.893916708695839,0.970630875295698,0.893916708695839,0.861035522540434,0.806532672103666,0.764222428496594,1.09170522073924
"mml-miR-521_st",0.857891945238911,0.655538070873138,0.940252025108779,0.994313178570913,1.423874192048,0.971221090070519,0.857891945238911,0.940252025108779,0.971221090070519
"mml-miR-522_st",0.96926942053738,0.993263922231788,1.10055964421233,0.913072924553037,1.10055964421233,1.00431848551098,1.10055964421233,1.24663314484833,1.19333575603582
"mml-miR-523a_st",1.22297486254851,0.881593489691626,1.00822600780505,0.950668057062392,0.674398007857533,0.950668057062392,1.10055964421233,0.910042366945626,0.690936179436305
"mml-miR-523b_st",0.798338289867965,0.867774192946803,0.698538943076973,0.959466308268391,0.821466596443206,0.867774192946803,0.977375339764336,0.795443478103714,1.00698462258487
"mml-miR-523c_st",0.633869625220854,1.07200311704127,0.646309652459441,0.68905060453498,0.847980797023213,1.16857551968013,0.876537324194278,1.07200311704127,0.674469863108248
"mml-miR-524_st",0.977375339764336,1.07200311704127,0.964530433279506,1.07200311704127,0.972055521504342,1.10959824955062,0.909806567923382,1.07200311704127,1.07200311704127
"mml-miR-525_st",1.35389968877247,1.07200311704127,1.31142873637198,1.07200311704127,1.07200311704127,1.28131703770146,1.07200311704127,0.814332700316974,0.995283156379141
"mml-miR-526b_st",0.856606831672744,0.902650097751328,0.995288950441411,1.10499359772294,1.40332115903987,1.07200311704127,1.51862079386656,1.07200311704127,1.29602543705933
"mml-miR-532-3p_st",5.55564923711877,5.50297778365527,5.29605089581455,5.67250038376195,4.55779125621457,5.6985934213603,5.67250038376195,5.35947364891719,5.30754857996275
"mml-miR-532-5p_st",7.53694156697457,7.71789662321981,7.53516712960941,7.62321433133728,7.81419886874034,7.76112954979409,7.42204557784878,7.61070140640378,7.62321433133728
"mml-miR-539_st",0.929902774887051,1.05741173831939,1.12498051016034,0.805485729787015,0.929902774887051,0.713983157898239,0.962783961042456,1.16711770873121,0.756391840972086
"mml-miR-541_st",1.32188599558905,1.2145902736085,1.06115614634651,2.23259126604238,1.19988187425063,1.3200909355495,0.895940176313508,1.2145902736085,1.2145902736085
"mml-miR-542-3p_st",1.04118276005235,0.73641116241625,0.983549243217796,0.950668057062392,1.07200311704127,1.16492495170853,0.869239944108582,0.763689557775599,0.950668057062392
"mml-miR-542-5p_st",2.15166215001911,1.57329153075292,2.2872708014884,1.9167046728175,2.11726478544004,2.41544915164692,2.31597993944098,2.37621030644377,1.73060307156264
"mml-miR-543_st",1.23922316506451,0.621219483434216,1.16618807827162,1.0777570993628,1.04829695565425,1.29170506565524,0.977375339764336,1.42648001594236,1.0777570993628
"mml-miR-544_st",0.748974721361005,0.939023826854742,0.955377012837459,0.814606781754705,1.05333312596396,0.939023826854742,0.967580354025806,0.939023826854742,0.765512892939776
"mml-miR-545_st",0.55544727293709,0.880077020439386,0.960722315044546,0.913072924553037,0.836358757953178,0.921309121522,0.792692983847212,0.785044476268565,0.869239944108582
"mml-miR-548a_st",1.69965221794739,1.77703409480979,1.74794013511819,1.74794013511819,2.18874129064682,1.70964339304515,0.977375339764337,2.15705677235899,1.74794013511819
"mml-miR-548b_st",1.19400723837968,1.29602543705933,1.26665578406364,1.33281676121127,0.991234680877192,1.07200311704127,0.892424976195514,0.913072924553037,0.869239944108582
"mml-miR-548c_st",1.16900750152762,1.60647095776826,1.44389399773486,1.19401345325987,1.44389399773486,1.54939465967587,0.869239944108582,1.53085005229986,1.23458007707467
"mml-miR-548d-3p_st",1.16420910923251,1.21327293626943,0.85574982712306,0.913072924553037,1.58763420169506,1.24315015612868,1.35568153099042,0.779029866460931,0.892445027369687
"mml-miR-548d-5p_st",1.13287487537393,1.22732281920458,1.24525785794189,0.913072924553037,0.950668057062392,0.950668057062392,1.1490135303658,0.779029866460931,0.690936179436305
"mml-miR-548e_st",0.702866790391445,1.51628350535038,0.860103795018734,0.958919857049003,0.913072924553037,0.855436131554631,0.941629451724102,0.913072924553037,0.763181337403094
"mml-miR-548f_st",0.992947861141986,0.956285414743965,1.13586355558972,1.14870846207455,0.823456633051632,0.834950354765086,0.956285414743965,0.797355222255732,0.956285414743965
"mml-miR-549_st",0.751424576324881,0.5535569249112,1.14465706111422,0.805485729787015,0.836358757953178,1.54939465967587,1.18151367926937,0.710309751620349,0.869239944108582
"mml-miR-550_st",5.23383250567445,5.5955769685747,4.81039630153109,4.92820377943966,5.18512103148506,5.58639531164599,5.04228015029841,5.3248264736092,4.29902561657799
"mml-miR-551a_st",1.32189304608606,1.15467299806283,1.98119383494733,0.995742805574596,1.32189304608606,1.36398691872302,1.32189304608606,1.19414289232174,1.40332115903987
"mml-miR-551b_st",0.857891945238911,1.15695348061009,1.15695348061009,1.81203690616555,0.947639559949902,1.15695348061009,0.869239944108582,1.40079057920553,1.40332115903987
"mml-miR-552_st",0.646309652459441,1.09786433638928,0.704359622044255,1.01442247833795,0.73641116241625,0.950668057062392,0.896171000687892,0.940003981132347,0.950668057062392
"mml-miR-553_st",1.10866556343929,0.950668057062392,0.969352042992548,1.50090267808949,0.950668057062392,1.40332115903987,1.20103943496268,1.24487241540713,1.50343325792384
"mml-miR-554_st",1.03432106883364,1.12632724849065,1.20697254309581,1.21168947291763,1.20697254309581,1.15661240896419,0.977375339764336,1.32830760307469,1.07269463169102
"mml-miR-556-3p_st",1.07214883988505,0.950668057062392,0.815353224536341,1.02738222366225,0.950668057062392,1.16492495170853,0.860566547105583,0.913072924553037,0.950668057062392
"mml-miR-556-5p_st",0.977375339764336,0.851644976948058,0.759638797291049,0.664617604027071,1.30429807892554,0.767468368419104,0.890196398916263,0.851644976948058,0.851644976948058
"mml-miR-557_st",1.14119595622161,0.981744383148541,0.519480424381147,0.944149250639186,1.00790346496075,1.00790346496075,1.23922316506451,0.792209215297479,1.37221645010388
"mml-miR-558_st",0.857891945238911,0.950668057062392,0.977375339764336,0.805485729787015,0.950668057062392,0.950668057062392,0.950668057062392,1.51894867821145,0.950668057062392
"mml-miR-562_st",0.748974721361005,1.09767386103535,0.783389628418875,1.11050467305435,0.854451606396794,1.14137770122052,0.854451606396794,0.949079383673728,0.777731645734666
"mml-miR-563_st",1.01403778616236,1.72873041701531,1.10866556343929,1.18537973003915,1.00871796790236,1.10866556343929,1.45397201980796,0.993778721204384,0.905902390506604
"mml-miR-567_st",0.758904406004034,1.07200311704127,0.977375339764336,0.964770559270851,1.26598882838673,0.92265544367477,0.649987182126127,0.973015577806393,1.29166567510138
"mml-miR-568_st",1.33067342984712,0.854774731089682,0.987603512782015,1.08127238398983,0.854774731089682,0.973799700228064,1.23922316506451,1.03143649322647,1.08933157791456
"mml-miR-569_st",1.1945079424335,1.06321771875855,1.05187329635563,1.26442616437186,1.25463646928832,0.704710945202508,1.28319299645938,0.864872245455144,0.845481176285261
"mml-miR-570_st",1.22271187936778,1.88695666945982,1.20677479788812,0.984878304012884,0.948628125648944,0.908062306555177,1.236315609986,1.09246549877891,1.2006717430963
"mml-miR-571_st",1.38720576446688,1.26572498164422,1.4232305279238,1.2393958013005,1.17562347168741,1.15695348061009,1.7841970750325,1.0032491842359,0.96592422083875
"mml-miR-572_st",4.61474703618636,4.96709498450669,4.74117615169658,4.98106076157759,4.40695963325525,5.13887947978694,4.9147175134201,5.25941304231008,4.9147175134201
"mml-miR-573_st",0.974700737897665,1.41283422971808,1.26212951674351,1.19522700348547,1.06747684972115,1.06747684972115,0.977375339764336,0.987404704791116,0.86735801361192
"mml-miR-576-3p_st",1.37210676730617,1.77605470368561,0.939174335348937,1.0082489027197,0.946783543111293,0.931432905261996,1.07200311704127,0.913072924553037,1.09285704374729
"mml-miR-576-5p_st",1.00563725309837,0.930986535230111,1.2145902736085,0.740203626187174,1.40332115903987,1.07200311704127,0.971891018157305,1.00770070182997,1.07200311704127
"mml-miR-577_st",1.27496819094208,1.19229830992052,0.998660633267052,1.04711598264514,1.19229830992052,0.970401816045284,1.11087019696671,0.913072924553037,1.27496819094208
"mml-miR-578_st",1.65669038165641,1.92488491228984,1.83710819617738,1.54939465967587,1.63003995428103,1.46971304336939,1.52854073296985,1.46971304336939,1.53989610141932
"mml-miR-579_st",0.977375339764336,0.950668057062392,1.07200311704127,1.0582544775284,0.950668057062392,0.950668057062392,0.869239944108582,0.913072924553037,0.759638797291049
"mml-miR-580_st",0.857891945238911,1.43831234094062,1.18640927931347,0.977375339764336,0.977375339764336,1.00295519329083,0.977375339764336,0.977375339764336,0.786346079992994
"mml-miR-581_st",0.96918753964551,0.836358757953178,1.14876568049127,0.878672836655555,1.38126463323839,1.15696394228989,0.96918753964551,1.1719507125782,0.96918753964551
"mml-miR-582-3p_st",1.12933200853352,1.28826220102175,0.798266321228621,1.55274724797471,0.952670246396729,1.21286963187628,1.74479981695033,1.07200311704127,1.29407874148185
"mml-miR-582-5p_st",0.980329724257363,0.836358757953178,0.836358757953178,0.950668057062392,0.950668057062392,0.836358757953178,1.2313547621964,1.07200311704127,0.950668057062392
"mml-miR-583_st",0.857891945238911,1.10360238972874,1.35136910893812,0.933108122373252,1.16477922886475,0.950668057062392,1.35969060137833,1.07200311704127,1.07200311704127
"mml-miR-584_st",6.64614544387558,6.99426447694746,6.72700944366654,6.76825465376261,6.65705904855411,6.14380033566318,6.55771936571677,6.61336350989575,6.88726654776897
"mml-miR-586_st",1.10866556343929,1.40163881401963,0.984356699342205,1.13129357306991,1.13953859160545,1.13953859160545,0.79812808642334,1.08220970011321,0.667241353776194
"mml-miR-587_st",0.950668057062392,0.73789428904629,1.19827511329879,1.03143649322647,0.950668057062392,0.950668057062392,0.853791067732408,1.07200311704127,1.063997201894
"mml-miR-589_st",2.00900425239224,2.02140989015183,1.43174349962185,3.55666484292794,2.29662892926014,2.52206358545865,2.39002142978159,1.81769930154803,2.7267909119009
"mml-miR-590-3p_st",1.30673626884591,0.721424392127943,0.871189024170672,1.03143649322647,1.07200311704127,1.05701634675296,1.13538991042983,1.06947253720692,0.935681286774085
"mml-miR-590-5p_st",1.81991299752836,1.44389399773486,1.87295916674311,1.40079057920553,1.0651986245805,1.17154691427108,1.23922316506451,1.40764916551631,1.56522905771374
"mml-miR-592_st",0.977375339764336,0.784913492827108,0.775021465398563,0.851858352380714,0.977375339764336,1.32942048810269,0.977375339764336,1.2145902736085,0.849659539009808
"mml-miR-593_st",1.093536304327,0.869353701097696,1.07200311704127,1.14871728364113,1.07200311704127,0.887599924817541,0.881954011547533,1.07200311704127,1.15124786347548
"mml-miR-595_st",3.84414857272528,3.36278047647505,2.5868248398492,2.9513059302868,3.05008689426549,3.21609020936034,2.53577115711782,2.96074824594855,3.05008689426549
"mml-miR-597_st",0.891809613606884,1.01314467358576,0.891809613606884,0.999642693212247,0.900483010609883,0.758517122346028,0.810381500653074,1.15857288570048,0.759638797291049
"mml-miR-598_st",0.998955974233192,1.20064930993458,0.950668057062392,1.08380943099102,1.08634001082537,0.978650985201497,0.998955974233192,1.0565927672316,0.9128290769104
"mml-miR-599_st",0.979996937384261,0.965654827350699,1.07200311704127,0.784404298498007,1.38217461165263,0.965654827350699,1.07200311704127,1.08698988732958,1.1666308943182
"mml-miR-600_st",0.960166615318934,1.05217279497594,1.06830201097469,0.960166615318934,0.960166615318934,0.880484999012453,0.960166615318934,1.00906937644661,0.950668057062392
"mml-miR-601_st",1.86586852758513,2.02655344320024,1.64953635797491,0.785444595694038,1.73193782542823,1.42176633081687,1.64316020244933,1.40079057920553,1.09635707284143
"mml-miR-603_st",0.719590332486127,1.00205210435159,1.33270108499066,1.00139242756186,1.04261872816639,1.04261872816639,0.977375339764336,1.45217462649473,0.920623991397784
"mml-miR-604_st",1.40163881401963,1.33270773913687,0.812453674961486,0.899029647132136,1.07200311704127,1.02164298290965,0.968152798118,1.07200311704127,0.975398194956451
"mml-miR-605_st",1.42996028215589,1.43931454407836,1.10866556343929,2.50366380490533,1.40332115903987,1.43931454407836,1.51768810775523,2.28430058655284,1.43931454407836
"mml-miR-607_st",1.10866556343929,0.836358757953178,1.34588049728345,0.843231936528097,1.28131703770146,0.873021204351199,1.37051338873946,1.26759575592752,1.07200311704127
"mml-miR-609_st",0.977375339764336,1.03046562999243,1.40332115903987,1.40079057920553,0.950668057062392,1.05701634675296,1.19467537510056,1.07200311704127,1.2006717430963
"mml-miR-611_st",1.37355932706099,1.41413216575597,0.947613507785449,0.924407771126054,1.25338636185833,1.05701634675296,0.880574790681599,1.75813283506704,1.51412831829883
"mml-miR-612_st",0.994356264330078,0.7537774309968,1.65064753628192,0.917127194117256,1.23348115654064,0.890147771828679,1.12491386595529,1.95887045361196,1.12491386595529
"mml-miR-615-3p_st",1.80469127227514,1.40332115903987,1.24545296173874,1.33743934750593,1.54939465967587,1.40332115903987,1.42795405049588,1.26073400247265,1.20055798610719
"mml-miR-615-5p_st",2.2350882101503,1.52854073296985,1.52854073296985,2.46031181777846,1.45016716929298,1.45016716929298,1.87167789727084,1.3822067789569,1.31922681230966
"mml-miR-616_st",0.977375339764336,1.2006717430963,1.4326604195094,1.0528281486141,1.01062263760256,1.2374187114521,1.14334285160405,1.14334285160405,1.03113328790439
"mml-miR-618_st",1.37205194675684,1.42885421875166,0.869239944108582,0.860994925573041,0.869239944108582,1.00184851973549,0.869239944108582,0.811911052616336,0.795676605730545
"mml-miR-619_st",0.867861607160639,0.957963117117448,0.790632536947817,1.13462487925424,0.977662773281652,0.836358757953178,0.977375339764336,1.3736369264717,0.92346131864015
"mml-miR-622_st",1.30921556826353,0.977897526264922,0.960722315044546,1.0546028712982,0.836358757953178,0.977897526264922,0.77996492155542,1.35612904192024,0.977897526264922
"mml-miR-624_st",0.802147311580237,0.79984016988218,1.40316867954513,1.02428592198587,0.904812380481801,1.15695348061009,0.977375339764336,0.825635438611488,0.617098843980291
"mml-miR-625_st",1.17312944811802,1.10055964421233,0.73641116241625,0.673528981550091,1.12585976572384,1.55321274618982,1.10055964421233,1.21816800130141,0.769127845224617
"mml-miR-626_st",1.04936628584407,0.939565119723057,1.23420503242927,0.805485729787015,0.968597849679992,1.04936628584407,1.23157310415561,0.977035571000982,0.8429741657737
"mml-miR-627_st",1.09707843851042,0.950668057062392,1.36155819208425,0.831644811599228,1.07200311704127,0.71708260740044,0.927662332289273,0.805183879625688,0.849730790768627
"mml-miR-628-3p_st",2.44102342397703,2.4503776858995,2.14482751013677,2.14482751013677,1.45314939445035,1.49084596452143,1.95780013721578,2.19427935014551,2.95892297655392
"mml-miR-628-5p_st",1.31137656406657,0.777957002395896,1.05005736640803,1.28466928136462,1.15695348061009,1.76206082399922,1.28466928136462,2.35635548056732,1.97012389884098
"mml-miR-631_st",1.125884015805,1.38773184110517,1.35485065494976,1.14870846207455,1.84038494308265,1.59401726465287,1.38773184110517,1.73211999842027,1.38773184110517
"mml-miR-632_st",1.25571915500409,1.2063419789091,0.946610101283015,2.09293614367103,1.27725908192208,1.2063419789091,1.23922316506451,1.55079131461497,0.946610101283015
"mml-miR-633_st",0.950668057062392,0.950668057062392,1.10163980256963,1.02441073235681,1.06497735617161,0.950668057062392,0.894157048636381,0.886365641851092,0.950668057062392
"mml-miR-636_st",3.87353915163707,2.7319427119343,2.8476267573101,2.7319427119343,2.97662244341462,3.42383279729604,3.40743757554423,4.34252657851134,3.44524274166134
"mml-miR-638_st",13.6178735199506,13.3454313890538,13.2081513547349,13.5565782893285,13.7129927278259,13.6830973174992,13.4175365281464,13.8674161306164,13.5431697793947
"mml-miR-639_st",2.439166235033,1.28455919855104,1.63095149515717,1.79027357140273,2.32824541894601,3.17666464717687,2.79539020340138,2.42055365452358,2.27070949193832
"mml-miR-640_st",1.02128152684712,1.1415467495947,1.10866556343929,0.99636442231932,1.41263962869999,1.51003567667455,1.35588925870768,1.06921603475161,1.74027335220817
"mml-miR-642_st",1.16406112281001,0.950668057062392,1.07200311704127,1.24333623935148,1.26170717533881,0.925161605417326,1.03677930019743,0.834425425831651,1.0533174717762
"mml-miR-643_st",1.23922316506451,1.63180407397077,0.73641116241625,1.09859545571631,1.08751757753125,1.15695348061009,1.08751757753125,1.19442393188802,0.977950582041723
"mml-miR-644_st",0.723811731993864,0.913860837487601,0.990575004087461,0.724057616833206,0.967938172890261,1.31357155364586,0.990575004087461,0.990575004087461,1.07200311704127
"mml-miR-648_st",1.10866556343929,2.38251777047478,1.61537784240802,1.57131639893379,1.40112094776187,1.96617972033196,2.04046192204311,1.79904855863374,1.60585268486184
"mml-miR-649_st",1.09871039974321,1.07200311704127,0.758245009731806,1.07200311704127,0.975126127711286,0.836358757953178,1.04680011773392,1.07200311704127,1.07200311704127
"mml-miR-650a_st",1.23922316506451,1.11115075059932,1.41720743392145,1.08027772243316,1.3852966657005,1.3852966657005,1.3852966657005,1.54939486889253,1.65166395432349
"mml-miR-650b_st",2.14482751013677,1.49022939310512,1.25531340552909,1.40079057920553,1.68268715093672,1.87134564592015,2.20116555941826,1.68268715093672,2.64046282377345
"mml-miR-650c_st",1.30057532732391,0.964811780819581,0.977375339764336,1.0848480235261,0.977375339764336,0.771089916216636,0.977375339764336,1.00743048486426,0.742539454546938
"mml-miR-650d_st",1.31696980347242,0.950668057062392,1.18567957979747,1.24943400107302,0.894492543521694,1.34714564549918,0.962383176465503,1.30701463977635,1.18567957979747
"mml-miR-651_st",1.10866556343929,0.73641116241625,0.97197747469541,0.950668057062392,0.950668057062392,0.950668057062392,1.17862041021191,0.950668057062392,0.864541159739599
"mml-miR-652_st",7.4896248568226,7.75649443069879,7.49369124222197,7.35015479677832,7.6142429738697,7.79638504181322,7.49369124222197,7.34283326735374,7.38067309000999
"mml-miR-653_st",1.00322513145223,0.938922716240932,0.889086825477575,1.06860601237509,0.938922716240932,0.736568841875158,0.938922716240932,0.811872105308277,0.869239944108582
"mml-miR-654-3p_st",0.941697355637069,0.893389097069384,1.11540069465057,1.19775042229463,1.45431837865526,1.15695348061009,1.35969060137833,1.11872642403024,1.036325132914
"mml-miR-654-5p_st",1.54602373008271,0.836358757953178,0.851345528241485,1.07200311704127,1.07200311704127,1.07200311704127,0.80408434407,1.07200311704127,1.29602543705933
"mml-miR-656_st",1.05348458412517,0.873021204351199,1.10866556343929,1.03143649322647,1.10866556343929,0.852432888726807,1.18002475570791,1.41620512977699,1.40332115903987
"mml-miR-657_st",0.849481492845025,0.869239944108582,0.950668057062392,0.869239944108582,0.786879864238714,1.68268715093672,0.869239944108582,0.68226144482179,0.892467578983382
"mml-miR-660_st",5.4389925947592,5.67024802864534,5.41507685835334,5.67024802864534,4.04871412433477,5.4389925947592,4.88881174816066,5.40690460642799,5.64843107805868
"mml-miR-661_st",1.41755945852786,1.15343122999508,0.945644558157043,1.11596077871715,1.33345097046204,1.15343122999508,1.15343122999508,1.46360272460644,1.07200311704127
"mml-miR-662_st",1.58018994965618,1.09039295242518,1.52854073296985,1.62023284829144,1.43964111465349,1.68911955503866,1.2435710211867,1.70663088169869,1.42219244327928
"mml-miR-663_st",11.28481665067,10.8339819260005,10.7221404341358,10.9091311105722,11.2102204797263,11.1732943844844,10.7855551756314,11.6007773325687,11.0461522102372
"mml-miR-664_st",1.85149371192699,1.52017566992838,0.763459704925749,1.66160422337553,1.52017566992838,2.07278182916557,1.09448220534655,1.43874050647755,1.40332115903987
"mml-miR-665_st",1.68268715093672,1.83523336220756,1.34835803853042,2.9513059302868,2.10536954511085,2.08737446233585,1.6350436781621,1.92021677427337,3.57747299664075
"mml-miR-668_st",1.24846821886963,1.58836883653464,2.05572749634526,1.47176010130453,1.82048753878116,2.14057840210782,2.1977104325482,1.82048753878116,2.04592219497966
"mml-miR-670_st",1.32065127801832,0.859896472334942,0.950668057062392,1.36618044189112,0.950668057062392,0.894656055674229,0.869239944108582,1.38703436859713,0.950668057062392
"mml-miR-671-3p_st",5.39776252167342,4.9199913282165,4.32155558233521,5.39776252167342,6.04007600337008,6.2396765629526,5.70985857500063,4.51191174465017,5.39776252167342
"mml-miR-671-5p_st",6.66140742780426,6.2973712339121,6.37006592068306,6.4381990287633,6.95141040168397,6.49729310888995,6.4381990287633,6.32159453097314,6.38820920724077
"mml-miR-675_st",3.99190230376448,3.16675384726697,1.61913759722957,3.15186604290933,3.15186604290933,3.15186604290933,2.17378606779548,3.15186604290933,3.8586512281493
"mml-miR-7_st",2.69231349872668,1.28945735792011,1.37959001785237,1.93107391698692,1.26738045415271,0.999302832178305,1.35438701854502,1.37959001785237,2.53758357730108
"mml-miR-708_st",7.07754924131712,7.50192094290217,7.63336328097464,7.54383029849961,7.49622822915114,7.65307349782028,7.1997491340026,7.2923035965309,7.30522718071582
"mml-miR-711_st",1.14637491267779,1.03412668813089,0.977375339764336,0.856379714759274,0.824812767470699,1.03412668813089,1.12433676577854,1.03412668813089,1.2841303741648
"mml-miR-758_st",0.933585246890091,1.29602543705933,0.850126615821593,1.19282185849842,1.67261897810562,1.53481859026119,1.50509559365921,1.33787554563597,1.29602543705933
"mml-miR-759_st",0.869239944108582,1.06026920387993,0.90526470756551,0.869239944108582,0.877484962644124,0.863980230029754,0.869239944108582,0.779029866460931,0.709455662019424
"mml-miR-760_st",2.6289388088484,2.85269045922031,1.68268715093672,1.93381330257117,2.10863297021226,2.38799896210911,2.28443345316856,1.70790334124036,2.10863297021226
"mml-miR-761_st",0.939023826854742,0.703379467766649,0.73641116241625,0.939023826854742,0.939023826854742,0.939023826854742,0.748974721361005,0.939023826854742,1.1630461468728
"mml-miR-762_st",9.33658591444133,8.71114929506533,8.4949398579727,8.68549996024461,8.90502900129501,8.90502900129501,9.01084753971357,9.4481189122362,8.89651524456811
"mml-miR-764_st",0.977375339764336,0.833209963839408,1.91875006697301,0.833209963839408,2.26379446349723,1.84161734342496,1.38595357640262,0.975126127711286,0.919960265039052
"mml-miR-765_st",2.67254963283002,2.67254963283002,2.47051072843332,2.67583326239483,1.9808715171436,2.67254963283002,2.67254963283002,3.1001331769817,1.99342525841194
"mml-miR-767-3p_st",1.12395516714303,1.51090685753371,0.842528525466637,1.34167160766388,1.40332115903987,1.99292226537413,1.14502329763451,1.38223823147868,1.83171107335055
"mml-miR-767-5p_st",1.02723745048548,0.846012309233783,0.869239944108582,0.831644811599228,0.869239944108582,1.31419822385687,0.869239944108582,0.687786056789269,0.869239944108582
"mml-miR-770-5p_st",1.26552077119544,0.993213965709327,1.5896729894374,1.19839457755566,1.68268715093672,1.10027379482891,1.39607837282065,1.26781043696798,1.10752326481854
"mml-miR-802_st",0.977375339764336,1.07200311704127,1.27341367910492,0.913072924553037,1.28131703770146,1.07200311704127,1.16221319468892,0.913072924553037,1.07200311704127
"mml-miR-874_st",6.4529124786287,6.12213758167545,6.10487068590267,6.27082653134768,6.10952132512566,6.10952132512566,6.38740322153031,6.06711580548438,5.88922810961052
"mml-miR-875-3p_st",0.956997608372521,1.4513133341525,0.794591465000453,0.987052753472448,1.07200311704127,0.972065983184141,1.10055964421233,0.987052753472448,0.870870711049729
"mml-miR-875-5p_st",0.871027050073765,0.892207017380494,0.653290507600477,0.925088203535899,1.54939465967587,0.950668057062392,0.925088203535899,0.968921183980354,0.925088203535899
"mml-miR-876-3p_st",0.791251639794275,0.950668057062392,0.893916708695839,0.786329513929817,0.881353149751084,0.893916708695839,0.893916708695839,0.893916708695839,0.931511841205193
"mml-miR-876-5p_st",0.853791067732408,0.923226970811246,1.25502646166534,0.906688799232475,1.02423139544043,0.950668057062392,0.950668057062392,0.960697422089171,0.9475114347783
"mml-miR-877_st",6.89964620285931,6.26559784640208,6.16865372255432,6.10624763966384,5.74424855474461,5.69167035785185,6.22553916049771,6.51432987352227,5.70756347548734
"mml-miR-885-3p_st",5.09148373667912,2.73924517233582,3.38805965999382,4.04893290793807,3.48539042382838,3.70943400736311,4.80443274967342,5.36420024752617,3.80080607371021
"mml-miR-885-5p_st",3.19549134666916,1.64702833954273,2.14482751013677,3.22446971442353,3.25956284997257,3.06003583493732,2.27222791457212,2.88307999361998,2.75401884245442
"mml-miR-886-3p_st",7.17151514655478,6.93314113585701,9.72675853325736,7.72273287494308,8.38775961831721,8.06774703371953,7.5507873344932,7.41118272731836,7.30046983856196
"mml-miR-886-5p_st",9.5396469385294,9.88813933548019,10.0496866144306,9.88813933548019,10.181679833712,10.2123608311664,9.93522367951737,9.75626520504724,9.37755003115161
"mml-miR-887_st",1.10866556343929,1.29602543705933,1.23388513736927,0.81446120509455,1.10866556343929,1.15695348061009,1.20307913645374,0.973391397582783,0.759638797291049
"mml-miR-888_st",0.748974721361005,0.952101937760065,1.20329334071623,1.03289968596841,1.38436743679149,1.06377271413458,1.07200311704127,1.29655127346593,1.1816042638588
"mml-miR-889_st",0.808506201577329,0.998555307071066,1.03143649322647,1.03143649322647,1.03143649322647,1.13778478291704,1.20378433426038,1.03143649322647,1.01751796271427
"mml-miR-890_st",1.12726692691428,1.2006717430963,1.64953635797491,1.10055964421233,1.0311237411335,1.10055964421233,1.10055964421233,0.813633549388614,0.902519239200176
"mml-miR-891_st",0.831538022178612,1.1903666857147,1.61259128163928,1.03143649322647,0.852057257725047,1.28131703770146,0.894514954422231,0.897393435134364,0.878002365964482
"mml-miR-892_st",0.857891945238911,1.5076077298388,1.08082223688805,0.912859929702568,0.960557014140475,0.838552892802061,0.847227869308867,1.0157379934546,0.960557014140475
"mml-miR-892b_st",0.748974721361005,0.950668057062392,0.760618951568655,1.11286460618028,1.53112559274515,0.950668057062392,1.08766160687293,0.913072924553037,0.950668057062392
"mml-miR-9_st",0.836358757953178,0.836358757953178,0.802984738150294,0.723090480180545,0.836358757953178,0.836358757953178,0.748974721361005,0.997926172094197,0.798894627696553
"mml-miR-920_st",1.19636449641753,1.35735109453798,1.54939465967587,2.07562154889944,1.35735109453798,0.950668057062392,1.35735109453798,0.941686994982932,1.4196608997495
"mml-miR-922_st",0.96963231016079,1.2006717430963,1.34198484205697,1.05701634675296,1.17132564586218,0.751997403485625,0.854253173820275,1.05265658479502,0.936474542372301
"mml-miR-924_st",1.20066703021548,1.08523188052343,0.836358757953178,0.838572729308169,0.950668057062392,0.946159924074191,0.946159924074191,0.996520058205814,0.729686574227897
"mml-miR-92a_st",13.2819877858448,13.3228534644159,13.2510860865827,13.2514891003748,13.308120233642,13.2791633161909,13.3105043474105,13.2203971489494,13.1731380069056
"mml-miR-92b_st",7.28707982682417,7.21041025514995,7.16843700531579,7.39504686706196,7.28378726907981,7.29024641720685,7.37366659718218,7.3988999109253,6.99174762662551
"mml-miR-93_st",12.2093396577283,12.0781387815866,12.1521590920745,12.1777099153547,12.4264573896604,12.4307842064641,12.1640522265598,12.2221448735831,11.9433049639608
"mml-miR-933_st",2.10254730656352,2.38713549171495,1.64953635797491,1.4930062249169,2.23583979782437,2.10254730656352,2.28237891844261,2.10254730656352,2.92367695284705
"mml-miR-934_st",0.780215133508464,0.867599170100637,1.29619081988758,1.52854073296985,0.631033209408539,0.810270278608391,0.487117107711099,0.810270278608391,0.810270278608391
"mml-miR-936_st",1.758428599225,1.758428599225,2.07296320071514,1.66160422337553,1.62513610796415,1.59672853466937,2.24557161841625,1.54939465967587,1.49141779771845
"mml-miR-937_st",1.15048305584597,1.36344374405132,1.24185509333817,0.954075791662281,1.29357010474558,1.17156598340716,1.28104065747118,0.991552863357734,0.618444372733766
"mml-miR-938_st",0.977375339764336,1.07200311704127,1.01903398750697,1.04113008887511,1.28131703770146,1.07200311704127,1.07200311704127,1.07200311704127,1.2006717430963
"mml-miR-939_st",5.14866884273523,4.09857068276151,3.9800342009428,4.39105633820458,4.642801885327,2.86741511485325,4.73623928992653,5.42477762472461,4.51493855917434
"mml-miR-940_st",1.78483191655595,2.8675755815118,1.62073969104578,2.33777057649218,1.92874803217624,3.18026916372137,2.33777057649218,2.56388876690789,3.4468869880604
"mml-miR-942_st",0.904101897111902,0.836358757953178,0.915449895981572,0.618868566208295,0.857891945238911,0.882568709826168,0.966027340894666,0.677872204771954,0.856426194077132
"mml-miR-944_st",0.857891945238911,0.950668057062392,1.10866556343929,0.711941712853142,1.54939465967587,0.950668057062392,0.748974721361005,1.09325521362962,0.950668057062392
"mml-miR-95_st",1.1291005373722,1.14963376777147,0.980398517901643,0.805485729787015,1.02096514171644,0.988083955561039,1.1291005373722,1.27517403800819,1.02096514171644
"mml-miR-96_st",1.36508718703818,0.917958445624039,1.64731700710568,1.1159988506362,1.15360280471213,0.950668057062392,1.15360280471213,1.03929350560292,1.66406311548037
"mml-miR-98_st",3.88172376700786,4.0138602385628,3.10436468524269,3.85521471262979,2.70503714172727,2.21459310988556,4.01200842593715,3.05373084082191,3.2679216092068
"mml-miR-99a_st",7.36771007456451,7.32826376236533,7.54556887870178,7.38575114830245,7.13145414257753,7.22398295493644,7.38986241453733,7.36075936801248,7.61846605385356
"mml-miR-99b_st",10.7045753097565,11.0044566133568,10.9876647572865,10.974130073626,11.1808366799073,11.1896449373316,10.8022784598278,10.8391887528472,10.6671472669747
"mmu-let-7a-star_st",1.07200311704127,1.07200311704127,1.24554766502883,0.869105431483359,1.15695348061009,1.05169812800957,1.10055964421233,1.07200311704127,0.6710650264712
"mmu-let-7a_st",13.4098097349279,13.3707393041019,13.452829805592,13.4132345194869,12.9648307738995,12.8494215333391,13.4863245100706,13.1657069720975,13.4523921932663
"mmu-let-7b-star_st",1.6380587112722,2.4171817842072,2.24557161841625,2.05714604012557,2.64403371972982,2.03043875742362,2.05714604012557,1.94489781557867,2.66734033860628
"mmu-let-7b_st",13.8388146818301,13.9474139169847,13.9129135110844,13.8986410658104,13.8258046146919,13.8120483519134,13.8091926320374,13.794925046669,13.7270774801608
"mmu-let-7c-1-star_st",0.870309781339883,1.07200311704127,1.01525176867472,1.07200311704127,1.28131703770146,1.08873113651744,0.909806567923382,1.07200311704127,1.07200311704127
"mmu-let-7c-2-star_st",1.10866556343929,0.965376456420258,0.833396088214311,0.950668057062392,1.06497735617161,0.950668057062392,0.983549243217796,0.764467751465365,0.950668057062392
"mmu-let-7c_st",12.595432213622,12.4631959389875,12.5532518915935,12.4631959389875,12.0700023595176,12.0301898957029,12.6863541291246,12.3843150261732,12.4631959389875
"mmu-let-7d-star_st",2.68553391346278,1.72733971757303,1.85359197473286,2.32585565308566,2.64264302028754,3.20328486944818,1.91695733616417,1.94417639577462,4.0333474639216
"mmu-let-7d_st",12.2101446688654,12.3304621971243,12.2910948446134,12.2557670915381,12.1212912754357,12.0162048584753,12.2633042432044,12.1432904046108,12.2101446688654
"mmu-let-7e_st",11.8520723987451,12.1976074175826,11.9817824747874,12.0139796738044,11.9713425756734,11.9767689606044,12.0321004315131,11.9594521401353,11.8206412230221
"mmu-let-7f-star_st",2.05197550726691,1.61361340180325,1.70075636386279,1.43414556844025,1.99849335940382,1.87415016771878,1.53190623227127,1.2145902736085,1.72161029056881
"mmu-let-7f_st",9.51183152445445,9.5582466873356,9.35011642960322,9.26988216878926,8.61246193351416,8.41383597346362,9.55861825599032,8.85282999862489,9.52467257876138
"mmu-let-7g-star_st",1.21759345257616,1.44389399773486,1.54240583281735,1.54865913988106,2.64403371972982,1.95755948543338,1.95709599877939,1.2198716777168,1.60676204207005
"mmu-let-7g_st",8.67331567069259,8.67331567069259,8.67331567069259,8.88448573844698,8.15179820982585,7.99508972261846,8.87890488121961,8.46690455092202,8.93865097242607
"mmu-let-7i-star_st",1.35969060137833,1.19247055335509,0.777106045147834,2.21308812251007,1.35969060137833,1.68268715093672,1.27826248842452,1.42253869324735,1.35969060137833
"mmu-let-7i_st",10.0199658304413,10.0148619124381,10.0988620245218,10.0068890071516,9.76495067786197,9.63919788903338,10.1249080921036,9.73538816443954,10.1126096621985
"mmu-miR-1-2-as_st",1.17955390785986,1.1987670733961,0.929087422593536,1.29306875566302,0.839738113339474,1.10866556343929,0.848488220554963,1.1663023564377,1.40332115903987
"mmu-miR-1_st",0.977375339764336,1.06475937635651,1.39259783969818,1.26442616437186,0.950668057062392,0.931319148272883,1.07200311704127,1.2145902736085,1.27465253298484
"mmu-miR-100_st",11.5216690397441,11.6761894402992,11.5937241298115,11.5909211890318,11.5867219906359,11.6121828257694,11.4863590094103,11.6172367770612,11.5890752249647
"mmu-miR-101a-star_st",1.07838385781692,0.950668057062392,1.03143649322647,0.833125460854437,0.950668057062392,0.942926626975451,1.10055964421233,0.886365641851092,0.950668057062392
"mmu-miR-101a_st",1.07200311704127,1.08671151639914,1.07200311704127,1.07200311704127,1.07200311704127,0.964314091417401,1.03090313921407,1.07200311704127,1.07200311704127
"mmu-miR-101b_st",1.07200311704127,1.07200311704127,1.03143649322647,1.02430603260336,0.90302326247838,1.17929883902182,1.06133904111123,1.35237395618298,1.3006338990007
"mmu-miR-103_st",13.2933192488669,13.2138321028137,13.1867231724018,13.2595310898147,13.3865344556418,13.405863230447,13.3197028567652,13.3705728263598,13.2010547797423
"mmu-miR-105_st",1.10055964421233,1.35056333024624,1.13344083036774,1.66160422337553,1.10055964421233,1.10055964421233,0.898866308510948,1.22189470419121,0.869239944108582
"mmu-miR-106a_st",11.243308481134,11.0777288753362,10.9972137284631,11.1355681925026,11.0769641318133,11.1876565031204,11.23216504445,11.2131898634985,11.3649228414875
"mmu-miR-106b-star_st",7.99275111241891,8.42810804653772,8.20953148883862,8.48398466967096,8.39883823841276,8.53416419230569,8.02037069476946,8.54617424633215,8.01149392723091
"mmu-miR-106b_st",11.7725369888659,11.6546616440204,11.769179363885,11.7240604169755,11.7345025452042,11.6916189398321,11.7552846877634,11.7507178711496,11.5924375202744
"mmu-miR-107_st",12.9613040052,12.848371456242,12.848942923394,12.7815779133399,12.8658403487211,12.9224305737814,12.9587828605938,12.8896356682252,12.8069985006621
"mmu-miR-10a-star_st",1.33277617360107,1.53744700627143,1.28317793091644,0.906688799232474,1.16555612557784,1.28317793091644,0.86285581878802,1.0066259330896,0.950668057062392
"mmu-miR-10a_st",1.23922316506451,1.29602543705933,1.28131703770146,1.03143649322647,1.08671151639914,1.54329230318634,1.47182592001562,1.2145902736085,1.71573685924741
"mmu-miR-10b-star_st",1.17321029557892,1.03219371376776,0.979224584233456,1.21741694119004,0.950668057062392,0.979224584233456,0.979224584233456,0.745267618944038,1.07933668311742
"mmu-miR-10b_st",1.92411434553574,1.29602543705933,1.06038107797123,2.05468160911687,1.6743944234428,1.0777859525522,1.58371292139638,1.55180239837851,1.64474835363889
"mmu-miR-1186_st",0.87704816109611,1.00507910421005,0.937749689140294,0.774177929885019,0.836358757953178,0.913072924553037,0.710309751620349,0.932229140410236,0.950668057062392
"mmu-miR-1186b_st",1.07200311704127,1.03345169507306,1.31821831597631,1.19722269097125,1.07200311704127,1.01846492478476,0.872461058809722,1.2145902736085,1.05997037348302
"mmu-miR-1187_st",3.21598426922152,2.28421741949757,1.26936489043311,2.55514588115844,2.26556359800282,2.02593435516192,2.1511539290919,2.75728409012435,3.44524274166134
"mmu-miR-1188_st",1.0503149925695,0.795309017912486,1.26442616437186,1.26442616437186,1.26442616437186,1.28131703770146,1.45191288403115,1.53842655638788,1.43366141424169
"mmu-miR-1190_st",1.14560548174042,1.28990230708247,1.10866556343929,1.15695348061009,1.15695348061009,1.19454861311945,1.35969060137833,1.06674340296244,1.19454861311945
"mmu-miR-1191_st",1.1472169854075,0.950668057062392,0.902380139891591,1.03143649322647,1.10866556343929,1.10866556343929,0.975945349437801,1.12258409395149,1.03510222506125
"mmu-miR-1192_st",1.5310369597944,1.07200311704127,1.05846975287468,1.34515753718962,1.01185315284026,1.40332115903987,1.35969060137833,1.2145902736085,1.08687447285397
"mmu-miR-1193_st",0.958373078511774,1.01259776836705,1.05114919033525,0.986846775123955,0.836892295689112,1.09324306297221,1.24313465012215,1.21457812295109,1.07200311704127
"mmu-miR-1194_st",1.17466818594283,1.07200311704127,0.950668057062392,0.949330858981977,1.0320961700162,1.07200311704127,0.977375339764336,1.14871728364113,1.07200311704127
"mmu-miR-1195_st",2.83165675138746,1.88665541662826,1.39342947595579,1.43049062121247,3.5167228664434,4.57856965705873,4.35691889430816,3.21256177508873,2.73399749436016
"mmu-miR-1196_st",4.23413519977141,4.18954126482546,3.537418235147,4.18954126482546,4.06945995850032,4.18954126482546,1.84699513800488,4.48024958020375,4.86533303158933
"mmu-miR-1197_st",1.14764723719316,0.983549243217796,1.01025652591974,1.02738222366225,0.760618951568655,0.950668057062392,0.983549243217796,1.02738222366225,0.983549243217796
"mmu-miR-1198_st",2.38337500653313,3.12838755034904,1.32576226876359,2.25266530187799,1.73350439155431,1.65403129941662,1.66160422337553,1.54939465967587,2.32824541894601
"mmu-miR-1199_st",2.38755455461919,1.57329153075292,2.3212113064617,2.84287703661829,2.38755455461919,2.44509352743147,2.38216506628236,2.439166235033,2.5514144595799
"mmu-miR-122_st",0.679190838614845,0.959341454065391,1.1415467495947,0.74656768604929,0.836358757953178,0.869239944108582,0.902121130263987,0.779029866460931,0.869239944108582
"mmu-miR-1224_st",7.23473024551603,6.83417820502299,6.47470506719804,6.07181499097599,6.93654534795786,6.45909524506339,6.7629234589921,7.31422826689552,6.7629234589921
"mmu-miR-124-star_st",1.01506934507641,0.642814944053364,1.0521495739728,0.933777183732787,0.950668057062392,0.847847281982525,0.96667298551704,0.753772058894678,0.857071838699507
"mmu-miR-124_st",1.43200162309764,1.37444367235497,1.27785520513076,1.68038838914783,1.53067194201387,1.15695348061009,1.7773080794663,1.59852877004342,1.61008803144307
"mmu-miR-125a-3p_st",5.88237733284738,6.37751914899642,6.37751914899642,6.44009221621588,6.54839666801674,6.86683827075292,6.06472299507695,6.42003351464096,5.62466337165874
"mmu-miR-125a-5p_st",11.1977253862717,11.6194012536749,11.008629374722,11.5096105781846,11.2088373047681,11.2837786324063,11.1964811143709,11.2084850345597,11.3681702310661
"mmu-miR-125b-3p_st",4.68641713493465,5.41649392893817,4.93098473374814,5.44840051907301,5.69782662868813,5.38874474454635,4.40764287225267,4.51191174465017,4.98139853940804
"mmu-miR-125b-5p_st",11.263688425209,11.1387162139082,11.2293545269903,11.1899292187632,11.0713194129477,11.0572709844408,11.2450589023928,11.1899292187632,11.1895399574776
"mmu-miR-125b-star_st",1.23922316506451,0.910435702900251,1.07542258454278,1.23922316506451,1.23922316506451,1.01492247411601,1.44700983690254,1.95854371628345,1.47004997754333
"mmu-miR-126-3p_st",2.1415389668166,2.61303358793912,2.05742935152948,2.9513059302868,2.63118597733287,3.22991257994634,3.25756907352443,2.16293001347048,3.80921110043788
"mmu-miR-126-5p_st",1.01682213772714,1.29602543705933,1.01682213772714,1.30387296233466,1.07200311704127,0.847702426092773,0.933339596189099,1.07200311704127,1.45474919482018
"mmu-miR-127-star_st",0.869498953736186,0.917786870906987,0.950668057062392,0.733177865317509,0.950668057062392,0.917786870906987,1.37304911537341,0.912855816769837,1.29602543705933
"mmu-miR-127_st",1.06417736878661,1.03561842063121,0.950668057062392,1.15695348061009,1.15695348061009,1.23826783657479,1.23922316506451,1.40079057920553,1.16761755654014
"mmu-miR-1274a_st",6.44143459472314,6.34775149730584,6.17533412950232,6.36192486640107,6.60721398045416,6.92957297768119,6.71642584199863,6.56138154539567,6.60721398045416
"mmu-miR-128_st",6.30324054683234,6.48847647781428,6.42226697348627,6.43949019525864,5.77677441301151,5.61785512936366,6.22101659732582,5.54437186571236,6.62176976051058
"mmu-miR-129-3p_st",1.24314680077956,2.11601153513734,1.61136612105302,1.64318375797208,1.24314680077956,1.24314680077956,1.07180044236349,1.2145902736085,1.17075729316404
"mmu-miR-129-5p_st",1.17929883902182,1.07200311704127,1.07200311704127,1.06180283075672,0.676675989989695,1.19752010442489,0.579799000659711,1.14959901456536,1.57976099720612
"mmu-miR-1306_st",4.1850712285906,5.00183828259708,5.21903969887061,4.81607283600484,4.81607283600484,5.00183828259708,3.90085490425825,5.36775650999141,4.6027592276157
"mmu-miR-130a_st",9.15774811799165,9.20328301911027,9.36556865433317,9.4244632869209,9.32360988233718,9.28119077247964,9.41451088432528,9.20752755015788,9.48594120174689
"mmu-miR-130b-star_st",0.942842308807734,1.29602543705933,0.939243254969428,1.52854073296985,1.40332115903987,1.15695348061009,1.02270188603793,0.913072924553037,1.50568091808671
"mmu-miR-130b_st",8.8727569033703,9.04536902657529,8.91990283951198,8.98787616464191,9.13910484498992,9.03635850442091,8.97300591916306,8.98787616464191,8.81322154665576
"mmu-miR-132_st",6.62226675364129,6.62985388382738,6.37006592068306,6.73002220912762,6.51907574177982,6.293843594579,6.45616700386913,6.37972346481152,6.51907574177982
"mmu-miR-133a-star_st",0.649380258666385,0.836358757953178,0.959246949289317,0.805485729787015,0.739853669393314,0.950668057062392,1.32458038965831,0.916143530759981,0.706199449816453
"mmu-miR-133a_st",0.950668057062392,0.950668057062392,1.40332115903987,0.567715544556102,1.10959824955062,0.811596100613157,0.786569853870359,1.07200311704127,1.07200311704127
"mmu-miR-133b_st",0.790396840477544,1.2163844300707,0.893916708695839,1.04112976103989,0.992362110052643,0.977375339764337,1.15958215807588,1.13494926661987,0.871027050073765
"mmu-miR-134_st",1.87972573642378,1.44796091416212,1.70029492426184,2.0313759275661,2.31533430553123,2.439166235033,1.9044985300907,1.89808343630525,3.20877217979114
"mmu-miR-135a-star_st",1.56169152593166,1.21619102884848,1.45555112178737,1.52854073296985,1.3124850605569,1.43684861764826,1.52854073296985,1.72873041701531,2.22004344740681
"mmu-miR-135a_st",0.482392799941113,0.950668057062392,1.00822600780505,1.03143649322647,0.627464015991994,1.24990499368304,0.863284020470219,0.924212193736308,0.950668057062392
"mmu-miR-135b_st",1.00911636940999,1.10374414668692,1.08988480557407,1.08583053600985,1.09650040600216,1.32971109206691,1.03582365211194,0.913072924553037,0.662847824038213
"mmu-miR-136-star_st",1.01201953760632,0.676945449239053,0.990486350320584,1.26442616437186,1.1047956494298,0.961659403474695,1.01201953760632,1.01201953760632,1.16062361807666
"mmu-miR-136_st",0.975344821649648,0.975344821649648,0.975344821649648,0.934778197834848,1.30666286364825,0.924984687518026,0.975344821649648,1.11793197821688,0.950668057062392
"mmu-miR-137_st",0.928153005834175,1.07200311704127,1.33592533358738,0.935638702207601,1.07200311704127,0.836358757953178,1.09871039974321,1.07200311704127,1.19333817702015
"mmu-miR-138-star_st",1.2006717430963,1.45095228393052,1.09253634744055,0.935238116185105,1.40745257780005,1.28131703770146,1.35969060137833,0.779029866460931,1.2006717430963
"mmu-miR-138_st",4.37207752794702,4.37207752794702,3.3361585811167,4.97464153716605,4.58526291251472,4.70759592789821,4.7277874308309,4.78747504437168,4.58526291251472
"mmu-miR-139-3p_st",1.85555541726527,1.58217942110478,2.02346817059097,1.43890857325341,1.09854391068483,1.9808715171436,2.80135516431154,2.68310325708128,1.56000379949613
"mmu-miR-139-5p_st",4.69852472969323,3.87206655378907,2.82033793833249,2.96451675713462,3.32656822924539,2.82360007216715,3.4118658569764,3.94579171357164,3.91456808300269
"mmu-miR-140-star_st",7.81472962683896,7.9348518424071,8.09652731796423,7.76269282846315,8.45913968698736,8.70185972240578,8.0446355375459,8.27599975785678,7.85057756927179
"mmu-miR-140_st",3.55013904563088,3.55013904563088,3.04594723899154,4.70468511094948,3.95627322221398,3.55013904563088,2.82792845574849,3.55013904563088,3.59765665268336
"mmu-miR-141-star_st",2.00977119474004,2.18993134315569,2.02845315279897,2.50228104727706,2.08998374761876,2.60367670581788,2.10254730656352,1.80977082966222,2.2228125293111
"mmu-miR-141_st",8.11441678444242,7.44835046871551,8.05855055413754,8.11246235224716,8.15562176985117,8.59743933807697,8.3181718074637,8.51397646734027,8.48267152046141
"mmu-miR-142-3p_st",0.748974721361005,0.718816161745223,0.646309652459441,0.711941712853142,0.836358757953178,0.836358757953178,0.869239944108582,0.8867188920848,0.869239944108582
"mmu-miR-142-5p_st",0.881954011547533,0.972055521504342,1.12256221427919,0.935638702207601,1.07200311704127,1.12256221427919,1.2048318987336,1.07200311704127,1.11572137952748
"mmu-miR-143_st",1.23922316506451,1.22665960611975,1.16512901129996,1.26442616437186,1.11774238224184,1.28285372272605,1.23922316506451,1.2145902736085,1.40332115903987
"mmu-miR-144_st",0.848922316897933,0.836358757953178,0.848922316897933,0.781834163290143,1.22684593104709,1.22684593104709,0.944186753904403,0.848922316897933,0.614086431680534
"mmu-miR-145-star_st",1.08029297257627,1.12085959639107,1.32351522721483,1.08029297257627,1.02696562266334,0.999524536412195,1.20076040889009,0.913072924553037,1.08029297257627
"mmu-miR-145_st",0.646309652459441,1.07200311704127,0.98153808675501,2.19110619543883,1.07200311704127,0.950668057062392,1.10488430319667,1.07200311704127,0.877964919101967
"mmu-miR-146a_st",1.23556034660674,1.56870942151734,1.28936122224409,1.02723888854479,3.75612575386072,2.68438633175609,3.50204621569565,0.917470341550498,1.66406311548037
"mmu-miR-146b-star_st",0.748974721361005,0.836358757953178,0.873199291238182,0.805485729787015,0.622101863307036,0.836358757953178,1.23922316506451,0.746148680305527,1.18171613795011
"mmu-miR-146b_st",2.18111534587861,3.30420382998182,1.24185509333816,2.18464353629432,1.82048753878116,1.28665285156917,1.38339260870728,2.07317975272117,4.21120754946288
"mmu-miR-147_st",0.818445147276104,0.795530328345083,0.913072924553037,0.805990831313265,0.993145069483067,0.913072924553037,0.83343191756441,0.913072924553037,1.04590170624537
"mmu-miR-148a-star_st",0.9711455430901,1.44024723018969,1.54939465967587,1.33115292846482,1.28131703770146,1.289562056237,1.10617886450128,1.28131703770146,0.892247372917958
"mmu-miR-148a_st",2.439166235033,3.08588435105128,1.82048753878116,2.48138868597513,1.54112154688431,2.10179010522542,2.35031023683161,1.84769644214702,3.53259304650001
"mmu-miR-148b_st",4.52535525515792,4.4387051062951,2.65297232653129,4.8047476716899,3.93631361491854,3.09873430203078,5.02282721362244,4.22953307695004,4.75909143991802
"mmu-miR-149_st",8.65414408728566,8.54171916643496,8.33334596653774,8.54275776873349,8.59388044374154,8.62462882579639,8.55647592941979,8.59965541622224,8.59944953335703
"mmu-miR-150-star_st",2.44184623474512,1.73141041672743,1.00028982557189,1.92677082202747,1.72873041701531,1.72873041701531,1.95012428864777,1.95080450644976,1.54939465967587
"mmu-miR-150_st",1.28384761753581,1.4606527950409,1.4903509772506,1.54213068187146,1.28131703770146,1.08889399037087,0.857901798260272,1.2145902736085,1.08889399037087
"mmu-miR-151-3p_st",2.11600185238481,3.93601670008704,2.65883705339337,3.58409343090671,1.91069442794904,2.77108527794027,2.49301633901652,2.75696865363384,3.73986589666662
"mmu-miR-151-5p_st",11.2459860093414,11.3357879989372,11.292606136006,11.3065319539402,11.2863031841743,11.2514056874375,11.1806772509379,11.238035077314,11.0934334906532
"mmu-miR-152_st",6.64115289334184,6.5245435962051,6.3629327006938,6.47686736223335,6.10976917844411,6.23395998441127,6.4510814827058,5.90637010362754,6.50106646580953
"mmu-miR-153_st",0.857891945238911,1.86852066905938,0.968303597402404,0.880973566619785,0.945275981831085,0.82773338562313,0.855174471874276,0.79612926953029,1.2806105177283
"mmu-miR-154-star_st",1.20055819532385,1.03333814730061,1.43427623787069,0.888155820025238,1.05022902063022,0.811339822567532,0.840867353245564,0.874407954812382,1.03333814730061
"mmu-miR-154_st",0.683904784968795,1.23826687560565,1.10866556343929,0.886913842740824,0.950668057062392,0.950668057062392,0.950668057062392,0.816624998970286,0.950668057062392
"mmu-miR-155_st",1.73127084518176,1.34302733897286,1.35415410581829,1.1993521013874,0.836358757953178,1.23531527266396,1.41595946831602,1.35665033264284,2.09317400199639
"mmu-miR-15a-star_st",1.36709123327342,1.26442616437186,0.960067759768905,1.26442616437186,1.15011686526264,1.26442616437186,1.2911334470738,1.18414846791916,1.26442616437186
"mmu-miR-15a_st",8.45954312300816,8.40061048448997,8.40061048448997,8.40061048448997,8.09384902092838,8.14674926352177,8.60172597480172,8.32298632928178,8.87598112108891
"mmu-miR-15b-star_st",0.736556885260033,0.950668057062392,0.897698927528089,0.805485729787015,1.17496874801089,0.950668057062392,0.977375339764336,1.10824198391793,0.950668057062392
"mmu-miR-15b_st",10.9890540244335,10.9895981285392,10.6812597451309,10.8999802980842,10.2084766578914,10.2869336584364,10.9313282871957,10.5700067702963,11.1061260077494
"mmu-miR-16-star_st",0.977375339764336,1.01794196357914,1.29754499417033,0.977375339764336,0.866994709811352,0.755377015031253,0.977375339764336,0.777833281532789,1.07200311704127
"mmu-miR-16_st",12.889636846814,12.9037025695462,12.9685264209543,12.9909103446712,12.8167487806595,12.9181681610826,12.9365300661828,12.8822359354212,13.0660462406552
"mmu-miR-17-star_st",1.89554391345797,1.47410796511329,1.82048753878116,1.98482077189113,1.07200311704127,1.28131703770146,1.72037543989719,2.02060637489038,2.04054562823057
"mmu-miR-17_st",13.1836427769493,13.1601453625341,13.0649469010633,13.179899230955,13.3114346084843,13.3098278564078,13.1748984556853,13.2577226029077,13.130589998477
"mmu-miR-181a-1-star_st",5.29042079359343,5.29858295446767,5.62498605660863,5.75003722336391,6.39231898268015,6.48821492410762,6.42146502752342,6.3357254654226,5.86769717551504
"mmu-miR-181a-2-star_st",1.07200311704127,0.972055521504342,1.03143649322647,1.45895552940413,1.07200311704127,1.07200311704127,1.10055964421233,1.07200311704127,1.07200311704127
"mmu-miR-181a_st",10.6851799080037,10.7909221993012,10.5846850347325,10.6050178927655,10.7668733943514,10.7881227951729,10.7449760140842,10.6687291323891,10.6234220819698
"mmu-miR-181b_st",10.5234419215115,10.5234419215115,10.6090175311763,10.4563566695969,10.6262255070077,10.8146432743168,10.481623343149,10.4274517160695,10.3760131839657
"mmu-miR-181c_st",4.47097053882126,2.7319427119343,2.38658533193736,2.42507254426472,1.47610755332806,1.9808715171436,4.19730361444614,4.57865511347175,2.07474319213332
"mmu-miR-181d_st",4.29878735461868,2.15418177205924,4.95911453038331,4.80107674727937,3.85839172523141,3.49954123542745,4.68800425009245,4.20733189301133,5.08786443024063
"mmu-miR-182_st",9.9064861929883,10.14095827173,9.85788463287405,9.87720962040472,10.0088496730918,9.95587775074931,9.84711848812926,9.92177150633479,9.86511964614964
"mmu-miR-183-star_st",3.05734683301373,2.93744565373252,2.61203639575709,3.57892016077662,3.7427435630513,3.03431588911183,3.01506662944048,2.6027231589971,4.19706273754448
"mmu-miR-183_st",7.1521261121504,7.04760407977896,6.74115430726881,6.94597202935307,6.18585290978536,6.40490726677796,7.04491529555376,6.78779991285293,6.83867799153591
"mmu-miR-1839-3p_st",2.56263065194496,1.4504102180647,6.44924816002172,2.57724443768376,2.66412334429622,3.30420382998182,2.79470903709358,2.26339371532432,3.44524274166134
"mmu-miR-1839-5p_st",6.32078399431036,6.08847436428844,6.42506068192922,6.20843535380816,6.04111180437506,6.32078399431036,6.52947750504718,6.18436729407386,6.42506068192922
"mmu-miR-184_st",1.06132442548238,1.3186788337876,1.54964655264462,1.0677497754879,1.14870846207455,1.14870846207455,1.23922316506451,0.968688721607593,1.14870846207455
"mmu-miR-185_st",10.0756654244501,10.2396103740712,10.2925043222987,10.0067319718246,10.2401856764885,10.2598647572781,10.0092107572747,10.004037190358,9.89106902578211
"mmu-miR-186-star_st",0.977375339764336,0.977375339764336,0.925660328356924,0.848860479174878,1.1017388968557,0.977375339764336,1.20577595816767,0.897303194834307,0.805027498730423
"mmu-miR-186_st",1.10866556343929,1.24941109532702,1.12001356230896,1.0891405341428,1.15695348061009,1.20144167526277,0.815655157706012,0.948375371707502,1.34018268005447
"mmu-miR-187_st",1.33159585508843,0.856676385163827,1.22723413504106,0.711941712853142,0.902894163685444,0.856676385163827,0.869239944108582,0.869239944108582,0.869239944108582
"mmu-miR-188-3p_st",1.87915246695432,1.01739482115535,1.01323941572705,1.28131703770146,1.28131703770146,1.83392319693865,1.52948311781802,1.28131703770146,1.17655189555526
"mmu-miR-188-5p_st",2.33532048746429,2.9992447124374,2.21476465134227,3.0187319377962,3.75383297360955,3.5432804593201,2.0435066927344,3.96240287764293,3.55307235821782
"mmu-miR-1892_st",8.59101452653275,7.93324276460366,7.35947808927189,7.43224423204781,7.59216199792151,7.68414690806882,8.56411952391756,8.76318626292114,7.49280739482719
"mmu-miR-1893_st",5.89517438098149,4.0138602385628,2.39351005970721,4.04893290793807,4.52920801364184,4.50001089991635,5.58735766926513,6.0042105438761,4.31329986855355
"mmu-miR-1894-3p_st",5.21924470794176,4.81607283600484,3.27031651489577,3.17694794816246,3.68854599430278,3.93939298075769,4.60272947529495,3.97781674310984,4.15132614136909
"mmu-miR-1894-5p_st",1.84863159629651,2.15889239965607,1.49645048566816,2.26988739405223,3.09148887219801,3.5432804593201,3.10461768989483,2.32824541894601,2.9775256846228
"mmu-miR-1895_st",7.85173203408619,8.24929046534483,7.25597854521471,8.1365606256525,7.61067749384038,8.06722039258283,7.57274590083775,7.80544641782168,7.99117055646765
"mmu-miR-1896_st",1.69749431461083,2.30832819002611,1.18566170227267,1.32262574674859,2.53577115711782,1.56135209095784,1.35969060137833,2.7319427119343,1.86437076324377
"mmu-miR-1897-3p_st",1.32292245808543,0.950668057062392,0.878943053148986,0.964415684529393,1.08883272962943,1.07421685065041,1.44610676253343,1.18496661219759,1.16492495170853
"mmu-miR-1897-5p_st",1.40332115903987,2.03271656441065,1.23066968477771,1.66160422337553,1.07200311704127,1.40332115903987,1.40332115903987,1.58265691637931,1.21554475639549
"mmu-miR-1898_st",2.12879212522318,1.72592771811185,2.05426666757205,1.91532226832994,1.93221314165955,1.48725486191127,1.75145574817042,2.24786128418879,2.05421726299796
"mmu-miR-1899_st",1.0429386748773,1.2968268748623,0.920111383999679,1.16815824880727,1.27545397078782,0.950668057062392,1.20679702363136,1.00922805631904,1.54939465967587
"mmu-miR-18a-star_st",5.77091490308537,5.76342593297139,5.75021715144664,5.77091490308537,5.72795401391112,5.77091490308537,5.87564149973754,5.39846518063329,5.93044900043399
"mmu-miR-18a_st",11.0131818699849,10.8858174608235,10.9385095269314,11.0172917475255,11.4006677380177,11.3584332140861,11.0888057822025,11.0794402874903,10.9124515561253
"mmu-miR-18b_st",1.84863159629651,1.64234617274881,1.80034367912571,1.46258885629774,1.4799456725809,1.91042987338873,2.24557161841625,1.61844930167176,1.98770355274575
"mmu-miR-190_st",1.13287487537393,0.965654827350699,0.965654827350699,0.950668057062392,0.947976452733276,0.836358757953178,1.23922316506451,0.913072924553037,0.950668057062392
"mmu-miR-1900_st",1.25061483136178,1.07200311704127,1.18631241615048,1.18631241615048,1.14964996975246,1.18631241615048,0.919549144056887,0.929578509083667,1.48096801175107
"mmu-miR-1901_st",1.01323093824275,1.03379162359397,0.816301431849088,1.0553248108797,1.0553248108797,1.0553248108797,1.35969060137833,1.11050579019383,1.0553248108797
"mmu-miR-1902_st",1.40817465099337,1.67968268021308,1.1899386609253,1.20038797915533,0.905362648345113,0.950668057062392,1.33095524273646,1.20038797915533,1.20038797915533
"mmu-miR-1903_st",1.70829300604223,0.938678779658545,0.881927431291992,1.64961494597168,0.938678779658545,0.938678779658545,0.748974721361005,0.938678779658545,1.8124391743098
"mmu-miR-1904_st",1.25969918276144,1.29602543705933,0.913895154977275,1.11286460618028,0.777272651555259,1.24547318180719,1.14142113335134,1.59025614881488,0.800500286430058
"mmu-miR-1905_st",1.24185509333816,1.2006717430963,1.24185509333816,0.938675259685888,1.15695348061009,1.40332115903987,1.11904347234684,1.8985823933122,1.4292149669582
"mmu-miR-1906_st",4.87712966701054,2.24230582032178,2.67304145412145,2.4592878609716,3.20478544668668,3.20478544668668,2.744584749874,4.16969623831534,4.0333474639216
"mmu-miR-1907_st",1.27843426343275,1.15695348061009,1.22660184963903,1.01618324952734,1.04362433577848,1.15695348061009,1.97121650447636,1.17634454977997,1.15695348061009
"mmu-miR-190b_st",0.781855907516409,0.869239944108582,1.2145902736085,0.938314511479348,0.684978918186425,0.869239944108582,0.869239944108582,0.945954110708442,0.795676605730545
"mmu-miR-191-star_st",0.787571269120926,0.984342478957855,0.549432663129457,0.9467473464485,1.19062790250556,0.855055231126913,1.24182126087382,0.989366050493182,0.9467473464485
"mmu-miR-191_st",12.197992455808,12.2356642656404,12.2916506041292,12.2336794063628,12.2483724302014,12.3170174540719,12.1009012708747,12.1670323038105,12.0999292243952
"mmu-miR-192_st",6.69089227412147,6.83176775546672,6.51557587624804,6.8756583651444,6.83036152286091,6.6809326110867,6.92675066314736,6.84007266760398,7.09809007447181
"mmu-miR-1927_st",1.18013851269702,1.07200311704127,1.24185509333816,1.06947253720692,1.07200311704127,1.28131703770146,1.23922316506451,0.859102190418908,0.869353701097696
"mmu-miR-1928_st",1.34728907565004,1.22323640893508,1.14651644827295,1.71748454327848,1.54939465967587,1.44389399773486,1.6516806695729,1.59504528393937,1.42496412174765
"mmu-miR-1929_st",1.05593235025107,1.31794371194438,1.52693997772987,1.14870846207455,1.14870846207455,1.14870846207455,1.18158964822996,1.07200311704127,1.18927508588935
"mmu-miR-193-star_st",3.39831476729294,2.64659797297721,3.1007874115476,4.07926613188149,3.02319151402351,3.5432804593201,3.39831476729294,2.27186356761208,3.72773393902452
"mmu-miR-193_st",1.23922316506451,1.22662285461467,1.36019770318748,1.55449184448822,1.40112821304289,2.07323360491017,1.12735864856104,1.70888647981686,1.77859772852789
"mmu-miR-1930_st",1.07669786858524,1.05701634675296,0.718191095029202,1.05701634675296,1.17132564586218,1.05701634675296,1.07669786858524,1.17132564586218,0.824501050842439
"mmu-miR-1931_st",5.73910551365001,5.1035602370653,5.1035602370653,4.3639817680949,3.03063602791898,5.03930133449333,6.21041680823067,6.03956000871925,4.58402629382078
"mmu-miR-1932_st",2.22523317608239,1.29602543705933,1.49409311603268,1.84338511622205,1.53355506039597,1.408335486466,1.23922316506451,1.88841693520428,2.04401537116421
"mmu-miR-1933-3p_st",1.06159978664707,1.44455229915336,0.931916490512903,0.904301555391625,1.06159978664707,0.984885620047206,1.06159978664707,1.06159978664707,1.2006717430963
"mmu-miR-1933-5p_st",0.922317397769035,0.714666654171491,1.33732977093979,0.919068784374921,0.895537327403114,1.22137893314022,1.15973821366227,0.955274343404002,0.950668057062392
"mmu-miR-1934_st",1.84863159629651,1.72873041701531,2.56310190928675,1.72873041701531,2.24786128418879,1.28131703770146,1.66852304481093,1.26779341583903,2.07745785449193
"mmu-miR-1935_st",5.05572147712983,4.97859898470911,4.34252657851134,4.90162712646416,5.44511600097793,4.52064028712981,5.79707278551803,6.10613778037301,5.05572147712983
"mmu-miR-1936_st",0.646309652459441,1.00994991388302,1.07200311704127,1.00994991388302,1.44859665808757,0.708283113609186,1.00994991388302,0.952621022390775,0.966116933438566
"mmu-miR-1937a_st",10.0043875743779,9.71772083663347,9.8012678771741,9.59348019147975,9.83542397171185,9.87759497485043,9.95151008244474,9.82533832998556,9.81876522627825
"mmu-miR-1937b_st",9.80565768822109,9.45068737058046,9.40500651322093,9.43199055235958,9.49994973273275,9.55728120935502,9.78846823965996,9.6139436092717,9.50168728405578
"mmu-miR-1937c_st",2.07317975272117,1.40766145805096,1.54744608239454,2.00605355908139,2.34196580201053,2.12069735977365,2.64550188095472,2.07317975272117,2.07317975272117
"mmu-miR-1938_st",1.01540895398063,0.805761049417941,1.2145902736085,0.833202135669086,0.836358757953178,0.833202135669086,0.833202135669086,0.833202135669086,0.759638797291049
"mmu-miR-1939_st",1.89518470271221,1.47908760959075,1.44389399773486,1.41858490949201,1.23760857418716,1.73122870971904,2.10254730656352,1.47908760959075,2.05121153174591
"mmu-miR-193b_st",6.047861270031,6.38740322153031,6.55189221264393,6.24249505277229,5.80572021508319,6.29013705298263,6.35643581973075,5.83155046070465,5.88922810961052
"mmu-miR-194_st",7.6335223805568,7.62394391205752,7.09491995138557,7.76079891514062,7.66904093665723,7.60428462779064,7.79070048925754,7.61258006451294,7.87202789124238
"mmu-miR-1940_st",1.23922316506451,1.58458054506144,1.10650295106302,1.23922316506451,1.19660446101982,1.23922316506451,1.50666030277555,1.23922316506451,0.869239944108582
"mmu-miR-1941-3p_st",1.27170437934051,0.950668057062392,0.913197605784467,0.913197605784467,0.950668057062392,1.32859167121155,0.869239944108582,0.950668057062392,1.21525700089525
"mmu-miR-1941-5p_st",3.37601412738281,3.23857612915258,2.25597199823456,2.31219554265438,3.26737674310038,2.56684198234701,2.90453873374882,2.90521821066225,1.59789179064162
"mmu-miR-1942_st",1.35353246417372,0.950668057062392,0.950668057062392,0.950668057062392,0.829332997083513,0.950668057062392,1.10055964421233,1.30781959764324,1.06497735617161
"mmu-miR-1943_st",1.93942105800354,1.78527464003667,1.36799252535924,1.78527464003667,2.14537844815359,1.74155637755046,1.78527464003667,0.913072924553037,2.15021105703046
"mmu-miR-1944_st",0.709389405004862,1.29602543705933,0.907939436685498,0.977375339764336,0.977375339764336,0.977375339764336,0.977375339764336,1.40079057920553,0.842060507238286
"mmu-miR-1945_st",2.72287336492657,1.52854073296985,1.58369345813993,1.26442616437186,1.21619102884848,1.09034802306784,2.10959727706148,1.45183538793657,1.5805040139916
"mmu-miR-1946a_st",1.68268715093672,1.94083803262815,1.52854073296985,2.97200434874445,3.03063602791898,3.35620141825094,1.61439104865956,1.87929487824073,1.81462757670579
"mmu-miR-1946b_st",3.63836998594883,2.91411171304527,2.61891401937219,3.15186604290933,3.15186604290933,1.58549016015085,3.55557699735616,2.50424569392517,3.3623418257194
"mmu-miR-1947_st",0.566497668718756,1.15796817738207,0.882180687916138,0.826168686527975,0.950668057062392,0.950668057062392,0.76885154308453,0.882180687916138,0.972390765563789
"mmu-miR-1948_st",1.0606551181716,1.07200311704127,0.854266574567982,0.821631739140983,0.881954011547533,1.28131703770146,1.15037668071814,1.47708398905323,1.18631241615048
"mmu-miR-1949_st",1.01317560762016,0.950668057062392,1.37286644969845,0.806355285867593,1.15924910825615,1.73337254108404,1.10055964421233,1.10055964421233,1.12141357091835
"mmu-miR-195_st",4.13137144796882,4.59851928829094,3.31314848525777,4.0029274876589,3.50738728418944,2.84021123623845,4.19343841627898,2.48859997948843,4.1303070429438
"mmu-miR-1950_st",0.737387658930926,0.88232964626576,0.88232964626576,1.01984943079639,1.44929204735246,0.774640620641891,0.869239944108582,0.779029866460931,0.805609685603631
"mmu-miR-1951_st",1.40332115903987,1.5893211807646,1.33901874382857,1.33901874382857,0.83915294062139,0.933112464764592,1.51141060952365,1.08228483676176,1.81641028646317
"mmu-miR-1952_st",1.5310369597944,1.44241495292544,0.901771590283266,1.75545720416091,2.33145689810926,1.66432945105526,1.60391894215577,1.5310369597944,1.54939465967587
"mmu-miR-1953_st",0.950668057062392,0.82918727423973,1.1315269433487,0.711644678031776,0.739085764282921,1.54939465967587,1.18769404779577,0.779029866460931,1.09576310693345
"mmu-miR-1954_st",0.857891945238911,1.0448704445257,1.03036232526509,1.1959813876866,1.28024286974008,1.16593357063087,1.57183984969485,1.16593357063087,1.16593357063087
"mmu-miR-1955_st",2.03361858678517,1.03148906449096,1.08734259826469,1.26400436040148,1.26400436040148,1.47644734423924,1.29688554655688,1.20667546890923,1.2006717430963
"mmu-miR-1956_st",1.23000062341817,1.07200311704127,1.23000062341817,0.870871905341374,1.07200311704127,1.04103405207953,1.07200311704127,1.09615037982299,1.40332115903987
"mmu-miR-1957_st",1.14626069594865,0.790506756809756,0.767514276680363,0.714666654171491,0.646309652459441,0.950668057062392,0.975300948518399,1.29444228951495,0.950668057062392
"mmu-miR-1958_st",1.06000003764629,1.18026526039387,1.26169337334768,1.630387782537,1.18026526039387,0.727612158416383,0.877503745566327,0.779029866460931,1.18026526039387
"mmu-miR-1959_st",12.4206780668841,12.2439786816224,12.1584656176578,12.0418849345918,12.2364935898469,12.0490590609662,12.1321293715832,12.321420421483,12.3889943777775
"mmu-miR-1960_st",0.943687201921355,1.03107123851353,1.09461147926232,1.05701634675296,1.05954692658731,1.05701634675296,0.943687201921355,1.05701634675296,1.29602543705933
"mmu-miR-1961_st",0.977375339764336,1.08506436538821,0.977375339764336,0.795400343921639,0.819869793484747,0.977375339764336,1.322681796133,0.977375339764336,0.95269857517708
"mmu-miR-1962_st",5.03548870839751,5.52157170731038,4.31787307079247,6.05544050995624,5.87564149973754,5.52157170731038,4.8104042679502,6.01095584133017,3.83759796508869
"mmu-miR-1963_st",1.30194056664908,1.07551341186552,1.58597238778107,1.19888840325784,1.16942825954929,1.15695348061009,1.29944433982453,1.17169418606021,1.19888840325784
"mmu-miR-1964_st",0.950668057062392,0.950668057062392,1.27576335732744,1.13686836265942,0.950668057062392,0.935959657704525,1.01433322138139,0.950668057062392,0.931276987892509
"mmu-miR-1965_st",2.439166235033,2.07933583489795,1.39508063445414,2.11965419560092,2.45539144087427,1.61987405129998,2.97422470963577,2.60772922794676,2.29968490464067
"mmu-miR-1966_st",1.32791720257043,1.38471947456525,1.91894841420635,1.35380202078961,1.60841471775494,1.40332115903987,1.54939465967587,1.61940121477018,1.8568398742986
"mmu-miR-1967_st",1.3700898092181,1.10824198391793,1.14880860773273,1.07064685140857,1.08153470121598,0.950668057062392,1.10824198391793,1.5679397085083,1.42689208121292
"mmu-miR-1968_st",1.10597633156559,1.29602543705933,1.10597633156559,1.18674476772967,1.10597633156559,1.10597633156559,0.643620420585739,0.823728199230067,1.13945444099968
"mmu-miR-1969_st",1.01087542926677,1.28247248145637,1.06026920387993,1.14870846207455,0.821031307195781,0.913197605784467,0.950668057062392,0.950668057062392,0.950668057062392
"mmu-miR-196a-star_st",1.68647584605679,1.72873041701531,1.43675592396385,1.41986505063424,0.944148253724058,1.01379191472586,0.931431834855992,1.06851181081543,1.0447609796876
"mmu-miR-196a_st",0.977375339764336,1.29754873242628,0.602368104324144,0.711941712853142,0.646309652459441,0.988343787121122,1.10055964421233,0.779029866460931,0.759638797291049
"mmu-miR-196b_st",1.02371519987047,0.930986535230111,1.39203825882204,1.35147163500724,1.25158125788703,1.31837079547105,1.07200311704127,0.694079502892109,1.07200311704127
"mmu-miR-1970_st",1.13231681070774,1.72873041701531,1.49200765278603,1.3799636331922,1.05224466577771,1.12168056885655,1.23922316506451,1.2145902736085,1.40332115903987
"mmu-miR-1971_st",1.21639871879495,1.79676808818167,0.977375339764337,0.941201886317049,0.938004714016122,1.76182793259592,1.27377231403127,1.34523922857605,1.28443638996132
"mmu-miR-1981_st",1.44389399773486,1.44389399773486,1.31083050732919,1.44389399773486,1.92128554036946,2.09863842769438,1.4357880785079,1.40723155133684,1.6312538713549
"mmu-miR-1982-star_st",4.97193564691736,5.40719086253863,2.20410570266731,4.78011551356388,2.41160556531494,3.26957079181892,5.01761869250999,5.46822558026196,4.78011551356388
"mmu-miR-1982.1_st",0.990500520865821,1.32178253620775,1.54939465967587,1.33236184643251,1.68268715093672,1.28131703770146,1.19149855770843,1.20461169266818,1.40332115903987
"mmu-miR-1982.2_st",0.977375339764336,1.1914865115667,1.14544324548811,1.2797992041893,1.27213180617186,1.27213180617186,1.53338795520855,1.1914865115667,1.07015145158782
"mmu-miR-1983_st",6.29855495756811,6.34121148092347,6.08556151950902,6.20091789908649,6.31169604113405,6.09623965756993,6.51557587624804,5.90650769804452,6.94957746842457
"mmu-miR-199a-3p_st",1.10866556343929,1.07200311704127,0.813640232629071,1.10866556343929,1.02789712727521,1.10866556343929,1.05460440997716,1.35483534497035,1.27790081330912
"mmu-miR-199a-5p_st",1.02696120165304,0.61205806700468,1.1125970573261,0.911066114367193,1.60244556055393,1.05701634675296,1.33635028038211,1.05701634675296,1.05701634675296
"mmu-miR-199b-star_st",0.70836285561769,0.906835076617937,1.17075729316404,0.869239944108582,1.54939465967587,1.02817013659681,1.02817013659681,1.07200311704127,1.12279791387375
"mmu-miR-199b_st",1.02549115292205,0.925543557385125,1.32051648373227,0.775119775021766,1.02549115292205,1.05701634675296,1.28969203918121,0.945419007992023,1.02549115292205
"mmu-miR-19a-star_st",0.66779623180289,1.1593127830859,0.694990449000524,1.03143649322647,0.954722326626611,0.867338290034438,0.867338290034438,0.924975083032844,0.799136617268096
"mmu-miR-19a_st",7.06757399257343,6.59730357871664,6.79791977530684,6.79791977530684,6.5749852165118,6.54149021889784,7.17425858124433,6.84649881662495,6.9841647454895
"mmu-miR-19b_st",11.0229049592971,11.1575095645183,11.0395709403464,11.0093914106909,10.7321629402117,10.7383804457129,11.2846184660778,10.9227263474052,11.1890221741661
"mmu-miR-200a-star_st",5.62926580466097,5.5412754190099,5.4682549177586,5.20582044051524,6.04684405372349,6.01333474589926,5.62588495278027,5.03785063099426,5.31897375996229
"mmu-miR-200a_st",6.41873103762222,5.96444676592225,6.59164574222762,6.3319801078464,6.24545684367845,6.39504231372489,6.90275331477828,6.46920871654356,6.82544147328547
"mmu-miR-200b-star_st",6.94275392213983,7.45225828464676,6.95730390116132,7.02688325336355,6.86144160835396,7.0654062544863,6.93392566912826,6.73309706218685,6.67869247394521
"mmu-miR-200b_st",7.18521089136036,7.36719900203186,7.09223619046037,6.94829567907674,7.00991923203296,6.58570389995765,7.20381250190806,6.81936907350922,7.19029576743631
"mmu-miR-200c-star_st",5.0513551348358,5.80899359406634,6.072111193545,5.95530568512963,5.99937269543186,6.30667792752183,5.96269609768415,5.50334921440763,5.65522864486703
"mmu-miR-200c_st",13.4559611607253,13.5888847122012,13.6030723737283,13.4358900810927,13.5019536632413,13.4539445561537,13.4098097349279,13.4362338936079,13.3935049075026
"mmu-miR-201_st",0.918616457945555,1.07200311704127,1.18728401305146,1.11583609748573,0.646309652459441,0.992394681679764,1.28490404366363,0.859102190418908,1.07200311704127
"mmu-miR-202-3p_st",1.5141460864648,1.40349812082109,1.26442616437186,1.26442616437186,1.35418061977085,1.26442616437186,1.0848480235261,1.2145902736085,1.26442616437186
"mmu-miR-202-5p_st",0.977375339764337,1.16255497424538,0.930725613423876,0.805419929276786,1.27711820593762,1.28541696515629,1.14348749500788,1.12851412546728,1.03388634819035
"mmu-miR-203-star_st",0.767169205602744,0.73641116241625,0.977375339764336,0.977375339764336,0.743418374474918,0.92265544367477,1.19511188223762,1.26598882838673,0.977375339764336
"mmu-miR-203_st",1.40332115903987,1.48150672174692,1.33603693379103,1.15356688393713,1.28131703770146,1.15461555160485,1.28131703770146,1.01952382584503,1.05904471142882
"mmu-miR-204_st",1.10866556343929,1.2006717430963,1.2006717430963,1.14870846207455,1.40745257780005,0.859959956004264,1.35969060137833,1.2006717430963,1.20320232293065
"mmu-miR-205_st",13.1215388840036,13.1508548465872,13.3312513804962,13.1926780089849,13.184489312833,13.2222989833559,13.1696683972553,13.1440234969373,13.299413113621
"mmu-miR-206_st",0.987330503460413,0.893110106319731,1.2145902736085,1.54026916339665,0.836358757953178,0.589138105369044,0.894157048636381,0.779029866460931,0.808030151313589
"mmu-miR-207_st",2.60788722452853,1.81517571585335,2.19029008552962,2.33777057649218,3.68992875816333,2.71815637479557,1.36515046798334,2.01962639416099,2.49332063925222
"mmu-miR-208a_st",1.05880345271815,0.89158340469491,1.13957188888222,1.11398443203227,1.15343122999508,1.26811737337834,0.977375339764337,0.899873260229913,1.15343122999508
"mmu-miR-208b_st",0.886448472409976,1.10055964421233,1.10055964421233,1.13373051335282,1.20606030615334,1.05701634675296,1.10055964421233,1.10055964421233,1.67468307704022
"mmu-miR-20a-star_st",0.646309652459441,0.733693689051614,1.15423600724546,0.872313415865832,1.05428841170853,1.05428841170853,1.29525258905662,1.07344462756573,1.17562347168741
"mmu-miR-20a_st",12.9854703901383,12.965929971218,12.8731537448039,12.9199088520903,13.0979376727246,13.0922697950701,12.9857516124846,13.0318237878889,12.9857516124846
"mmu-miR-20b-star_st",0.901017585980787,0.975175903049873,1.13061478931226,1.25008833081633,1.13061478931226,1.13061478931226,1.10055964421233,1.28404891657425,1.29536152226059
"mmu-miR-20b_st",9.84960940554863,9.79228790176776,9.50199131344356,9.67742584620611,9.7085046299483,9.62007459537769,9.92784860479372,9.64498272805829,9.97704097033091
"mmu-miR-21-star_st",2.87508757113561,1.88871987716894,2.61532458177723,2.13210129501599,3.00626822875828,2.01989173131633,3.84032844709213,2.46730511063018,2.72389044675377
"mmu-miR-21_st",8.77270409714145,8.76740870208627,8.61058574971992,8.45097167377663,8.24287199885461,8.62553150804708,8.91093927045047,8.45709959660209,8.69046949598173
"mmu-miR-210_st",7.51289738903722,7.86064766065732,8.02139906010773,8.02139906010773,8.66604021687957,8.81143864940614,8.41466778062683,7.62483951037246,7.57436496618852
"mmu-miR-211_st",1.23733418949432,0.679577333365621,1.23733418949432,1.66160422337553,1.23733418949432,1.50957341513197,1.23733418949432,1.09474703292709,1.2006717430963
"mmu-miR-212_st",1.23922316506451,1.54939465967587,1.54939465967587,1.52068552172328,1.54939465967587,1.28131703770146,2.00593227560445,1.54939465967587,1.64474835363889
"mmu-miR-2132_st",9.53486393142703,8.68329061297879,8.38636680755466,8.96506683094864,9.81821453270416,9.59940113121135,9.44177515035824,9.58428945297115,9.44177515035824
"mmu-miR-2133_st",8.61057306305557,8.26831165763961,8.43888955367453,8.29279669782989,9.06679273861548,8.93694190169348,8.40345200790903,8.78400826501013,8.72442106553101
"mmu-miR-2134_st",4.72913110161727,3.20563695702552,1.96992417427979,3.20563695702552,3.20563695702552,2.39741367548824,4.13199542811621,3.68675543350647,3.05902217041424
"mmu-miR-2135_st",8.64148462177787,9.57961539294968,10.3061160388671,9.93499361005105,10.2035523456866,10.0116488459369,8.51003275226383,9.01140301277332,9.55318093897541
"mmu-miR-2136_st",1.10866556343929,0.755332885299462,1.22814895796472,1.95892882521959,1.10241225637558,1.08713237615356,1.22814895796472,0.694729396294047,0.913621442238593
"mmu-miR-2137_st",12.9918845457852,12.2777827959677,12.2834237478583,12.1633327194313,12.684710377021,12.6702794892045,12.3343657337652,12.8820974365396,12.7760857109185
"mmu-miR-2138_st",12.1572124844168,11.8170407565511,12.0748610201555,11.8699600414882,12.6725043794582,12.3852384775981,11.6898732412513,12.2116609607148,12.3006204187433
"mmu-miR-2139_st",0.969593606990057,1.15695348061009,1.18366076331204,0.99802328812186,1.27828854058897,1.15695348061009,1.06232570333316,1.54939465967587,1.60993585747295
"mmu-miR-214-star_st",0.873930946946881,0.873930946946881,1.03143649322647,0.873930946946881,0.873930946946881,0.762313252166782,0.873930946946881,0.873930946946881,0.89715858182168
"mmu-miR-214_st",1.59020350614574,1.40079057920553,1.75430150012111,1.66160422337553,1.40079057920553,0.950668057062392,1.03124787587013,1.40079057920553,1.40324947131037
"mmu-miR-2140_st",6.68330334024354,6.80510503278729,6.89075898451715,7.17280756804383,7.58247018058747,7.32659040547175,7.20679415698539,7.31932693872148,7.03864773382164
"mmu-miR-2141_st",5.63597381978085,6.92423666089605,8.99950937214843,7.35683872223455,7.15259222109976,6.47833629383307,6.42146502752342,6.46870617907274,6.4441464522364
"mmu-miR-2145_st",10.8068986167145,10.3612650510298,12.6673207340904,10.9053506903275,12.0443345084649,11.5794431890212,10.7441319235735,11.2162890026019,10.9872979070859
"mmu-miR-2146_st",9.99323373580392,10.4436383131426,10.7500024683788,10.5726084365584,10.4826905348648,10.4837894286113,10.0471131918105,10.1314380208604,10.3138566363002
"mmu-miR-215_st",1.03081976679941,0.889803184988247,1.07200311704127,1.03081976679941,1.11146506140457,0.950668057062392,0.922684371143651,0.88167305449861,1.03081976679941
"mmu-miR-216a_st",1.05114919033525,1.2006717430963,0.836892295689112,1.05114919033525,0.93683989122604,1.05114919033525,1.05114919033525,1.07200311704127,1.50380229231274
"mmu-miR-216b_st",1.9947050969325,1.6176606927065,1.78662004688056,1.66160422337553,1.50335139359728,1.54939465967587,1.31637289431049,1.54939465967587,1.25350906540623
"mmu-miR-217_st",0.902507044555661,0.880973857269927,0.880973857269927,0.957688023869787,1.00230891724881,0.987322146960499,0.748253643268437,0.880973857269927,0.759638797291049
"mmu-miR-218-1-star_st",1.19822489132292,0.893110106319731,0.950668057062392,0.932791264411727,0.96982427291959,0.839718117766881,0.96982427291959,0.999879418019517,1.07200311704127
"mmu-miR-218-2-star_st",0.869239944108582,0.944860849576981,0.869239944108582,0.832206935600719,0.869239944108582,0.950668057062392,0.880587942978253,0.779029866460931,0.78311304678579
"mmu-miR-218_st",0.779029866460931,0.93881414855009,0.779029866460931,0.669228700339918,1.00102819119401,0.779029866460931,0.779029866460931,0.779029866460931,0.779029866460931
"mmu-miR-2182_st",2.72561527918881,2.7534948101002,2.53577115711782,2.33777057649218,2.53577115711782,2.90516625669086,2.56854732822138,2.41170340421401,1.87647036825655
"mmu-miR-2183_st",1.32973042146943,1.45629963549445,1.20824963864677,1.40079057920553,2.0983729330298,1.44389399773486,1.90648540213151,1.44389399773486,1.66406311548037
"mmu-miR-219_st",1.07200311704127,1.07200311704127,0.995283156379141,0.83327677283202,1.38217461165263,1.05701634675296,1.35969060137833,0.885378156151503,0.769196113728784
"mmu-miR-22-star_st",5.2719585474418,4.8481868253538,4.18018204050276,4.96368442795052,3.03063602791898,4.67504691130392,5.02117406693652,2.22843191724924,5.0747758523133
"mmu-miR-22_st",11.5927106590181,11.4947103268968,11.7877406752781,11.7280885121097,11.7890861309715,11.8303443740086,11.7989707504123,11.6405735532237,11.7280885121097
"mmu-miR-220_st",1.43931454407836,1.28131703770146,0.97695863309851,1.49902726334213,1.28131703770146,1.4689794462864,1.09126793220772,1.78399575864614,1.1078061037865
"mmu-miR-221_st",12.412565956207,12.3410687175761,12.4436054717582,12.3891063495293,12.3737990443363,12.3464038230439,12.4604118530046,12.3963121155024,12.428701017701
"mmu-miR-222_st",12.5672275462305,12.6543360903949,12.4943085821771,12.5807828879606,12.5417879992276,12.5678882064506,12.5319176718118,12.5678882064506,12.5921826448783
"mmu-miR-223_st",1.40079057920553,0.872775577249919,1.40973982259562,1.40079057920553,1.40079057920553,1.31852089475111,1.37558757989818,1.54939465967587,1.40079057920553
"mmu-miR-224_st",1.97063377211567,3.42620600580099,2.19518192854033,2.59887922152862,2.19518192854033,2.73699398309427,1.52854073296985,1.71493129256455,2.19518192854033
"mmu-miR-23a_st",13.5813892934702,13.5842616927911,13.5274561868862,13.5488811533606,13.4799439908794,13.3996363743039,13.5982303561685,13.5586522843973,13.7179249645178
"mmu-miR-23b_st",12.5949941305107,12.5357971449598,12.3957439052521,12.5239275178436,12.4162548372072,12.4734538732592,12.5250772381577,12.5329758817542,12.6063867735267
"mmu-miR-24-1-star_st",1.40332115903987,1.07200311704127,1.49794893631681,1.23143154906255,1.18906426439373,1.53661365030073,1.66315393746786,1.40079057920553,1.49794893631681
"mmu-miR-24-2-star_st",3.16429538123756,2.55979025827619,1.92870592426476,3.47853052761974,2.104864271009,3.68810511274774,2.98347200147265,2.00630182178885,2.61532458177723
"mmu-miR-24_st",13.5133536907902,13.4203938421455,13.4034071132623,13.4787756467657,13.5626536082046,13.5551173096428,13.4831795968769,13.4989342319988,13.4020370290437
"mmu-miR-25_st",10.0483566579281,10.257167490222,10.0620846789422,10.1421312095108,9.56085318146423,9.44621545582365,10.2076148766185,9.84433203758422,10.2249015512042
"mmu-miR-26a_st",12.2279982500498,12.3374440816338,12.238103789668,12.328715191778,12.1413745345153,12.1368559474473,12.1845457977981,12.1707578998884,12.254163072769
"mmu-miR-26b-star_st",1.04400005217123,0.987603512782015,0.987603512782015,1.03143649322647,1.03143649322647,1.03143649322647,1.05814377592841,0.85979830262501,1.55384364805891
"mmu-miR-26b_st",2.40444273998506,1.92553318714135,1.63795258114934,2.07662000491961,2.3585165766508,1.91054641685304,2.167190961481,2.18442986982213,1.89347714996364
"mmu-miR-27a-star_st",9.05239573964151,8.517745142615,8.39542414024967,8.58211572725899,9.31137348033602,9.14293789113354,8.93084182719551,8.80721739443016,8.9504598270529
"mmu-miR-27a_st",12.1114769046079,11.5389556002826,11.6100215133382,11.8965814291522,12.4359950737058,12.3968610070211,12.2915857174818,12.1700065153594,12.2555794678253
"mmu-miR-27b-star_st",6.70725059173952,7.4964547340008,7.38986241453733,7.14442581354396,7.18650608590702,7.07201735625362,7.06779793286721,6.85942245140251,6.73820053402207
"mmu-miR-27b_st",10.2364952312787,10.0831648004239,9.9653797925461,10.1965091881191,9.81782832233914,9.73841135510704,10.2598647572781,10.1180476488334,10.3678124307662
"mmu-miR-28-star_st",1.35503324186907,1.10866556343929,1.10866556343929,1.10866556343929,0.986661442100878,1.10866556343929,1.10616933661474,1.2145902736085,1.10866556343929
"mmu-miR-28_st",7.44604844066048,7.93119755889483,7.5848516127215,7.60850474397755,7.64939929780654,7.67516332399348,7.69998692487391,7.64939929780654,7.69690300387852
"mmu-miR-2861_st",13.4921594079243,13.3003309568807,13.3449497390179,13.5799657486845,13.575313285653,13.5568817957826,13.2708658330284,13.7735230352202,13.5095197621125
"mmu-miR-290-3p_st",1.01682213772714,0.777798758696528,1.1562065133978,1.0082489027197,1.07200311704127,1.11563367470282,0.78495229243375,1.53630736968472,1.07200311704127
"mmu-miR-290-5p_st",0.916194769384241,1.23922316506451,0.978481208624012,1.69810555630108,1.40332115903987,1.38316658726443,1.15958215807588,1.40079057920553,0.622072485951469
"mmu-miR-291a-3p_st",0.977375339764337,0.911353957825923,1.02566325693514,1.02566325693514,1.02566325693514,1.15695348061009,1.27668829487417,1.02566325693514,1.27566694296905
"mmu-miR-291a-5p_st",0.950527649113696,1.10790855699372,0.40398894078435,1.31946673573729,0.829046866291034,1.11205691811839,1.15712219772871,0.913072924553037,1.01028762114754
"mmu-miR-291b-3p_st",1.02058379994008,0.950479439706049,1.03124787587013,0.779717258904179,0.836170140596835,1.05682772939662,1.51083224364358,1.40079057920553,1.25527019588818
"mmu-miR-291b-5p_st",1.44069188107675,1.38394266538292,1.9808715171436,1.6989749454124,2.01824223918047,1.31868775973834,1.39874401041921,1.96170360525797,1.84508547510091
"mmu-miR-292-3p_st",1.10866556343929,0.851948826516734,1.2006717430963,1.22587474240365,1.03345169507306,0.908216358773718,1.48998931100165,1.2145902736085,2.14348083599755
"mmu-miR-292-5p_st",1.48922685109841,1.2006717430963,1.10604396581937,1.52854073296985,1.05965516128514,0.839141791402952,1.11328770650413,1.72445683614161,1.12395178243417
"mmu-miR-293-star_st",1.07200311704127,1.2267961837294,1.00232034490892,0.789754984705747,1.07200311704127,1.17835140673184,1.23922316506451,1.07200311704127,1.35546480978443
"mmu-miR-293_st",0.92922652190212,1.02834421774008,0.826932925878247,1.13440849831375,1.32486033516083,1.14265351684929,1.10055964421233,1.2145902736085,0.951624257077947
"mmu-miR-294-star_st",0.950949147759775,0.88679725642936,0.929415960474041,0.898542932307879,0.829468364937113,0.879055826342419,0.80634397423195,1.07200311704127,0.843289063151249
"mmu-miR-294_st",1.07267217840081,0.865717693493569,1.01315610124588,1.00584903637652,0.739085764282921,0.950668057062392,1.15340517783063,1.00584903637652,0.690936179436305
"mmu-miR-295-star_st",0.97922700521779,1.07200311704127,0.854512925296388,1.70532320783391,1.07200311704127,1.07200311704127,1.09871039974321,1.19333817702015,1.29602543705933
"mmu-miR-295_st",0.869239944108582,0.709078643855946,0.869239944108582,0.895695807434666,0.766574875207019,0.811681993365921,0.95269857517708,0.869239944108582,0.869239944108582
"mmu-miR-296-3p_st",3.47254359751036,3.32704894805783,1.52854073296985,3.39928394697959,3.03116335378819,3.63836998594883,3.97629516048552,2.91714740653441,3.73050080402271
"mmu-miR-296-5p_st",1.18854092587798,1.19746661641622,1.28131703770146,1.15689999260142,1.28131703770146,1.61196601834053,1.23922316506451,1.35708967664688,2.16566845891261
"mmu-miR-297a-star_st",1.40332115903987,1.40332115903987,1.40332115903987,1.52279470054394,0.950668057062392,1.40332115903987,0.977627694458045,1.40332115903987,1.73463920103848
"mmu-miR-297a_st",1.69860861022375,2.04138840808114,1.71343437943255,1.2684226116756,1.68268715093672,1.08696544353652,1.79094971354872,1.49705568247106,1.64036750702065
"mmu-miR-297b-3p_st",1.10866556343929,0.950668057062392,0.846346160460075,1.09927323015006,1.0847111151545,0.913072924553037,0.83343191756441,0.913072924553037,0.869239944108582
"mmu-miR-297b-5p_st",0.947976452733276,1.13802555822701,1.05120364563633,1.01360851312698,1.17253870561521,0.836358757953178,0.849510309934945,1.66608423214602,1.01360851312698
"mmu-miR-297c-star_st",1.23922316506451,1.26486086629188,0.680237209221821,1.131133673111,1.37702355290894,1.02921650720379,1.08298485524878,1.10593067380365,1.35593435983756
"mmu-miR-297c_st",0.731076588008056,1.03143649322647,1.32662202888678,1.03143649322647,0.954731148193189,1.13873221520702,1.03143649322647,0.928136713421641,0.957873154848433
"mmu-miR-298_st",1.33638429277203,1.55515639422532,1.15695348061009,1.35969060137833,1.33113407420726,1.54746700402271,1.35969060137833,1.24748103767867,1.82569062303619
"mmu-miR-299-star_st",1.26385605652051,1.4117241166119,1.23922316506451,0.867338499251102,1.28751108223531,1.1815863720661,0.97245989297091,1.23922316506451,1.54939465967587
"mmu-miR-299_st",0.813480027778982,1.0834636101596,1.4129333381553,1.14870846207455,1.53729689524667,1.14870846207455,1.23335519730954,0.676411224245291,1.04394331992835
"mmu-miR-29a-star_st",0.646309652459441,0.737045832045116,0.817814268209194,0.737045832045116,0.737045832045116,0.737045832045116,0.987417209945403,0.756436901214998,0.632316101980427
"mmu-miR-29a_st",10.7719304530591,10.6096534780151,10.6722710498901,10.6609411222271,10.5427024825514,10.658353250003,10.971646492431,10.6424180981494,11.0080763044019
"mmu-miR-29b-star_st",6.50406719754368,6.39535854267299,6.172759556875,6.03460249599061,6.38814802642984,6.11779567367193,6.83165110621126,4.7745746923141,6.53038652955105
"mmu-miR-29b_st",4.7773818653716,4.68813280296509,4.68813280296509,4.45284706354381,3.59840327585591,4.12435114493393,5.47800004974921,4.29627530819512,5.5492216674609
"mmu-miR-29c-star_st",1.04662283067029,1.20424303788836,1.24563828195314,1.52854073296985,1.26073400247265,1.9808715171436,0.869239944108582,1.62164063797042,1.44785822460322
"mmu-miR-29c_st",4.50271412748887,3.34924844917802,2.68707687270368,3.62241954398965,2.18210110351987,3.79044611407157,4.86828041629857,4.33635023122451,4.0333474639216
"mmu-miR-300-star_st",0.863284020470219,0.950668057062392,0.950668057062392,1.26442616437186,0.950668057062392,0.817996954828968,0.871279404767473,1.0024001470527,1.2969728693493
"mmu-miR-300_st",0.857891945238911,1.1490135303658,0.977375339764336,0.805485729787015,1.03470423125658,0.836605108681583,1.19511188223762,0.977375339764336,0.977375339764336
"mmu-miR-301a_st",5.70600449874208,6.00107471968693,5.88248871611498,6.31393625321026,5.6161134176946,6.10952132512566,6.35451752958789,6.10137804318682,6.26141287320437
"mmu-miR-301b_st",1.04639440790471,0.960765507628835,0.960765507628835,1.40079057920553,1.28131703770146,1.1480245464406,0.94372933900315,0.960765507628835,1.66406311548037
"mmu-miR-302a-star_st",1.09661828944816,0.950668057062392,1.9356785688146,0.950668057062392,0.885035996668691,0.950668057062392,0.885035996668691,1.32002214304145,0.782090773722038
"mmu-miR-302a_st",0.913072924553037,0.950668057062392,1.0847111151545,0.845984770945248,1.07200311704127,0.836358757953178,1.10055964421233,0.913072924553037,0.710669938419197
"mmu-miR-302b-star_st",0.950668057062392,1.17266638179547,0.856177608712062,1.03143649322647,0.950668057062392,0.950668057062392,0.538590963469514,1.04529583433933,0.950668057062392
"mmu-miR-302b_st",0.950668057062392,0.950668057062392,0.856040279785458,0.711941712853142,0.950668057062392,1.06497735617161,0.983549243217796,1.16606434243092,0.980026992602783
"mmu-miR-302c-star_st",1.23491725171106,1.07200311704127,1.39259783969818,0.876410478155016,1.39186456492278,1.0939006698999,1.07200311704127,0.806974575076177,0.9797874713299
"mmu-miR-302c_st",0.836358757953178,0.913078718615307,0.836358757953178,0.892869766379188,0.733693689051614,0.692703361609841,1.05409530042647,0.779029866460931,0.852896929531949
"mmu-miR-302d_st",0.901724925683366,0.780244142860705,1.20425996082881,1.19254144251901,0.690142632903896,1.05701634675296,0.913072924553037,0.913072924553037,0.763181337403094
"mmu-miR-3072-star_st",7.34883133458636,7.23673628345093,6.68524640578601,7.02542991200908,7.23673628345093,7.45964309510432,7.009358208633,7.23673628345093,7.42840482996631
"mmu-miR-3072_st",1.52854073296985,1.2006717430963,1.48482247048364,1.85597964860988,1.5003966754545,1.52854073296985,1.4973860294284,1.41629250842295,1.54324913232772
"mmu-miR-3099-star_st",1.40332115903987,1.24843585154606,1.24843585154606,1.28131703770146,1.1618434961974,1.28131703770146,1.28131703770146,0.961509756722335,1.89347714996364
"mmu-miR-3099_st",0.917941433392632,1.37895180534318,1.0035193533481,1.34135667283382,1.07459340074022,1.19454861311945,1.10055964421233,1.15695348061009,1.23838864406092
"mmu-miR-30a-star_st",7.93620232022115,8.14914262144156,7.9365103313314,8.00347034289142,7.75646367820453,7.66765216127036,8.34911970961666,8.00347034289142,8.0342351425292
"mmu-miR-30a_st",8.75290380300362,8.79691539825743,8.8617518212613,8.99650871245611,8.920672461919,8.920672461919,9.07670219375197,8.94000851093038,9.04103620695356
"mmu-miR-30b-star_st",0.857891945238911,0.792525777508723,1.23628642061943,1.32577756003716,1.0208901352509,0.666886069742809,0.869239944108582,0.869239944108582,0.696892103074669
"mmu-miR-30b_st",8.17000431612117,7.62444485426952,7.67276259512515,7.75372133090798,7.54048262350017,7.61466642045556,7.9054299819415,7.58365049175637,8.31401205864493
"mmu-miR-30c-1-star_st",3.23743428231824,4.48921436582008,4.41399770796701,5.55605214952169,5.21765411566226,4.63604894240124,4.79828655531125,3.10361422238412,4.42399114698017
"mmu-miR-30c-2-star_st",6.0007490327,6.73136257299685,6.54677314955747,6.79067784749796,6.73886391910025,6.41331830778434,6.43634925168625,5.70636445721832,5.77726984145897
"mmu-miR-30c_st",9.95394246626929,9.95959019683427,9.67492647889332,9.90725078372123,9.61512339188415,9.58487887923752,10.0045469269461,9.83963534525115,10.0781050499862
"mmu-miR-30d_st",7.76155595702372,7.91178696621741,8.06082731579476,7.95230727662998,7.7796625155883,7.72029891003963,7.72582060537609,7.76112954979409,7.76702885662584
"mmu-miR-30e-star_st",4.642801885327,5.62588495278027,4.97701840376833,5.74459747464517,4.0333474639216,4.16368816169594,5.1143109824047,2.37275707359946,5.64296121541956
"mmu-miR-30e_st",4.6594774045474,3.69529947663271,4.34252657851134,3.61265799790764,3.33804104426524,4.12679807897289,4.51855826881799,4.34252657851134,5.31539463208356
"mmu-miR-31-star_st",10.8661422758166,11.0085787389491,10.7388901159755,10.8100738198514,11.0212373808584,11.0589146584881,10.9846106506305,11.0422473067928,10.9547156747437
"mmu-miR-31_st",14.0824500829711,13.8200890171896,13.8720109661662,13.868151303908,14.0714512102396,13.9957222989588,14.017466132703,13.9763794415055,13.952673490229
"mmu-miR-32_st",0.886226390965608,1.05701634675296,1.12289815828691,1.05701634675296,0.836358757953178,1.05701634675296,1.23922316506451,1.17835140673184,0.975588233799154
"mmu-miR-320_st",11.0212920544556,11.3026545460449,11.3131556280048,11.221748266094,11.3887007434389,11.4813860734111,11.026107430303,11.2556459301374,10.8446003235958
"mmu-miR-322-star_st",0.977375339764336,0.836358757953178,0.836358757953178,0.623584989937076,0.836358757953178,0.836358757953178,0.848922316897933,0.851345528241485,0.759638797291049
"mmu-miR-322_st",1.32261224011035,1.2145902736085,1.64953635797491,1.18371724544234,0.910231869005548,1.28131703770146,1.79246294951596,1.04295208300704,0.926770040584319
"mmu-miR-323-3p_st",0.950668057062392,0.700296679162105,0.950668057062392,1.14870846207455,0.817839275370059,1.11476605103776,0.950668057062392,0.950668057062392,0.783448009039156
"mmu-miR-323-5p_st",1.68714399219704,1.29602543705933,0.833903658387614,1.13912551885034,1.28131703770146,0.836358757953178,1.28131703770146,1.82595605745278,1.5629182815383
"mmu-miR-324-3p_st",5.9628791618599,6.05607817447112,5.64144693245382,5.81997820457194,5.5492216674609,5.94123577807167,5.74125497157999,5.85436198271039,5.69380572221301
"mmu-miR-324-5p_st",7.7348087842673,8.0528277693519,8.1707202930817,7.93132209397529,8.04117919834069,8.08572372529258,7.74028991190159,7.85236729453542,7.81770020647066
"mmu-miR-325-star_st",1.23638136419382,1.2006717430963,0.941387134795775,0.96006148296895,0.994356264330078,1.10866556343929,1.01403778616236,1.25473906407528,1.10866556343929
"mmu-miR-325_st",0.857891945238911,0.765106062181838,0.865053657718766,0.897934843874171,1.21852956653109,0.865053657718766,1.20947686809024,1.54939465967587,0.809085320011755
"mmu-miR-326_st",1.36693896581903,0.715891321639357,1.23922316506451,0.913072924553037,2.41501897225128,1.54316486300163,1.23922316506451,1.07200311704127,1.34051544705806
"mmu-miR-327_st",1.6399017560009,1.54441056815937,2.23342057245469,1.97584371264251,1.85542010512302,1.76271933769885,1.43085428892137,2.24786128418879,2.02780699366426
"mmu-miR-328_st",2.23622811902935,2.2767019460673,1.98473492108441,2.1328518348602,1.76624163529906,1.51594107413924,3.13400853727461,2.88694339756079,1.73401883035373
"mmu-miR-329_st",1.79178237185576,1.49254543523511,1.15695348061009,1.46167240706895,1.81314015789203,1.62583792649597,1.78023291957217,1.49254543523511,1.41582547457298
"mmu-miR-33-star_st",0.907904913849237,1.07200311704127,1.31522537167983,0.711941712853142,1.04877548216647,1.34734318258486,1.39815335755274,1.07200311704127,1.07200311704127
"mmu-miR-33_st",1.67552727478478,1.2145902736085,0.637185792738836,1.41836439854707,1.34788276486935,0.978945914520406,1.30480035125615,1.2145902736085,1.2145902736085
"mmu-miR-330-star_st",2.74266276005438,1.90682802417723,2.51154730848459,2.891391172161,2.104864271009,2.96420399010384,2.51154730848459,2.08007045101686,2.89358506214647
"mmu-miR-330_st",1.10866556343929,1.2145902736085,1.2145902736085,1.08907328622488,1.80606006649448,1.33895383069987,1.28371342459436,1.09622670493507,0.676766354550411
"mmu-miR-331-3p_st",5.15869482215907,5.40912448346871,5.38162482475163,6.047861270031,5.8916078989291,6.14903741862666,5.02610654326951,5.14491524409461,5.70176233892192
"mmu-miR-331-5p_st",4.58526291251472,5.47187133754078,5.25142596726844,5.87199889321038,5.7735740764542,6.13483527041434,5.46939276449271,5.06205908062387,4.31340070542744
"mmu-miR-335-3p_st",1.26453835278365,1.09325521362962,0.923652271893412,1.14315062162754,1.77992091496636,1.46173718629521,0.708408097546205,1.2145902736085,1.2006717430963
"mmu-miR-335-5p_st",1.34651888704505,2.23181242161281,1.75437298775826,3.15811934997304,1.73463920103848,1.38833438875157,0.776295802441476,1.32188599558905,1.40332115903987
"mmu-miR-337-3p_st",0.946971294922717,0.730029514470518,0.81627081457428,1.6071826992759,0.856837438389079,0.99360350119995,0.457162850515704,1.51195152746775,1.2006717430963
"mmu-miR-337-5p_st",1.68268715093672,1.15836608056035,1.24185509333816,1.90339528712812,1.71097223979754,1.84321216064462,1.6163444625206,1.71097223979754,2.04229028179614
"mmu-miR-338-3p_st",0.977375339764336,0.863066040655122,1.09573890843777,0.977375339764336,1.01497047227369,0.900661173164477,1.0972401567281,1.16052912014636,0.580060656445293
"mmu-miR-338-5p_st",1.10866556343929,1.27440614616119,1.2145902736085,1.42711829092927,1.13147178439745,0.93037375538214,1.48999678326489,1.65156419740591,1.49893508198589
"mmu-miR-339-3p_st",6.1710430597533,6.02095956034386,6.01709013659762,5.88891072816482,6.34023486241468,6.26996893950746,6.01353482618505,5.6392878547122,5.78303709466987
"mmu-miR-339-5p_st",8.41783011649579,8.34315155901082,8.22239063514826,8.70838321903887,8.67726080174965,8.7896849263767,8.34313207884298,8.31813063923883,8.35379723463877
"mmu-miR-340-3p_st",0.950668057062392,0.991240895757378,0.739337834130233,1.14574579233568,1.09674155769838,0.950668057062392,0.950668057062392,0.913072924553037,1.09750263364355
"mmu-miR-340-5p_st",1.23922316506451,1.52682198360777,1.23922316506451,1.45620520571432,1.02496627041836,1.1534552619723,1.23922316506451,1.20162803255515,1.19539018462005
"mmu-miR-341_st",5.70237821359844,4.12094216068218,5.1035602370653,4.13474166201167,4.80500022711348,5.78842251708952,5.1035602370653,5.99315991960808,5.72358583704238
"mmu-miR-342-3p_st",8.46689734398474,8.64381172405885,8.41052875366161,8.51903829408116,8.24720816803897,8.51931084504293,8.1237933470865,8.44218054996699,8.39965971768479
"mmu-miR-342-5p_st",3.73952290152161,3.88110631995221,3.44524274166134,3.46355031830773,3.65427052010127,3.63836998594883,3.37160916453377,3.63836998594883,4.19182640773571
"mmu-miR-343_st",0.986131084509192,0.531378824487089,1.68268715093672,0.73641116241625,0.73641116241625,0.846212328537263,0.73641116241625,0.686575271652892,0.751295199291793
"mmu-miR-344_st",1.10866556343929,1.32277673524165,0.836358757953178,1.13386856274664,0.98718478061663,0.969651249214034,1.10866556343929,1.16384654275342,2.19768781732079
"mmu-miR-345-3p_st",1.29465869446032,1.19345925985762,1.14870846207455,1.14870846207455,1.16956238878057,0.75630548221504,1.41290934833371,0.975798497039146,1.0133936295485
"mmu-miR-345-5p_st",1.59217244794677,1.14870846207455,1.02003983601952,1.22541380710783,1.14870846207455,0.900002854639523,1.14870846207455,0.913072924553037,1.69631861621434
"mmu-miR-346_st",3.36613076031118,3.13400853727461,1.95146048501618,3.51758929605546,3.58395565333132,3.39353086165079,2.89524110320024,3.43047269256888,3.52184711342357
"mmu-miR-3470a_st",0.750563874829352,1.00427627678206,1.27070065571782,0.913072924553037,0.989567877424196,0.819999777908191,0.9501059330609,0.993938913505355,0.780253956764005
"mmu-miR-3470b_st",0.853468608645329,0.950668057062392,1.20327387487159,0.918826694999736,1.14812420424591,1.32763743196296,1.10928490596448,1.10198047538176,0.662847824038213
"mmu-miR-3471_st",1.01520084504645,1.02938441299659,1.35160614763246,0.711941712853142,1.07200311704127,0.960385422261171,1.2048318987336,1.07200311704127,1.16221319468892
"mmu-miR-3472_st",1.40332115903987,1.2006717430963,1.56594351342732,1.26442616437186,1.15695348061009,2.03404039075554,1.23922316506451,1.02133598575686,1.66406311548037
"mmu-miR-3473_st",0.977375339764337,0.891881507548572,1.41768145253513,1.40079057920553,1.28131703770146,1.21247623020549,1.58406348256524,0.828663935723978,0.828663935723978
"mmu-miR-3474_st",1.5310369597944,1.86428148089542,1.77197354521033,1.64422339144601,1.64422339144601,1.67236744896136,1.79184660617434,1.64422339144601,1.49024030416012
"mmu-miR-3475_st",0.834788183197108,1.48766721659632,0.977375339764336,1.12410575110245,1.07200311704127,1.21718544431665,1.01549210861526,1.07200311704127,1.44073504416962
"mmu-miR-34a_st",2.57632131564771,3.30420382998182,3.38846517336176,3.05245314429154,2.89602927588773,2.57714964524617,4.31164849817649,2.99348769538899,3.70877131372565
"mmu-miR-34b-3p_st",1.6227889450275,1.82915254832312,2.00681041805706,0.913072924553037,1.90139341132534,1.05506501834179,1.89322491328511,1.09939580382894,1.25832599631718
"mmu-miR-34b-5p_st",0.977375339764336,0.989733432586857,1.60678803795929,1.62847786682698,1.10727602879481,1.15695348061009,1.15695348061009,1.15695348061009,0.950668057062392
"mmu-miR-34c-star_st",5.23314618441256,1.79792087027496,1.52854073296985,1.87850451172067,3.63836998594883,3.80362159583838,4.84454739367472,5.27041865921606,4.55894649195492
"mmu-miR-34c_st",1.74473944656734,1.45618433856523,1.89808343630525,1.6594537639194,1.87859044097014,1.7868333192043,2.16405621297134,1.49892344627527,2.1695793969832
"mmu-miR-350_st",1.29000601789835,1.230417549041,1.14898943608719,1.26442616437186,1.28131703770146,1.42498795199306,1.88824339805514,1.33509075116749,1.2006717430963
"mmu-miR-351_st",1.17981781639028,1.22039065508527,1.17981781639028,1.58235100040735,1.40411850733878,0.955517125441787,1.16978845136351,1.17981781639028,1.2006717430963
"mmu-miR-361_st",9.89701428431594,10.2201459127257,10.087447869529,10.0823594760244,10.0455310232798,10.0125242131519,9.85799195724007,9.98171461108628,9.78368698267549
"mmu-miR-362-3p_st",1.10866556343929,0.855296340822752,1.04303350304559,1.10866556343929,1.10866556343929,1.24195805470015,1.08781163673328,1.10866556343929,1.35503324186907
"mmu-miR-362-5p_st",5.04333934058865,5.30754857996275,4.98216327203274,5.29943052447749,5.52416551641392,5.44527704481877,5.25373609161274,5.07274237723427,5.44180374730475
"mmu-miR-363_st",0.898458569053711,1.10959824955062,1.07200311704127,0.913072924553037,0.73641116241625,1.07803670989947,1.10055964421233,1.07200311704127,1.2412383669111
"mmu-miR-365_st",1.1472169854075,1.44389399773486,1.23922316506451,1.36444273899448,1.11788810508563,1.32417352863333,1.14459538778757,0.904418778997138,1.23922316506451
"mmu-miR-367_st",0.848922316897933,0.859586392827977,0.859586392827977,1.50073817474245,0.836358757953178,0.91633774119453,0.884219284283984,0.646685466205615,0.859586392827977
"mmu-miR-369-3p_st",0.889563101489964,0.825260686278665,1.19988892474765,0.825260686278665,0.869239944108582,0.554466914170992,0.755824783199827,0.985421986531301,0.869239944108582
"mmu-miR-369-5p_st",0.880338015783095,0.895046415140962,1.05991615662885,0.934399169245228,0.747509234090762,0.836358757953178,0.880338015783095,0.813611251690133,0.880338015783095
"mmu-miR-370_st",1.75121539073209,1.23433637462511,1.47682572156244,1.52854073296985,1.56613586547921,1.64196105730739,1.59645885816252,2.07317975272117,1.52854073296985
"mmu-miR-374-star_st",0.977375339764336,1.01794196357914,0.934756635719655,0.733494783707281,1.68268715093672,1.01946921240129,0.863960178855581,0.977375339764336,0.977375339764336
"mmu-miR-374_st",2.18957830791984,1.57329153075292,1.57329153075292,1.59586260178661,1.15695348061009,2.14716488656253,1.57329153075292,1.40343955445602,2.58033006352548
"mmu-miR-375_st",1.03143649322647,0.892226063588406,0.869970427524761,1.03143649322647,1.03143649322647,1.20494742714144,0.944052456634297,0.842705607795095,1.37551898351424
"mmu-miR-376a-star_st",0.954463270794051,0.862218095542815,0.924492470014257,0.649444327526714,0.866934519271596,0.766997385414467,0.976535666089129,1.17929883902182,0.759638797291049
"mmu-miR-376a_st",1.10866556343929,1.10866556343929,1.02520693237079,1.03143649322647,1.10866556343929,1.18830657042792,1.10866556343929,1.20329334071623,1.1523838259255
"mmu-miR-376b-star_st",0.954768934568895,0.715745555538279,0.743186641789425,1.03143649322647,0.646309652459441,0.715745555538279,0.715891832923741,0.837080615517158,0.928618651853939
"mmu-miR-376b_st",0.977375339764336,1.29602543705933,0.869239944108582,0.690915823043665,1.27369645274266,0.46299382395452,0.993899668707417,0.822917903298066,0.950668057062392
"mmu-miR-376c-star_st",0.977375339764336,2.2436542271347,0.944786000746434,1.39399086802725,1.04473359628336,1.26539118508315,1.0800404086659,0.987404704791116,1.16147557211673
"mmu-miR-376c_st",0.950668057062392,1.19389031170095,1.09325521362962,0.898261841610495,0.950668057062392,0.950668057062392,0.864854595226288,1.24279307282863,0.91400561066437
"mmu-miR-377_st",0.885683224442749,1.08788937491913,1.05701634675296,1.05701634675296,1.05701634675296,1.05701634675296,1.00062251035521,1.17835140673184,1.05701634675296
"mmu-miR-378-star_st",5.91937267677947,5.87836907716893,5.94749423049054,6.14419599814037,6.0708682336724,5.98610072448468,5.81310770233299,6.01216486173599,5.84837403604024
"mmu-miR-378_st",9.81300485652562,10.0185521482212,10.0577719295731,9.91303538766876,10.1330413435494,9.96851394929815,9.79880246436154,10.031412241185,9.73582474625513
"mmu-miR-379_st",0.646309652459441,1.07200311704127,1.04157298509481,0.913072924553037,0.687185336468495,0.711987465595702,0.83987964939342,0.971862219239166,0.869239944108582
"mmu-miR-380-3p_st",0.977375339764336,0.836358757953178,1.59257032498055,1.05408068479762,0.977375339764336,0.728669732329309,0.977375339764336,1.3004037354446,1.16473521338437
"mmu-miR-380-5p_st",1.10866556343929,1.08698988732958,1.34415678796281,0.744896797238136,1.07200311704127,1.07200311704127,1.30187658438955,0.928059694841344,0.865559132221755
"mmu-miR-381_st",1.17834833557164,1.55640065742331,1.10866556343929,1.26442616437186,1.62530159143309,1.26442616437186,1.16754917504187,1.26442616437186,1.29602543705933
"mmu-miR-382-star_st",1.63931767563632,1.07200311704127,1.07200311704127,1.14870846207455,1.19333817702015,1.07200311704127,1.02972291346802,1.07200311704127,0.967273386976581
"mmu-miR-382_st",0.868307977192524,0.645649113795054,0.868307977192524,1.03143649322647,0.950668057062392,0.950668057062392,1.35139768603429,1.13000381440183,0.864541159739599
"mmu-miR-383_st",1.10866556343929,1.1523838259255,1.68124184461082,0.983148576055669,1.02371519987047,1.05830542930767,1.48025281579905,1.01845548579164,1.10866556343929
"mmu-miR-384-3p_st",1.10866556343929,0.809281203791533,0.948881820671638,0.985942965928321,0.98718478061663,1.28131703770146,0.92031090553462,1.21053125160065,1.29196641505148
"mmu-miR-384-5p_st",1.10337282395931,1.17899372942771,1.10337282395931,1.26494023810033,1.10337282395931,1.10337282395931,1.07816982465196,1.15855380327343,1.07200311704127
"mmu-miR-409-3p_st",1.23922316506451,0.950668057062392,1.28131703770146,1.3439883072107,1.16623355388202,1.40332115903987,1.23922316506451,1.07447643211617,1.38049044852817
"mmu-miR-409-5p_st",1.12002644849114,0.905769553844998,1.32267586443471,0.793876207979671,1.2006717430963,1.12002644849114,0.918333112789753,1.40079057920553,1.2006717430963
"mmu-miR-410_st",1.10866556343929,1.35026584616575,1.23146136602122,1.49946080705344,0.909123505207744,1.27256134384842,1.23315718565576,1.19133565367752,1.22893078618687
"mmu-miR-411-star_st",0.857891945238911,0.950668057062392,1.10709248036318,1.26442616437186,0.950668057062392,0.728669732329309,1.09309304206164,1.02287409067405,0.950668057062392
"mmu-miR-411_st",0.977375339764336,0.977375339764336,1.18779393987603,0.977375339764336,0.782297604491044,0.977375339764336,0.895947226810527,1.34442181627518,0.896606903600258
"mmu-miR-412_st",1.01592676173254,0.977375339764336,0.977375339764336,0.805485729787015,1.07200311704127,0.977375339764336,0.977375339764336,0.991293870276535,1.43704201887049
"mmu-miR-421_st",6.87480742537159,7.05349617021769,7.00635611497031,7.06429858348722,6.73982208255551,6.61649629256133,6.41721658654611,6.6809326110867,6.93127398338885
"mmu-miR-423-3p_st",9.88769844649759,9.8336683189694,9.88769844649759,9.94667328281831,10.1685469756432,10.0920082096529,9.89285560744235,9.77973571700303,9.56358002432973
"mmu-miR-423-5p_st",8.05727501197344,8.60580951143548,8.34715434046756,8.30631152469076,8.46734707562079,8.56451429513413,7.96657523023309,8.30631152469076,7.6538936155617
"mmu-miR-425-star_st",5.96626582456446,6.33640915919527,6.33640915919527,6.78924996085389,6.67061771028403,6.57262197643865,5.91762033715489,6.17502064493056,6.23150788450426
"mmu-miR-425_st",9.81291703869835,9.74105841950344,9.96142968044311,9.98586859717545,9.99309602911784,10.0156363949565,9.92878259520789,9.88452743276494,9.96103630452404
"mmu-miR-429_st",1.26424920259064,1.15695348061009,1.38599043196051,1.03143649322647,1.46089517854722,1.15695348061009,1.80922743810386,0.958608007306687,1.36715961477168
"mmu-miR-431-star_st",1.0507574225848,0.950668057062392,0.696110274852516,0.974844759929988,0.872347554609408,1.16707939806188,0.977375339764336,1.13630553225257,1.23811729620483
"mmu-miR-431_st",0.977375339764337,1.2454476904866,0.874710270862773,1.2598371116298,1.08266719297131,0.847269184611627,1.20577595816767,0.884739635889552,1.03555702274686
"mmu-miR-432_st",1.59102054191621,1.25970249991761,0.947338180167386,1.05693932698492,1.18954790261183,1.02405814082951,0.77747080901895,1.25970249991761,0.764326263203428
"mmu-miR-433-star_st",0.857891945238911,0.939320058192721,1.63818835910524,0.805485729787015,0.857891945238911,0.898747219497734,0.857891945238911,0.754592165434083,0.857891945238911
"mmu-miR-433_st",0.913072924553037,0.836358757953178,1.44389399773486,1.03143649322647,0.950668057062392,0.534691957679342,0.707468951813318,0.65633901748622,0.913072924553037
"mmu-miR-434-3p_st",1.77062433968713,1.88695666945982,1.16490047154627,1.61318746820484,1.54962366053105,1.26433984671069,1.52854073296985,1.48543731444052,1.65376982879862
"mmu-miR-434-5p_st",0.646309652459441,0.854774731089682,1.42173713217638,1.03143649322647,0.854774731089682,1.07226492283456,0.869239944108582,0.76982436752086,0.854774731089682
"mmu-miR-448_st",0.857891945238912,0.801332559631159,1.27439677519648,1.11368226375253,0.908020818890089,1.02199014843094,0.646309652459441,1.36576438088351,1.1122002260786
"mmu-miR-449a_st",0.970351999879005,1.0774874386483,0.977375339764336,1.11043883017001,0.948818812593272,0.841129786969403,0.977375339764336,1.07200311704127,1.09871039974321
"mmu-miR-449b_st",1.40332115903987,0.794029320107436,1.37661387633793,1.37661387633793,1.37661387633793,1.2766767424808,1.32022003994017,1.61177288941226,1.37661387633793
"mmu-miR-449c_st",0.978157167986489,0.978157167986489,1.22576422422289,0.853740122886453,0.881280178656505,0.978157167986489,0.869239944108582,0.988186533013268,1.22452484641627
"mmu-miR-450a-3p_st",0.889991303172163,0.977375339764336,0.645938902349583,1.56697644609859,0.977375339764336,0.863066040655122,0.895947226810527,1.54939465967587,1.07200311704127
"mmu-miR-450a-5p_st",1.15179926876229,1.11324784679408,1.44298630503806,0.913072924553037,0.864088875795076,1.60445237073977,1.10055964421233,1.2145902736085,1.22255813362242
"mmu-miR-450b-3p_st",0.771089916216636,0.865717693493569,0.576626880327091,1.27776096951771,1.07997458813971,0.950668057062392,0.689904186769142,1.54939465967587,0.749325607500642
"mmu-miR-450b-5p_st",1.07200311704127,1.29602543705933,1.07200311704127,1.07200311704127,0.843317516773013,1.38217461165263,0.849072825392129,0.65633901748622,1.40332115903987
"mmu-miR-451_st",0.977375339764336,1.19041667433539,1.09764056251191,1.34147766110735,0.976159779689252,1.19681736848904,1.09764056251191,1.31175173431427,0.891355138964213
"mmu-miR-452_st",4.73869279207142,5.26392678610616,4.15633732425764,5.31699621858423,4.67558779752013,4.83656029804864,4.96267575193939,3.67379095151782,5.20698448916597
"mmu-miR-453_st",1.10866556343929,0.957693817932056,1.07200311704127,1.07200311704127,0.740937429736374,1.1516441240299,1.22189470419121,1.07200311704127,1.07200311704127
"mmu-miR-455-star_st",3.88545364501806,3.48933620701616,4.63967975015894,4.34252657851134,4.05000071612514,3.16650053007801,4.47281123744064,3.8725843976499,4.53043663666072
"mmu-miR-455_st",8.94518249874693,8.99571863707854,8.56244208751631,9.11817683073098,8.89019529288262,8.94518249874693,8.87268820791482,8.90184880906722,9.04049261224269
"mmu-miR-463-star_st",0.755910799276974,0.574214613298362,0.909806567923382,0.869239944108582,0.869239944108582,0.92563378050634,0.869239944108582,1.15214612542702,0.707043394990694
"mmu-miR-463_st",1.34557145475508,1.17835140673184,1.1404167111907,1.21733820757646,1.4479562775284,1.05701634675296,1.13778478291704,0.885378156151503,1.1110775002151
"mmu-miR-464_st",1.07200311704127,1.07200311704127,1.07200311704127,1.07200311704127,1.15343122999508,0.828166018445837,1.07200311704127,0.869649242675496,1.20752549955179
"mmu-miR-465a-3p_st",1.10866556343929,0.940398343959699,1.2145902736085,1.27410419219989,1.15695348061009,1.04674663365027,0.711160088418403,1.10055964421233,1.27410419219989
"mmu-miR-465a-5p_st",1.05271041128147,0.917786870906987,1.05880345271815,0.950668057062392,1.15695348061009,0.917786870906987,0.950668057062392,0.913072924553037,0.950668057062392
"mmu-miR-465b-3p_st",0.839184799008656,0.869239944108582,1.10866556343929,1.00328300220069,0.73641116241625,0.67416220883529,0.869239944108582,0.697601753507122,0.788471507944504
"mmu-miR-465b-5p_st",1.32340178112081,1.29602543705933,1.07200311704127,1.31025445134456,1.14376086678399,1.20139765978239,1.20139765978239,1.20139765978239,0.941665782156307
"mmu-miR-465c-3p_st",0.963231616007147,1.05061565259932,1.3675175689752,0.993286761107073,0.950668057062392,0.791567556370166,1.20107343294511,1.03385338492187,0.850219911892335
"mmu-miR-465c-5p_st",1.5310369597944,0.983017048004381,0.954486143576342,1.10055964421233,1.10055964421233,1.07311855796119,1.10055964421233,1.17815554173643,0.947125516950347
"mmu-miR-466a-3p_st",1.21635458906316,1.12594369975998,0.981642916086401,1.03143649322647,1.05835708268626,0.836358757953178,1.01452410224181,1.11353806200039,1.06970508155593
"mmu-miR-466a-5p_st",1.02873237906024,0.995602507469202,1.11883388901705,1.00288258737234,0.959049606927889,0.91711468428014,0.850915116045778,0.779029866460931,0.959049606927889
"mmu-miR-466b-3-3p_st",1.07200311704127,1.07200311704127,0.895068531703881,0.926820789765893,1.07200311704127,1.20424303788836,1.20506660744694,1.33592533358738,1.01020483994905
"mmu-miR-466b-3p_st",0.950668057062392,0.950668057062392,0.950668057062392,0.902970972624484,1.08396054832325,0.836358757953178,0.786570063087023,1.64913468157532,0.950668057062392
"mmu-miR-466b-5p_st",0.7230238190593,0.913072924553037,1.00548559092477,0.913072924553037,0.815799930882781,0.913072924553037,1.43640476797819,1.40079057920553,0.867225992057071
"mmu-miR-466c-3p_st",0.977375339764336,0.929134869776658,0.876165740242355,0.950668057062392,0.950668057062392,0.950668057062392,0.950668057062392,0.779029866460931,0.953198636896741
"mmu-miR-466c-5p_st",2.01033166085215,1.72873041701531,0.958584010230777,1.72619983718096,2.14589679675659,1.46198289640796,1.80922743810386,1.72873041701531,1.72873041701531
"mmu-miR-466d-3p_st",1.04118276005235,1.55630768882075,0.950668057062392,0.587444814688159,0.950668057062392,0.950668057062392,1.03293774151681,1.48177275698034,0.883046154366862
"mmu-miR-466d-5p_st",0.646309652459441,0.73641116241625,0.846012309233783,0.889845289678238,0.73641116241625,0.927440422187592,0.646309652459441,0.73641116241625,0.73641116241625
"mmu-miR-466e-3p_st",1.12962201824697,1.28611428884363,0.962401970223737,1.03143649322647,1.07200311704127,0.950668057062392,0.963085893163363,1.07200311704127,1.41608560732904
"mmu-miR-466e-5p_st",0.987330503460413,0.792670550685492,0.950668057062392,0.950668057062392,0.873953890462532,0.809897825979638,1.23835554139945,1.24279307282863,0.950668057062392
"mmu-miR-466f-3p_st",5.82281252740449,5.18030440487477,1.08494566384909,5.14943877101616,4.28602494965175,4.79684742414105,5.2177917993757,5.1826452455647,5.34191643947033
"mmu-miR-466f-5p_st",3.55013904563088,3.29647159004191,2.55666230232817,3.29647159004191,3.95489232343445,3.52254970256484,3.02568458511194,2.83522166278281,3.3948739943627
"mmu-miR-466f_st",2.26086302288507,2.62838294227728,2.06194527916,2.83185972753183,3.25106530523343,3.09670155174387,2.62838294227728,2.42277873029582,3.16380124474536
"mmu-miR-466g_st",4.18018204050276,4.25700274674682,1.52854073296985,4.51891966435724,1.9808715171436,4.99721097333568,3.69533675712848,3.67601571763847,3.8725843976499
"mmu-miR-466h_st",1.40163881401963,1.40343491602899,1.18122227304008,0.914704885785829,0.989733432586857,1.16623550275178,1.13566828136027,0.765558173485034,1.07200311704127
"mmu-miR-466i_st",2.48576326801012,1.97758870627985,1.86327940717064,1.78514453076302,1.97758870627985,2.12351809250375,1.95012428864777,2.19298499164838,1.97758870627985
"mmu-miR-466j_st",1.00075362201301,1.44333359047752,0.759638797291049,1.40079057920553,1.07200311704127,1.59323475472236,0.932385175635747,0.982550720826909,1.79796208116462
"mmu-miR-466k_st",1.03507704589145,1.2050474176045,0.893916708695839,0.913072924553037,0.73641116241625,0.913072924553037,0.929603065820627,0.730061007589079,0.940267141750671
"mmu-miR-466l_st",1.50952656712386,1.2006717430963,1.03143649322647,0.849461497383773,0.77750747324953,1.03144228728874,1.54909953707659,1.37623407586301,1.56753902670721
"mmu-miR-467a-1-star_st",3.22691811024301,5.26973142534947,1.35160614763246,4.87552622543853,4.4075327154861,3.89423747895593,3.24331902813876,2.93127233027081,3.80921110043788
"mmu-miR-467a_st",0.986661442100878,1.0626192283005,0.878526046445124,1.10502501077431,1.28131703770146,1.12739694247257,0.758260823697546,1.14559163458911,0.942828461656423
"mmu-miR-467b-star_st",4.57478415988045,3.3808975168477,1.33576682456578,3.67131559658817,4.44153308426527,3.70384870549444,3.67131559658817,3.43047269256888,4.28065296738885
"mmu-miR-467b_st",0.977375339764336,0.949934253513191,0.907692567631986,1.13655141709191,1.47690179937549,1.0597354196342,1.20030563141348,1.38514467760964,0.993913511343108
"mmu-miR-467c_st",1.22771877399608,0.679082270924003,0.896572462668885,0.973286629268745,0.896572462668885,0.679082270924003,0.896572462668885,0.716552722201928,0.896572462668885
"mmu-miR-467d-star_st",3.8725843976499,3.8725843976499,1.758428599225,4.642801885327,4.69132328292608,3.8725843976499,3.8725843976499,3.8725843976499,4.18018204050276
"mmu-miR-467d_st",1.07644955300464,1.10330641510741,0.869239944108582,1.26887260033523,1.28131703770146,1.07644955300464,1.03261657256019,0.710463070692815,1.56669778749148
"mmu-miR-467e-star_st",0.990465608934708,1.25484208681746,1.2006717430963,0.766934307818809,1.1774441082215,1.84435410484513,1.32113917941012,1.65562321941375,1.2006717430963
"mmu-miR-467e_st",0.87003784746617,0.857756684074927,1.05701634675296,0.83512601730114,1.14196671032179,1.06008695295991,1.10055964421233,1.2145902736085,0.972065983184141
"mmu-miR-467f_st",3.54899732284642,3.43191279024259,1.4478389115299,4.15399591068273,3.856219127157,4.36621725791081,3.41094200430236,3.0773694249028,3.43191279024259
"mmu-miR-467g_st",0.889212714565216,1.07200311704127,1.01781988906589,1.27629669908845,1.18111930183937,1.21397874376851,1.12659470717633,1.15664985227626,1.4149424385107
"mmu-miR-467h_st",1.09979106644742,1.22466000395433,0.977375339764336,0.881586292608965,0.977375339764336,0.946406274802596,1.50930552483839,0.928644789920995,0.977375339764336
"mmu-miR-468_st",1.19743663354232,1.07200311704127,1.35636682603055,1.19743663354232,1.19743663354232,0.754753251457324,1.10055964421233,1.19743663354232,1.25423890553714
"mmu-miR-469_st",0.938765036782023,0.73641116241625,1.3953026527106,1.0979411141096,0.938765036782023,0.73641116241625,1.08865662393197,0.938765036782023,0.747735777010681
"mmu-miR-470-star_st",0.977375339764336,0.930986535230111,0.880973857269927,1.15277155320535,1.07015145158782,1.07200311704127,1.07200311704127,1.07200311704127,1.39065321433626
"mmu-miR-470_st",1.0951881491282,0.930986535230111,0.950668057062392,1.01175497139419,1.27476628997396,1.07200311704127,1.07200311704127,1.27476628997396,1.19400723837968
"mmu-miR-471_st",0.748974721361005,1.19908258962795,1.10656150635798,0.911483771084689,0.949078903594044,1.04902649913097,0.911483771084689,0.713138297781284,0.867650790640234
"mmu-miR-483-star_st",1.44389399773486,1.44389399773486,1.24113082480217,1.63631704506545,1.6910900057631,1.36162431328045,1.6798299050858,1.80272974234222,1.2006717430963
"mmu-miR-483_st",2.23724067303346,2.26704802833079,1.18122235296897,1.95012428864777,1.68268715093672,1.37225161274031,1.95012428864777,2.01725048228755,2.07535338447654
"mmu-miR-484_st",3.36613076031118,2.22245140185202,3.36613076031118,3.36613076031118,3.52689382658287,2.31216727151009,3.76071534132823,3.36613076031118,3.36613076031118
"mmu-miR-485-star_st",1.22893829375408,1.44389399773486,1.26258394561206,1.66160422337553,1.40332115903987,2.08816723912415,1.20785536619288,1.23168296843841,1.62337924848929
"mmu-miR-485_st",2.17478183680798,1.23922316506451,1.83794976767798,1.35143272876416,0.950668057062392,1.12491386595529,1.01592676173254,1.23922316506451,1.23922316506451
"mmu-miR-486_st",1.66160422337553,2.35889814716436,1.17981329549323,1.66160422337553,1.94350079510672,1.66413480320987,1.17981329549323,1.4754039177785,1.62669239344349
"mmu-miR-487b_st",1.10866556343929,0.949934253513191,1.1415467495947,1.26442616437186,0.979996937384261,1.10866556343929,0.977375339764336,1.10866556343929,1.1522166006722
"mmu-miR-488-star_st",0.857891945238911,0.957693817932056,1.37594481497839,1.24333623935148,0.740937429736374,1.15695348061009,1.10055964421233,1.1666308943182,1.07200311704127
"mmu-miR-488_st",0.908252188778472,1.03143649322647,1.03143649322647,1.04555637212453,0.941334983269661,1.08315150463388,1.03143649322647,0.843949773567172,1.2006717430963
"mmu-miR-489_st",1.23733418949432,1.2006717430963,0.836358757953178,0.868872252242204,0.896313338493349,1.28131703770146,1.23922316506451,1.17492074985321,1.2006717430963
"mmu-miR-490_st",0.97035616105364,0.836358757953178,0.848875378230978,0.711941712853142,1.11642966168963,0.851798024074081,1.21302386002706,0.89149408227566,0.872103013105777
"mmu-miR-491_st",4.93822869508188,5.08682036124829,5.09190311809926,5.44850529228521,5.13582541644776,5.27965537695886,5.36855248346449,4.97701840376833,5.12209021201105
"mmu-miR-493_st",1.10866556343929,0.845902914916194,1.68268715093672,0.950668057062392,0.646309652459441,0.950668057062392,1.35657433612637,0.913072924553037,0.950668057062392
"mmu-miR-494_st",4.47097053882126,6.04193685168219,7.12410982854325,5.50048084426131,5.83173812638664,5.33305596419479,4.48355058076382,4.86820855248294,4.54359937215732
"mmu-miR-495_st",1.10866556343929,1.08403267198328,0.748440717358264,1.28207307699544,1.08403267198328,1.27180907462767,1.08403267198328,1.08403267198328,1.08403267198328
"mmu-miR-496_st",1.4359430771052,1.54939465967587,1.89808343630525,1.62610882627573,1.26246856485215,1.28131703770146,1.78533056702681,1.78762023279935,1.54939465967587
"mmu-miR-497_st",1.11429355501668,0.913064102986459,1.14870846207455,1.14870846207455,1.14870846207455,1.20167759160885,1.11429355501668,1.19475172815314,1.68251288840859
"mmu-miR-499_st",1.15442290077574,1.22614012454093,0.970319437138174,0.822623409921647,1.15695348061009,1.26077119046632,0.952729565074357,1.15442290077574,1.05616975282788
"mmu-miR-500_st",5.29618439974585,5.03679808499724,5.10384849858601,5.03679808499724,4.93162497519568,4.70468511094948,4.87056814418998,5.3642018132903,5.03679808499724
"mmu-miR-501-3p_st",4.02052829655696,3.44524274166134,3.44524274166134,3.44524274166134,3.06068779507718,3.15246626476004,3.08808573584558,3.62189720093547,4.0134091017749
"mmu-miR-501-5p_st",1.75987708466989,1.65258136268934,1.03143649322647,1.37754858695003,1.22579586973859,1.12919094765377,1.21146063210819,1.01778445940046,1.22579586973859
"mmu-miR-503-star_st",0.93866038140299,0.908764235167178,1.18943399960337,1.03143649322647,1.23772191677417,1.54939465967587,1.03143649322647,0.993841360717116,0.921835346408937
"mmu-miR-503_st",3.60161299696993,3.69889339434337,4.58439395289984,5.00609423518488,4.21764460047073,4.31886898449103,4.40200639136516,4.52164900503031,4.75245892852042
"mmu-miR-504_st",1.0606551181716,1.31522537167983,1.05284690118407,1.07200311704127,0.991234680877192,0.950668057062392,0.849072825392129,1.41735344654119,1.07200311704127
"mmu-miR-505_st",0.884198926383727,0.950668057062392,0.791125779738881,0.884198926383727,0.743182344572568,0.876457496296786,1.01383567625034,1.31157267179136,0.884198926383727
"mmu-miR-509-3p_st",0.940003981132347,1.15343122999508,1.06026920387993,0.950668057062392,1.07618504444601,1.03282811762878,0.549920502398789,0.860457979414741,0.950668057062392
"mmu-miR-509-5p_st",1.40332115903987,1.13815477672169,1.10055964421233,0.992972449446313,1.42115436686925,1.28131703770146,1.4267098847238,0.736919382788754,0.662847824038212
"mmu-miR-511_st",0.950668057062392,1.01779425070217,0.950668057062392,0.87343898684957,1.03805209365456,1.45128252018626,0.642208774952937,0.950668057062392,0.957176863614384
"mmu-miR-532-3p_st",5.65280384607219,5.95012943504117,5.46901448701885,5.52505707487682,4.9960915192608,5.51447312310687,5.46901448701885,5.64408868950845,4.90755710787564
"mmu-miR-532-5p_st",7.67637661801012,8.05468987188445,7.59243914438441,7.72078430254478,7.8231601242761,7.8712328281405,7.47556914214423,7.78893887096885,7.6465354964196
"mmu-miR-539_st",0.763689557775599,0.950668057062392,1.52821841516612,1.40079057920553,0.950668057062392,0.942926626975451,0.54004865359751,0.950668057062392,0.950668057062392
"mmu-miR-540-3p_st",0.915449895981572,1.2006717430963,0.893916708695839,0.581195345142809,1.00822600780505,0.926797894851243,0.926797894851243,1.16401282869541,0.926797894851243
"mmu-miR-540-5p_st",0.853791067732408,0.923226970811246,0.74147874911423,0.950668057062392,0.950668057062392,1.46862622351179,0.977375339764336,1.07200311704127,0.981637122024132
"mmu-miR-541_st",0.753888025658884,0.836358757953178,0.626152623791586,0.913064102986459,0.836358757953178,0.915999764941804,0.746257247996369,0.772056342741879,0.836358757953178
"mmu-miR-542-3p_st",1.23184986788729,1.29602543705933,1.13815477672169,1.07970571750632,1.22189470419121,1.05701634675296,1.12726692691428,0.997259864407506,1.10055964421233
"mmu-miR-542-5p_st",1.9808715171436,1.90037449605505,1.9808715171436,2.25591087349667,1.9808715171436,1.9808715171436,2.48552225990903,1.89592115357478,2.21649157727076
"mmu-miR-543_st",0.977375339764336,1.00897461245181,0.907939436685498,0.977375339764336,0.869902656002573,0.977375339764336,1.07263977677081,0.977375339764336,0.935133653883132
"mmu-miR-544_st",1.02949253773849,1.07200311704127,1.09926793677094,1.41304383548592,0.740937429736374,1.05701634675296,1.35969060137833,1.07200311704127,1.07200311704127
"mmu-miR-546_st",1.08751757753125,1.07200311704127,1.01541471229835,1.40079057920553,0.8773504500189,1.15695348061009,1.60318913615747,1.19442393188802,1.2086684920175
"mmu-miR-547_st",0.967493092056445,0.869239944108582,0.869239944108582,0.821542859670675,0.846012309233783,1.04263374796457,0.869239944108582,0.888631013278465,0.869239944108582
"mmu-miR-551b_st",0.836358757953178,0.836358757953178,0.836358757953178,0.905433325323943,0.836358757953178,0.836358757953178,0.836358757953178,0.957693817932056,0.762795419575141
"mmu-miR-568_st",0.981846181853381,0.950668057062392,1.11513867311424,1.09405574555304,0.981846181853381,0.860511121874503,0.850555958178426,1.29927781059057,1.09651463765788
"mmu-miR-574-3p_st",8.53113759338017,8.8342874137504,8.11498020637792,8.65746383668888,8.6263016964576,8.85916522024035,8.50100348727435,8.66998279719983,8.3429417791038
"mmu-miR-574-5p_st",6.29855495756811,6.72858914228806,5.95744312787585,6.51572658330037,6.35251773543944,6.49574831187127,6.01020645233616,6.35251773543944,6.33263289478251
"mmu-miR-582-3p_st",1.17999433663384,1.57329153075292,1.35160614763246,1.37325158173018,1.3941055084362,1.47905587200502,1.35969060137833,1.47905587200502,1.3941055084362
"mmu-miR-582-5p_st",1.06428406530928,1.2006717430963,1.10866556343929,1.14870846207455,0.977375339764336,0.836358757953178,0.887273829807528,0.913072924553037,0.869239944108582
"mmu-miR-590-3p_st",0.857891945238911,1.42373990506068,0.982706959255433,0.951737894293692,0.745452470745992,0.951737894293692,0.748974721361005,1.18895282813785,0.885915986002596
"mmu-miR-590-5p_st",1.26019038378624,1.2006717430963,1.3705237193932,1.26442616437186,1.12307584557221,0.965027384008208,1.10604396581937,1.72445683614161,1.2006717430963
"mmu-miR-592_st",0.713665598228497,1.01802400283145,1.2343636843613,0.805485729787015,0.994127131754396,0.903714703722234,0.748974721361005,0.843602498637938,0.809182093565384
"mmu-miR-598_st",1.10866556343929,1.15966102222566,1.10866556343929,1.26442616437186,0.836358757953178,1.08195828073735,1.27588561146253,0.639548416979921,1.14626069594865
"mmu-miR-599_st",0.907602599667152,0.870236441787579,1.17402131572091,0.924140771245923,0.824193175708995,0.843372335081845,1.01026766856872,0.964707395060723,1.29602543705933
"mmu-miR-615-3p_st",1.66993195446242,1.33418021722681,1.40332115903987,1.40332115903987,1.54939465967587,1.40332115903987,1.12950938455646,1.07200311704127,1.7868333192043
"mmu-miR-615-5p_st",1.5549369971724,1.29349485722498,1.40079057920553,1.5338540696112,1.21074147371179,1.29310155358166,0.932515322084246,1.40079057920553,2.40802100335349
"mmu-miR-652_st",7.16604036079298,7.59950077688779,7.16983992527527,7.41285068202116,7.53694156697457,7.42005780248053,7.36217644611368,7.55538096083358,7.34495468677507
"mmu-miR-653_st",0.554989010015543,0.690316481774029,0.783389628418875,0.783389628418875,0.950668057062392,0.863030635407502,0.940687859674316,0.703317483488845,0.585586751709339
"mmu-miR-654-3p_st",1.40332115903987,0.977375339764336,1.02902455645066,0.64912123161248,0.887273829807528,0.728669732329309,0.977375339764336,1.01847531759153,1.22286578443255
"mmu-miR-654-5p_st",0.839184799008656,0.869239944108582,0.631047587152003,0.831644811599228,0.869239944108582,1.14742278612172,0.977375339764336,0.869239944108582,1.19226833978885
"mmu-miR-664_st",2.02386701537021,1.3570320001234,1.068418511501,1.03562537106681,1.82048753878116,2.13366047937864,1.69614434709612,1.18428499118347,1.9070125044817
"mmu-miR-665_st",1.33659439494691,1.06469868645856,1.00527635294831,0.964709729133508,0.950389387349341,1.84489846050585,1.2145902736085,1.2145902736085,1.78871370643638
"mmu-miR-666-3p_st",0.726197010176473,1.06487860109238,0.973804066412871,0.839526155008081,0.629320020846489,1.05701634675296,1.55290710392697,0.770090251929242,0.839526155008081
"mmu-miR-666-5p_st",1.96996665627539,1.0038694669322,0.759638797291049,1.03440798453192,1.20529560830213,1.07200311704127,1.52854073296985,1.07200311704127,0.807718663511788
"mmu-miR-667_st",4.54084642935892,3.41552762476526,1.88754779257158,3.57074299786503,5.26494460979433,4.25400596430161,4.10053028552279,4.79483117396051,3.64520780352368
"mmu-miR-668_st",1.60846334565168,1.29602543705933,1.29602543705933,1.31306134072275,1.15695348061009,1.25230717457312,1.23922316506451,1.49621512110478,1.29602543705933
"mmu-miR-669a_st",1.13769542998338,0.834984011686587,0.950668057062392,0.913072924553037,0.950668057062392,1.60541248702191,0.950668057062392,0.939349956679973,1.04529583433933
"mmu-miR-669b_st",1.23922316506451,1.23922316506451,1.10866556343929,1.23922316506451,1.16978726198567,1.13153413944064,1.30676469050648,1.3168190625886,1.23922316506451
"mmu-miR-669c_st",3.75175393916028,3.62215168116307,2.49377351867257,3.96223865846009,5.16965810994137,4.16897573612202,3.96223865846009,4.43883879605519,4.11705066716758
"mmu-miR-669d_st",1.23922316506451,0.834160993741051,1.24185509333816,1.07512517108914,0.834160993741051,1.07512517108914,1.07512517108914,1.2145902736085,0.709505108942049
"mmu-miR-669e_st",1.23302912053066,1.37800013575855,0.870610343407938,1.28131703770146,0.770673209550809,1.28131703770146,1.38280973005272,1.28131703770146,1.21267222513457
"mmu-miR-669f_st",1.15585353832651,1.15585353832651,0.986618288456676,1.03143649322647,1.35850295427008,1.15585353832651,1.15585353832651,1.68740417342345,1.18873472448191
"mmu-miR-669g_st",0.861796982879678,1.08361633454473,1.07200311704127,0.924686142056494,1.28131703770146,1.04103405207953,1.11217286171579,1.09036081692273,1.07200311704127
"mmu-miR-669h-3p_st",0.895487077748266,0.774006294925604,0.869239944108582,0.950668057062392,0.950668057062392,0.930363068030696,1.11788810508563,0.980723202162318,1.08796501829177
"mmu-miR-669h-5p_st",1.13630553225257,1.2006717430963,1.07200311704127,0.805485729787015,1.07200311704127,1.27828854058897,1.70570517591894,0.913072924553037,1.07200311704127
"mmu-miR-669i_st",0.995336418607684,1.72873041701531,1.27751569503082,1.10866556343929,0.995336418607684,1.40332115903987,1.10866556343929,0.777347521440688,1.10866556343929
"mmu-miR-669j_st",1.36019618040524,0.882103558638335,1.00026499838641,1.08014396365049,1.07200311704127,1.05701634675296,1.34557145475508,1.03056048342688,0.802209300668586
"mmu-miR-669k_st",0.950668057062392,0.981541085228554,0.977375339764336,0.804717824676622,1.07200311704127,0.950668057062392,0.977375339764336,0.7491151293097,0.852414909114529
"mmu-miR-669l_st",1.36055822504338,1.07200311704127,1.00527635294831,0.939394541414361,0.767644712438319,1.15695348061009,0.990575004087461,1.17750377898228,0.990575004087461
"mmu-miR-669m_st",1.08933157791456,1.08933157791456,0.81354408844863,1.14451255722869,1.08933157791456,1.08933157791456,1.23922316506451,1.21066663789344,0.808066513002742
"mmu-miR-669n_st",3.12609384353568,3.48933620701616,2.02770824103921,3.30700336832843,2.82143116789279,2.81981714165732,3.13306895866137,3.55013904563088,2.92820147396455
"mmu-miR-669o_st",1.05701634675296,0.963943200108117,1.10866556343929,1.01942121424361,1.26330177030066,0.97474666229855,1.02711081929606,1.41707775094109,1.48270981133479
"mmu-miR-670_st",0.857891945238911,0.939023826854742,1.54970786075019,1.01979226301882,0.836358757953178,0.939023826854742,0.939023826854742,0.939023826854742,0.939023826854742
"mmu-miR-671-3p_st",5.28716723587218,5.12402109342154,3.08020651241887,5.11101116427844,5.96662931296535,5.54382814981088,5.35277633236237,5.03679808499724,5.03115163037081
"mmu-miR-671-5p_st",6.54829427211329,6.45257381315091,6.45446480796793,6.45923193128716,7.00760773105105,6.63812090374115,6.26644717237049,6.54053170417577,6.51732687031374
"mmu-miR-672_st",1.18478515738323,1.15807787468128,1.55961170003217,1.26442616437186,1.26442616437186,1.26442616437186,0.984957646405888,1.3303079759058,1.26442616437186
"mmu-miR-673-3p_st",1.30979677513919,0.976760329881993,1.07037115580848,0.913072924553037,1.21555348308385,1.42351409468208,1.07037115580848,1.13749734944826,0.993651195146349
"mmu-miR-673-5p_st",0.931673432746155,1.10658622086078,1.35380991612917,1.22605976236485,1.11125157359191,1.10658622086078,0.925828827371658,1.40079057920553,0.851779174776406
"mmu-miR-674-star_st",1.07200311704127,1.07200311704127,1.0282116560651,1.07200311704127,1.11409698967822,1.05701634675296,1.655970512082,1.07200311704127,0.946783543111293
"mmu-miR-674_st",1.55928248142736,1.2006717430963,0.649544762013422,1.52945920526056,1.01062263760256,1.2006717430963,1.05240916912475,1.27738590969616,0.683374086013436
"mmu-miR-675-3p_st",1.40079057920553,1.40079057920553,0.905414342491346,1.48910327182813,1.53859096704996,1.57344205346769,1.40079057920553,1.40079057920553,1.40079057920553
"mmu-miR-675-5p_st",1.88291248975197,1.42387864699884,1.85831842660119,2.23179374060382,1.50882901056766,0.950668057062392,1.64953635797491,1.72873041701531,2.07281290730308
"mmu-miR-676-star_st",0.952519722515845,1.07200311704127,1.47749945242626,1.1260642705034,1.16568262917082,1.05701634675296,1.10488430319667,1.07200311704127,1.0659348834246
"mmu-miR-676_st",1.18366076331204,1.15695348061009,0.893031264063986,1.14870846207455,1.48760246124916,1.15695348061009,1.04292285121393,1.27828854058897,1.37121037525623
"mmu-miR-677_st",0.857891945238911,0.988263189571746,1.35160614763246,0.910101433247592,0.73641116241625,0.810479447145275,1.05621844339537,1.07200311704127,0.950668057062392
"mmu-miR-678_st",1.07200311704127,1.16477922886475,0.950668057062392,0.913072924553037,1.03534067064325,1.32630649990003,0.871813432995814,1.24135613633121,1.07200311704127
"mmu-miR-679_st",1.49902388932024,1.08292679619878,1.18927508588935,1.14870846207455,1.20426185617766,1.18927508588935,1.06900986314177,1.74916457870906,1.45001704232985
"mmu-miR-680_st",2.14482751013677,2.15418177205924,1.39885963390941,1.53168841560175,1.83396434307361,1.28131703770146,1.59544262992331,1.20898632285837,1.62465042241342
"mmu-miR-681_st",0.950668057062392,0.923226970811246,0.867209425993894,0.705736779066364,1.06497735617161,1.52268737697392,0.869239944108582,1.15887132989934,0.923226970811246
"mmu-miR-682_st",1.11541028825184,1.2006717430963,0.878296123119871,1.24765020909893,1.45393563264663,1.21439839492211,1.50846385326893,1.54939465967587,1.04088746100714
"mmu-miR-683_st",1.10866556343929,0.861156610181097,1.03143649322647,0.929643979327351,0.861156610181097,0.950668057062392,0.873720169125852,1.19616136658161,0.883797046831384
"mmu-miR-684_st",0.950668057062392,0.950668057062392,0.616973823784306,1.11476626025442,0.950668057062392,0.950668057062392,1.07093327980997,0.977054234618289,0.950668057062392
"mmu-miR-686_st",1.2863258322136,1.11999559899304,1.51472645061693,1.15621967706089,1.18366076331204,1.15695348061009,1.18366076331204,1.37336482160958,0.977375339764336
"mmu-miR-687_st",0.966711263834292,0.977375339764336,1.0411295540859,1.13080946702632,0.908300772393571,1.01946921240129,0.977375339764336,0.913072924553037,0.977375339764336
"mmu-miR-688_st",0.958288642021195,1.26931815435738,0.651933465555102,0.910101433247592,1.28131703770146,0.950668057062392,0.855623573119631,1.24765517295531,0.950668057062392
"mmu-miR-689_st",7.86158647512018,7.48994378021191,7.36742513777312,7.56260644012154,7.56260644012154,7.71676900185844,7.02354332408045,8.20110288485868,7.38648621618643
"mmu-miR-690_st",1.01080472680947,0.857224586053559,0.786329513929817,0.805485729787015,1.40213046133877,1.17372984293544,0.869788144998314,0.779029866460931,0.696277211083349
"mmu-miR-691_st",1.04090386220287,1.16223892218175,1.1821993113287,1.84461614033948,1.0123473350318,1.04090386220287,0.853127459558488,1.05589063249118,0.759638797291049
"mmu-miR-692_st",1.5310369597944,0.988547161821915,1.62610000470915,1.08162030846676,1.14870846207455,2.20022343753703,1.31592851009779,1.06526132842177,1.24531338415937
"mmu-miR-693-3p_st",0.957829079096041,0.905422863644144,0.668556218358228,0.905422863644144,0.786098814566182,1.15695348061009,0.983796427321011,0.828717518610864,1.1719402508984
"mmu-miR-693-5p_st",1.23922316506451,1.3528294020778,0.984240732889545,1.27926606369977,1.46002345718889,0.786887750776862,1.27926606369977,1.27926606369977,1.28816210054286
"mmu-miR-694_st",0.847362873471908,1.0343413727587,1.64953635797491,0.782810755792752,0.820084478112558,1.0343413727587,1.06104865546065,1.04932814304701,1.0343413727587
"mmu-miR-695_st",1.16956238878057,1.38381928342671,1.50479082307614,1.14870846207455,1.16956238878057,1.18792008866203,1.10055964421233,1.16956238878057,1.09599905040253
"mmu-miR-696_st",1.60474061328088,0.809473226310037,1.14884297469977,1.07745916106951,0.647547539495346,0.838793962644165,1.01182710067581,1.43752056525764,0.869239944108582
"mmu-miR-697_st",0.857891945238911,0.759638797291049,0.917144343570638,0.573439584311353,0.58581812299809,1.21229189926853,0.918657655573075,0.722043664781694,0.759638797291049
"mmu-miR-698_st",1.40332115903987,1.15294978113959,1.43301934124957,1.15944060298282,1.40332115903987,1.40332115903987,1.40332115903987,1.15944060298282,1.61411115806679
"mmu-miR-700_st",2.28623234781733,2.26537643783861,1.758428599225,2.53425867670894,1.79388181671609,2.18437441850054,3.58026423413024,2.18184383866619,1.58894156803964
"mmu-miR-701_st",0.950668057062392,1.07200311704127,0.950668057062392,0.950668057062392,0.817839275370059,0.873852059604685,0.748974721361005,0.924212193736308,1.18810671659082
"mmu-miR-702_st",1.59980009995402,1.80406961847712,1.71178176837472,2.38632700110602,2.16497423320609,1.81123728086984,1.88244318215399,2.0976117865319,1.40332115903987
"mmu-miR-703_st",0.564881539505631,0.956623980700755,1.15170171597405,0.724057616833206,0.706730894384898,1.17240235698627,0.869239944108582,0.869239944108582,0.951913744638339
"mmu-miR-704_st",1.00356051663049,1.20525385233188,1.06074357292568,1.28990058756687,0.913279359280419,1.52534471565854,1.44118975968282,0.745060553728302,1.29602543705933
"mmu-miR-705_st",8.53663373919394,8.34403532747936,7.55790823768697,8.10144637954188,8.36664969332321,8.20371736213245,8.58958822912859,8.61351140492855,8.03336102439103
"mmu-miR-706_st",1.61024397859675,5.56331886321181,6.06232620943236,5.44837173855606,4.60749894462,5.32225628466531,1.97062467877508,1.89808343630525,4.67993311785126
"mmu-miR-707_st",1.68268715093672,1.19509462969781,1.26424920259064,1.35135787801812,1.48396645364503,1.9055304477155,1.41648850133027,1.07717091852841,1.40332115903987
"mmu-miR-708-star_st",1.10866556343929,1.10866556343929,1.33720878730119,1.00107836867327,0.749636603382665,1.10866556343929,1.10866556343929,1.10866556343929,1.29602543705933
"mmu-miR-708_st",7.35797150268045,7.65457973939508,7.4766889862922,7.56260644012154,7.56096928838449,7.69444713281383,7.39963863330353,7.45526259185409,7.17510984636074
"mmu-miR-709_st",8.43806604694529,8.22615654186235,7.84312562699527,8.22137922476944,8.64542801493583,8.36469979219953,8.08892508833424,8.47376243537207,8.30491126807817
"mmu-miR-710_st",1.35650996114269,1.44389399773486,1.44389399773486,1.4130209695687,1.51293438444348,1.35650996114269,1.25384489224112,1.16777907571131,1.35650996114269
"mmu-miR-711_st",5.68472289751957,5.16548412806852,3.82209919105153,4.12006709518424,3.98973763140237,4.06256180799454,5.32508098183213,4.93091278602082,5.34500504967319
"mmu-miR-712-star_st",1.5310369597944,1.76299558905046,0.953478468687285,1.62894808433528,1.54939465967587,1.54939465967587,1.50730078703891,1.45278973759105,1.95587691021026
"mmu-miR-712_st",1.76090140547492,1.01900137729503,1.28131703770146,1.1987167766808,1.31296293571393,1.84661933484388,1.36460392700346,1.83098825815673,1.25730820502291
"mmu-miR-713_st",1.10866556343929,1.2145902736085,1.50577730988427,1.14870846207455,1.25218540611785,1.05701634675296,1.52854073296985,1.2145902736085,1.2145902736085
"mmu-miR-714_st",7.22070533341097,6.67623169844062,6.44924816002172,6.50306182025487,7.13522137713818,6.95619059796174,6.70983037038629,7.59074098772672,6.72579974754517
"mmu-miR-715_st",1.44389399773486,1.44389399773486,1.44389399773486,1.31083050732919,1.44389399773486,1.367179831135,1.44389399773486,1.44389399773486,2.05090449954713
"mmu-miR-717_st",1.03143649322647,1.03143649322647,1.03143649322647,1.01301005841017,0.990863654531484,1.15695348061009,1.10055964421233,1.03143649322647,0.630688033789225
"mmu-miR-718_st",1.45132018708562,1.30898744358778,1.35160614763246,1.35160614763246,1.52324433823392,1.27215159529312,1.65342172238419,1.0274718638128,1.38920128014182
"mmu-miR-719_st",0.885378156151503,1.29453344915456,0.923723855492107,0.84834514764364,0.858670873449558,1.05701634675296,0.868839984572731,0.885378156151503,0.86598708698162
"mmu-miR-720_st",6.92985768452842,6.81872105144575,6.93570821566589,6.62074073161216,7.24797618307181,7.20319469484535,7.44701822738722,7.26202095397298,7.03452857621972
"mmu-miR-721_st",0.950668057062392,0.938104498117637,1.14071716255613,0.919795028896229,0.950668057062392,0.950668057062392,1.15340517783063,0.858032353187607,0.950668057062392
"mmu-miR-741_st",1.05701634675296,0.957068751216035,1.30023860139152,0.913072924553037,1.24804560652431,1.05701634675296,1.05701634675296,1.05701634675296,1.05701634675296
"mmu-miR-742-star_st",0.863284020470219,0.90804935301771,0.790506756809756,0.977123920388476,1.28131703770146,0.829332997083513,0.977375339764336,0.913072924553037,1.37676087149699
"mmu-miR-742_st",0.857891945238911,1.16400929669828,1.4708668163654,0.711941712853142,1.12029103421207,1.06992872579533,1.09663600849728,1.07200311704127,1.40680750310864
"mmu-miR-743a_st",0.977375339764336,1.72873041701531,0.897663202605207,1.03297803513126,0.641607739749184,1.05701634675296,0.977375339764336,0.977375339764336,1.16473521338437
"mmu-miR-743b-3p_st",1.10866556343929,1.10959824955062,0.893916708695839,0.784404298498007,0.950668057062392,1.10959824955062,0.869239944108582,1.07200311704127,1.07200311704127
"mmu-miR-743b-5p_st",0.847645040277234,0.705480163957378,1.1461627518281,1.04933837597862,1.20826856846685,0.950668057062392,1.04933837597862,1.25046958767852,1.33693719452188
"mmu-miR-744-star_st",1.57117407976449,1.57117407976449,1.3618601591043,2.22093095904995,1.80996723296635,1.40332115903987,1.66160422337553,1.20292996661607,2.12351809250375
"mmu-miR-744_st",8.85705163391299,8.88024463878227,8.68167136285685,8.97168061454253,9.00740493508069,9.16148682225375,8.67252713590977,8.98316783979474,8.75021426056987
"mmu-miR-758_st",1.07200311704127,1.11572137952748,0.865563507460256,0.768823283388993,1.02938441299659,1.07200311704127,1.35969060137833,1.17792782721048,0.990575004087461
"mmu-miR-759_st",1.11199568018007,1.16909717176035,0.869239944108582,0.953998173803173,0.786778125779937,0.638315154605791,0.982554700974238,1.10743230106516,0.953998173803173
"mmu-miR-760_st",3.52660884883699,3.83120857034713,1.4743707022282,3.55307235821783,2.51076060030795,2.29189730850984,1.9734639327851,2.4113708500139,2.39796908614364
"mmu-miR-761_st",0.764492541657243,0.999309758475286,0.836358757953178,1.0205456083148,0.913072924553037,0.913072924553037,1.20162803255515,1.40079057920553,0.722043664781694
"mmu-miR-762_st",10.7201287453603,9.69025501472858,9.61173921369199,9.53432815224924,9.84486775358811,9.51560493262939,10.1955675947124,10.6056791212065,9.80820621260573
"mmu-miR-763_st",1.40332115903987,1.52734669710507,1.36476973707167,1.36476973707167,1.68403703083974,1.36476973707167,1.10055964421233,1.17603885164029,1.36722862917651
"mmu-miR-764-3p_st",1.07200311704127,1.43564337846485,0.930986535230111,1.23117919436884,1.15084622067231,0.950668057062392,0.963867721385516,0.913072924553037,1.37007418903686
"mmu-miR-764-5p_st",1.55319416186657,1.29602543705933,1.6083751411807,1.6083751411807,2.38571769907352,1.15695348061009,1.90458113206688,1.37273960365919,1.20944105277127
"mmu-miR-767_st",0.817129959994665,0.976914242083824,0.817129959994665,0.919795028896229,1.39718657153083,0.904808258607922,0.948351556067294,0.919795028896229,0.873948096400263
"mmu-miR-770-3p_st",2.21554168831869,1.57311149900374,1.35203121588338,1.33117728917737,1.35203121588338,1.13609955390408,1.56974144152405,1.35203121588338,0.858805275210916
"mmu-miR-770-5p_st",1.01592676173254,1.23922316506451,1.11370617768088,1.40079057920553,1.28131703770146,1.57584209353399,1.23922316506451,1.11055453900948,1.37829512151374
"mmu-miR-7a-star_st",4.54039472052766,5.34746690377846,3.68326011068295,4.57856965705873,4.21110635947029,3.50801651118824,5.09973673805817,3.55013904563088,5.03010482954125
"mmu-miR-7a_st",1.64676832081238,1.68268715093672,1.98202503902441,1.92356606266359,1.68268715093672,1.33935376622476,1.49298309263918,1.86202290827616,1.92012581046515
"mmu-miR-7b_st",0.939320058192721,0.829332997083513,0.950668057062392,0.913635048554529,0.715023697974299,0.950668057062392,1.17906867546572,1.19450515565782,0.950668057062392
"mmu-miR-802_st",1.84863159629651,1.11352878103676,1.59482840227102,1.18062146146002,1.52453929234002,1.44389399773486,1.52854073296985,0.899561272124781,1.46225169761633
"mmu-miR-804_st",0.748974721361005,0.78131503777245,1.4955739323476,0.886913842740824,1.15343122999508,0.950668057062392,0.973853089149323,0.791737864574159,0.950668057062392
"mmu-miR-871_st",0.867338290034438,1.27369645274266,1.07200311704127,1.03143649322647,1.07200311704127,0.941896961888561,1.23922316506451,1.1020582621412,1.1903666857147
"mmu-miR-872-star_st",0.977375339764336,0.834788183197108,1.10512549352866,0.977375339764336,1.43002844174182,1.0441021038573,1.09685873428976,0.721322273106778,0.977375339764336
"mmu-miR-872_st",1.18938727430115,1.2145902736085,1.1353962145681,1.47870484220649,1.2145902736085,1.28131703770146,1.18938727430115,1.2145902736085,1.2145902736085
"mmu-miR-873_st",1.14440405728122,1.14440405728122,0.877640785187622,1.14440405728122,1.41452711221612,1.12941728699291,0.869239944108582,1.46743245296148,1.60554686699921
"mmu-miR-874_st",6.20870025152609,5.9026879601254,5.72572128327692,5.91710173425016,5.97547783023419,5.88206284331866,6.05099499244902,5.97547783023419,5.97547783023419
"mmu-miR-875-3p_st",0.648764712444108,0.618868566208295,1.20389673524744,1.04495772119263,0.968252376159346,0.953123117047059,0.773886047847207,1.02024931068684,0.869239944108582
"mmu-miR-875-5p_st",0.977375339764336,1.03417761175916,1.43817227716717,0.842450569766963,0.966867614866999,0.85917858924313,0.977375339764336,1.03501213276274,0.662847824038212
"mmu-miR-876-3p_st",0.977375339764336,0.836358757953178,0.924406210230034,0.913072924553037,0.897698927528089,0.995548126561874,1.10055964421233,0.92004644827209,1.01025652591974
"mmu-miR-876-5p_st",0.913072924553037,0.798763625443823,0.816195935223053,1.24186038671729,0.950668057062392,0.994501037506847,0.913072924553037,0.913072924553037,0.913072924553037
"mmu-miR-877-star_st",1.62025583291971,2.08261174389956,2.64417385434513,1.67431698638185,2.64403371972982,2.1035825298398,2.03054413429108,2.00117658044874,2.7267909119009
"mmu-miR-877_st",6.83142618384568,5.71665079256605,5.6303123611691,5.7784420871917,5.6161134176946,5.67805739835573,6.53899468785652,6.16642365591254,5.56139156530206
"mmu-miR-878-3p_st",1.13500114612576,1.76608548013719,0.914343557325973,0.742052870656294,1.14998791641407,1.13500114612576,1.10055964421233,0.991057723925833,1.29606141705006
"mmu-miR-878-5p_st",1.24960893861212,1.14147354295637,0.947114166444245,1.42094206092234,1.00864476126404,1.09860478557484,0.977375339764337,1.2145902736085,1.23224512768382
"mmu-miR-879-star_st",0.913072924553037,0.577998836185773,1.35160614763246,1.20388944138868,1.00584903637652,0.78154834542802,0.941629451724102,0.913072924553037,0.598545408826913
"mmu-miR-879_st",0.774612166831649,1.07093327980997,0.893916708695839,0.739133788955873,0.869239944108582,0.618868566208295,0.869239944108582,0.669697885877034,1.2006717430963
"mmu-miR-880_st",1.37979337684378,0.754930644999368,0.869239944108582,0.805485729787015,0.950668057062392,0.836358757953178,0.869239944108582,1.01784402457892,0.756391840972086
"mmu-miR-881-star_st",0.817325321424112,1.03143649322647,1.7178619754102,1.03143649322647,0.907072936135102,1.15695348061009,1.05999302039753,1.07200311704127,1.03143649322647
"mmu-miR-881_st",0.75399867808331,0.806570090452104,0.797944718122056,1.07273726710754,1.14216204507712,0.836358757953178,1.04753426780019,1.00476503987462,0.841923975951973
"mmu-miR-882_st",0.857891945238911,0.952519722515845,1.18631241615048,0.950668057062392,0.950668057062392,0.950668057062392,0.894274220664634,0.698261430296853,0.950668057062392
"mmu-miR-883a-3p_st",0.913072924553037,0.803271758432024,1.11774375722339,0.989888922010744,0.830712844683169,1.02738222366225,0.883017779453111,0.913072924553037,0.893681855383155
"mmu-miR-883a-5p_st",0.782382889612657,0.772387994815516,0.782382889612657,0.944891939336342,0.446790934987637,0.728669732329309,0.810939416783722,1.12111091139508,0.672815894123127
"mmu-miR-883b-3p_st",0.788225816331319,0.857661719410157,1.68268715093672,1.23601795978811,0.975204315618111,1.18946121026425,0.889718508682574,0.975204315618111,0.901640977240074
"mmu-miR-883b-5p_st",0.950668057062392,1.07200311704127,0.950668057062392,1.03143649322647,0.950668057062392,0.836358757953178,1.27681829757386,0.950668057062392,0.759638797291049
"mmu-miR-9-star_st",0.977375339764337,1.08930766744502,1.03255631907846,0.944125340169639,1.03255631907846,1.27643687513552,0.842852260780922,1.05171253493566,1.03255631907846
"mmu-miR-9_st",0.813125329016109,0.813125329016109,0.947487831610908,0.913072924553037,1.18614105953479,1.03858991193666,0.630611152687572,0.913072924553037,0.976827138874604
"mmu-miR-92a-star_st",2.02519119821065,1.70235946454667,1.26023411014026,1.66160422337553,1.66160422337553,0.667755448085017,1.60521038697777,2.03114692671092,1.80067617982476
"mmu-miR-92a_st",12.4808583252018,12.3194846248769,12.2331097656785,12.2677040400166,12.2928202061729,12.3037467996986,12.4293572708031,12.2736531970284,12.3491423259208
"mmu-miR-92b_st",7.51766379205276,7.37653011854382,7.21418461883107,7.29403788107832,6.99364868451422,7.29403788107832,7.32235807883859,7.29403788107832,7.19730542938706
"mmu-miR-93-star_st",7.45588843531013,7.65537508192658,7.79071016903836,7.65537508192658,7.79847904138068,7.87146873011406,7.43872647911436,7.76599034538869,7.49703968372041
"mmu-miR-93_st",12.3136051693909,12.1984937868277,12.2723181190617,12.3086420999411,12.5359910458749,12.5232196795288,12.296575370907,12.3500601344967,12.0933599451109
"mmu-miR-96_st",1.91110785264374,0.752058096107169,1.24185509333816,1.03143649322647,1.38537418231711,0.98362296592242,1.32898034591936,1.60038936452621,1.32898034591936
"mmu-miR-98_st",2.71870086594638,3.48933620701616,2.71870086594638,3.30020000126375,2.19839502731024,1.82073732671226,2.29295443135826,2.76815270595512,2.71870086594638
"mmu-miR-99a_st",7.2014222801048,7.53102695838895,7.31734150204987,7.63974701840113,7.23113718907096,7.08289196734403,7.18627033354603,7.22865609957135,7.44778394707634
"mmu-miR-99b-star_st",6.74811965920061,6.91567865269885,6.90297294008789,6.94567694389925,7.25319388939719,7.13244894070195,6.71233293817083,6.71668871806782,6.41959365573005
"mmu-miR-99b_st",10.7849071713223,10.9853242078029,10.9458989644011,10.9108915094304,11.1044324158303,11.1482244059063,10.8080169671549,10.8414807202944,10.6224686009652
"mne-miR-101_st",3.8132027755285,2.6654150864076,2.7267909119009,2.33777057649218,1.40332115903987,2.05840458459533,1.80922743810386,2.07317975272117,2.87157500282621
"mne-miR-103_st",13.2947711692669,13.2303602626657,13.2169312913178,13.2630811084114,13.4103811418585,13.4050890961013,13.318667163922,13.3455382733549,13.239439899064
"mne-miR-105_st",1.33540855132799,1.2006717430963,1.21340442998958,1.02575895498167,1.65380629392928,1.42215102728675,1.19805768424752,1.22811282934745,1.22811282934745
"mne-miR-106a_st",12.7166283261727,12.6837935814221,12.6781704560834,12.6893286796065,12.7043104896488,12.7591159998402,12.7325544400142,12.6949498560981,12.6788512858077
"mne-miR-106b_st",11.7326594536443,11.6979956020029,11.7385035441236,11.7324232245398,11.7324232245398,11.6989634149267,11.8005230897914,11.6929599132687,11.6251088040851
"mne-miR-107_st",12.857277553977,12.7800260982736,12.8469580437849,12.7583624028831,12.840361146992,12.9114817864817,12.9334577480152,12.8407395621406,12.8136223486274
"mne-miR-10b_st",1.93729984790205,1.41876493439062,1.52049060181883,1.68268715093672,1.8714180363681,1.68268715093672,1.68268715093672,1.68268715093672,1.65263933388099
"mne-miR-125b_st",11.2902383613947,11.144769649754,11.1712732671908,11.182978136146,11.0879142796274,11.0693914227401,11.1892816261107,11.1484963545964,11.2526379107953
"mne-miR-127_st",0.83308416044001,1.05384894969806,0.836358757953178,1.3320247689668,1.47091976363481,1.22548714029952,1.16815824880727,1.17646666517362,0.869239944108582
"mne-miR-130a_st",7.96485394042802,7.76337237373416,8.13625858037292,8.01459659282867,7.71449760245734,7.76200257206347,7.89110659388879,7.86329034947294,8.47518576991971
"mne-miR-133a_st",1.10866556343929,1.10866556343929,1.14923840213428,0.961348588454515,1.36203478605583,0.969593606990057,1.95091602281567,0.910320090135886,0.763308183442356
"mne-miR-134_st",1.22092627443203,0.980258416438588,0.975669151316068,1.01313960259399,1.01313960259399,0.980258416438588,1.30082708693105,1.01313960259399,1.07200311704127
"mne-miR-140_st",1.01025652591974,0.926042216103403,0.674880567596458,0.988713485612647,0.869239944108582,0.926042216103403,0.779138434151774,0.779029866460931,0.830688522140377
"mne-miR-144_st",0.869239944108582,0.869239944108582,0.869239944108582,0.843923430980756,0.869239944108582,0.950668057062392,0.829793146145774,0.924420923422708,0.690489303718767
"mne-miR-145_st",0.951737894293692,0.871884280932045,1.64120239594573,0.711941712853142,0.849072825392129,1.15343122999508,0.869239944108582,1.25011579658737,1.07200311704127
"mne-miR-147_st",0.977375339764336,1.04969100154489,1.0040660564031,1.0232222722603,0.949225579025079,1.03470423125658,0.85912406906827,1.09871039974321,0.786346079992994
"mne-miR-153_st",0.977375339764336,1.07200311704127,0.950668057062392,1.02646922857927,0.977375339764336,0.859832743556382,0.863960178855581,1.21301969885243,0.759638797291049
"mne-miR-154_st",0.748974721361005,0.836358757953178,1.1898346667655,0.744822899008546,0.869239944108582,1.15695348061009,1.10055964421233,0.811911052616336,1.07200311704127
"mne-miR-15a_st",8.545763919583,8.22371593710377,8.5495015497176,8.51716780678833,8.13451753918082,8.45160304602942,8.76760670637955,8.7356979940878,8.88276293465048
"mne-miR-15b_st",11.1344286524211,11.0941703551992,10.7950862645216,11.0138864241351,10.3932881585912,10.4204177289738,11.1522673601433,10.7734306349836,11.2409522350003
"mne-miR-16_st",12.8235240433466,12.8499678567681,12.9179215676232,12.9453712698837,12.789579159851,12.9019341050611,12.879858243413,12.8942677425411,13.0424434106311
"mne-miR-17-3p_st",6.9060787283756,6.77973974464652,6.70008802374172,6.84631000772292,6.75074484490978,7.00042197193056,6.88186748700822,6.86248344645311,6.7971337842976
"mne-miR-17-5p_st",12.966189803882,12.9868973544192,12.9202979401923,12.956044640245,13.0912081202482,13.1005789247587,12.9303678139527,12.9535534208067,12.9033536524351
"mne-miR-18_st",10.2839048589914,10.168852234117,10.1485058293714,10.2357612482474,10.3147002064822,10.2459233947227,10.3900613767561,10.3138065387403,10.2839048589914
"mne-miR-181a-star_st",5.55264095087727,5.51700907932113,5.50048084426131,6.00856368980091,6.17532331383341,6.33592020536099,5.7393988426286,5.98606778856133,5.9061619750103
"mne-miR-181a_st",10.6120667666871,10.6738419256655,10.4514637372825,10.6282316399589,10.7912386560693,10.8788954760465,10.7044848237803,10.6738419256655,10.7390617972754
"mne-miR-181b_st",10.658970650232,10.6789001646952,10.7668300823359,10.573364783624,11.0168754666334,11.0910266204184,10.6268913977435,10.7186688382882,10.6328216987417
"mne-miR-183_st",7.54253048126304,7.95625881426637,7.57289671323327,7.54253048126304,7.48608704578553,7.45617573090377,7.71270713005052,7.34886952492507,7.70537138044143
"mne-miR-184_st",1.60140790102812,1.61253389474457,0.974562003300999,1.28131703770146,1.28131703770146,0.728669732329309,1.10055964421233,1.28131703770146,1.2006717430963
"mne-miR-187_st",1.09843826003798,0.551312888767422,1.24436219535159,0.936082799263443,0.95742167822682,0.836026843003064,1.59404854593465,0.711474189020058,1.2006717430963
"mne-miR-188_st",3.15811934997304,3.15811934997304,3.15186604290933,2.69581885246364,3.15186604290933,3.52410583228487,3.15811934997304,3.15811934997304,3.68035691205877
"mne-miR-194_st",7.42504484764235,7.57387935206909,7.3413486991811,7.74622305445142,7.37784090790607,7.50975650476054,7.62689250703817,7.78893887096885,7.76137947057858
"mne-miR-197_st",2.58448021265827,1.65468800278865,2.14448500001965,2.27863980847778,2.69395125461952,2.24786128418879,2.24786128418879,2.24786128418879,1.7868333192043
"mne-miR-198_st",0.778016582800223,1.16492495170853,1.10817360334198,1.03143649322647,0.893031264063986,0.728669732329309,0.860566547105583,1.28547244312976,1.11705358408204
"mne-miR-199a_st",1.10560316938575,0.950668057062392,0.883158474620781,0.7147060430996,0.96458658757459,0.850277288465376,0.883158474620781,1.2285088041207,1.27475808218595
"mne-miR-19a_st",6.91516013464266,6.72973169405772,6.64898310578418,6.83086573787128,6.60560593284551,6.88942474781105,7.19365535663864,6.33572392172224,7.17151514655478
"mne-miR-19b_st",11.1790402572634,11.2106567068938,11.1114758398785,11.0778393479613,10.711798952222,10.6345992020789,11.2601754022492,11.0643632380441,11.2261642401625
"mne-miR-20_st",10.3538120428527,9.96941894120373,9.79225023809806,10.0150168422066,10.0838684758709,10.0072055351482,10.4551741881965,10.0978062850847,10.4549149517355
"mne-miR-204_st",1.72525660490419,1.88695666945982,1.14493000462118,1.54741942279743,2.16851665253766,1.87386068537453,1.56637328949856,1.09121528221617,1.75626358792359
"mne-miR-205_st",13.0764518903657,13.1197882016278,13.2861121857346,13.1405694495782,13.1326718516334,13.1984012013542,13.0964117680743,13.0288050322024,13.2217465725586
"mne-miR-206_st",0.803183587700102,1.45185828005014,1.40581501397156,0.913072924553037,1.40332115903987,1.00487692340149,0.592799829808611,1.07200311704127,1.00487692340149
"mne-miR-21_st",8.78678846329988,8.83379015411488,8.38486970960646,8.36523579948749,8.29805005012348,8.62330790714963,8.92777944377676,8.39538144170649,8.67544046842048
"mne-miR-211_st",1.51652765576751,1.12986594189011,1.82478521826397,1.17571287438608,1.11730238294536,1.45915430294748,0.748974721361005,1.04843077843928,1.12986594189011
"mne-miR-214_st",2.18695112031699,1.44389399773486,1.35160614763246,1.08383259354673,1.42918559837699,1.83055571161226,1.37676780409508,1.732725257177,1.55118971971541
"mne-miR-215_st",1.50314538161061,1.35366223005773,0.938802784142565,1.18299100092103,1.2145902736085,1.2145902736085,1.50314538161061,1.2145902736085,1.2145902736085
"mne-miR-218_st",1.1508862736793,0.836358757953178,1.15695348061009,0.795792134138378,1.40332115903987,0.836358757953178,0.72302961312157,0.745622578367503,0.836358757953178
"mne-miR-22_st",11.5681815154823,11.3866406737169,11.7207315574912,11.7259545611649,11.8013031881817,11.8318539023152,11.7750867387885,11.6477047131641,11.7781491495805
"mne-miR-220_st",1.20139765978239,1.44389399773486,1.28324442768419,1.15713044239131,1.42931792832018,1.84863159629651,0.775451840506856,1.68651803884378,1.20912649620918
"mne-miR-224_st",5.93133181025235,6.61461410357946,6.29290623779697,6.34138289386509,6.01601398565134,6.0413329023123,6.29159469418213,5.58311167051795,6.95638248945578
"mne-miR-23a_st",13.6603628797085,13.5095197621125,13.5077404554314,13.5030006137379,13.3916692248694,13.3835907412328,13.5890657275629,13.4954099526472,13.74140280167
"mne-miR-24-star_st",0.925929616405277,1.07200311704127,1.19333817702015,0.926820789765893,1.07200311704127,1.07200311704127,1.40025722519313,0.953639548367837,1.54939465967587
"mne-miR-24_st",13.5084609682044,13.4452323874763,13.4513392115582,13.4589857097474,13.611868320829,13.579136384348,13.5231520639557,13.545673053422,13.4422240646598
"mne-miR-25_st",10.1635954439673,10.3561807901747,10.1328677633698,10.1599263823458,9.60151208306635,9.69188121356223,10.2430782290187,9.83522305172353,10.2200328624792
"mne-miR-26a_st",12.1969728036046,12.3585312348781,12.2309216980238,12.3962285858665,12.1317465599613,12.1502271657345,12.1735017445512,12.140138741043,12.2688158298602
"mne-miR-27a_st",10.9469511942831,10.4894384933213,10.5347891961517,10.7954097846041,11.35681441693,11.2835297955908,11.1527500151457,10.9770706778422,11.2515106333489
"mne-miR-28_st",7.54795685160019,7.56870961806344,7.6462276791483,7.50078074592036,7.58915470091618,7.61914335614878,7.57891482569801,7.93656745348606,7.73754889363911
"mne-miR-29a_st",11.5069601881582,11.3670987706483,11.4350641641274,11.3699934247615,11.4056214876056,11.4318126693929,11.6810692378019,11.3632325064066,11.7563908823708
"mne-miR-29b_st",1.45528444006162,1.35960193558453,1.24185509333816,1.2006717430963,1.5873334569737,1.2006717430963,1.51462220245765,1.2006717430963,0.870022762457232
"mne-miR-30b_st",6.047861270031,5.44454356293123,5.37953328012312,5.77319066590481,5.34979517898322,5.21602928233396,5.92660369653126,5.71731509837543,5.95347516223672
"mne-miR-30c_st",9.89369916499087,9.89276270150127,9.73497850025564,9.96476581872915,9.61043631740421,9.71033242136236,10.0515759126959,9.70681025508198,10.1665831223979
"mne-miR-30d_st",7.78893887096885,7.8462523060581,7.78893887096885,7.77948535709492,7.79563894979822,7.81641708716885,7.67389372124912,7.67838645155399,7.98769304205771
"mne-miR-31_st",13.8974298320527,13.7249912008707,13.7440329265412,13.7154255098498,13.8672962093498,13.8432886817788,13.882144685566,13.8590752290598,13.7368475269083
"mne-miR-32_st",1.40332115903987,1.29602543705933,1.33720878730119,1.27132697576724,1.21773524579713,1.21773524579713,1.33720878730119,1.33720878730119,1.63663570437263
"mne-miR-33_st",1.13496565011932,1.44148034457924,1.41742742198479,1.21667965785269,1.07200311704127,1.19147665854533,1.19147665854533,1.19147665854533,1.01912881751142
"mne-miR-34a_st",2.18888292748173,2.14320839502552,1.9808715171436,1.9808715171436,1.58380828542135,2.34479138653197,1.9808715171436,1.69927027330676,2.46112215311938
"mne-miR-7_st",1.10866556343929,1.45402294343623,1.10866556343929,1.26442616437186,0.902380139891591,1.23459501872074,1.10055964421233,0.913072924553037,1.03194560277716
"mne-miR-9_st",0.950668057062392,0.950668057062392,1.07200311704127,1.02010396014123,0.950668057062392,0.842979031438523,0.977375339764336,1.07231511686927,0.759638797291049
"mne-miR-92_st",13.2988490372566,13.3078721069787,13.2412217154811,13.2664386796095,13.2836130296251,13.278085273808,13.3160521549337,13.2604292330059,13.1993047618524
"mne-miR-93_st",12.2076559599359,12.0756622136853,12.122420394117,12.1629764501541,12.3883518927148,12.38144875322,12.2189944138118,12.2371906944617,11.989278178129
"mne-miR-96_st",1.093536304327,1.07200311704127,1.2515338107039,1.26708085231456,1.093536304327,1.093536304327,0.740571318053552,1.05594117181765,1.01210819137319
"mne-miR-99a_st",7.21351808367265,7.33207745970102,7.33207745970102,7.56096354853152,7.10514888000338,7.33207745970102,7.21979106664325,7.17969435139543,7.5099326518079
"mtr-miR1507-star_st",1.11563367470282,1.03912193088587,1.24185509333816,1.50258608706567,1.07200311704127,1.07200311704127,1.07200311704127,1.07200311704127,1.07200311704127
"mtr-miR1507_st",0.981901607084461,1.1719507125782,1.24185509333816,0.954460520833316,1.07200311704127,0.870283912304363,1.07200311704127,1.07200311704127,1.1666308943182
"mtr-miR1509-star_st",1.07425232909432,1.00983519592477,0.881166569869744,0.97224006341542,0.646309652459441,1.00209376583783,0.884688820484757,1.16630661748402,0.966116933438566
"mtr-miR1509_st",0.885035996668691,1.52532211068867,0.977375339764336,1.07588763099237,0.950668057062392,0.950668057062392,1.09168463887355,0.868594810714633,0.869899620898313
"mtr-miR1509b_st",0.750127362315663,1.02777848421667,1.759797578091,1.13525420308269,1.05448576691861,1.05701634675296,1.21350462520064,1.05448576691861,1.05039565646487
"mtr-miR1510a-star_st",1.30288832938351,1.35969060137833,1.88415270310016,1.09510165754547,2.68038271968813,1.35969060137833,1.35969060137833,1.59690553522249,1.35969060137833
"mtr-miR1510a_st",1.03895946579474,1.01048975890405,1.2149235169983,1.3008429836686,0.73641116241625,1.18821623429636,1.29817724324111,1.33108448156097,1.07200311704127
"mtr-miR1510b-star_st",1.40332115903987,1.40332115903987,1.52854073296985,1.40332115903987,1.21327205354614,1.40332115903987,1.52854073296985,1.30002137923505,1.40332115903987
"mtr-miR1510b_st",1.03143649322647,0.817179598580328,1.43237458379654,0.79271014901722,1.07200311704127,0.950668057062392,1.18081021411866,1.15225368694759,1.32609208882705
"mtr-miR156_st",1.07449934386582,1.07200311704127,1.27476628997396,1.07200311704127,0.73641116241625,0.700113205158244,1.07200311704127,1.09285704374729,1.29529952037323
"mtr-miR156b_st",1.83211123392108,1.84182112228778,1.36401435659286,2.14634638030326,1.5742081962512,1.83211123392108,2.64403371972982,1.55021466218989,1.83211123392108
"mtr-miR156c_st",1.45300491097911,1.88695666945982,1.47136261086057,0.915301236451272,1.50844622287218,1.47136261086057,0.751434716291751,1.07200311704127,2.01033166085215
"mtr-miR156d_st",1.68268715093672,2.07336548313877,1.15162637082647,1.48899440854623,1.3037780212931,1.10204199618338,1.72588895509633,1.58297311148356,1.4663549813265
"mtr-miR156e_st",1.10866556343929,1.36700610720522,1.00472921052453,1.40079057920553,0.950668057062392,0.950668057062392,0.646309652459441,0.752322583758986,0.950668057062392
"mtr-miR156f_st",1.1236523337276,1.29602543705933,1.29630380798977,0.805485729787015,0.73641116241625,1.15695348061009,0.95955433975223,1.07200311704127,0.869239944108582
"mtr-miR156g_st",1.28131703770146,1.60896154761688,1.06706014305532,1.60508025806963,1.28131703770146,1.60508025806963,1.19988892474765,0.774604758732736,1.40265209768034
"mtr-miR156h_st",1.03561842063121,1.13024619790815,1.03561842063121,0.971316005419915,1.15695348061009,1.03561842063121,1.02751250140426,1.03561842063121,1.04628249656126
"mtr-miR156i_st",2.439166235033,1.79120638183279,1.87185167643795,2.45873914252582,1.40332115903987,1.41597956666133,1.22895219374035,1.34673392640637,1.54120269579888
"mtr-miR159a_st",1.1449118267667,1.2006717430963,0.986131502041151,0.841731993114423,0.772657425743658,0.897744777349049,0.895456842409211,0.90548620743599,0.90548620743599
"mtr-miR160_st",1.49130528219548,0.94249584911367,0.858085212514383,1.40079057920553,1.32408523417224,1.68268715093672,1.22945745689531,1.03111198359191,1.32408523417224
"mtr-miR160b_st",1.05310296757819,1.44389399773486,1.19018294353762,1.44389399773486,1.83062458220156,1.95262870353998,1.35969060137833,1.85235452001196,1.3233521933542
"mtr-miR160c_st",1.0059318669354,1.22922827026737,1.05999302039753,1.42934710637659,1.20050723974926,1.05701634675296,1.10055964421233,1.1497440757854,0.940775362123176
"mtr-miR160d_st",1.37314019753313,1.3914978974146,1.49163959571364,1.03143649322647,1.50221423083556,1.3914978974146,1.62743380476554,1.3914978974146,1.13812867479806
"mtr-miR160e_st",1.29009670331737,0.836358757953178,1.24785501743616,1.29009670331737,2.22062279678494,1.74242748749111,1.00077913541202,1.3847244805943,1.26338942061542
"mtr-miR162_st",0.957411422378545,1.35864681631148,1.16519849914563,1.02684732545738,1.15695348061009,1.27672786993237,0.884287014129547,1.32105168380213,1.11471179472889
"mtr-miR164a_st",2.12093840178263,1.10866556343929,1.10866556343929,1.19339958514601,0.99844953879869,0.76533217872733,1.02700606596976,1.07200311704127,1.93737303903495
"mtr-miR164b_st",1.78952260030828,0.559759570220066,0.674880567596458,1.04367504086784,1.28240138507709,1.0225686066491,1.22530572741734,1.92477708312548,1.72772432321607
"mtr-miR164c_st",1.40332115903987,1.44389399773486,0.991244065446996,1.04325975485175,1.44541503167683,1.27678087187274,1.40332115903987,1.67139878101428,1.61411115806679
"mtr-miR164d_st",1.40332115903987,1.07200311704127,1.27276355741466,1.30046732186037,1.78441237712473,1.33188855091626,1.36476973707167,1.40079057920553,1.56741915301524
"mtr-miR166_st",1.33619496540009,1.66160422337553,1.36236728675488,1.85947152649826,2.62408384974042,1.66160422337553,1.62551253330544,1.88615237980019,1.7868333192043
"mtr-miR166b_st",0.977375339764336,1.15739508023129,1.04766444969534,0.949934253513191,0.977375339764336,0.836358757953178,1.09764056251191,0.884739635889552,0.977375339764336
"mtr-miR166c_st",0.856907903450516,1.06157873612087,1.17572081306774,1.26442616437186,1.16707939806188,0.977375339764336,0.977375339764336,0.977375339764336,0.970237048282124
"mtr-miR166d_st",1.8652247494788,2.34007534283948,1.46048715091715,2.19063566038953,2.66062687291211,1.90131809248418,1.58702743808429,1.46984123501645,2.53577115711782
"mtr-miR166e_st",1.83436887165098,1.56516441794224,1.79398364599402,2.06977113545996,2.10292192842177,2.40301565656098,1.98834302250615,2.24591894160156,2.71866379909022
"mtr-miR166f_st",0.934606111838771,0.953645763248024,1.03255631907846,1.03143649322647,0.891539737267304,0.728669732329309,1.16449998363214,0.855744033060791,0.739561990638072
"mtr-miR166g_st",1.49855395914114,1.87610906341322,1.2145902736085,1.52375695844849,1.68268715093672,2.38284888658039,1.47992397800403,1.68268715093672,2.22483197999279
"mtr-miR166h_st",1.34395208089491,2.01033166085215,1.19694726241843,2.12351809250375,3.06730483145658,2.12351809250375,2.12351809250375,2.37621030644377,2.38308562834171
"mtr-miR167_st",0.868718009857715,0.946255960869769,0.946255960869769,0.805485729787015,0.85615445091296,0.950668057062392,1.03677066385972,0.946255960869769,1.06056525997898
"mtr-miR168_st",1.30880713875205,0.950668057062392,1.14392039472975,0.950300365196013,1.15695348061009,1.28131703770146,1.35969060137833,1.11046166544865,1.54939465967587
"mtr-miR169a_st",0.646309652459441,0.969338048139706,0.851795451931752,0.910793993007039,1.05428841170853,1.05428841170853,1.60765622125254,1.11192520470693,0.969338048139706
"mtr-miR169b_st",0.977375339764336,1.07200311704127,0.957068751216035,0.913072924553037,0.760618951568655,1.05701634675296,0.78170849954738,0.791737864574159,0.950668057062392
"mtr-miR169c_st",1.41156617757542,1.20668422843356,0.868339991987697,1.15695348061009,0.958913075597933,1.15695348061009,1.10055964421233,0.970753175013066,1.42022601688494
"mtr-miR169d_st",1.15695348061009,1.29602543705933,0.889476124361895,0.865006674798787,1.20524139778089,1.31733745897253,0.977375339764336,1.22407967424987,1.28218257643886
"mtr-miR169e_st",1.19190429632248,0.950668057062392,1.46444429610704,1.02001468634515,1.07200311704127,1.17835140673184,1.10488430319667,0.90036492643981,1.00232034490892
"mtr-miR169f_st",1.40332115903987,1.29602543705933,1.07618504444601,1.26442616437186,0.73641116241625,1.15695348061009,1.29797006242125,1.14606259569842,0.983442546695127
"mtr-miR169g_st",1.32517188455157,1.07200311704127,0.993853842552968,0.953287218738168,0.970178092067772,1.15695348061009,0.928084219430818,1.11332738405703,0.896614753689735
"mtr-miR169h_st",1.01041542132386,0.950668057062392,1.1301358904254,0.919795028896229,0.843195373300628,0.930363068030696,0.984097444107528,0.779029866460931,1.18631241615048
"mtr-miR169i_st",0.977375339764336,0.73835196073372,1.2145902736085,0.92496912431244,1.1914865115667,1.1688496803695,0.86845811588643,1.03255631907846,1.02928996244881
"mtr-miR169j_st",0.977375339764336,0.950668057062392,0.950668057062392,0.805485729787015,1.04458290474617,0.950668057062392,0.977375339764336,0.950668057062392,1.31498104220551
"mtr-miR169k_st",1.05796377904294,0.950668057062392,0.950668057062392,0.843080862296369,0.950668057062392,0.873953890462532,0.950668057062392,1.40079057920553,0.923960774360447
"mtr-miR169l_st",1.06453488075541,1.26313660424574,1.23836003205677,0.850188266312048,1.27864605255777,1.10055964421233,1.10055964421233,0.985672801977427,1.1152680435702
"mtr-miR169m_st",0.977375339764336,0.844546558072004,0.915029321676872,0.960647320288169,0.900669994731056,1.28131703770146,0.806042217454122,1.41810443600091,1.02933862078609
"mtr-miR169n_st",1.12320877910091,0.977375339764336,1.38768853267474,0.83219301248896,1.57610194237781,0.90055934230663,0.977375339764336,1.2875468343757,0.748516490304412
"mtr-miR169o_st",0.836358757953178,0.836358757953178,0.917127194117256,0.795792134138378,0.836358757953178,0.86723178611934,0.836358757953178,0.687212045652383,0.836358757953178
"mtr-miR169p_st",1.15695348061009,1.10959824955062,1.22125589582139,1.18215647991744,1.15695348061009,1.19904735324705,1.15695348061009,1.07200311704127,1.64720171509693
"mtr-miR169q_st",1.07200311704127,1.05046992975554,1.04737022558526,1.102050934097,1.07200311704127,0.978929970396424,1.22930134829671,1.23357053118229,0.950668057062392
"mtr-miR171_st",1.08850902095057,1.07200311704127,0.979996937384261,1.05147601244271,1.26896620418759,0.928347720697933,1.49441530001455,1.08894646372063,1.43588292275298
"mtr-miR171b_st",1.14458000965218,0.725774920565059,0.939529054039584,0.869239944108582,1.27061005734384,0.835576086686072,0.869239944108582,0.65633901748622,0.805251142634794
"mtr-miR171c_st",1.10070732179353,0.979226538970869,1.27425186978109,0.832603458375416,1.23187141369232,0.900071922838221,1.00449306835274,0.913072924553037,1.1120553206632
"mtr-miR171d_st",0.978157167986489,1.04872670043462,0.931232885958516,1.35446488890674,1.1487230777034,1.38004474243323,0.869239944108582,0.979367413166485,1.07200311704127
"mtr-miR171e_st",1.21833951711242,0.977375339764337,1.15695348061009,1.0464499071351,0.71061206767074,0.779334934752177,1.04167775497564,1.30216724531667,0.869239944108582
"mtr-miR171f_st",0.862498231580522,0.955274343404002,0.955274343404002,1.3675716430623,0.955274343404002,0.847585317780133,1.09725727960694,1.29211233312581,0.950668057062392
"mtr-miR171g_st",1.10866556343929,1.40095389775664,1.58283438675692,1.29455888368938,1.28131703770146,1.28281721771311,1.08112388201172,1.24202370526841,1.28131703770146
"mtr-miR172_st",1.07200311704127,0.850188266312048,0.842879490479713,1.07200311704127,1.35697161234528,1.40332115903987,1.10055964421233,1.20836753187494,0.937507267756647
"mtr-miR2086-star_st",1.44608659622558,0.995288950441411,1.52854073296985,1.07200311704127,1.07200311704127,0.995288950441411,1.07200311704127,0.802735480398312,1.02817013659681
"mtr-miR2086_st",1.23922316506451,1.20256071866648,1.18420073795753,1.02690250670208,1.12858088974707,1.04363052617825,0.618440683960523,0.848037887291997,0.891587674176034
"mtr-miR2087-star_st",0.748974721361005,0.946267567539502,0.972181594643231,0.807660532432651,0.748974721361005,0.838533560598814,0.878347072964513,0.845130983710576,0.864839454585693
"mtr-miR2087_st",0.584970441474163,0.970612185854154,1.07200311704127,0.796954974553727,0.889328846077113,1.08492148496337,1.28326225980495,1.04732635245401,1.2500895253867
"mtr-miR2088a-star_st",0.820296812729557,1.04174155060807,1.23036275292178,0.913072924553037,0.913072924553037,0.913072924553037,0.869239944108582,0.913072924553037,0.913072924553037
"mtr-miR2088a_st",0.949735370951059,1.15071143791856,1.16220515963202,1.28716138521789,1.02937637793969,1.02163494785274,1.00469961335243,0.913072924553037,0.875942250677697
"mtr-miR2088b_st",1.10866556343929,1.10866556343929,1.20181219470291,1.10866556343929,1.10866556343929,1.2285667427205,0.829197045473323,1.02859341850926,1.40332115903987
"mtr-miR2089-star_st",1.02844323932697,1.57329153075292,1.12126737582341,1.14870846207455,1.14870846207455,1.26301776118376,1.14870846207455,0.88789481790455,1.14870846207455
"mtr-miR2089_st",1.84438721549236,1.58273955539979,1.49263804544299,1.49565977801574,2.03707128516188,1.68268715093672,1.31030600056107,1.95716489098781,1.71556833709213
"mtr-miR2111a_st",1.10866556343929,1.08195828073735,1.2145902736085,1.07107043092994,1.19361592700811,0.886667238706209,0.869239944108582,1.2145902736085,1.10866556343929
"mtr-miR2111b_st",1.03091761695369,1.06920404126202,0.62693474266388,1.31473402670865,1.07926552683763,0.741084077749712,1.43719268091275,1.1699107614269,0.869239944108582
"mtr-miR2111c_st",1.07962370200007,1.24372190519211,1.26738464540783,1.24372190519211,1.28131703770146,0.865340938318411,1.24372190519211,1.17941948998081,1.19988892474765
"mtr-miR2111d_st",1.36656570020573,1.08176854241319,1.46746424409911,1.22083517204062,1.25843030454997,1.25843030454997,1.29131149070538,1.10652418834636,1.29602543705933
"mtr-miR2111e_st",1.23922316506451,1.24554766502883,1.33419800805401,0.913072924553037,1.00990330594074,0.808184101203829,1.03143649322647,0.838265115339276,1.02148662259122
"mtr-miR2111f_st",1.43223982577548,1.29602543705933,1.31999160122858,1.41055628737472,1.07200311704127,1.44550858861221,1.23922316506451,1.06758497446305,0.946610101283015
"mtr-miR2111g_st",0.936513850625327,0.765237677126604,0.891791300522586,0.83327677283202,1.07200311704127,1.01615485761395,0.990575004087461,1.02063014918739,1.19226833978885
"mtr-miR2111h_st",1.40332115903987,1.40332115903987,2.1021894599524,0.969583723762383,1.40332115903987,1.40332115903987,1.57402755113187,1.54939465967587,1.40332115903987
"mtr-miR2111i_st",1.07200311704127,1.07200311704127,0.94333449098624,1.13575753831683,1.07200311704127,1.07200311704127,1.2310219753233,0.94333449098624,0.990575004087461
"mtr-miR2111j_st",1.32273271976127,1.29602543705933,0.964225946205231,1.49406584207149,1.29602543705933,1.37025032681375,1.21459732410552,1.29602543705933,1.29602543705933
"mtr-miR2111k_st",0.78743975856952,1.06475399973931,0.759638797291049,0.989133094270907,0.989133094270907,1.24250231688745,1.13902468142085,0.893364468738726,0.989133094270907
"mtr-miR2111l_st",1.11213245905852,1.32292245808543,1.10866556343929,1.24519002715868,1.52557187402901,1.6535714387245,1.23867274622565,1.1942538320304,1.32292245808543
"mtr-miR2111m_st",1.10866556343929,0.867701386091205,1.28131703770146,0.805485729787015,1.10241225637558,1.10866556343929,1.19038648114523,1.30813429054237,1.30525100078581
"mtr-miR2111n_st",1.19496949628423,1.39964032895459,1.09809250695425,1.35653691042525,1.40125491983194,1.13895749489607,1.22167677898618,0.913072924553037,1.19496949628423
"mtr-miR2111o_st",1.0004795797079,1.64884479516488,1.46699823767842,1.2504832657418,1.55442496367893,1.06608007351808,1.23922316506451,1.09510735698483,1.22377598303986
"mtr-miR2111p_st",1.36839649653683,1.80922743810386,2.24557161841625,1.71254434004677,1.82679931859788,1.80922743810386,1.80922743810386,2.05306453669929,1.80922743810386
"mtr-miR2111q_st",1.30673749771512,0.984860154981728,1.07200311704127,1.14870846207455,1.61690899232648,0.950668057062392,0.936754276759196,0.885024617754477,1.07200311704127
"mtr-miR2111r_st",1.36209440109903,1.5990182342803,0.740405567501735,0.913072924553037,1.45115783895483,1.5990182342803,1.29507653634318,1.19345933224788,1.04890504034684
"mtr-miR2111s_st",1.23922316506451,0.903770080687358,1.54650800221297,1.26442616437186,1.09820658325335,1.17492074985321,0.932326607858422,1.2145902736085,1.27750124415806
"mtr-miR2118_st",1.25125272000652,1.05554536316202,1.42899348041709,0.85452886942037,1.01182710067581,0.978945914520406,1.14960278384569,1.2145902736085,0.890492040696932
"mtr-miR2119_st",1.25125272000652,1.09325521362962,1.01182710067581,1.05767403317178,1.35474731312694,1.19960350332019,1.2145902736085,1.40079057920553,1.5459083156071
"mtr-miR2199_st",1.03067978556931,0.950668057062392,1.26389992965176,1.23922316506451,1.2063419789091,1.23922316506451,1.55493715242373,1.60857725104356,1.23922316506451
"mtr-miR2585a_st",1.09444318335842,1.61329777278264,0.898622664206959,1.23954351112825,1.07121554848362,1.06347411839668,1.23954351112825,1.54939465967587,1.0048731533521
"mtr-miR2585b_st",1.07200311704127,1.2006717430963,1.07200311704127,1.26442616437186,0.830257111471031,0.728669732329309,0.963085893163363,1.49541835648246,0.95744948845774
"mtr-miR2585c_st",0.857891945238911,0.952519722515845,0.857891945238911,0.794137730917344,0.744562800407303,0.830450858987766,1.0756284877122,0.877283014408794,0.857891945238911
"mtr-miR2585d_st",1.13537284614124,1.01199785474891,1.07200311704127,1.03143649322647,0.671315509242012,0.637941489439128,0.895947226810527,0.935237725788119,1.42684818163621
"mtr-miR2585e_st",0.977375339764336,1.06747684972115,1.45413856359854,2.109221989154,0.946141789742267,1.23418682663277,1.0800404086659,0.880498350434352,0.864713676788457
"mtr-miR2586_st",0.913072924553037,1.73738973394495,0.913072924553037,1.03143649322647,1.68268715093672,0.892767935521341,0.896483363744706,0.855172803011987,0.814819776605175
"mtr-miR2587a_st",1.10866556343929,1.14698473896757,1.26283451728844,0.860061786862111,1.05503301822031,0.967648981628133,0.967648981628133,0.800428933604897,0.881522084305341
"mtr-miR2587b_st",0.869649242675496,1.00232034490892,1.00232034490892,1.00232034490892,1.07200311704127,1.00232034490892,0.932884441830082,1.00232034490892,1.1236554048878
"mtr-miR2587c_st",0.943687201921355,1.05701634675296,1.42890722744655,1.14870846207455,0.628948940334285,1.05701634675296,1.05701634675296,1.2145902736085,1.05701634675296
"mtr-miR2587d_st",0.97197747469541,0.950668057062392,0.950668057062392,0.994501037506847,1.15695348061009,0.922431988979609,1.06850356510255,0.65633901748622,0.837481625410787
"mtr-miR2587e_st",0.857891945238911,1.2006717430963,1.07200311704127,0.913072924553037,1.28358540982074,1.07200311704127,1.27034859034468,1.07200311704127,0.955821074618551
"mtr-miR2587f_st",0.749756549583157,0.950668057062392,0.863085694414765,0.869239944108582,1.79228829775426,0.869239944108582,0.869239944108582,0.96213978897571,0.91295820659479
"mtr-miR2588a_st",1.07664507878831,1.2006717430963,1.36519280530688,1.39309479042689,1.16674658874512,0.965027384008208,1.15704118543475,1.45404096571284,0.998022327152727
"mtr-miR2588b_st",1.19595274367179,0.837033417494338,1.20892429818793,0.906107984865103,1.20980401408734,0.728669732329309,0.869239944108582,0.979620574061567,0.71569835751546
"mtr-miR2589_st",1.02140712819969,0.819053253833917,0.893916708695839,1.03143649322647,0.89871627922498,0.845598625424027,1.23922316506451,1.03143649322647,1.12164657087412
"mtr-miR2590a_st",1.05814377592841,1.03143649322647,1.03143649322647,1.06362215945929,1.03143649322647,1.03143649322647,1.39194575030776,0.913072924553037,0.888849336659242
"mtr-miR2590b_st",1.2006717430963,0.906467384751558,1.10866556343929,1.36223915723732,1.36476973707167,1.36476973707167,1.15857787045935,1.2006717430963,1.2006717430963
"mtr-miR2590c_st",1.54617556790919,1.42469478508653,1.20994593034308,1.79027357140273,1.12545784846589,0.965028105980382,1.43725834403129,1.3432596216357,1.58639484964217
"mtr-miR2590d_st",0.977375339764336,1.07200311704127,0.977375339764336,0.999471441132477,1.21301969885243,0.836358757953178,0.976928969732451,0.779029866460931,1.2006717430963
"mtr-miR2590e_st",1.5310369597944,1.07200311704127,1.10055964421233,1.497737703216,0.908136596881749,1.10055964421233,1.10055964421233,1.06294008246618,1.08116857504245
"mtr-miR2590f_st",0.977375339764336,1.18204617243469,0.977375339764336,0.977375339764336,0.977375339764336,0.977375339764336,0.86845811588643,0.950919476438253,1.41550883158475
"mtr-miR2591_st",0.889991303172163,1.18013851269702,1.17245307503763,1.0848480235261,0.950668057062392,0.977375339764336,0.977375339764336,0.65633901748622,1.02109360225054
"mtr-miR2592a_st",0.903009797990348,0.861054176952657,0.572440688330262,0.820487553137857,0.769000501434152,0.85136058130402,1.23922316506451,0.779029866460931,1.0733589060371
"mtr-miR2592b_st",0.87098644075591,0.950668057062392,0.889527990866149,1.03143649322647,1.04589922887054,1.04589922887054,0.893865785067571,0.87098644075591,0.950668057062392
"mtr-miR2592c_st",0.824860191844469,1.10499617728798,0.917636303667949,1.08896942597816,1.21229189926853,0.884755117512544,0.830252267075776,0.961469284112404,0.759638797291049
"mtr-miR2592d_st",1.10866556343929,0.950668057062392,0.917786870906987,0.913072924553037,1.2383815935639,0.950668057062392,0.950668057062392,0.913072924553037,0.841101061572861
"mtr-miR2592e_st",0.888861010200652,0.783535668368101,1.04735233379256,0.614456470015672,0.73641116241625,0.613565296655056,0.759638797291049,1.24161263560266,0.759638797291049
"mtr-miR2592f_st",1.5310369597944,1.13995229979774,0.977375339764336,0.817214039511701,0.977375339764336,0.731007661334555,0.977375339764336,1.10938862820825,0.977375339764336
"mtr-miR2592g_st",1.1183919215755,0.73641116241625,1.22125589582139,0.977375339764336,1.29797006242125,1.23198803672966,0.977375339764336,1.13494926661987,0.950668057062392
"mtr-miR2592h_st",0.955260144908705,1.07200311704127,0.869239944108582,0.913072924553037,0.94269658596395,1.15695348061009,0.955260144908705,1.11419033739694,1.24285896345197
"mtr-miR2592i_st",0.851489651568663,1.06560082337102,1.32448396700967,0.639173555239991,0.970973046094088,0.950668057062392,1.37999559041002,0.906670630882788,0.970973046094088
"mtr-miR2592j_st",1.22297486254851,1.09168463887355,1.00959598725535,1.09168463887355,0.963968838119022,0.950668057062392,1.21194986162113,1.02738222366225,1.18703833283658
"mtr-miR2592k_st",0.950668057062392,0.950668057062392,0.950668057062392,0.950668057062392,0.950668057062392,0.950668057062392,1.21486894332155,0.91400561066437,0.994647314892309
"mtr-miR2592l_st",0.977375339764336,1.07015145158782,1.27180566279694,1.03143649322647,0.846129131569759,1.32352067420436,0.882375048943436,1.08513822187612,1.29417377160587
"mtr-miR2592m_st",1.22999096146226,1.07200311704127,0.796215627575337,0.947586071941234,1.04810624596422,0.855907482277951,1.36055822504338,1.27476628997396,1.07200311704127
"mtr-miR2592n_st",1.10866556343929,0.950668057062392,0.977375339764336,0.805485729787015,1.07200311704127,1.07200311704127,1.23922316506451,0.913072924553037,1.16400929669828
"mtr-miR2592o_st",1.31843160232699,1.01525176867472,0.893916708695839,1.01525176867472,1.01525176867472,1.01525176867472,0.958740760248707,1.15783892524195,1.01525176867472
"mtr-miR2592p_st",0.950668057062392,1.12063842877544,1.2383815935639,0.994501037506847,0.917786870906987,0.950668057062392,0.869239944108582,0.913072924553037,0.950668057062392
"mtr-miR2592q_st",0.857891945238911,0.857891945238911,0.845328386294156,0.820858936731048,1.06417736878661,0.830450858987766,1.05197132181065,0.886740748264996,0.902079734660709
"mtr-miR2592r_st",0.869239944108582,0.869239944108582,0.869239944108582,0.83836691594242,0.91287050177013,0.869239944108582,0.869239944108582,1.2048318987336,0.91287050177013
"mtr-miR2592s_st",1.10866556343929,0.903976586920369,1.47949094551163,0.72003496433401,0.713927481426632,1.03453266576335,1.03453266576335,1.07200311704127,0.972941964213504
"mtr-miR2593a_st",0.829715731592014,1.01614372606021,0.699609576439304,1.25146646983162,0.959341454065391,1.28131703770146,0.869239944108582,0.706934827299852,1.12343944804076
"mtr-miR2593b_st",0.950668057062392,0.939613493783198,0.950668057062392,0.711941712853142,0.950668057062392,0.950668057062392,0.841750833184485,1.2145902736085,0.950668057062392
"mtr-miR2593c_st",0.913072924553037,0.913072924553037,0.774000968103803,1.60525489956971,0.698816029906895,1.11219732606709,0.913072924553037,0.913072924553037,0.913072924553037
"mtr-miR2594a_st",1.28781470515584,1.2006717430963,1.06426767331668,1.14870846207455,1.07200311704127,1.30617240503731,1.05650950399862,0.945904104643245,1.02742946285313
"mtr-miR2594b_st",2.84509925914101,2.76052859545366,2.70755946591935,2.90453873374882,2.90453873374882,3.13528790995394,3.26140336384469,3.14198116540994,2.90453873374882
"mtr-miR2595_st",0.788070840782377,0.726455760974318,0.836358757953178,0.913072924553037,0.950668057062392,0.836358757953178,0.685982581189862,0.717995189279745,0.995288950441411
"mtr-miR2596_st",0.977375339764336,0.91980939740378,1.07407750828721,1.14870846207455,1.07407750828721,0.952742448308329,0.952742448308329,0.781104257706869,0.746298463488814
"mtr-miR2597_st",0.950668057062392,1.07200311704127,1.18824574827201,0.805485729787015,0.950668057062392,0.950668057062392,0.977375339764336,0.950668057062392,0.950668057062392
"mtr-miR2598_st",0.857891945238911,0.763681275525044,0.955166797189992,0.805485729787015,1.07200311704127,0.772302693470284,0.896510057217376,1.24186038671729,0.913072924553037
"mtr-miR2599_st",1.53468006194311,1.44753709988357,1.06065944890167,0.936242403801639,1.00310149815901,1.28131703770146,0.752617823509716,1.07200311704127,1.06065944890167
"mtr-miR2600_st",1.79446125257535,1.24185509333816,1.24185509333816,1.40079057920553,1.28131703770146,1.44450450928174,1.1417429944542,0.947526053761993,0.801689864815252
"mtr-miR2601_st",1.24280896667553,0.844546558072004,1.74365658329944,0.977375339764336,1.01794196357914,1.05701634675296,0.775682004062949,0.921772644397415,0.977375339764336
"mtr-miR2602a_st",1.70157907604436,1.39243218603361,0.869470201703523,1.23922316506451,1.28131703770146,0.945018806719764,1.19539018462005,1.35584129522157,0.90277712083856
"mtr-miR2602b_st",0.97922700521779,0.759281753488241,1.02595985096269,1.04113008887511,1.07200311704127,1.07200311704127,1.20905392303589,1.07200311704127,1.29602543705933
"mtr-miR2603_st",0.944052456634297,1.07200311704127,1.12458312449008,1.03143649322647,1.16404506885338,1.00021956739872,0.744510398402749,0.524724214257746,0.802577643766546
"mtr-miR2604_st",1.10866556343929,0.73641116241625,1.03143649322647,0.866915431015891,0.807414173208413,1.03143649322647,1.1591866469908,1.40079057920553,1.03143649322647
"mtr-miR2605_st",0.703867603202102,1.2006717430963,0.908903478984146,0.893916708695839,0.702775574833186,0.893916708695839,0.646309652459441,0.82878086240271,0.926797894851243
"mtr-miR2606a_st",1.05701634675296,1.03548315946723,1.34395686387773,0.931499359369341,0.935535563930301,1.05701634675296,1.13928603120738,1.3008534453484,0.88466850571905
"mtr-miR2606b_st",1.07200311704127,1.3974123750167,1.24185509333816,1.03497010853341,1.07200311704127,0.941896961888561,1.10055964421233,0.904783069018034,1.07200311704127
"mtr-miR2606c_st",0.781889738623587,1.2006717430963,0.996000910425946,1.0212039097333,0.996000910425946,0.874665850447067,0.996000910425946,0.996000910425946,1.0862109880736
"mtr-miR2607_st",0.75399867808331,1.10559759578748,0.783389628418875,1.2417905877519,0.976928969732451,0.836358757953178,0.856663746984874,1.17969214266514,0.976928969732451
"mtr-miR2608_st",0.977375339764336,0.950668057062392,0.783389628418875,0.658972583318839,0.836358757953178,0.836358757953178,0.869239944108582,0.836358757953178,0.761104548452828
"mtr-miR2609a_st",1.10866556343929,1.19604960003146,1.34141566237612,1.10866556343929,0.848832785011301,1.19361592700811,0.841902291345695,1.11207418070051,0.910625158427132
"mtr-miR2609b_st",0.977375339764336,1.12922344084267,1.27476628997396,1.14870846207455,1.03912193088587,1.15264841164643,1.18013851269702,0.981793039393619,1.07200311704127
"mtr-miR2609c_st",1.48409654961822,1.08272643638296,1.15301554631396,1.08272643638296,0.836358757953178,0.960722315044546,1.08272643638296,1.2145902736085,0.714137767194702
"mtr-miR2610a_st",1.07200311704127,1.07200311704127,1.2904332599193,0.740203626187174,1.07200311704127,1.27828854058897,1.07200311704127,1.07200311704127,0.960752999940316
"mtr-miR2610b_st",1.40332115903987,0.993318079772491,0.632649309654356,1.28087272086988,1.11465313975137,1.05701634675296,1.25566972156253,1.07200311704127,1.30338402518274
"mtr-miR2611_st",1.21810763449627,0.950668057062392,1.02789712727521,1.03143649322647,0.84522849687206,1.03590081618473,0.748974721361005,0.881232153983553,0.771665158494022
"mtr-miR2612a_st",1.10866556343929,0.836358757953178,1.11129749171295,1.10866556343929,1.08806985683815,0.859959956004264,1.43481580395076,0.941445515416056,1.23066968477771
"mtr-miR2612b_st",1.15118024431876,1.19275093739589,1.20524139778089,1.26442616437186,0.941319181234786,1.23082125130739,0.866418345202611,1.44612016001243,0.941319181234786
"mtr-miR2613_st",1.49905358017475,1.20054860153738,1.28131703770146,0.969155211560055,1.45940344604689,1.28131703770146,1.07111090353987,1.40079057920553,1.28131703770146
"mtr-miR2614_st",1.08592690138425,1.29192715576058,1.08592690138425,1.30599836205304,0.972550288386364,0.688986879264506,0.762338360162503,1.04926445498622,1.07200311704127
"mtr-miR2615a_st",1.07200311704127,1.07200311704127,1.35160614763246,1.10585197114268,0.558866250579632,1.11409698967822,0.881954011547533,1.07200311704127,1.27369645274266
"mtr-miR2615b_st",0.857891945238911,0.752415060203122,0.869239944108582,1.16065870613607,0.785789080006005,0.837586956207215,0.676542782941353,0.857891945238911,0.958922016186094
"mtr-miR2615c_st",1.10866556343929,1.45402294343623,1.15695348061009,1.18943399960337,1.07200311704127,0.526081007208799,0.816718757627986,1.05133667194705,1.10866556343929
"mtr-miR2616_st",9.05192185571697,8.91386319067972,8.72319263204732,9.15584192495699,9.21362519862028,9.10192389663713,8.5326286910787,9.48016015603764,9.15051032045714
"mtr-miR2617a_st",1.23922316506451,1.31795521512872,1.15462847701772,1.2006717430963,1.06795152909481,1.02133598575686,1.37530177090336,1.34674524373229,1.2006717430963
"mtr-miR2617b_st",0.646309652459441,0.836358757953178,0.851326333431508,0.818445147276104,0.818445147276104,0.818445147276104,0.845886233527249,0.939780207254982,1.12280355187905
"mtr-miR2617c_st",0.690449244940616,1.21165795412152,1.89808343630525,1.21820200288766,0.836358757953178,0.977375339764336,0.977375339764336,1.07200311704127,0.759638797291049
"mtr-miR2618a_st",1.34663148674318,1.21380270505085,1.34663148674318,1.28287727242161,1.37753068027404,1.42627249373181,1.4748614441086,1.54939465967587,0.945883027305934
"mtr-miR2618b_st",2.70323247983359,2.70323247983359,2.30527480103618,2.67235945166742,3.15186604290933,2.60662755774877,2.27717323140415,2.80179935278989,2.9428382644694
"mtr-miR2619_st",0.857891945238912,1.00174205644601,1.72391342666997,0.961175432631206,1.02918314269715,0.980208869160273,1.06604447165731,0.745008149379189,1.16225034984186
"mtr-miR2620_st",1.10866556343929,1.22297486254851,1.1792566000623,0.581384111227927,1.02175105378271,1.10866556343929,0.869239944108582,0.941445515416056,1.10866556343929
"mtr-miR2621_st",0.857891945238911,0.857891945238911,0.989182168913867,0.857891945238911,0.781177778639052,0.671274781660192,0.857891945238911,0.922258156082642,1.08118834857088
"mtr-miR2622_st",0.748974721361005,0.649027125824077,0.622145493282711,0.626302463301712,0.748974721361005,0.939023826854742,0.916194769384241,0.779029866460931,0.862303866192613
"mtr-miR2623_st",0.925929616405277,0.845284321800117,0.595280635766209,1.04540315790934,1.07200311704127,0.925929616405277,1.30726083623087,1.14004078820764,0.878165507955522
"mtr-miR2624a_st",1.84863159629651,1.97763344502277,1.34286019208888,1.79027357140273,1.79027357140273,1.2856228286373,1.93098091880998,2.57969144426869,1.7868333192043
"mtr-miR2624b_st",1.5310369597944,1.29602543705933,1.1986033111855,0.907518260401719,1.35203743844749,1.49598086064742,2.48701801635978,1.48754021534248,1.30820445800304
"mtr-miR2625_st",0.863799844204323,0.836358757953178,1.35160614763246,0.711941712853142,0.836358757953178,1.05701634675296,0.979822131922785,0.893995550951584,0.516585628302055
"mtr-miR2626_st",0.802462551649708,0.844546558072004,1.00481642601548,1.14870846207455,1.26508887626585,0.775021465398563,1.12726692691428,1.07200311704127,0.915791696481316
"mtr-miR2627_st",0.857891945238911,1.22698671846601,1.05701634675296,0.913072924553037,1.12703912292908,1.05701634675296,1.18223592068294,1.07200311704127,1.07200311704127
"mtr-miR2628_st",1.07107043092994,0.913072924553037,0.829786035251038,0.969583932979048,0.73641116241625,1.11476626025442,0.913072924553037,0.913072924553037,0.913072924553037
"mtr-miR2629a_st",1.07200311704127,1.01599111565311,1.07200311704127,1.17676825918747,1.07200311704127,1.07200311704127,1.14609727080582,1.07200311704127,0.950668057062392
"mtr-miR2629b_st",0.950668057062392,0.950668057062392,0.923960774360447,1.14574579233568,0.860566547105583,0.809651475251233,1.33298331867638,0.737767130440029,0.983549243217796
"mtr-miR2629c_st",0.772208150298073,1.12395757649644,0.836358757953178,0.805485729787015,0.759644591353318,0.836358757953178,0.836358757953178,0.836358757953178,1.03912193088587
"mtr-miR2629d_st",0.972201244348125,0.950668057062392,0.950668057062392,1.02626239781026,0.950668057062392,0.988263189571746,0.869239944108582,0.549432663129457,0.950668057062392
"mtr-miR2629e_st",0.913072924553037,0.913072924553037,1.07526947367093,0.875477792043683,0.911857364477953,0.791737864574159,0.924420923422708,0.913072924553037,0.722043664781694
"mtr-miR2629f_st",0.691645829868758,0.779029866460931,0.977375339764336,1.35111144820839,0.779029866460931,0.737094943813182,0.751835649263297,0.779029866460931,0.826726950898839
"mtr-miR2629g_st",1.10866556343929,0.869239944108582,1.56438936883188,0.479804413955693,0.769292348571654,0.983549243217796,0.748974721361005,0.869239944108582,0.695729010193617
"mtr-miR2630a_st",0.880416329312216,0.739646098229462,0.880416329312216,0.805485729787015,0.957136289974345,0.739646098229462,0.869752253382172,0.899807398482098,1.10371273264418
"mtr-miR2630b_st",0.843761702705628,0.950668057062392,1.14574579233568,1.03143649322647,0.992761929699346,0.700787512587401,0.843761702705628,0.950668057062392,0.950668057062392
"mtr-miR2630c_st",0.977375339764336,0.977375339764336,1.00060297463914,1.08214048191053,0.790396840477544,0.977375339764336,1.10055964421233,0.913072924553037,0.911731900456422
"mtr-miR2630d_st",0.857891945238911,1.136369327885,0.937749689140294,1.24186038671729,0.836358757953178,1.02206002877579,0.818445147276104,0.913072924553037,0.869239944108582
"mtr-miR2630e_st",1.16514016378935,0.836358757953178,1.12040054939801,1.00612130550732,0.719195210683601,0.962403043021115,1.16514016378935,1.07200311704127,0.850612648063225
"mtr-miR2630f_st",1.13555824504692,1.29602543705933,1.00305218647899,1.06228066826963,0.90310459094206,1.00305218647899,0.915668149886815,1.06672171293296,0.829541252564023
"mtr-miR2630g_st",0.869412044391024,1.16218852129232,0.902293230546428,0.794346460603744,0.869412044391024,0.869412044391024,0.675817427774277,0.831816911881669,0.902293230546428
"mtr-miR2630h_st",0.977375339764336,0.90804935301771,1.10866556343929,0.913072924553037,0.950668057062392,0.822512190703521,0.963231616007147,0.779029866460931,0.950668057062392
"mtr-miR2630i_st",1.0157379934546,1.05825525182841,0.976827138874604,0.913072924553037,0.679970393439449,0.828896316024084,1.03625722900104,0.913072924553037,1.17959031180729
"mtr-miR2630j_st",0.817932116703517,0.675262402606053,1.04633273510685,0.874443125129528,0.805368557758762,1.11341018315072,0.748974721361005,0.687004989085329,0.84908682024497
"mtr-miR2630k_st",0.590789309736323,1.22922827026737,1.10055964421233,1.26275619333022,0.794953281196158,1.35209026117828,1.10055964421233,1.01034956656468,1.3578968963224
"mtr-miR2630l_st",1.14870846207455,1.14870846207455,1.758428599225,0.79020168851851,1.09489454105394,0.871256888896537,1.33619518173385,1.2145902736085,1.28173461776052
"mtr-miR2630m_st",0.674226442322741,1.47839595564971,1.1671068142999,0.950668057062392,1.10985060424433,0.950668057062392,0.683904784968795,0.913072924553037,0.777157123147426
"mtr-miR2630n_st",0.977375339764336,0.906688799232475,0.950668057062392,0.805485729787015,1.23003404895924,0.898234558105144,0.646726359125268,0.950668057062392,0.950668057062392
"mtr-miR2630o_st",0.825694682023133,0.836358757953178,1.2145902736085,1.03143649322647,0.72302961312157,0.950668057062392,0.836358757953178,0.65633901748622,0.836358757953178
"mtr-miR2630p_st",1.07200311704127,0.939174335348937,0.938939626635595,1.00491496343348,1.07200311704127,0.799696311555156,1.07200311704127,1.17676825918747,1.07200311704127
"mtr-miR2630q_st",1.10866556343929,1.07200311704127,1.07200311704127,0.913072924553037,1.07200311704127,1.15695348061009,0.789541345175805,1.14871728364113,0.859575931148178
"mtr-miR2630r_st",1.28276842714995,1.00458901857968,0.487501040179116,0.879904020038627,0.68985491454489,0.879904020038627,0.869239944108582,0.601917539746595,1.06669755848743
"mtr-miR2630s_st",1.24387536228521,1.07193373836497,0.689713037289104,0.926537092833774,0.836358757953178,0.943265112309941,1.08162318350114,0.65633901748622,0.791222260307723
"mtr-miR2630t_st",0.977375339764336,1.07015145158782,0.846855048255853,1.18114638596459,0.864046194932728,1.57708209665542,0.864046194932728,0.898513260986356,0.988723338634007
"mtr-miR2630u_st",0.864046194932728,1.07272903372736,1.2145902736085,0.948311988627327,0.878078257333796,0.977375339764336,0.869239944108582,0.991293870276535,0.977375339764336
"mtr-miR2630v_st",1.2006717430963,1.2006717430963,1.47297854858241,1.00507910421005,0.956834644500868,1.14902252640997,0.732396485975021,1.49279675886253,1.2006717430963
"mtr-miR2630w_st",1.26593044776645,0.758483293819791,1.40885219723207,0.913072924553037,0.977375339764336,1.0441021038573,0.977375339764336,0.977375339764336,0.861193297341618
"mtr-miR2630x_st",0.768823283388993,0.692109116789134,0.805485729787015,0.592711961770914,0.948843023855951,0.948843023855951,0.869239944108582,0.768823283388993,1.01974262443316
"mtr-miR2630y_st",0.977375339764337,1.2006717430963,0.972598516685842,1.14870846207455,0.859269371854234,0.941629451724102,0.859269371854234,0.913072924553037,1.51364877163563
"mtr-miR2631_st",1.07200311704127,1.55563862746122,1.31454237351591,0.913072924553037,1.07200311704127,1.18631241615048,0.963867721385516,1.00770070182997,1.07200311704127
"mtr-miR2632a_st",1.23922316506451,0.950668057062392,0.748314182696618,0.739622698496574,1.25758086494597,1.25758086494597,0.950668057062392,0.950668057062392,0.777157123147426
"mtr-miR2632b_st",0.769000501434152,1.20581535941168,0.852593204838968,0.779029866460931,0.549432663129457,0.735050608631014,0.779029866460931,0.779029866460931,0.759638797291049
"mtr-miR2632c_st",0.951737894293692,1.43070437418569,1.07200311704127,1.11583609748573,1.07453369687562,1.22060719751161,0.953639548367837,1.07200311704127,0.973749429771903
"mtr-miR2633_st",0.646309652459441,1.07200311704127,1.13862790043511,0.913072924553037,0.847440864159337,0.950668057062392,0.847440864159337,0.913072924553037,0.576626880327091
"mtr-miR2634_st",0.950668057062392,1.29602543705933,1.15695348061009,1.07175169766541,0.91400561066437,0.868398372607978,0.912575620337835,1.04529583433933,0.662847824038212
"mtr-miR2635_st",0.748974721361005,0.957693817932056,0.924789736862001,0.836358757953178,0.819820586374406,0.836358757953178,0.677182680625603,0.962407742941635,0.754930644999368
"mtr-miR2636_st",0.857891945238911,0.857891945238911,0.696413754882192,0.857891945238911,0.836358757953178,0.836358757953178,0.990720726931244,0.900510649283593,0.881119580113711
"mtr-miR2637_st",0.874710270862773,1.42801253671722,0.957984270594454,0.805485729787015,1.28131703770146,0.698009347867488,0.977375339764336,1.2697862842727,1.18816533879125
"mtr-miR2638a_st",0.748974721361005,0.836358757953178,0.836358757953178,0.711941712853142,0.695651410545924,0.836358757953178,0.836358757953178,1.2145902736085,1.2006717430963
"mtr-miR2638b_st",1.04602175102542,1.29602543705933,0.971519434205382,0.900071518639649,1.04602175102542,1.35619324563678,1.03791583179846,1.17428260713807,0.839736327477718
"mtr-miR2639_st",0.863284020470219,1.00741940542894,0.950668057062392,1.26301776118376,0.950668057062392,0.675619914574848,0.983549243217796,0.835781214827484,0.928273938162829
"mtr-miR2640a_st",1.14433383188436,1.14433383188436,1.06513977284396,1.19839498534649,1.23896160916129,1.11762654918241,1.14433383188436,1.07200311704127,1.22576194483817
"mtr-miR2640b_st",1.15291727604913,1.03143649322647,0.907072936135102,1.10815065982633,1.03143649322647,1.02369506313953,1.29563737948563,1.07200311704127,0.869239944108582
"mtr-miR2641_st",0.977375339764336,0.855894556941675,0.879122191816474,0.977375339764336,1.07015145158782,0.998229266470352,1.09685873428976,0.907939436685498,0.907692567631987
"mtr-miR2642_st",0.857891945238911,1.46459395964241,0.831644811599228,1.0688335254856,0.755075418176137,0.913072924553037,0.977375339764336,1.17699514109914,0.876410478155016
"mtr-miR2643_st",0.816341279635716,0.618868566208295,0.992154199742555,0.881973340029417,1.24203474421755,1.12235827211862,1.23922316506451,0.826370644662495,0.869239944108582
"mtr-miR2644a_st",1.27261932746285,1.07200311704127,1.22950866332086,1.11462182108595,1.03235213663154,1.11462182108595,1.05811081265994,1.13401289025583,1.11462182108595
"mtr-miR2644b_st",0.70514174091655,0.73641116241625,1.1898346667655,0.906836711131859,0.950668057062392,0.827155094825378,0.869239944108582,1.1816042638588,0.869239944108582
"mtr-miR2645_st",1.05321231499436,1.14521849465137,0.853670256762813,1.20546477732928,0.950668057062392,1.33807335295619,1.09325521362962,1.09325521362962,1.04740828113365
"mtr-miR2646a_st",0.884599227940856,1.2163844300707,0.977375339764336,1.0848480235261,1.28131703770146,0.977375339764336,0.911743279370636,0.724968712998798,0.928281450949407
"mtr-miR2646b_st",0.977375339764336,0.563439172619092,0.657121688753326,0.916018304889655,0.932909178219259,0.836358757953178,0.731215842517872,0.8867188920848,0.68431590595096
"mtr-miR2647a_st",1.46193642388304,1.58083578721145,1.02364083009412,1.66160422337553,1.66160422337553,1.50403029651999,2.33041147432183,2.28868266430082,1.77627267918003
"mtr-miR2647b_st",1.12684018249655,1.23922316506451,1.23922316506451,1.14870846207455,1.4485370857247,1.10123975485134,1.95015933137764,1.68934568720764,1.23922316506451
"mtr-miR2647c_st",2.57714964524617,0.935714487993026,1.1480245464406,1.16307661058695,1.48003773499315,1.28131703770146,2.0736813169684,1.48408021063415,1.2006717430963
"mtr-miR2648_st",0.990958497394801,0.950668057062392,0.882823101739047,1.10055964421233,1.35517234117766,1.07385236151039,1.22374394866033,1.33294562388218,0.882823101739047
"mtr-miR2649_st",1.28383700794651,1.34063927994133,1.10908961166749,1.0134590619086,1.13787610700864,1.13787610700864,1.13787610700864,1.2145902736085,1.08533878053967
"mtr-miR2650_st",0.748974721361005,0.950668057062392,1.14189084157741,0.711941712853142,1.15343122999508,0.873813219603008,0.950668057062392,0.993286761107073,0.950668057062392
"mtr-miR2651_st",0.743100625712277,1.00046696159574,1.19707194775212,1.32833595146929,0.790562574638786,1.22086326770752,0.869239944108582,0.933149731206014,0.759638797291049
"mtr-miR2652a_st",1.48396645364503,1.28131703770146,1.28131703770146,1.33050146927452,1.28131703770146,0.853249631282782,1.40906719146579,1.24184714344255,1.22573632712833
"mtr-miR2652b_st",0.903840720950792,0.782266884403624,0.905010451513858,0.996812852022561,1.07200311704127,1.17835140673184,0.990575004087461,1.03440798453192,1.12517956925937
"mtr-miR2652c_st",1.40332115903987,1.28950495655551,1.00182107871459,1.29602543705933,1.0225590635502,1.07402711232624,1.35267257574346,1.40079057920553,1.29602543705933
"mtr-miR2652d_st",1.06831054535061,1.29602543705933,1.01637929956426,1.26442616437186,1.63916977665721,1.10108486225541,1.30552025765716,1.16041992988734,1.24185509333816
"mtr-miR2652e_st",0.857891945238911,1.0533577380859,1.02953013584037,1.4189365244021,1.23581555938807,0.708000358088968,0.748974721361005,1.07200311704127,0.662847824038212
"mtr-miR2652f_st",1.01682213772714,0.759281753488241,0.822836426381683,1.14870846207455,1.31588367309833,1.07200311704127,1.32237449494156,1.23216441729391,1.18631241615048
"mtr-miR2652g_st",1.11020635168856,1.07200311704127,0.881954011547533,1.17676825918747,1.08698988732958,1.07200311704127,0.992362110052643,1.01467422554902,0.898492183126305
"mtr-miR2652h_st",0.972062912023941,0.97773212515006,0.646309652459441,1.2183912342069,0.806093934548599,1.02035082919474,1.20255764750628,1.02035082919474,1.09034808380663
"mtr-miR2652i_st",1.15695348061009,1.2006717430963,1.15695348061009,1.15442290077574,1.15695348061009,1.15695348061009,1.31680419785513,1.07200311704127,1.45067542913021
"mtr-miR2652j_st",1.23585142413409,1.12717527478882,1.16005646094422,1.14870846207455,1.1361449031298,1.14870846207455,1.14870846207455,1.07200311704127,1.04063341012323
"mtr-miR2652k_st",0.977375339764337,1.31144370545275,1.15695348061009,0.982543141251472,1.1414733337397,1.1414733337397,0.977375339764337,1.32587652596343,1.63162932466347
"mtr-miR2652l_st",1.28131703770146,1.28131703770146,1.1516337415673,1.37122633000485,1.28131703770146,1.36196233230662,1.25126189260153,1.28131703770146,1.28131703770146
"mtr-miR2653a_st",1.08748914857039,1.00190815537356,1.01999404380902,0.673162452801593,0.779029866460931,0.528658488560644,0.779029866460931,0.698957721530902,1.07200311704127
"mtr-miR2653b_st",0.950668057062392,0.792670550685492,1.01442227138396,0.618868566208295,0.850720461525464,1.15695348061009,0.989745506796702,1.0565927672316,0.950668057062392
"mtr-miR2653c_st",0.83160352837508,1.0320961700162,1.15695348061009,1.00651631648971,1.23474558595977,0.988377907529993,1.26461146592672,0.994501037506847,0.950668057062392
"mtr-miR2654_st",1.20824353562981,0.908483659430517,1.1259738511754,1.00155680607536,1.1259738511754,1.25143735055035,1.1588550373308,0.913072924553037,1.27204735181139
"mtr-miR2655a_st",0.755226876337348,1.0595852809403,0.681132722572801,0.727785790086202,1.40332115903987,0.837586956207215,0.982201491414312,0.779029866460931,0.872600344596778
"mtr-miR2655b_st",1.14477931755967,1.12324613027393,0.905755938529052,1.26442616437186,1.02329853473701,1.12324613027393,1.14477931755967,1.57336865241707,1.23755542938315
"mtr-miR2655c_st",0.977375339764336,0.900661173164477,1.01497047227369,1.04563595213764,0.900661173164477,0.977375339764336,1.3972505092949,0.977375339764336,0.977375339764336
"mtr-miR2655d_st",0.748974721361005,0.950668057062392,1.49622150337967,0.950668057062392,0.950668057062392,0.728669732329309,0.895523052107223,1.07200311704127,0.950668057062392
"mtr-miR2655e_st",0.913439328926181,0.910943102101629,0.910943102101629,0.910943102101629,1.11370627503432,0.724325938522909,0.823559065509456,0.65633901748622,1.13111221984714
"mtr-miR2655f_st",0.977375339764336,0.955842152478603,0.87036760618362,1.02346669870819,0.703179558708038,0.938823917796131,1.06049970721605,0.755480763948712,0.888151866182136
"mtr-miR2655g_st",0.972201244348125,0.950668057062392,0.950668057062392,0.786146994851812,1.0894354268205,0.950668057062392,0.663741962238671,1.08035135319655,0.759638797291049
"mtr-miR2655h_st",1.03393272005102,1.1601051192815,1.45687245521016,1.03143649322647,0.980940100728855,0.901330338073761,1.23922316506451,0.831894434994922,0.859088652192556
"mtr-miR2655i_st",0.698961752750679,0.880191738397633,0.913072924553037,0.913072924553037,0.913072924553037,0.89808615426473,0.913072924553037,0.956905904997492,0.942987374485294
"mtr-miR2655j_st",0.783389628418875,0.985082964120262,0.77082606947412,0.717507816884927,1.02975730684866,0.783389628418875,0.847613972037637,0.648071913806089,0.794053704348919
"mtr-miR2655k_st",0.944052456634297,1.06353556050958,1.03143649322647,0.983739408788563,1.00820885835167,0.836358757953178,1.03143649322647,1.18487062048846,0.950008380272661
"mtr-miR2655l_st",0.63645449284305,0.748584234011855,0.873669426687213,1.16088153367016,0.702276637508258,0.759638797291049,0.869239944108582,0.779029866460931,0.542492355419099
"mtr-miR2655m_st",0.763689557775599,0.950668057062392,1.89482382410286,1.03143649322647,0.873962712029111,0.950668057062392,1.16165019636617,0.873962712029111,0.950668057062392
"mtr-miR2655n_st",1.1236523337276,0.994211354521763,0.633416051644529,0.869794309421727,1.22985571360986,0.950668057062392,0.994211354521763,1.09674155769838,0.965654827350699
"mtr-miR2655o_st",0.948430763515405,0.833202135669086,0.776082922481491,0.721348649513805,0.845765694613841,0.819058411911896,1.04028380874065,1.11252896670744,0.759638797291049
"mtr-miR2656a_st",0.977375339764336,1.12875446540782,1.06747684972115,1.07200311704127,1.65374966373485,1.07453369687562,0.909806567923382,1.07200311704127,1.07200311704127
"mtr-miR2656b_st",0.805239844947674,1.07200311704127,0.880973857269927,1.1903666857147,1.24465459130344,1.66158938516219,0.983147118839879,1.07200311704127,0.735557072815324
"mtr-miR2657a_st",1.22614953500814,1.07200311704127,1.07200311704127,1.04113008887511,1.18002508354313,1.09692732209854,0.907904913849237,1.07200311704127,0.898492183126305
"mtr-miR2657b_st",0.977375339764336,1.03758271196872,1.2145902736085,1.03143649322647,1.21490496310098,0.977375339764336,0.977375339764336,0.907939436685498,0.950668057062392
"mtr-miR2658_st",0.857891945238911,1.27478848111157,1.10866556343929,1.0071790654884,0.751125998830844,0.929431101114637,0.848002988160828,0.950668057062392,1.2006717430963
"mtr-miR2659a_st",1.23922316506451,1.07200311704127,1.24185509333816,1.17673284710596,0.950668057062392,0.836358757953178,0.907904913849237,1.07200311704127,1.07200311704127
"mtr-miR2659b_st",0.872260415898896,0.962361925855705,1.57755691107192,1.03143649322647,1.06230952139263,0.918643663369497,1.11225351300565,0.792446232026522,0.962361925855705
"mtr-miR2659c_st",0.977375339764336,0.847269184611627,0.940342331256473,0.940342331256473,1.10750001931896,1.17906867546572,0.777833281532789,0.884739635889552,0.891248442441544
"mtr-miR2659d_st",0.822971414596228,1.26143843625614,0.913072924553037,0.913072924553037,0.885878707355403,0.913072924553037,0.925636483497792,1.03741611623808,1.31375912215435
"mtr-miR2659e_st",0.889013639274994,0.950668057062392,0.907371339156458,0.919068784374921,0.777530016063176,0.919068784374921,1.16944016227521,0.739049043907963,1.05983901545767
"mtr-miR2659f_st",1.08617068214368,0.959341454065391,0.959341454065391,0.938487527359375,0.986782540316537,1.27943231739205,0.869239944108582,0.959341454065391,0.95399986582785
"mtr-miR2660a_st",0.902408848622993,0.950668057062392,1.11141839785644,1.14870846207455,0.870454220508356,0.99802328812186,0.883017779453111,0.913072924553037,0.913072924553037
"mtr-miR2660b_st",1.25837891861752,1.04982632745297,0.840866890941378,0.861655068031369,0.949878731916044,0.950668057062392,1.30664078362387,0.878337342219303,1.35027134128541
"mtr-miR2661_st",0.691416770618344,0.917786870906987,0.912100206241457,1.08876538471872,0.917786870906987,0.785998623821555,0.761831622429909,1.07200311704127,0.811681993365921
"mtr-miR2662_st",1.21425435163463,1.14995193642333,0.590337661780257,1.25471707856953,1.25724765840388,1.40332115903987,1.01866171274838,1.25587664659254,0.775910759688034
"mtr-miR2663_st",0.977375339764336,1.29602543705933,0.836358757953178,1.1081564538886,0.977375339764336,0.836358757953178,1.22004303873776,0.805737149162876,1.07015145158782
"mtr-miR2664_st",1.23922316506451,1.13192744308396,1.05928904960232,1.26442616437186,0.836358757953178,1.0212827961108,1.07200311704127,1.07200311704127,0.869239944108582
"mtr-miR2665_st",1.2145902736085,1.2145902736085,1.2145902736085,1.17755726510064,1.2084302932668,1.2145902736085,1.2145902736085,1.2145902736085,1.41628360930989
"mtr-miR2666_st",0.748974721361005,0.819104196170124,1.01418193144342,1.5210558019531,0.956623980700755,1.07093327980997,0.869239944108582,1.07795904067963,0.78311304678579
"mtr-miR2667_st",1.68896221535628,1.46812952925287,1.37612334959586,1.67639865641152,1.88571257707172,1.66141188612322,1.80922743810386,1.67639865641152,1.67639865641152
"mtr-miR2668_st",0.830402834314814,1.18631241615048,1.07267217840081,0.913072924553037,0.950668057062392,0.836358757953178,0.977375339764336,0.893339165570145,0.620019076423323
"mtr-miR2669_st",1.15695348061009,1.50231086060703,1.15695348061009,1.01805848594207,1.15695348061009,0.996792180357457,1.27742091692391,1.15695348061009,1.15695348061009
"mtr-miR2670a_st",0.824396060804872,0.914497570761681,1.07200311704127,1.2095229015719,1.7274810680213,1.09115933289847,1.06396511570083,1.09115933289847,1.24629706161578
"mtr-miR2670b_st",1.17856551015157,0.862186328971994,1.2145902736085,0.805485729787015,0.940902684906191,1.15695348061009,0.983521388950872,0.983521388950872,0.983521388950872
"mtr-miR2670c_st",0.873021204351199,0.792379500123261,0.759653412919897,0.836358757953178,0.836358757953178,1.33046441452506,0.549432663129457,0.902240569487125,0.836358757953178
"mtr-miR2670d_st",0.913045360227718,0.950668057062392,0.962218722030372,1.099738506561,1.13327936950614,1.15695348061009,1.28317095665608,0.992514207070841,1.01897007039692
"mtr-miR2671a_st",0.824575069199097,0.81835648148231,0.812011510254342,0.974656266883095,1.34290038003152,1.05701634675296,0.977375339764336,0.840613208790989,1.41278975870351
"mtr-miR2671b_st",0.775021465398563,1.07200311704127,0.949934253513191,1.05814377592842,1.10567044603763,0.775021465398563,1.0059318669354,1.16749928107642,1.26234383506835
"mtr-miR2671c_st",1.10172242843306,0.743215654877015,1.11257595573626,1.07200311704127,1.27828854058897,1.07200311704127,1.07200311704127,0.913072924553037,1.07200311704127
"mtr-miR2671d_st",1.15958215807588,0.977375339764336,1.16221408634954,1.03143649322647,0.977375339764336,0.731007661334555,0.977375339764336,0.977375339764336,1.32273271976127
"mtr-miR2671e_st",0.971498276690257,1.06159978664707,0.801867909020979,1.38946877652062,1.02871860049166,1.14563167792518,1.18108318117249,1.06159978664707,1.23788545316731
"mtr-miR2671f_st",0.977375339764336,0.875209467276733,1.36274515065527,1.23013657502836,0.726645737044335,0.700296679162105,0.646309652459441,1.40079057920553,0.880985284930042
"mtr-miR2671g_st",0.977375339764336,1.29602543705933,1.2145902736085,1.35211005813913,1.40332115903987,1.29602543705933,1.29602543705933,1.44209893769532,1.29602543705933
"mtr-miR2671h_st",1.0606551181716,0.741354136402201,1.45596626514052,1.19147665854533,1.07200311704127,1.07200311704127,1.08335111591094,0.883272231609894,1.07200311704127
"mtr-miR2671i_st",1.18537973003915,0.780244142860705,0.893916708695839,0.843949773567172,0.913072924553037,0.994501037506847,1.14439262465679,0.851037252639563,0.913072924553037
"mtr-miR2671j_st",0.845638870021768,1.1048754816301,0.998527191939525,1.14870846207455,1.14850603929164,1.18630359458391,1.1048754816301,1.01466540398244,1.1048754816301
"mtr-miR2672_st",0.869239944108582,0.743662171655006,0.869239944108582,0.802151790500793,1.30449203689584,1.44125926402011,0.869239944108582,0.909806567923382,0.759638797291049
"mtr-miR2673a_st",2.12068024735505,3.36425076405583,1.56193496607018,3.79121730553844,2.41501897225128,2.83328418928107,2.64403371972982,2.41501897225128,2.53783655394923
"mtr-miR2673b_st",2.39861833778946,3.1697268335771,1.19808714643809,2.39861833778946,3.73986589666662,2.31634865333505,2.39861833778946,1.91322203987854,3.26118521544787
"mtr-miR2674_st",1.05880345271815,0.623582512562245,0.871743604828403,1.48153824657459,0.917786870906987,0.917786870906987,0.917786870906987,0.860457979414741,0.950668057062392
"mtr-miR2675a_st",3.11299132078876,2.7319427119343,2.37284844932859,2.81782650723859,3.56456503227003,3.08588435105128,3.90711461991334,3.60445072155917,3.08588435105128
"mtr-miR2675b_st",1.5781110855736,1.07529908292535,0.977375339764336,1.63183698036627,1.11575517459375,1.54939465967587,1.65088735202712,1.40079057920553,1.48759638258365
"mtr-miR2676a_st",0.831741837779751,1.02938441299659,1.04194797194134,1.23437101927193,0.93928290303978,0.90117774085859,1.23922316506451,1.07200311704127,1.16221319468892
"mtr-miR2676b_st",0.584876518168972,0.748974721361005,0.748974721361005,0.748974721361005,0.561996222074212,0.765865594690609,0.667546608407195,0.779029866460931,0.759638797291049
"mtr-miR2676c_st",0.887166562611586,0.757944349701983,0.857891945238911,0.838712785866062,0.73641116241625,0.757944349701983,0.877427744227408,0.582659719208504,0.684381011323946
"mtr-miR2676d_st",0.967212208922695,0.94050492622075,0.978560207792366,1.14075675691025,0.94050492622075,0.813313231425836,0.77403566207596,0.983123630265432,0.899264757904729
"mtr-miR2676e_st",0.746257247996369,0.836358757953178,1.03143649322647,0.836358757953178,0.836358757953178,0.836358757953178,0.746257247996369,0.930986535230111,0.950668057062392
"mtr-miR2676f_st",1.23922316506451,1.22713488348155,0.866025130512049,0.777594151603226,0.922776478878602,1.2339733289348,1.14570677052774,0.85604971478564,0.780189322311374
"mtr-miR2677_st",0.950668057062392,0.817839275370059,1.54939465967587,0.913072924553037,1.0320961700162,1.13024619790815,0.950668057062392,0.751125998830844,0.815353224536341
"mtr-miR2678_st",1.10866556343929,1.25473906407528,1.25909882603323,1.25473906407528,1.25473906407528,1.22527892036674,0.987975791981688,1.25473906407528,1.67638094071065
"mtr-miR2679a_st",1.02945705327703,1.04012112920707,1.04012112920707,1.08395410965153,1.24288430213976,1.04012112920707,0.748974721361005,1.19355525646906,0.849091869435731
"mtr-miR2679b_st",0.869239944108582,0.963867721385516,0.869239944108582,0.805485729787015,0.759178133283418,0.791425864746159,0.869239944108582,0.913072924553037,1.58532660685567
"mtr-miR2679c_st",1.15496555851279,1.23268667246086,0.980104704651407,0.897094717835838,0.897094717835838,0.858769644672529,0.646309652459441,1.23268667246086,0.854853031954633
"mtr-miR2680a_st",0.913072924553037,0.887277655823729,1.0271035539492,0.913072924553037,1.2333889774969,1.0271035539492,0.913072924553037,1.14267012788451,0.877779097567187
"mtr-miR2680b_st",0.844704237530912,1.11372261642189,0.977375339764336,0.977375339764336,0.878078257333796,0.844704237530912,1.0557489034412,0.913072924553037,0.977375339764336
"mtr-miR2680c_st",0.748974721361005,0.71150427008308,0.869239944108582,0.721533635109859,0.939023826854742,0.748974721361005,0.658598508271831,0.779029866460931,0.669262584201876
"mtr-miR2680d_st",1.2175827873172,0.73641116241625,0.857891945238911,0.735219687179619,0.857891945238911,0.857891945238911,0.776463832285102,0.867921310265691,0.857891945238911
"mtr-miR2680e_st",0.663741962238671,0.950668057062392,1.0101075316702,0.580392483150108,0.992761929699346,0.842979031438523,1.16554061837809,1.12875820579123,0.950668057062392
"mtr-miR319_st",1.24112460992199,1.13382888794144,0.869239944108582,1.06794707640749,1.07619209494303,1.46514692994004,1.11559973715373,1.47917921744136,1.13382888794144
"mtr-miR319b_st",1.18932374422663,1.2006717430963,1.19027534544453,1.40079057920553,1.06359176713687,1.13555544935497,1.35214687513898,1.11046166544865,1.2006717430963
"mtr-miR390_st",1.23922316506451,1.2145902736085,1.15783892524195,1.2145902736085,1.2145902736085,1.21712085344285,1.5801690599247,1.2145902736085,0.990567953590441
"mtr-miR393_st",0.955366841431375,0.659926023448392,0.869239944108582,1.16005646094422,0.869239944108582,0.869239944108582,1.01025652591974,0.988713485612647,0.869239944108582
"mtr-miR393b_st",1.23000062341817,0.740203626187174,1.24785310855081,1.06423144659933,0.871808399268745,0.859792087744823,0.90036492643981,0.90036492643981,1.07200311704127
"mtr-miR395a_st",0.957829079096041,1.03561842063121,1.25248467469662,1.39005843829726,1.15695348061009,1.15695348061009,1.18551000778116,1.15442290077574,1.15695348061009
"mtr-miR395b_st",0.665461050293813,1.09758918544795,1.03378871187816,0.91624611567021,1.1661266601452,1.05701634675296,1.3048640470294,1.2145902736085,1.05701634675296
"mtr-miR395c_st",0.992370972215837,0.916233464253463,0.885802811444243,1.20411199529474,1.07200311704127,0.972065983184141,1.2747402378095,1.07200311704127,1.2006717430963
"mtr-miR395d_st",0.977375339764336,1.53852177501179,1.09308604460247,1.03143649322647,1.1666308943182,0.957693817932056,1.07200311704127,1.19333817702015,1.07200311704127
"mtr-miR395e_st",1.18830657042792,1.11376769511952,0.774707347358465,1.69816812866744,1.28131703770146,1.05701634675296,1.05701634675296,0.832994026734906,1.05701634675296
"mtr-miR395f_st",0.905458062075859,1.10892552583108,0.821999431007361,1.07200311704127,1.10892552583108,1.15695348061009,1.07200311704127,1.07200311704127,1.07200311704127
"mtr-miR395g_st",0.977375339764336,1.16832594321199,1.23495065561888,1.2060925014641,0.939925324808663,1.56755121603414,1.46944461015886,1.41810443600091,0.971028439072776
"mtr-miR395h_st",1.40332115903987,1.2006717430963,0.977375339764336,1.07200311704127,1.07200311704127,1.15695348061009,1.13630553225257,1.07200311704127,0.821778016526445
"mtr-miR395i_st",1.31593733166437,0.913072924553037,0.738383899571808,0.913072924553037,1.45797879983825,0.913072924553037,0.888396159965781,0.913072924553037,0.753288642463879
"mtr-miR395j_st",0.948072886354244,0.943912730716941,1.11792486265114,0.948072886354244,0.826592103531582,0.940331456267303,1.02644645003111,1.2145902736085,1.07674151240927
"mtr-miR395k_st",0.876851144497581,1.28798154241808,0.883525426897113,1.39453618629171,1.28131703770146,1.14432614607474,1.15931291636305,1.08699725458249,1.15931291636305
"mtr-miR395l_st",0.977375339764336,1.96294463884007,1.1260642705034,1.29444228951495,1.04630012195586,0.950668057062392,1.07200311704127,1.45485173266766,0.965654827350699
"mtr-miR395m_st",1.05333312596396,0.748314182696618,0.950668057062392,0.805485729787015,0.950668057062392,0.836358757953178,0.950668057062392,0.950668057062392,0.950668057062392
"mtr-miR395n_st",0.857891945238911,0.965670433256521,1.53263283434322,1.14870846207455,0.990131866085998,1.90178633574259,1.10055964421233,0.992858516847336,1.14102044439113
"mtr-miR395o_st",0.776463832285102,0.81175901374816,0.989781748489245,1.01187784985739,1.16048193032773,1.01440842969173,1.13962800362171,1.16048193032773,0.869239944108582
"mtr-miR395p_st",1.45695970753779,0.977375339764336,1.45959163581145,0.820077108508896,0.741730980676244,0.720471833590875,0.977375339764336,0.913072924553037,1.18013851269702
"mtr-miR395q_st",0.779547732718687,1.07200311704127,1.28131703770146,1.14870846207455,1.07200311704127,1.06426168695433,1.07200311704127,1.07200311704127,1.07200311704127
"mtr-miR395r_st",1.06197375201449,1.07200311704127,0.859619877648717,1.14870846207455,1.0572947176834,1.07200311704127,1.07200311704127,1.07200311704127,1.07200311704127
"mtr-miR396a_st",0.72773776541325,0.790506756809756,1.23998562496774,0.883579903454602,0.836358757953178,1.0320961700162,1.1490135303658,0.950668057062392,0.950668057062392
"mtr-miR396b_st",0.977375339764336,1.1666308943182,0.986152801351563,0.914704885785829,1.07200311704127,1.1516441240299,1.07200311704127,1.30921805088543,1.07200311704127
"mtr-miR398a_st",1.28131703770146,0.836358757953178,1.5010685432988,1.26442616437186,1.82622291298667,1.26660863834359,1.30987356487253,1.07200311704127,1.28131703770146
"mtr-miR398b_st",1.15857787045935,1.30078384198027,1.38142913658543,1.13154859211044,0.950668057062392,1.17396446039436,1.36395146116821,1.44204208236876,1.21538014245417
"mtr-miR398c_st",0.857891945238911,1.20299674668868,1.15695348061009,0.99802328812186,1.08485061537719,1.15695348061009,0.917527861279383,1.15695348061009,1.70193170647622
"mtr-miR399a_st",0.685373329200646,0.936158394577043,0.893916708695839,0.771244450636546,0.893916708695839,0.691562834330065,0.926797894851243,1.07707048907787,0.824233936563489
"mtr-miR399b_st",1.34809118277,1.00136984145874,1.10866556343929,0.963483236163915,1.10866556343929,1.10866556343929,1.10055964421233,1.23000062341817,1.29602543705933
"mtr-miR399c_st",1.36485077399004,1.32692385232314,0.939216938136805,1.21101463407223,1.15695348061009,0.893031264063986,1.10015120861527,1.15695348061009,1.15695348061009
"mtr-miR399d_st",1.11640718887116,1.12052003335929,1.24185509333816,1.18584309195,1.35616439244738,1.24185509333816,1.50605597959732,1.31856925993802,1.161209798733
"mtr-miR399e_st",0.977375339764336,0.950668057062392,0.950668057062392,0.698585939931417,0.868307977192524,1.03302813693226,0.703061000825994,0.950668057062392,1.07200311704127
"mtr-miR399f_st",1.32867389781986,0.950668057062392,1.07200311704127,0.850101490324102,1.3194847817146,1.04011878981775,1.0375882099834,0.982803113410174,0.849089530046406
"mtr-miR399g_st",1.13488088604393,0.896606903600258,1.05411244987985,1.15402053583795,1.10817360334198,1.29920286311332,1.23922316506451,1.10564302350763,0.759638797291049
"mtr-miR399h_st",1.30444417034825,0.780244142860705,0.913072924553037,1.46601158448927,0.816195935223053,1.21743132915599,0.972866143518338,0.816195935223053,0.869239944108582
"mtr-miR399i_st",0.869239944108582,1.05928904960232,0.869239944108582,0.821542859670675,0.772362954778598,0.841798857857437,0.869239944108582,0.869239944108582,0.869239944108582
"mtr-miR399j_st",1.28166919520982,1.24311777324161,0.836358757953178,1.83283458841533,1.4139091160569,1.68268715093672,0.977727497272692,1.21494243111685,0.967141679483692
"mtr-miR399k_st",1.25383006501102,1.08153569822448,1.10897678447563,1.12358368442215,0.873332425387537,1.40548025615334,0.7238499437086,1.24169699847712,1.10897678447563
"mtr-miR399l_st",1.44009736242701,1.2006717430963,0.912058254473905,1.26442616437186,1.40998566375649,0.975724903484594,1.10604396581937,1.11046166544865,1.2006717430963
"mtr-miR399m_st",1.10866556343929,1.07011414147109,0.967648981628133,1.38046325937471,1.10866556343929,1.32932315223908,1.04153936979951,1.10866556343929,1.22297486254851
"mtr-miR399n_st",0.977375339764336,1.40343491602899,1.0774874386483,1.2006717430963,1.2006717430963,1.31498104220551,1.2006717430963,0.945864697011923,1.2006717430963
"mtr-miR399o_st",1.53022126400162,1.62465139122399,1.13142545055152,1.87091814403572,1.28131703770146,1.28131703770146,1.34319389108063,1.28131703770146,1.13142545055152
"mtr-miR399p_st",0.898868959276965,0.618868566208295,0.895077170797115,0.579524459676782,0.990652328075132,1.21568235513383,1.02353351423054,1.26001272716026,0.829186187144615
"mtr-miR399q_st",0.909494067317585,1.23899290746957,1.32464651023681,1.07200311704127,0.986671400483365,0.978929970396424,0.869239944108582,1.32226335510839,1.37636152164422
"nve-miR-100-star_st",1.08933157791456,1.12316900860978,0.759638797291049,1.20307468382793,0.90804935301771,1.0320961700162,0.950668057062392,0.950668057062392,0.744275936992022
"nve-miR-100_st",11.2314627541903,11.3319749231967,11.2367071441013,11.1810645037846,11.1715862070703,11.1929099676302,11.2074769256144,11.1955866530936,11.2374554757124
"nve-miR-2022_st",1.2006717430963,0.842164969540259,1.32200680307518,1.2006717430963,1.21034937428164,1.28131703770146,0.896313338493349,1.2006717430963,1.2006717430963
"nve-miR-2023-star_st",0.857891945238911,1.07200311704127,0.991930793083293,0.805485729787015,0.73641116241625,0.836358757953178,0.869239944108582,0.779029866460931,0.857891945238911
"nve-miR-2023_st",1.04695397561512,2.45157187279259,1.44389399773486,1.42304007102885,1.44389399773486,1.84863159629651,1.44389399773486,1.44389399773486,1.51688360891734
"nve-miR-2024a-star_st",1.02371519987047,1.21565851338461,1.03143649322647,1.27941293466016,1.10275117252338,1.07200311704127,0.884226714396889,0.671325787774527,1.08698988732958
"nve-miR-2024a_st",1.15427280149568,1.64220855896533,0.844743346893185,1.14870846207455,1.07200311704127,1.44346994950666,1.01403778616236,1.10866556343929,1.03194560277716
"nve-miR-2024b-star_st",0.977375339764336,1.02109360225054,0.9028730229443,0.969130321228795,0.754445048115195,1.05880345271815,1.29187304119367,0.977375339764336,1.07200311704127
"nve-miR-2024b_st",1.07883084109215,0.979799688645999,0.923465046945273,1.23459144202471,0.979799688645999,0.858464628667121,0.675857990708875,0.913072924553037,0.979799688645999
"nve-miR-2024c-star_st",1.19865032636952,0.812192502402263,1.23922316506451,1.11480611996447,1.53898254001114,0.863818287961473,1.38911475221445,1.20162803255515,1.23922316506451
"nve-miR-2024c_st",1.10866556343929,1.14026483612676,0.922048399860572,1.10866556343929,1.10866556343929,0.950668057062392,1.05227172704153,1.17575371704708,1.10866556343929
"nve-miR-2024d_st",1.55959348696547,1.07200311704127,1.2740705781273,1.17726498924562,1.10055964421233,0.950668057062392,1.35848926421718,0.779029866460931,1.01560928064351
"nve-miR-2024e-star_st",2.14482751013677,1.28131703770146,1.2145902736085,1.03143649322647,0.950668057062392,1.28131703770146,2.07671916113477,1.24372190519211,1.53132072373537
"nve-miR-2024e_st",0.877399502736474,1.06475937635651,1.2346113526534,1.19150793412407,1.06475937635651,1.35247291285802,0.977375339764336,0.777833281532789,1.06475937635651
"nve-miR-2024f-star_st",1.23922316506451,1.14615278036467,1.14615278036467,1.66160422337553,0.866549749773482,1.14615278036467,1.14615278036467,1.00913690634071,1.14615278036467
"nve-miR-2024f_st",1.10866556343929,0.950300365196013,0.661237732684355,1.01779365831437,1.01922624905914,1.04337351184086,1.23922316506451,1.07200311704127,1.2006717430963
"nve-miR-2024g-star_st",1.44686445649925,1.53847673329223,0.803182094750421,0.932865390884583,1.10055964421233,1.10055964421233,1.10055964421233,1.2145902736085,1.31258654509446
"nve-miR-2024g_st",1.10866556343929,0.965376456420258,0.700787512587401,0.791011947888066,0.82860708039742,0.950668057062392,0.866464660705858,1.18949305638612,1.17396446039436
"nve-miR-2025-star_st",0.587027795638811,0.820561901909682,0.950668057062392,1.03143649322647,0.683904784968795,0.969292092518746,1.23835554139945,1.15343122999508,0.950668057062392
"nve-miR-2025_st",1.32417352863333,1.07200311704127,0.939061075832252,1.39258901813161,1.15695348061009,1.19454861311945,1.36474015244813,1.40079057920553,1.07618504444601
"nve-miR-2026-star_st",1.15403710190112,0.913072924553037,0.831637761102209,0.913072924553037,0.994501037506847,0.772502712773764,0.902608867926473,1.01899763472224,0.913072924553037
"nve-miR-2026_st",1.19962262118469,0.836358757953178,1.2980419588648,0.827995799003099,0.950668057062392,0.868398372607978,1.35969060137833,0.980723202162318,0.662112949060277
"nve-miR-2027-star_st",0.825010759083507,1.03590081618473,0.676871856128099,0.836358757953178,0.950668057062392,0.534691957679342,0.748974721361005,0.684672306149705,0.836358757953178
"nve-miR-2027_st",0.913072924553037,0.913072924553037,0.608714519950086,1.27085531078703,0.73641116241625,0.889176053475985,0.94739793776767,1.17699514109914,0.917836153841852
"nve-miR-2028-star_st",0.977375339764336,1.32070969328686,1.1283097443005,0.977375339764336,0.977375339764336,0.728669732329309,0.977375339764336,0.65633901748622,1.17284113261133
"nve-miR-2028_st",0.679190838614845,0.869239944108582,0.869239944108582,1.13600321620218,0.869239944108582,0.948880951097209,0.691422681094121,1.6822234413682,0.885778115687354
"nve-miR-2029-star_st",1.10055964421233,0.933339596189099,0.950668057062392,1.36732291630593,1.12290500262406,1.28131703770146,1.10055964421233,0.821025013298953,1.07503161415376
"nve-miR-2029_st",1.22951961073894,1.13686836265942,1.35160614763246,0.765018679311301,0.885441725317543,1.70206668933331,0.790813948040609,0.874214604997865,0.874214604997865
"nve-miR-2030-star_st",1.18895763254381,0.977375339764336,1.034933290507,0.977375339764336,0.742763424807746,1.2161684929662,0.977375339764336,0.613735078340756,0.977375339764336
"nve-miR-2030_st",0.991393594591211,1.07200311704127,1.03143649322647,1.03143649322647,1.21101463407223,1.15695348061009,0.869239944108582,0.967134078015171,1.03143649322647
"nve-miR-2031-star_st",0.84964692670337,1.14870846207455,1.16262699258675,1.24040057739614,1.40332115903987,1.14870846207455,1.06906745508592,1.07200311704127,1.14870846207455
"nve-miR-2031_st",1.37266015151842,1.86216740346922,0.652917410835064,0.874620301029633,1.03355049351787,0.862106718783226,0.938922716240932,0.948952081267711,0.869239944108582
"nve-miR-2032a-star_st",1.10866556343929,1.10866556343929,0.788070840782377,1.10042054490375,1.28131703770146,0.836358757953178,1.10866556343929,1.54939465967587,1.40332115903987
"nve-miR-2032a_st",1.10866556343929,0.884679822524802,1.49739663655198,1.0784043901192,1.14186713165529,1.00169022351934,1.03457140967475,1.03457140967475,0.918389367252027
"nve-miR-2032b-star_st",1.34557145475508,1.14902252640997,1.05701634675296,1.0791124481211,0.913378167321879,1.05701634675296,0.817590727422254,0.929965735820308,0.936474542372301
"nve-miR-2032b_st",0.989870829659318,0.950668057062392,0.90804935301771,1.12421260504995,0.950668057062392,0.711644678031776,0.920612911962465,0.950668057062392,0.950668057062392
"nve-miR-2033-star_st",1.14907898151468,0.910055602484069,1.24185509333816,1.24185509333816,1.44814051688587,1.1842971425955,1.32650182857316,1.56252865825082,1.24185509333816
"nve-miR-2033_st",1.02371519987047,1.02791424261146,0.721971111271756,0.946486129657648,1.07200311704127,0.805915917878374,0.820656623328489,0.990319110102103,0.847850840526123
"nve-miR-2034-star_st",1.36381691177117,1.07200311704127,1.07463504531493,1.2582034226383,1.63896551812797,1.07200311704127,0.992362110052643,1.07200311704127,0.950668057062392
"nve-miR-2034_st",0.831191713033986,2.63350751101963,1.18789004140357,1.98932404835081,1.13025324840517,1.05928904960232,0.869239944108582,1.16062522167391,1.75268522011301
"nve-miR-2035-star_st",0.836358757953178,0.703657134867106,0.950668057062392,0.853286850246684,1.15695348061009,0.836358757953178,0.836358757953178,0.836358757953178,0.836358757953178
"nve-miR-2035_st",0.966904375116356,1.2006717430963,1.15695348061009,1.35707231671932,1.15695348061009,1.01329808426676,1.04362433577848,1.45722878742575,0.761376203442961
"nve-miR-2036-star_st",2.439166235033,1.66160422337553,1.45884105044284,1.66160422337553,1.54026916339665,1.66160422337553,1.76309691572678,1.89808343630525,1.66160422337553
"nve-miR-2036_st",1.03636839839544,0.767317103262699,1.0991165941168,1.20770152070565,1.07200311704127,0.972065983184141,0.785087483897348,0.972065983184141,1.01691153685127
"nve-miR-2037-star_st",1.52854073296985,1.1875000145252,1.31080419049656,1.40079057920553,1.87378856976117,1.60818173995848,1.52854073296985,1.52854073296985,1.4204053373141
"nve-miR-2037_st",0.954775985192651,0.677428565464945,1.31147431356224,0.846711032008929,0.791737864574159,0.767029415702448,0.872506300738237,0.913072924553037,0.751171240759359
"nve-miR-2038-star_st",1.27536303794769,0.950668057062392,0.983549243217796,0.912101327652063,0.983549243217796,0.747904884129704,0.983549243217796,1.02738222366225,0.983549243217796
"nve-miR-2038_st",1.06284997696915,1.44389399773486,1.07200311704127,0.808237280003825,1.07200311704127,1.22212142854065,1.07200311704127,1.29747902838503,1.07200311704127
"nve-miR-2039-star_st",0.977375339764336,0.744598962535076,0.774612166831649,0.977375339764336,0.777833281532789,1.15813273325346,1.14459538778757,0.950919476438253,1.1914865115667
"nve-miR-2039_st",1.45043504786507,1.48838991802485,1.15695348061009,1.52854073296985,1.12968513192996,1.10659334647847,0.988103349018568,1.15695348061009,1.15695348061009
"nve-miR-2040a-star_st",1.23922316506451,1.12748550097964,1.16199409485168,1.14870846207455,0.998816874924608,1.40332115903987,1.31862415590373,1.43367695737856,0.890196398916263
"nve-miR-2040a_st",0.863284020470219,1.02738801772452,0.950668057062392,1.64285003207906,0.950668057062392,0.842979031438523,1.15340517783063,1.51509987831474,0.873948096400263
"nve-miR-2040b-star_st",1.02475008617193,1.1121341227641,1.40332115903987,1.23988427652843,1.55709240251238,1.1121341227641,1.05797082953996,1.10180380998441,1.05797082953996
"nve-miR-2040b_st",1.27312550717459,1.17317791163766,0.956247173602556,1.14870846207455,1.27312550717459,0.835757678575261,1.4953560395214,1.32813599149816,1.32813599149816
"nve-miR-2041-star_st",1.10866556343929,1.00747032905721,0.950668057062392,0.996514989558358,0.927440422187592,0.919698992100651,0.950668057062392,0.737767130440029,1.0320961700162
"nve-miR-2041_st",1.2145902736085,1.07200311704127,1.50390784151384,1.30628238893009,1.2145902736085,1.19960350332019,1.33505770992232,1.2145902736085,1.2145902736085
"nve-miR-2042-star_st",1.00295519329083,0.951515684811957,1.05701634675296,1.3008534453484,1.05701634675296,1.05701634675296,1.03616242004695,1.16294105692217,1.42890101256637
"nve-miR-2042_st",1.20256071866648,0.950668057062392,1.07200311704127,1.03143649322647,1.23346918274298,1.27016283743572,1.30332281714502,1.15507993865068,0.81863389442473
"nve-miR-2043a-star_st",1.14626069594865,0.950668057062392,1.2187456790368,0.525383891047476,0.950668057062392,0.873953890462532,1.02904162073926,0.950668057062392,0.950668057062392
"nve-miR-2043a_st",0.870309781339883,1.11675391482434,1.07200311704127,1.15277155320535,1.08698988732958,1.17835140673184,0.990575004087461,1.2145902736085,0.950668057062392
"nve-miR-2043b-star_st",1.1045200653389,1.07200311704127,1.07200311704127,1.04113008887511,1.07200311704127,0.957693817932056,1.08694818484489,0.790106545310073,1.07200311704127
"nve-miR-2043b_st",0.857891945238912,1.21791142244569,0.853581674220525,1.24301878600594,1.0212337680307,1.07325756386048,1.08082223688805,1.22493842174976,1.14256882800958
"nve-miR-2044-star_st",1.10866556343929,1.1228205603328,1.56520317936787,1.1228205603328,1.35846491942089,0.936658781433718,0.88026494503596,1.1228205603328,0.869239944108582
"nve-miR-2044_st",1.6121049358803,0.949330858981977,1.11572137952748,1.07812624701812,1.07200311704127,0.986434131696536,1.23598660227506,1.14400805855207,0.759638797291049
"nve-miR-2045-star_st",0.752657942150012,1.05701634675296,1.30424004202135,0.932599301652927,1.05701634675296,1.05701634675296,1.16515174240872,0.992713931541664,1.05701634675296
"nve-miR-2045_st",1.55401852488169,1.15264841164643,1.68672962657772,1.04506121688041,1.15264841164643,1.15264841164643,1.15264841164643,0.913072924553037,1.07200311704127
"nve-miR-2046-star_st",1.18849004494689,1.18849004494689,1.07640035288918,1.0918069468898,1.40639764649607,1.18849004494689,1.27075972940131,1.54939465967587,0.900776508445384
"nve-miR-2046_st",1.18943399960337,0.836358757953178,1.30374329871258,1.4815590153696,0.978403446582125,1.03143649322647,1.03143649322647,0.893453083013302,0.759638797291049
"nve-miR-2047-star_st",1.41444667510888,1.57329153075292,0.920567952350613,1.26442616437186,1.71263104131575,1.54939465967587,1.23922316506451,1.13255010337768,1.12911133184581
"nve-miR-2047_st",0.808506201577329,1.1601051192815,1.44351358681935,1.03143649322647,1.0241911530251,1.01644972293816,1.19865654124971,1.20085291516189,0.869239944108582
"nve-miR-2048-star_st",0.77143098786254,0.873953890462532,1.14037211535993,1.00050394782575,1.47633525574019,0.950668057062392,0.940003981132347,1.10809114259177,0.950668057062392
"nve-miR-2048_st",1.26088983352486,1.1983691626699,1.1295996098499,1.23349665407539,1.15695348061009,1.07703410269103,1.1295996098499,0.875201481202583,1.54939465967587
"nve-miR-2049-star_st",0.950668057062392,0.725330730101535,1.35160614763246,1.11476626025442,0.950668057062392,0.923960774360447,0.752771816352681,0.950668057062392,0.950668057062392
"nve-miR-2049_st",0.863066040655122,0.903638879350109,0.994356264330078,0.863066040655122,0.863066040655122,0.836358757953178,0.856663746984874,0.982539582159187,0.863066040655122
"nve-miR-2050-star_st",1.03666220569806,1.35969060137833,1.3787454529996,1.31912397756353,1.52221321236087,1.68268715093672,1.35969060137833,1.37360913189053,1.12866838535507
"nve-miR-2050_st",0.857891945238911,1.36032785227063,1.3121797258317,0.730895579554269,0.900661173164477,0.552091173749421,0.996329206465464,0.977375339764336,0.834788183197108
"nve-miR-2051-star_st",0.906311689073518,1.30413135628628,1.28131703770146,1.13386856274664,1.16505939983705,0.950668057062392,1.10866556343929,0.921178843779994,1.10866556343929
"nve-miR-2051_st",0.767790435282103,0.73641116241625,1.37042186155356,0.824301443708113,0.646309652459441,1.07583206067406,0.767790435282103,0.446754113003986,0.779138434151774
"nvi-bantam_st",0.977375339764336,0.977375339764336,1.0580206343695,0.844766764137427,0.977375339764336,0.977375339764336,1.00408262246628,0.977375339764336,0.977375339764336
"nvi-let-7_st",11.825568688138,11.9374497393814,11.8648052611495,11.8895094522327,11.4491054633013,11.2895083931218,11.9236152938823,11.6353551070277,12.1335856885499
"nvi-miR-1_st",0.977375339764336,1.2006717430963,0.977375339764336,1.52854073296985,0.874710270862773,1.06232570333316,0.977375339764336,1.14147354295637,0.915577062672119
"nvi-miR-10_st",1.6347734936765,1.18103554831231,1.52842520398593,1.49338525243369,1.12431318290826,1.6347734936765,1.93048809386378,2.07317975272117,1.52385267758951
"nvi-miR-100_st",11.6462801464543,11.7553766846558,11.6630400438178,11.6242450727647,11.6462801464543,11.6462801464543,11.5599061226868,11.6256696394744,11.6168415192369
"nvi-miR-12_st",1.27086211255718,0.950668057062392,1.03143649322647,0.898734870140398,1.03143649322647,0.998555307071066,0.869239944108582,1.29535870977258,1.03143649322647
"nvi-miR-124_st",1.40332115903987,1.15695348061009,1.15695348061009,1.15695348061009,1.15695348061009,1.27126277971931,1.26508887626585,0.913072924553037,1.15948406044444
"nvi-miR-125_st",11.1459911062765,11.1094990824421,11.2115279739574,11.2216830590859,11.0929462919333,10.9739688069309,11.1938625868412,11.0763327854035,11.1094990824421
"nvi-miR-133_st",1.05282694893261,0.950668057062392,1.40386253377964,0.905512265478505,1.03561842063121,0.958904254031355,1.06417494780228,1.2145902736085,0.800782535413816
"nvi-miR-137_st",0.857891945238911,0.950668057062392,0.893916708695839,1.03143649322647,1.07200311704127,0.893916708695839,0.755226876337348,0.913072924553037,0.759638797291049
"nvi-miR-13a_st",1.44344771069635,1.40998566375649,0.888605869888845,1.26150719259314,1.28131703770146,1.06351865800347,0.913142481240158,1.18121893367034,1.12238663599656
"nvi-miR-13b_st",1.04999733759771,1.13142545055152,1.04999733759771,1.0331064642681,1.14462511487464,1.04999733759771,0.869239944108582,1.04999733759771,1.2006717430963
"nvi-miR-14_st",1.03143649322647,0.87343898684957,1.81028725249661,1.03143649322647,1.03143649322647,1.03143649322647,0.727078088623519,1.03761556563947,0.885362992590478
"nvi-miR-184_st",1.30338402518274,2.654396253763,1.11465313975137,1.93107391698692,1.07200311704127,1.05701634675296,1.30338402518274,1.07200311704127,1.1534924380328
"nvi-miR-190_st",0.688928356504122,0.779029866460931,0.697601753507122,0.805485729787015,0.779029866460931,0.764043096172624,0.84333228167223,0.779029866460931,0.662847824038212
"nvi-miR-210_st",7.24582831132877,7.7685555816915,7.77386677724299,7.90375584044422,8.53442087970998,8.39405733238697,8.20372529989569,7.59447327840224,7.456721746525
"nvi-miR-219_st",0.95783954077584,0.836358757953178,0.774828163133387,1.15026258810643,0.95783954077584,1.73446802003108,0.95783954077584,1.09055975477733,0.853074398629641
"nvi-miR-252_st",0.920612911962465,0.790506756809756,1.2145902736085,0.950668057062392,0.950668057062392,0.791390699052862,0.950668057062392,0.950668057062392,1.18810671659082
"nvi-miR-263b_st",1.10866556343929,1.07200311704127,0.812271239415183,0.854512925296388,1.05046992975554,1.05046992975554,1.23922316506451,1.17676825918747,1.07200311704127
"nvi-miR-275_st",1.01293000061733,1.07200311704127,0.803471777735504,0.620795427190735,0.903043559526258,1.15695348061009,0.913072924553037,0.913072924553037,0.913072924553037
"nvi-miR-276_st",1.07200311704127,0.950668057062392,1.07200311704127,1.14870846207455,1.54939465967587,1.0172832209517,0.940712893366315,1.07200311704127,1.07200311704127
"nvi-miR-277_st",1.05701634675296,1.035817350071,1.55349595146,1.86991457839136,1.05701634675296,1.13766164135812,0.977375339764336,0.992713931541664,1.03030906405102
"nvi-miR-279_st",1.40332115903987,1.40332115903987,1.40332115903987,1.13680377178562,0.852194177956996,1.27321500388716,1.2529238069289,1.54939465967587,1.64745287404494
"nvi-miR-2796_st",1.54602373008271,1.27627263556437,1.09818622721894,0.711941712853142,0.96090842299292,0.96090842299292,0.990575004087461,1.07200311704127,0.941978547005708
"nvi-miR-281_st",1.23922316506451,1.49663143985673,1.05964502421875,1.23922316506451,1.35676576127246,0.618868566208295,1.23922316506451,1.15427280149568,1.1969814791833
"nvi-miR-282_st",0.895542376246929,0.836358757953178,0.891078654042744,1.02076195017691,0.836358757953178,0.917786870906987,0.856663746984874,0.709308147020523,0.662847824038212
"nvi-miR-283_st",0.857891945238911,1.16225034984186,1.10866556343929,1.15078689317162,1.08396054832325,0.950668057062392,0.748974721361005,0.733568087699042,0.950668057062392
"nvi-miR-29b_st",1.07200311704127,1.3974123750167,0.941896961888561,1.19722269097125,1.07200311704127,1.07200311704127,0.748974721361005,0.99314103826329,1.76350583147823
"nvi-miR-2a_st",1.01999404380902,0.836358757953178,1.05061565259932,0.922810442442314,0.836358757953178,0.878977461997859,1.33917076060143,0.878977461997859,0.878977461997859
"nvi-miR-2b_st",0.763961491649311,0.777798758696528,1.07200311704127,1.07200311704127,1.29444603495987,1.15695348061009,1.11554641450064,1.07200311704127,1.29602543705933
"nvi-miR-2c_st",0.870309781339883,1.07200311704127,1.07200311704127,0.911834019477587,1.07200311704127,1.05701634675296,1.15427280149568,1.5221256391844,1.07200311704127
"nvi-miR-305_st",1.03143649322647,1.07200933192146,1.17750999386246,0.908764235167178,1.15695348061009,1.43212269082779,1.03143649322647,1.03143649322647,1.03143649322647
"nvi-miR-307_st",0.90072523228346,0.942979803241976,1.24428845581819,0.942771106762732,0.980366239272086,1.21831986878557,0.778672903570699,1.2145902736085,0.914137479946884
"nvi-miR-315_st",1.17200145893612,0.618868566208295,0.869239944108582,0.915086876604548,0.646309652459441,1.03950392170458,0.869239944108582,0.831644811599228,0.869239944108582
"nvi-miR-317_st",1.54112671543194,1.04139265793774,0.805748298849644,1.49793027386632,1.04139265793774,1.09778649433549,0.977375339764337,1.34162359293093,1.02898702017814
"nvi-miR-31a_st",9.25347039899819,8.11510990761936,7.90390481948211,7.71869479039484,7.46187236009281,7.50311993217061,9.17937071474924,8.81865090562085,7.6961572605502
"nvi-miR-33_st",0.675659766433254,0.976649423078243,0.836358757953178,0.94242303852685,1.31072946125052,0.950668057062392,0.731723762255479,0.913072924553037,1.07200311704127
"nvi-miR-34_st",0.977375339764336,0.854703081705044,0.48735916292333,0.987404704791116,0.846388122979957,1.38809090239243,0.905976591837306,1.09022522157539,1.90350651499042
"nvi-miR-3477_st",1.10866556343929,1.5879641959104,1.38196394153406,1.40079057920553,1.12083845917233,1.25991041562156,1.34218010007598,1.01602985956451,0.862595732302519
"nvi-miR-3478_st",2.01033166085215,1.07199429547469,1.29602543705933,1.14870846207455,1.12349790907233,1.29602543705933,1.37948406812782,1.33889419444086,1.29602543705933
"nvi-miR-375_st",0.805485729787015,1.12851412546728,0.942565705746449,0.753079514335119,0.708608740457031,0.693868035006916,0.708608740457031,1.07200311704127,0.633137888753101
"nvi-miR-7_st",2.83165675138746,1.83455470801399,1.64953635797491,1.64129133943937,1.63838315319751,1.59788714128858,1.3618228214734,1.52546860507111,2.53339178980344
"nvi-miR-71_st",1.10866556343929,1.27066369338669,1.20329334071623,1.37542883553289,0.971585587479858,1.05701634675296,1.10866556343929,0.874708598149874,0.910625158427132
"nvi-miR-8_st",1.08623268749468,0.950668057062391,0.565525692383797,1.57485910490008,0.966732007692291,1.15695348061009,1.09956078938462,1.83758776474565,1.05952540479274
"nvi-miR-927_st",0.971401256963132,0.857891945238911,0.752391283297905,0.711941712853142,0.752391283297905,1.06417736878661,0.857891945238911,0.934606111838771,0.78527246945331
"nvi-miR-928_st",1.15950140983876,0.836358757953178,1.16622351418195,0.798763625443823,0.893916708695839,0.676426516950956,0.627153436602242,1.07200311704127,1.00822600780505
"nvi-miR-929_st",1.16062884446104,1.2006717430963,1.34927582356664,1.2006717430963,1.406957166644,0.857338358384339,1.41165388240008,1.2006717430963,1.2166967489944
"nvi-miR-92a_st",11.7888602551503,11.6342276662917,11.5106808885343,11.445385452429,11.4314441845985,11.3159627360228,11.7627421533176,11.490085343845,11.4587339825993
"nvi-miR-932_st",1.42927227055824,0.806999822412786,1.01631374307298,1.04264418150088,0.836358757953178,0.965930014901019,1.95012428864777,1.04264418150088,1.14071716255613
"nvi-miR-993_st",0.944052456634297,1.29602543705933,0.759638797291049,1.03143649322647,1.28131703770146,1.38290424404955,0.977375339764336,1.00498062990039,1.26708085231456
"nvi-miR-9a_st",0.949113426430304,1.04374120370724,0.986989855340685,0.711941712853142,0.819830757780491,0.711941712853142,0.852711943935895,0.852711943935895,0.852711943935895
"nvi-miR-iab-4_st",1.07200311704127,1.43041905353124,1.24114755990855,1.12015193490349,1.07200311704127,1.15436319691114,1.07200311704127,0.958587956132514,1.07200311704127
"nvi-miR-iab-4as_st",1.36496447569861,1.9380443376755,1.28131703770146,1.15121088254875,1.1786519687999,1.28131703770146,1.23922316506451,1.46799824975063,1.28131703770146
"oan-let-7b-star_st",1.78240119038988,1.85265752264977,1.68268715093672,1.20099607293268,1.41876493439062,1.9808715171436,2.08859343000071,1.54009999436949,1.53279556378678
"oan-let-7b_st",13.8384148343881,13.9468192728871,13.9028142782092,13.9468192728871,13.815643982918,13.8018720951727,13.8408431127318,13.8021733459561,13.7884097820511
"oan-let-7d-star_st",1.23922316506451,2.15165119222489,1.29528991726452,1.40079057920553,1.40079057920553,1.40079057920553,1.37993665249951,1.40079057920553,1.32002214304145
"oan-let-7d_st",12.2167584940766,12.2430177222497,12.1979991779082,12.2213861080069,12.102821987224,12.075829316147,12.2311460239538,12.1099152323542,12.1868090653957
"oan-let-7e-star_st",1.02006262312378,1.02006262312378,1.13954601764921,0.979495999308984,0.773694944694003,1.22937654378397,1.10055964421233,0.848424432522324,0.81741320718021
"oan-let-7e_st",3.60165008575191,3.30348396447638,1.53749269768603,2.38174485216408,2.38174485216408,1.28710579211013,2.24557161841625,2.04070413371943,3.04678064034777
"oan-let-7f-1-star_st",1.07200311704127,1.06903162573582,1.07200311704127,1.03143649322647,1.48916949678255,1.28131703770146,1.23922316506451,1.07200311704127,0.869239944108582
"oan-let-7f-2-star_st",1.17572081306774,1.20139765978239,0.977375339764336,0.905927424198603,1.03470423125658,1.03470423125658,0.882747562487403,0.977375339764336,0.869239944108582
"oan-let-7f_st",9.45108040339211,9.45896641474681,9.30153791974427,9.31816456579684,8.63981469290681,8.40101469181066,9.53380827773142,8.92631271033649,9.61288062131094
"oan-let-7g-star_st",1.02109360225054,1.11572137952748,1.25822969383896,1.36286829221419,1.2006717430963,1.28131703770146,1.11328770650413,1.19416293654431,1.2006717430963
"oan-let-7g_st",8.61038068624725,8.70038968269248,8.63739697124138,8.74094263742887,8.2156296586547,7.95873735341734,8.89074267982615,8.35727303934553,8.95812747173657
"oan-miR-100-star_st",1.01747144436604,0.581894899473487,0.886913842740824,1.08199157801412,0.646309652459441,0.886913842740824,0.878807923513868,0.860457979414741,0.950668057062392
"oan-miR-100_st",11.7448773666911,11.7935604673012,11.6702688895269,11.6895181541333,11.6589952579306,11.7017634763582,11.6668458330441,11.7016132184042,11.6493025520553
"oan-miR-101_st",2.80838121174151,2.01033166085215,1.19131473396256,3.00318236461194,1.5266961504322,2.17484563333749,1.3870377129723,1.85210540840763,3.18594258069363
"oan-miR-103-star_st",1.00195104580461,1.32736030378004,1.32736030378004,1.32736030378004,1.28131703770146,1.32736030378004,1.45791790540526,1.32736030378004,1.32736030378004
"oan-miR-103_st",13.3104144328725,13.2497556326398,13.2335328148487,13.2883773919752,13.4171576192351,13.4252922140824,13.3361478475176,13.3648859275629,13.2198640477525
"oan-miR-106-star_st",1.01551813772016,1.084954040799,1.14870846207455,1.14870846207455,1.36296535672069,1.25505675176512,1.23922316506451,1.17876360717448,1.26019877062531
"oan-miR-106_st",11.4086509167711,11.0617015640886,11.0819654837586,11.2517736057924,11.2285717969645,11.1664477019589,11.4893446469393,11.3488721397606,11.4591141492004
"oan-miR-107-star_st",0.913072924553037,1.11476626025442,0.782966769400328,1.04711598264514,1.09265106539879,0.836256927095331,1.10055964421233,0.913072924553037,0.976827138874604
"oan-miR-107_st",13.0884444754474,12.9758963046577,12.9769094273664,12.916551975929,12.986954610272,13.058665527977,13.1242101747469,13.0248016409407,12.9031426325681
"oan-miR-10a-star_st",0.95783954077584,0.836358757953178,0.950668057062392,1.03388634819035,1.32342975438315,0.836358757953178,0.977375339764336,1.28583462187379,1.40332115903987
"oan-miR-10a_st",1.69886930320649,1.57329153075292,1.90809591682029,1.94487878311268,1.01367725610984,1.57329153075292,1.61683482821229,1.34842608612043,1.28557799425141
"oan-miR-10b-star_st",1.02608796392037,1.11886407574385,0.977375339764336,1.00455477663463,1.44951305638292,1.00455477663463,0.833221654324418,0.947225885142386,0.869239944108582
"oan-miR-10b_st",1.84863159629651,1.29602543705933,0.893912968312432,0.902015873898197,1.23978161897844,0.727103085783569,1.25806145010852,1.07200311704127,1.15238725179848
"oan-miR-122-star_st",1.93535984215208,1.66305303666596,1.40332115903987,1.66305303666596,1.84263117751172,1.27610062430311,2.02863182298216,2.05354563845041,1.66305303666596
"oan-miR-122_st",0.672616967577455,0.869332984753525,0.90221417090893,0.946047151353385,0.90221417090893,1.01652347001814,1.10055964421233,0.844885279416683,0.90221417090893
"oan-miR-124-star_st",0.947827001514902,0.947827001514902,0.979256798221812,0.947827001514902,0.714724470401314,0.569446034641207,0.937162925584858,1.2145902736085,1.10675719400313
"oan-miR-124_st",1.30834631605037,1.26979489408217,1.07385236151039,1.10055964421233,1.16804355006247,1.01979120804826,1.10055964421233,1.2145902736085,0.828761948276914
"oan-miR-125-star_st",2.91237346408223,2.32348218965719,1.77828898592298,2.33777057649218,2.95938149080134,2.20423480519852,1.90147329037098,1.78431147422349,2.20423480519852
"oan-miR-125_st",11.1715530219556,11.1074493326464,11.1095038411011,11.177501005201,11.0060477871694,11.0481290920153,11.1983286085171,11.0780652962177,11.1598708801264
"oan-miR-126-star_st",0.707959935683888,1.0774874386483,0.977375339764336,0.977375339764336,1.15695348061009,0.977375339764336,0.977375339764336,0.814866290040652,1.0774874386483
"oan-miR-126_st",2.02889223924398,3.11979668171919,2.92738640885177,2.97827858470208,2.94328694300421,1.87813084785419,2.92738640885177,1.70281044742727,3.28454341466752
"oan-miR-128-star_st",1.15099246941359,0.865236244638077,1.15099246941359,1.19703573549217,1.40332115903987,1.18132283430679,1.41842960712463,1.19703573549217,1.19703573549217
"oan-miR-128_st",6.17959242936742,6.59923295981575,6.05673388960691,6.03705836117145,5.49911820479197,5.67655634627324,6.02028125087182,5.31893260552515,6.27597804896036
"oan-miR-129-star_st",1.23922316506451,1.73324510204277,1.06998791519468,1.79027357140273,1.15695348061009,1.12760547028441,1.04375737221751,1.14234617573452,1.38287856140784
"oan-miR-129_st",1.26087459440363,0.988567788917511,0.834928775128087,1.1836455241908,1.30916251157443,1.26087459440363,1.66160422337553,1.54939465967587,1.71321590378933
"oan-miR-130a_st",0.798190219259255,0.774625567579356,1.15695348061009,0.642096201083095,0.759638797291049,0.759638797291049,0.678698523606572,0.702309905798802,0.759638797291049
"oan-miR-130b-star_st",0.762333589751819,1.04732635245401,0.869239944108582,0.921509667079393,0.505091462312497,0.950668057062392,0.762333589751819,0.983270573504746,1.04732635245401
"oan-miR-130b_st",9.23130331504628,9.16974759950566,9.25260555250404,9.41974531001996,9.22746332189127,9.2103742929533,9.41316193777441,9.33400735609316,9.52507034401764
"oan-miR-130c-star_st",0.977375339764336,0.900661173164477,0.977375339764336,1.09573890843777,1.08287600170534,0.90055934230663,0.933744782102789,1.08287600170534,0.988723338634007
"oan-miR-130c_st",2.67305787674136,2.32348218965719,3.12297562209803,2.68793871587075,1.60197789426227,1.63634262883589,4.14287566047033,1.54685371040195,2.3110765518976
"oan-miR-1325_st",1.05701634675296,1.08788937491913,0.759638797291049,0.993262132431396,1.13844445970677,1.24479274939734,0.897840269425389,1.29423128059713,0.992349045218025
"oan-miR-1326_st",0.748974721361005,0.564521552438928,0.892925983499826,0.720075446007178,1.24284817428112,0.755125595655393,0.955134637779614,0.805485729787015,0.955134637779614
"oan-miR-1327_st",1.2006717430963,1.2006717430963,1.40332115903987,0.849203992273223,1.20926539646135,1.2006717430963,1.09175451921839,1.2006717430963,1.33619412560682
"oan-miR-1328_st",1.37910993161419,1.57329153075292,1.24185509333816,0.845131242752015,1.08385758696126,1.22686832304986,1.4928801312772,0.826190993783115,1.29602543705933
"oan-miR-1329-star_st",1.07453369687562,0.895341354904482,1.45183538793657,1.07025414301911,1.07200311704127,0.847056277429563,1.55158748481473,1.30764747612936,1.07200311704127
"oan-miR-1329_st",1.36708229216322,0.816052169404876,1.35160614763246,0.885126736775642,1.03030906405102,1.05701634675296,0.855323011051576,1.17835140673184,0.936474542372301
"oan-miR-1330_st",0.826271039707657,1.13372365599835,1.24185509333816,1.09557603278033,1.28131703770146,1.21912038959905,1.35969060137833,0.974793463510113,1.19627990066761
"oan-miR-1331_st",4.60292724643413,4.63115912910884,2.41207944491208,4.40853546048102,4.98720539994883,4.51191174465017,4.56201774851182,4.89618989816487,4.08092576881763
"oan-miR-1332_st",0.777831682016183,0.73641116241625,1.20811525463616,1.04876086653762,0.758418061232606,0.957068751216035,0.977373740247731,1.0710993806122,0.891246842924939
"oan-miR-1333_st",1.10866556343929,1.16384654275342,0.940550139421454,1.16384654275342,1.12012828026721,1.24449183735858,1.49171553262697,1.36396537886264,1.16384654275342
"oan-miR-1334_st",0.908574184425437,0.818838389461591,0.851427728479493,1.064334785358,1.04147683397323,0.950668057062392,0.831401948406346,0.861457093506272,1.20322978002602
"oan-miR-1335_st",1.40332115903987,1.57663141395552,1.40332115903987,1.36275453522507,2.15180558077976,1.05463238241049,1.08032460948148,0.779029866460931,2.12190740757156
"oan-miR-1336_st",1.28437780857915,1.04936628584407,0.589699606737921,0.805485729787015,1.04936628584407,1.04936628584407,1.13163597029848,1.06875735501395,1.04936628584407
"oan-miR-1337_st",2.23580215807895,1.54112395623772,1.379645765881,1.73620169151102,1.82048753878116,1.54112395623772,1.94398836334905,1.88557329194359,1.58510321406764
"oan-miR-1338-star_st",1.66803173137691,1.24185509333816,1.24185509333816,1.24185509333816,0.870267840978406,1.34820338302874,1.36212031608574,1.14921938946338,0.932746039617086
"oan-miR-1338_st",1.0606551181716,0.824865036239723,0.73641116241625,0.914704885785829,0.939174335348937,0.939174335348937,0.983828036771694,1.75215783260855,0.962401970223737
"oan-miR-1339-star_st",0.863284020470219,0.950668057062392,1.03556966979046,0.913072924553037,0.950668057062392,0.950668057062392,0.760618951568655,1.2145902736085,1.18631241615048
"oan-miR-1339_st",0.777123509074833,1.04602175102542,1.20422811412018,0.913072924553037,1.21718544431665,1.32859167121155,0.769910663573266,1.05825525182841,0.870022762457231
"oan-miR-133a-star_st",1.18516201160237,1.16742444525807,0.977375339764336,0.977375339764336,1.10289232714796,0.936456404167345,0.699149188136794,0.913072924553037,0.950668057062392
"oan-miR-133a_st",0.861993081610656,1.05440814988075,0.681136905311916,1.33175605620279,1.42172412197869,0.861993081610656,0.8887003643126,1.09040607998009,0.759638797291049
"oan-miR-133b-star_st",0.64847066067449,0.73641116241625,0.78005377961851,0.583487405053932,0.576367795441584,0.728669732329309,1.07641333730937,0.799209995475708,0.755377015031253
"oan-miR-133b_st",0.993557124511489,0.800713577627549,0.796026177466778,1.21301087728585,1.01497047227369,0.871898454728547,0.977375339764336,0.792004196758797,0.93007306103019
"oan-miR-133c_st",1.23922316506451,0.836358757953178,1.00287996605541,1.27004352205343,0.767644712438319,1.37476463186881,1.76710094402369,0.999672402198181,1.07200311704127
"oan-miR-1340-star_st",1.84863159629651,1.92963361563458,1.55617621197393,1.90381257561064,1.9808715171436,1.84863159629651,1.58071282332524,1.84863159629651,1.89347714996364
"oan-miR-1340_st",1.1900936763931,1.03487145341893,0.840866890941378,1.03143649322647,0.950668057062392,0.950668057062392,0.860566547105583,0.779029866460931,0.514138836143606
"oan-miR-1341_st",1.11895794231693,0.923880207043636,0.813938999049591,1.14870846207455,1.15655307482628,0.806608238195555,1.23922316506451,0.755317680893348,1.2662749173017
"oan-miR-1342_st",0.977375339764336,0.900661173164477,1.04167775497564,0.711941712853142,1.01497047227369,1.04374120370724,0.977375339764336,1.2145902736085,0.755920970683059
"oan-miR-1343-star_st",1.43843765622738,1.51794078049965,1.34028165685884,0.948189421740541,1.28131703770146,1.09213284394047,1.35969060137833,1.27121760820414,1.2939184604816
"oan-miR-1343_st",1.29279407876291,1.1872934168219,0.783389628418875,1.03818138179759,1.47237221960867,1.42608657002377,1.41801365269289,1.29279407876291,1.09014466281934
"oan-miR-1344_st",0.8443500574716,0.95796702226906,0.884119518241694,1.14870846207455,1.28131703770146,1.28131703770146,0.888531119190222,1.43161464339299,1.15489840781321
"oan-miR-1345_st",3.91017228642564,3.856219127157,2.71321904428056,3.856219127157,3.57173376293279,3.60299061963769,3.856219127157,4.3817653962929,4.47803713605254
"oan-miR-1346_st",13.2135724656659,12.7673898779023,12.8240325825424,12.741048048566,12.676067783612,12.6545788838733,12.9647780069276,13.5535883551797,12.7367022487616
"oan-miR-1347_st",1.36303333923586,0.768461238750849,1.21501385312986,0.711941712853142,1.02755620304441,1.05701634675296,1.34557145475508,1.11986443862199,0.759638797291049
"oan-miR-1348_st",1.10866556343929,0.958773976289348,0.682972098857462,1.42242367074876,1.10866556343929,0.994356264330078,1.39722067144141,1.55750057890282,1.10866556343929
"oan-miR-1349_st",1.11233100007479,1.07343826078632,1.21342284998547,1.20871778232163,1.36856367478728,0.746370504682654,0.99307998506381,1.09505928131204,1.7868333192043
"oan-miR-1350_st",1.06851677297251,0.847859184172721,1.2145902736085,0.929621778304488,1.69418757715627,1.06851677297251,0.838919569641032,0.90129672494927,1.37868826758387
"oan-miR-1351_st",1.2145902736085,1.00033337896236,1.2145902736085,1.65427741379543,1.4208756971562,0.950668057062392,1.01289693790711,1.66471279575163,0.869239944108582
"oan-miR-1352_st",1.20030563141348,0.841798857857437,1.44824721340853,0.869239944108582,0.803607883714882,0.869239944108582,0.586778172243117,0.800752574962329,0.869239944108582
"oan-miR-1353_st",1.08697648658187,0.846012309233783,0.836358757953178,0.804937528897283,1.04881808495434,0.728669732329309,0.761104548452828,1.13731756608299,0.869239944108582
"oan-miR-1354-star_st",1.74017314734201,1.72873041701531,1.68151094266876,1.85057689589837,1.72873041701531,1.72873041701531,1.52854073296985,1.43575716643497,1.72873041701531
"oan-miR-1354_st",7.3720550995339,7.43633665019718,6.91284959395398,7.0128960056803,6.6432020195911,7.13206181467895,7.11526481474248,7.28717437986716,6.73667054810471
"oan-miR-1355-star_st",1.16344430245332,1.16344430245332,0.933950005473467,0.913072924553037,1.61227931791686,1.41681352506986,1.16344430245332,1.27747493184949,1.16344430245332
"oan-miR-1355_st",1.20934387002124,0.836358757953178,1.03143649322647,0.978863915014858,1.12404624229023,1.12404624229023,1.16758953974961,1.44355828172231,0.750005065554934
"oan-miR-1356_st",3.11950929819109,4.58235196679437,5.31564265557624,4.10069188519765,3.93601670008704,3.96923073540018,3.27418378204189,3.93601670008704,3.9166040614321
"oan-miR-1357_st",0.923990392371525,1.26279451458498,3.01137549616205,1.4629133506942,1.9808715171436,1.9808715171436,1.40885219723207,1.34454978202077,1.07596093833135
"oan-miR-1358_st",1.07020151965913,1.16562466836326,0.851955867635154,0.805485729787015,0.839315233772954,1.01855230297281,0.842596272682997,0.740565822680774,1.29602543705933
"oan-miR-1359_st",1.19030883801382,0.957068751216035,1.09367879315098,0.932599301652927,1.05701634675296,1.05701634675296,1.05452011992841,0.999687455260717,1.07200311704127
"oan-miR-135a-star_st",1.2911334470738,1.26442616437186,1.07200311704127,1.02569982016261,1.14309110439298,1.47374008503205,1.17432465441505,1.32664675742151,1.18299805141805
"oan-miR-135a_st",1.36176866114268,1.03561842063121,0.64317724156544,1.11638685679529,1.15695348061009,0.728669732329309,0.99031968902498,1.03561842063121,0.882184293369226
"oan-miR-135b-star_st",1.25125272000652,0.797514774642332,1.25125272000652,1.22805028262242,1.5459083156071,1.07924593800095,1.02285210160319,1.2145902736085,0.923028088249114
"oan-miR-135b_st",0.950668057062392,0.950668057062392,0.950668057062392,0.77877844708507,1.39950307252592,0.820561901909682,0.950668057062392,0.980723202162318,1.10959824955062
"oan-miR-1360_st",1.08543792856449,1.23613535578651,0.73641116241625,1.00820885835167,0.913068256935508,1.15695348061009,0.917485258491516,1.48950457840305,0.890777975789571
"oan-miR-1361-star_st",0.672441905434849,0.936749526550193,0.823838828984098,1.03143649322647,0.865717693493569,1.03561842063121,1.22570601965235,0.950668057062392,0.994386319548599
"oan-miR-1361_st",0.885080707535456,0.955954139711974,0.672325466108703,1.1313736270836,0.885080707535456,1.15695348061009,1.084622765767,1.084622765767,1.11750395192241
"oan-miR-1362-star_st",7.38699219594749,6.0799934664937,6.0727009932757,5.90131622377475,5.75614291386916,5.30512102610341,6.76218526531872,7.66818140043136,6.22545756206237
"oan-miR-1362_st",1.04221553227323,1.0734769916477,1.28131703770146,1.63503910209327,1.33303204910887,1.24133993378728,1.4390557779639,1.33303204910887,1.56428487379267
"oan-miR-1363-star_st",1.10866556343929,0.966078406872063,1.16272671690143,1.58331037742659,1.06602600240899,1.44346994950666,1.10866556343929,1.10866556343929,1.08195828073735
"oan-miR-1363_st",1.04566834788329,1.10247061987811,1.48913233375551,1.14870846207455,1.15695348061009,1.05701634675296,1.01492247411601,1.05701634675296,0.850624226682593
"oan-miR-1364_st",1.179305053902,1.44389399773486,1.179305053902,1.04669647827509,1.179305053902,1.23962447921176,0.989255948408267,1.54865913988106,1.01269595170122
"oan-miR-1365-star_st",1.19163223441048,0.950668057062392,0.973895691937191,1.12732981919918,0.891626007482777,0.783936981858908,0.973895691937191,1.11996919257318,0.728395730789748
"oan-miR-1365_st",1.39053983068918,1.30589309545419,1.42023801289888,1.79027357140273,1.36639256790746,1.17625706700752,1.39053983068918,1.44572081000331,1.30441293336639
"oan-miR-1366_st",0.779878101275036,1.05122003827149,0.851030354226029,0.871884280932045,0.871884280932045,0.728228884588708,0.751619058184467,1.07200311704127,0.871884280932045
"oan-miR-1367-star_st",0.593265643573912,0.832304488388959,1.15249854388375,0.913072924553037,1.16295346902803,1.20632621223321,0.913072924553037,0.949963971943499,1.11583609748573
"oan-miR-1367_st",1.10866556343929,0.975609991046775,1.10866556343929,1.5087025206318,1.28131703770146,1.08195828073735,1.35969060137833,1.20329334071623,1.10866556343929
"oan-miR-1368_st",0.968628085935731,0.968628085935731,0.618868566208295,1.2480966039017,1.25634162243724,1.25634162243724,0.968628085935731,0.911299194443484,0.708896208309644
"oan-miR-1369_st",6.70077307700343,6.19284356794849,6.94909164483134,5.83437925448631,5.37591245817665,6.03822823048545,6.18637123443816,6.83630182393485,5.91358108122502
"oan-miR-1370_st",0.977375339764336,1.15671109710378,0.836358757953178,0.867574173643323,0.977375339764336,0.977375339764336,1.10055964421233,0.977375339764336,1.07200311704127
"oan-miR-1371_st",1.40970189981552,0.950668057062392,1.34956887999257,0.823235181238661,1.03561842063121,1.10144032892231,0.922203259722459,1.03561842063121,1.03561842063121
"oan-miR-1372_st",0.773879700854834,0.762222972911602,1.10494538815973,0.785450607786401,0.909867652886437,0.86217056844853,0.760247608479051,0.93888473504839,0.785450607786401
"oan-miR-1373_st",0.921178843779994,1.37273960365919,0.970630875295698,0.913072924553037,0.913072924553037,0.913072924553037,0.913072924553037,0.675495233343419,0.870831238671833
"oan-miR-1374_st",1.07200311704127,1.07200311704127,1.27667394971162,0.997870219365324,1.07200311704127,1.28131703770146,1.07200311704127,1.03534067064325,0.962401970223737
"oan-miR-1375-star_st",1.00985391087923,1.34038457179016,1.26284849642089,1.29690473548675,1.16027692002423,1.08949491786785,1.35969060137833,0.951253742479995,1.20644303150925
"oan-miR-1375_st",1.41273409897947,0.73641116241625,0.722943597044422,0.836358757953178,0.836358757953178,0.617466712008632,1.28297643477847,0.878977461997859,0.715023697974299
"oan-miR-1376-star_st",1.15022736381663,0.983007315793392,0.73641116241625,0.826091075356671,0.836637979258462,0.696067534331751,0.710808239781866,0.780244142860705,0.780244142860705
"oan-miR-1376_st",1.5310369597944,1.1601051192815,0.674880567596458,1.03143649322647,1.05590594278958,1.03143649322647,0.868927443502785,1.03143649322647,0.857925559311505
"oan-miR-1377_st",1.05701634675296,1.1816042638588,1.41371467512255,0.805485729787015,1.47268044630801,0.698509573196922,0.869239944108582,1.2145902736085,0.869239944108582
"oan-miR-1378_st",1.11479338657919,0.836358757953178,1.2145902736085,0.836358757953178,0.873829209231102,1.16815824880727,1.08673013585346,0.687628903634076,0.852375636582407
"oan-miR-1379_st",2.07517766729118,1.68268715093672,1.17987514828847,1.84425456507774,1.39413204293461,1.68268715093672,1.68268715093672,1.68268715093672,1.78818781287773
"oan-miR-137a-star_st",1.38476508991215,0.851345528241485,1.07200311704127,1.67181591451967,1.07200311704127,0.796954974553727,1.04732635245401,1.91307020659356,1.2006717430963
"oan-miR-137a_st",0.913072924553037,1.01302052008997,0.913072924553037,1.26442616437186,0.836358757953178,0.913072924553037,0.799042295156874,0.913072924553037,0.950668057062392
"oan-miR-137b_st",0.817581288429137,0.656357608401639,0.893916708695839,0.749430755046485,0.836358757953178,0.764043096172624,0.748974721361005,0.779029866460931,0.779029866460931
"oan-miR-138-star_st",0.882747562487403,0.977375339764336,1.29797006242125,0.469576240938015,1.13152175773121,0.950668057062392,0.977375339764336,0.768061419104146,0.977375339764336
"oan-miR-138_st",5.22647564233411,3.3500255673433,4.31343311611795,4.77605296094219,4.77605296094219,5.7082424255106,5.04651283977383,4.30554691815925,4.32258625619007
"oan-miR-1380-star_st",0.646309652459441,1.21565851338461,0.965654827350699,0.926820789765893,1.09308604460247,1.07200311704127,1.23922316506451,1.74186171072257,0.990575004087461
"oan-miR-1380_st",1.92435811361043,2.43307156868814,1.61264993397448,1.88072755594888,2.15182043505417,1.68268715093672,1.88072755594888,2.04428447991298,1.88072755594888
"oan-miR-1381-star_st",1.24175374489885,1.54239311548911,0.958010721783236,1.249174741073,2.35286352082743,1.40332115903987,1.52986144620701,1.31837079547105,1.24430230075785
"oan-miR-1381_st",1.5310369597944,1.1142574269658,1.23180002317376,1.23180002317376,1.23180002317376,1.66327688064149,1.06929097345007,0.806515857158842,1.23180002317376
"oan-miR-1382_st",4.45974461471758,3.0387763377728,1.99661118581707,3.35609309038835,3.25106530523343,4.05298012978197,3.67560512982043,3.97864339871451,4.61909356817537
"oan-miR-1383_st",1.76703069574103,2.29466126000099,0.994853820691516,2.88779979810874,2.38096671988262,2.77238113629339,2.36753781528208,1.7087136776782,2.439166235033
"oan-miR-1384_st",0.987701065570255,0.950668057062392,1.07200311704127,0.950668057062392,0.950668057062392,1.06497735617161,0.863284020470219,1.04529583433933,0.767656140098434
"oan-miR-1385_st",1.07698517040084,1.40332115903987,1.45277299904861,1.48002650407316,1.78998287291727,1.40332115903987,1.35754395254252,1.17929883902182,1.40332115903987
"oan-miR-1386_st",6.64413482583636,5.8284658479332,6.33894086156242,6.11634187576444,7.01379023643313,6.61867791866004,7.12144050133797,6.61867791866004,6.97606008298637
"oan-miR-1387_st",0.893916708695839,0.893916708695839,0.893916708695839,0.893916708695839,1.03999020933183,0.993864304232767,0.932468130664044,0.903946073722618,0.893916708695839
"oan-miR-1388-star_st",1.08506436538821,0.726557591832165,1.85934891307351,1.07536653817743,0.913072924553037,0.836358757953178,0.904033415867216,1.08973468668982,1.12732981919918
"oan-miR-1388_st",1.10866556343929,0.625654828923282,0.776898002119592,0.736813402716343,1.08748099970509,1.10708595989783,1.10866556343929,0.98718478061663,1.05448940310413
"oan-miR-1389_st",0.863284020470219,0.950668057062392,1.05835708268626,1.15133612292852,0.958913075597933,0.950668057062392,0.9576440633422,0.80458357705361,0.798625205060174
"oan-miR-139-star_st",0.977375339764336,1.35937633103625,1.47216558946305,1.03143649322647,0.836358757953178,1.03143649322647,0.900146269551515,1.04200750943265,1.12344267288348
"oan-miR-139_st",0.661018051817308,1.24194810165667,1.29855601689368,1.29602543705933,1.29602543705933,1.32689846522549,1.10055964421233,1.54939465967587,1.30332281714502
"oan-miR-1390-star_st",1.39766329361907,1.52945920526056,1.0651986245805,1.22618089729862,1.40332115903987,1.81171849913747,1.35969060137833,1.10781732862519,1.62095969695103
"oan-miR-1390_st",0.977375339764336,1.01497047227369,0.683170981419595,0.869788144998314,1.01946921240129,0.846270619476719,0.977375339764336,1.13894275390536,0.938250511611562
"oan-miR-1391-star_st",1.28131703770146,1.49491796707605,1.03029199976243,1.28131703770146,1.44024723018969,1.28131703770146,1.18668926042453,1.76903469235395,1.50461344103342
"oan-miR-1391_st",1.65236136624261,1.17197156956382,1.54939465967587,1.80001973143514,1.27191916510075,1.83888156618744,1.25878932894503,1.2145902736085,1.62372574593882
"oan-miR-1392-star_st",1.73210862120413,1.57329153075292,1.39395577341348,1.57329153075292,1.27026097703032,2.03158624864232,1.80922743810386,1.40079057920553,1.50862422921798
"oan-miR-1392_st",0.870309781339883,0.805631270512042,1.33592533358738,0.83868107442588,1.07200311704127,0.78654184155543,0.927112053334704,0.633993079910582,1.14122322513706
"oan-miR-1393_st",1.40332115903987,1.13101435355376,1.40332115903987,1.66160422337553,1.67031092608507,2.12351809250375,1.16389553970916,1.26371597663983,1.27022478319182
"oan-miR-1394_st",7.58528616357451,7.4828738790653,7.2860709234411,7.37738334904922,7.36474154895384,7.61014656847883,6.8387044582505,7.36474154895384,7.18901274500823
"oan-miR-1395_st",0.988224924687145,1.25516311230349,1.2145902736085,1.26442616437186,1.2145902736085,1.09258615227008,1.33980984753848,1.2145902736085,1.2145902736085
"oan-miR-1396_st",0.844100188040119,0.844100188040119,0.771997322807213,0.631326420024017,0.771997322807213,0.836358757953178,1.10830107429928,1.25969424663937,0.936876299863599
"oan-miR-1397-star_st",1.49994281966713,1.6308298231267,1.85333635761299,1.44180746490984,1.58698979218522,1.54939465967587,1.48244265779658,1.54939465967587,1.54939465967587
"oan-miR-1397_st",0.977375339764336,1.09502717895421,1.20555739604952,1.0800404086659,0.973692118975329,0.967830844966241,1.0800404086659,1.1206070324807,1.31191333525401
"oan-miR-1398_st",1.26176998280796,1.25693927535328,1.78900044431168,1.66160422337553,1.54939465967587,1.88071270167447,1.13113148929902,1.54939465967587,1.54939465967587
"oan-miR-1399_st",1.093536304327,1.07200311704127,1.07200311704127,1.38576122435073,1.80433493835582,0.91400561066437,0.984619080449097,0.90036492643981,0.91400561066437
"oan-miR-140-star_st",0.649992873248449,0.950668057062392,0.585379513506496,0.818290002543713,1.07568633783028,1.05701634675296,0.553115883918465,0.916756145342045,0.671229829196203
"oan-miR-140_st",7.98396958921843,7.86459198710087,7.97901514488395,7.92490757782361,8.38927367645227,8.55653306031875,8.0482926516606,8.12691802618209,8.06018034808016
"oan-miR-1400-star_st",1.40523424101861,1.35969060137833,1.66810715500082,1.32265759287046,1.07200311704127,1.62053122912451,1.35969060137833,1.26705489750354,1.18734276034441
"oan-miR-1400_st",2.15323350691186,2.40554416127552,1.08040911381636,2.27790910124452,2.34446620627361,2.23287451390049,2.286412706157,2.24786128418879,2.28221770742894
"oan-miR-1401-star_st",1.13368496112912,1.43025242483585,1.23113871131864,1.1915260806266,1.23922316506451,1.00357880597641,1.23922316506451,1.23922316506451,1.57054120706311
"oan-miR-1401_st",1.80922743810386,1.80922743810386,1.38328161882832,1.98273511058512,1.95530093873985,2.15366189539118,1.80922743810386,1.80669685826951,1.66315393746786
"oan-miR-1402_st",1.23302912053066,1.40998566375649,1.28131703770146,1.28131703770146,1.01323941572705,1.28131703770146,1.28131703770146,1.28131703770146,1.28131703770146
"oan-miR-1403_st",0.689776521221073,0.913072924553037,0.891539737267304,0.913072924553037,1.24439096655164,1.24439096655164,0.977375339764336,0.913072924553037,1.04174155060807
"oan-miR-1404_st",0.7910699207109,1.07200311704127,1.10905329071914,1.06832775319032,1.0130286907787,1.02828485455506,0.914254225158899,1.07145815820979,0.821999431007361
"oan-miR-1405-star_st",0.948952081267711,0.562290367390316,1.03633611785988,1.36152000828589,0.948952081267711,1.24328112084388,1.1899162586158,0.913072924553037,0.869239944108582
"oan-miR-1405_st",1.22850917741461,1.19788870964653,1.60338504503151,0.805485729787015,0.805447530580752,1.1462394929602,1.293153146653,1.48285720495054,1.06128912939137
"oan-miR-1406-star_st",0.946967229564671,1.05700588507316,1.12417899097736,1.53863273792114,1.15695348061009,1.16335417476374,1.55768310958199,1.15695348061009,0.950668057062392
"oan-miR-1406_st",1.21501385312986,1.05701634675296,0.854253173820275,0.913072924553037,1.26330177030066,0.83501802201988,1.3715140481823,1.05701634675296,1.07200311704127
"oan-miR-1407_st",1.10866556343929,1.10866556343929,1.79129541898759,1.04436314822799,1.10866556343929,1.31035889914068,1.10866556343929,0.773861177371924,1.10866556343929
"oan-miR-1408_st",7.49346705969756,7.16482788591115,6.08138992061921,6.51268716057681,7.07659160443934,6.99803153884599,7.31860087537209,7.84783533975487,7.08990969470634
"oan-miR-1409-star_st",1.23184986788729,1.10055964421233,1.30320906015591,1.06968661604617,0.600514102344549,1.10055964421233,1.10055964421233,1.03625722900104,1.02383968355021
"oan-miR-1409_st",0.950668057062392,1.07200311704127,0.950668057062392,0.805485729787015,1.24972959243357,0.950668057062392,0.646309652459441,0.871805978284411,0.950668057062392
"oan-miR-1410_st",1.00545117375542,1.25030821932506,1.04754504639238,1.00697842257758,0.950668057062392,1.00150178031379,1.04754504639238,1.04754504639238,1.25030821932506
"oan-miR-1411_st",0.950668057062392,0.950668057062392,0.950668057062392,1.35040179777594,1.15998197772258,0.842979031438523,0.863284020470219,1.02738222366225,0.877104718684354
"oan-miR-1412_st",8.74696072179978,8.22890812446405,7.93822647874377,7.82614538356419,7.98206461294516,8.08310273671743,8.54977561626974,8.77093372579806,8.19922706717714
"oan-miR-1413_st",1.54361106456573,1.2006717430963,1.35741075896871,1.65119748503174,1.54361106456573,1.52862429427743,1.58216248653394,1.54361106456573,1.54361106456573
"oan-miR-1414-star_st",0.740421450290868,1.10005142383983,1.16547955131858,0.845984770945248,0.870454220508356,1.03743648164441,0.977375339764336,0.913072924553037,0.796890882130318
"oan-miR-1414_st",2.84810552841721,1.64401608526665,1.10866556343929,2.0949714237333,2.84092170715786,1.87042326730864,1.68339589438765,2.0949714237333,3.11070184185949
"oan-miR-1415_st",1.1590850260429,1.03191086846133,1.33262957403045,1.26442616437186,1.23771888166991,1.26442616437186,1.34492318546041,1.20012374916056,1.50186482390028
"oan-miR-1416_st",1.0242332666086,1.04264418150088,1.15695348061009,1.1313736270836,1.09931668761169,1.15695348061009,1.41523654494574,1.15695348061009,1.20179903427722
"oan-miR-1417-star_st",0.869239944108582,0.884226714396889,1.04278449209614,0.74656768604929,0.74775916128592,0.869239944108582,0.869239944108582,0.869239944108582,1.01289534045192
"oan-miR-1417_st",0.893916708695839,1.01525176867472,0.893916708695839,0.893916708695839,0.893916708695839,0.981300745288012,0.63786364203828,0.698324069809584,0.678933000639702
"oan-miR-1418-star_st",2.58084826249218,1.45982577355357,2.37295096911223,2.06977113545996,2.37295096911223,2.37295096911223,2.03371461183052,2.66860425080404,2.96114104952601
"oan-miR-1418_st",3.78717312382858,3.46997977158086,3.15186604290933,3.19247661359525,3.25870785974502,3.24349412564244,3.25524293875453,3.25524293875453,2.89830405909139
"oan-miR-1419a-star_st",3.37614025395521,4.36239491168742,1.68268715093672,3.41552762476526,3.36238910001686,2.62715170794895,3.44368177939719,3.41552762476526,4.19308963642274
"oan-miR-1419a_st",1.60530695940395,1.27465797876488,1.35542641492896,1.12351603152165,2.104864271009,2.43518653479025,2.22654006042892,1.89808343630525,1.67383455589447
"oan-miR-1419b-1-star_st",1.10866556343929,1.62703096954488,0.869239944108582,1.16272671690143,1.21153835925177,1.37748280461156,1.00053016778354,1.54602895020681,1.17097173543697
"oan-miR-1419b-2-star_st",1.88948724929417,1.88695666945982,1.39752398449603,1.88695666945982,1.49987268493659,1.88695666945982,2.46863479783308,1.88695666945982,2.84473234229655
"oan-miR-1419b_st",0.950668057062392,1.16477922886475,1.00706189346015,0.805485729787015,0.950668057062392,1.25502646166534,0.950668057062392,0.813652183038428,0.89135892138921
"oan-miR-1419c-star_st",3.21235216534766,2.89247727192594,2.04772464997128,2.06977113545996,4.0740889376711,3.30825857146596,4.06059257638887,3.05373084082191,2.98438563705065
"oan-miR-1419c_st",1.40332115903987,1.05409530042647,0.977375339764336,0.977375339764336,0.742763424807746,0.819377833387436,0.977375339764336,1.07200311704127,0.819377833387436
"oan-miR-1419d-star_st",1.3767431854137,1.10443637992758,1.9808715171436,1.52854073296985,1.54939465967587,2.31634865333505,0.895140674776734,1.72880204701132,1.69844573263482
"oan-miR-1419d_st",1.11777650488198,0.934533050558076,1.2145902736085,1.24063881368301,1.4828987731992,1.15987037751893,1.15987037751893,1.18992552261886,1.07374348019614
"oan-miR-1419e-star_st",3.83929961449438,3.58216631790943,3.4127811517706,2.93327365427916,3.96718642167089,4.5288709577616,4.81150954483925,3.07550268742177,3.58216631790943
"oan-miR-1419e_st",1.33187841384987,1.47238838640199,1.18847636638971,1.14926515669565,0.979162445729519,0.950668057062392,0.977375339764336,1.1431475284185,1.08551073542009
"oan-miR-1419f-star_st",0.977375339764336,0.886081519549342,1.09231819225629,0.805485729787015,1.00741657952822,1.18699472037398,1.01876457839789,0.835778388926759,0.980709296826275
"oan-miR-1419f_st",3.72656804645727,4.25107111690398,2.31913081459384,2.82066777554692,3.3629098592067,4.42896006757281,3.73848354349167,4.66366344521042,3.99718952640801
"oan-miR-1419g-star_st",0.748974721361005,0.950668057062392,1.35160614763246,1.03143649322647,1.15695348061009,0.950668057062392,1.03143649322647,0.851416752759512,1.24372546068709
"oan-miR-1419g_st",0.978109143313537,0.809897825979638,0.950668057062392,1.08818784159302,0.73641116241625,1.14169731683373,0.983549243217796,0.631650225664442,0.950668057062392
"oan-miR-142-star_st",0.977375339764336,0.854703081705044,0.563439172619092,1.00280706264322,1.15695348061009,0.865757644984238,0.765793046984866,1.2145902736085,1.2006717430963
"oan-miR-142_st",0.833433874590017,1.19486202137715,1.39751143732073,1.04754504639238,0.950668057062392,1.39751143732073,0.983549243217796,1.54292128310655,0.869239944108582
"oan-miR-1420a-star_st",1.31929127877476,0.987052753472448,1.07200311704127,1.16058683775199,1.07200311704127,1.15695348061009,0.763543834931815,0.99314103826329,0.869239944108582
"oan-miR-1420a_st",0.977375339764336,0.950668057062392,1.60996884592366,0.592161283506351,0.950668057062392,0.950668057062392,0.977375339764336,0.860457979414741,0.923960774360447
"oan-miR-1420b-star_st",1.87770349065373,2.06977113545996,1.86636195827891,2.06977113545996,2.104864271009,2.47735112185064,2.10832255742816,1.94055158252276,2.58954185091281
"oan-miR-1420b_st",1.32896026261567,1.32896026261567,0.953953027175474,1.13061478931226,0.90768449766312,0.752233822438567,1.10055964421234,0.996571731220156,1.41821360785552
"oan-miR-1420c_st",0.977375339764336,0.561232526909503,1.32328320629197,0.950668057062392,1.03805209365456,0.836358757953178,0.950668057062392,1.09568888665297,0.950668057062392
"oan-miR-1420d-star_st",1.05988740772507,1.10198128036202,0.891775146200428,1.10198128036202,1.10198128036202,1.10198128036202,1.25187286751196,1.54939465967587,1.10198128036202
"oan-miR-1420d_st",1.36055223953638,1.41430533740706,0.861796982879678,1.0906558323396,1.12152886050576,1.12152886050576,1.35404415641629,1.24958602482783,1.07200311704127
"oan-miR-1420e_st",1.10866556343929,1.10866556343929,0.8160524996578,1.26442616437186,1.28131703770146,1.10866556343929,1.08758263587809,0.821066744896029,1.10866556343929
"oan-miR-1420f_st",1.95047675252364,1.61915871052503,1.82048753878116,1.62617753257321,1.73498210226002,1.60475560941608,1.70410907409386,2.11321361791534,2.09655025315963
"oan-miR-1420g-star_st",1.58969077106524,1.17918555811576,0.796390617481597,1.29349485722498,1.39838582022103,1.29349485722498,1.25140098458802,1.62143469503476,1.29602543705933
"oan-miR-1420g_st",1.11328770650413,1.2006717430963,1.11924363014249,1.3927562244701,1.54939465967587,1.82439140206399,1.11328770650413,0.906342703520129,1.2006717430963
"oan-miR-1421a-star_st",1.23922316506451,1.15242113604223,1.72958965127989,1.01565715498702,1.53828470043569,1.54963584384919,1.48645671335426,1.41634335258834,1.15858772348071
"oan-miR-1421a_st",1.02902422619774,1.02902422619774,1.42776222404442,1.19122077531563,0.985305963711533,0.996143040042336,1.02902422619774,0.862433313151374,0.869239944108582
"oan-miR-1421aa-star_st",0.979493347998498,1.07006417385269,1.11268287789737,1.03143649322647,1.15214482226067,1.17945979403649,1.30600008120363,0.950173828173686,1.39024979306341
"oan-miR-1421aa_st",1.5310369597944,1.45067542913021,1.14392039472975,1.39871214810846,1.07200311704127,0.978673418363217,1.02727793924032,1.23544490477502,1.2006717430963
"oan-miR-1421ab-2-star_st",1.10044247218408,1.12029103421207,1.15695348061009,1.15695348061009,1.15695348061009,1.35960289655367,1.15695348061009,1.02828485455506,1.45160907621068
"oan-miR-1421ab-star_st",1.20860269729642,0.989689603792524,1.10470588252345,1.14870846207455,0.889742008255596,1.15695348061009,1.14870846207455,0.924686142056494,1.2006717430963
"oan-miR-1421ab_st",0.965096762684507,0.759281753488241,1.19722269097125,1.14870846207455,1.07200311704127,0.854512925296388,1.06197375201449,1.07200311704127,1.2006717430963
"oan-miR-1421ac-2-star_st",1.95012428864777,0.954852051349631,1.95012428864777,2.21308812251007,2.104864271009,2.58588794412307,1.92904136108657,1.99616755472635,1.70279697948726
"oan-miR-1421ac-star_st",0.694327155993954,1.08335111591094,0.869239944108582,0.869239944108582,1.28131703770146,1.28131703770146,0.888290315769434,0.869239944108582,0.614432898024205
"oan-miR-1421ac_st",0.978786404985291,0.836358757953178,1.0847111151545,0.691074599819954,0.950668057062392,0.707802619296121,1.43960589864244,1.02738222366225,0.950668057062392
"oan-miR-1421ad-star_st",0.644331805993955,1.15805303905162,1.2006717430963,1.14870846207455,1.32618873047992,1.47865822338833,1.78871272607868,1.07200311704127,1.2006717430963
"oan-miR-1421ad_st",1.18826672161613,1.40332115903987,1.33513776502972,1.68679337647635,1.40332115903987,1.15695348061009,0.930589272499291,1.64287402188928,1.54939465967587
"oan-miR-1421ae_st",1.2006717430963,1.29529952037323,1.43788667694046,1.136369327885,1.07200311704127,1.09809124879145,1.2006717430963,1.42521989952096,1.1584300572151
"oan-miR-1421af-star_st",0.977375339764336,1.21486894332155,1.15121453879884,1.10055964421233,1.06475937635651,1.21486894332155,1.10055964421233,1.10055964421233,1.29028649524807
"oan-miR-1421af_st",1.18139873722507,1.07200311704127,1.35160614763246,1.28898515769108,1.07200311704127,1.05701634675296,0.881954011547533,0.990567953590441,1.07200311704127
"oan-miR-1421ag-star_st",1.10866556343929,1.08644845321393,0.849734326064755,1.44811710153359,0.945991212439967,1.51664432268838,1.10866556343929,1.27276376663132,1.24799826542437
"oan-miR-1421ag_st",1.40332115903987,0.620294852618314,0.92795929734651,1.0740327979825,1.0740327979825,1.77934460915489,1.4747624269544,1.0740327979825,1.0740327979825
"oan-miR-1421ah-star_st",0.775031839792728,1.72873041701531,1.32017056229845,1.40093899846253,1.06182042039168,1.87240223098264,1.80162519606384,1.80162519606384,1.80798816088054
"oan-miR-1421ah_st",1.81617560941879,0.950668057062392,0.950668057062392,1.16492495170853,1.16492495170853,1.35195232462952,1.23922316506451,1.2145902736085,0.955611031048343
"oan-miR-1421ai-star_st",1.94595968721157,1.39754572822611,1.52854073296985,1.39754572822611,1.71577812688778,2.439166235033,1.66406311548037,1.66406311548037,1.66406311548037
"oan-miR-1421ai_st",1.5310369597944,2.16966469734342,1.21524173279879,1.26442616437186,1.26695674420621,0.853572095376876,1.22515934773663,1.78409818884445,1.7970449096868
"oan-miR-1421aj-star_st",2.23086352746576,1.87006822458853,1.2145902736085,1.15366441651683,2.77636264908161,2.71038095722356,1.79535891928226,1.44165887810973,2.11400901657725
"oan-miR-1421aj_st",1.05447665401828,1.44389399773486,1.42805959969699,1.28287727242161,0.873854728105677,1.28287727242161,1.28287727242161,1.21857485721031,1.54939465967587
"oan-miR-1421ak-star_st",1.11795611601656,0.976939534205404,1.15695348061009,1.54137135545775,0.808821478618497,1.05365370080526,0.766727605981543,1.05365370080526,1.05599985573732
"oan-miR-1421ak_st",1.23922316506451,1.41787784458493,1.21768997777877,1.26442616437186,1.11055453900948,1.09556776872117,1.21353398852154,1.07200311704127,1.53356188996073
"oan-miR-1421al-star_st",1.10866556343929,0.950668057062392,0.964415922275248,0.805485729787015,0.950668057062392,0.950668057062392,0.977375339764336,0.950668057062392,0.818497240746557
"oan-miR-1421al_st",1.18583178304869,1.39994295485105,1.73553490947607,1.10748757052847,1.73553490947607,1.39220152476411,1.08977146023969,1.72873041701531,1.27860789487217
"oan-miR-1421am_st",1.25785767168036,1.17284113261133,0.94549335193014,1.34250440691535,1.58088606736063,1.75371878623425,0.977375339764337,1.25785767168036,1.31596057386935
"oan-miR-1421b-star_st",1.40332115903987,0.697244697615731,1.22651422849976,1.03143649322647,0.795792134138378,1.32874764233005,1.05999302039753,1.03143649322647,1.01204542405659
"oan-miR-1421b_st",1.42142998337605,1.17555800074551,1.52854073296985,0.910969056912649,0.975300948518399,1.54939465967587,1.23922316506451,1.23922316506451,1.05144676242013
"oan-miR-1421c-star_st",1.28824370428505,1.01593689879893,1.15695348061009,1.20835994612952,1.46931780036031,1.15695348061009,1.11754932241744,0.741289381055042,1.15695348061009
"oan-miR-1421c_st",1.55212954931151,0.975836781746959,1.05191421507274,1.50385178370257,1.40332115903987,1.10866556343929,1.10866556343929,1.01845548579164,0.902380139891591
"oan-miR-1421d-star_st",0.748974721361005,1.2006717430963,1.85598956366829,0.711941712853142,2.35772252804796,1.14261824297969,1.4864468603329,1.38181032163173,1.23922316506451
"oan-miR-1421d_st",1.23000062341817,1.27476628997396,0.836358757953178,1.03440798453192,1.03912193088587,1.06430555030329,1.29339698867373,0.89266735970183,0.716902009076294
"oan-miR-1421e-star_st",0.982255502330279,0.982255502330279,0.961226174374799,0.743232123299663,1.28131703770146,1.28131703770146,1.09039089798603,0.769354575707917,0.955548219628335
"oan-miR-1421e_st",1.17948666385404,0.865551744339384,1.08611367847212,0.696316494469553,0.961750121380748,1.40332115903987,1.22256376555075,0.913072924553037,0.961750121380748
"oan-miR-1421f-star_st",1.05428841170853,1.15695348061009,1.19813683085196,1.26442616437186,1.36626740127028,0.94267071692843,1.15695348061009,1.15948656656653,0.760460390296841
"oan-miR-1421f_st",1.53324276330266,1.10729694402712,1.10729694402712,1.16918124056656,1.10729694402712,1.20724453956405,1.02635667034264,1.4709372054507,1.07200311704127
"oan-miR-1421g-1-star_st",1.23922316506451,0.873962712029111,1.07200311704127,1.07200311704127,1.07200311704127,1.12029103421207,0.861796982879678,1.54939465967587,1.07200311704127
"oan-miR-1421g-2-star_st",1.40332115903987,1.2145902736085,1.2145902736085,1.26442616437186,1.40332115903987,0.965884666173471,1.24129755631044,1.20218463584891,1.2145902736085
"oan-miR-1421g_st",0.977375339764336,1.07200311704127,1.05284690118407,1.03440798453192,1.08698988732958,1.07200311704127,1.18013851269702,1.07200311704127,1.07200311704127
"oan-miR-1421h-star_st",1.22637756177165,1.44389399773486,1.7154128007032,0.982851647900493,1.43518243207424,1.13699806586736,2.35845262218582,1.76059169004967,1.89347714996364
"oan-miR-1421h_st",0.870979051916083,0.582423943913968,1.35160614763246,1.0325464660571,0.913072924553037,0.951778029893024,0.843637021474199,1.36620747538601,0.913072924553037
"oan-miR-1421i-1-star_st",1.51330579916475,1.18198775716614,0.756294292584315,1.89292392347928,1.38463717310972,1.18198775716614,1.10055964421234,0.8749229310454,1.18198775716614
"oan-miR-1421i-2-star_st",1.5669912431683,1.58901173413644,1.5459083156071,1.5459083156071,1.37868826758387,1.16422905829605,1.5459083156071,1.25898222078338,1.54836720771195
"oan-miR-1421i-3-star_st",1.36158582269222,1.29602543705933,1.1267901871895,0.774722879026989,1.10021786403184,1.10021786403184,1.10021786403184,1.2145902736085,0.792505749137484
"oan-miR-1421i_st",0.93056114541649,1.27334094327388,0.736411162416249,1.10005142383983,1.02333725723997,1.02333725723997,0.833288151746233,1.38003558560956,1.11611336906345
"oan-miR-1421j_st",1.03143649322647,1.1081564538886,1.03143649322647,1.03143649322647,1.20408796748864,0.906216919296493,0.792010873895761,0.928136713421641,0.785936532079027
"oan-miR-1421k-1-star_st",1.1238955381958,0.928958113517767,0.814648814408553,0.99634854239745,1.28131703770146,1.42295707356698,1.24337893272122,0.803925495066864,1.13524353706547
"oan-miR-1421k-2-star_st",1.31081113900999,1.31278650344254,1.48029387658554,1.38186107081331,1.62098263362135,1.33601413831734,1.36064702977335,1.33601413831734,0.759638797291049
"oan-miR-1421k-3-star_st",1.23000062341817,1.07200311704127,1.54939465967587,0.913072924553037,0.825635438611488,1.02366098934924,1.23922316506451,1.01467422554902,1.07200311704127
"oan-miR-1421k_st",1.49609727086335,0.764050893483672,1.04344416888587,0.950668057062392,0.950668057062392,0.950668057062392,1.18857764849474,0.642208774952937,0.950668057062392
"oan-miR-1421l-1-star_st",1.44351911562197,1.2006717430963,1.20409349629127,1.05548941582092,0.799436349163366,1.20409349629127,1.20409349629127,1.38342925363071,1.44153215581969
"oan-miR-1421l-2-star_st",1.0726072652721,0.744382633514691,1.0083048500608,1.0083048500608,0.950668057062392,1.04589998257015,0.844206646868765,1.18496661219759,1.39125736256709
"oan-miR-1421l_st",0.977375339764336,1.17906867546572,1.06232570333316,0.977375339764336,0.908300772393571,1.28541696515629,0.864670214732024,0.908887970618083,1.77652038837003
"oan-miR-1421m-star_st",1.07175484742693,1.07200311704127,0.877057163395726,0.946493066474564,0.753276563925924,1.16398325821945,1.34619007653099,1.06922426759258,0.760307958393434
"oan-miR-1421m_st",0.913072924553037,0.886365641851092,0.752911624300401,1.04711598264514,0.913072924553037,0.913072924553037,0.913072924553037,0.913072924553037,1.1271840963554
"oan-miR-1421n-1-star_st",1.91726126526383,1.37498888944326,1.8156846565485,1.79027357140273,1.15536789809587,1.6139654518116,1.62870615726171,1.30255591675024,2.080292158002
"oan-miR-1421n-2-star_st",2.022979398133,1.14331764648795,1.86543092017803,2.72822862937385,2.48550181068556,2.71870086594638,1.72119032239541,1.67425066454061,2.12372350641248
"oan-miR-1421n_st",1.08372362945491,1.29602543705933,1.05701634675296,1.25505675176512,0.842759452106821,1.05701634675296,0.855323011051576,0.762687307176792,0.665455645430867
"oan-miR-1421o-star_st",1.35160614763246,1.35160614763246,1.35160614763246,1.6437311633987,1.35160614763246,0.977522668448152,1.5543432684007,1.52826790976925,1.35160614763246
"oan-miR-1421o_st",1.31115164242072,1.12992650116902,1.14506968229796,0.91715273315292,0.865466651706764,1.15315413604382,1.45496971079554,1.15315413604382,1.2006717430963
"oan-miR-1421p-star_st",1.61263507970006,1.52041943398869,1.81827743994012,1.49490048732693,1.28131703770146,1.47670117150249,1.61263507970006,2.16728966084257,2.10444156897355
"oan-miR-1421p_st",1.62781322401535,1.07200311704127,1.13801622678436,1.24791342970095,1.35803120430132,1.27878645786711,1.23922316506451,1.35550062446697,1.10527552395215
"oan-miR-1421q-star_st",1.10866556343929,1.07286999550596,1.10866556343929,1.00540503261432,1.1003110817571,1.51101777605062,1.21680095909505,0.911580196325726,1.1900936763931
"oan-miR-1421q_st",1.19389031170095,1.44389399773486,1.28762098891838,0.867740071189483,1.27453560630611,1.07958101259174,1.12542443980049,1.16925742024494,1.20523831057062
"oan-miR-1421r-star_st",0.833796372118738,0.923897882075547,1.5665596658702,1.10055964421233,1.10055964421233,1.10055964421233,1.10055964421233,1.4443338766649,1.43380416531336
"oan-miR-1421r_st",1.09168463887355,1.04602175102542,0.869239944108582,1.02737340209567,0.950668057062392,0.950668057062392,0.950668057062392,1.14458862398172,0.873948096400263
"oan-miR-1421s-star_st",1.68268715093672,2.01791558523229,1.39413204293461,1.96147773956214,1.72478102357368,1.63103793425039,1.44326153160601,1.51546710291349,1.83398616247054
"oan-miR-1421s_st",1.07200311704127,1.07200311704127,1.27369645274266,1.35446488890674,1.07200311704127,1.07453369687562,0.990575004087461,0.670767723108335,0.964707395060723
"oan-miR-1421t-star_st",1.9290548293665,0.740872687546709,1.40332115903987,1.26255092795712,1.19311502487828,1.40332115903987,0.914380164121689,1.45277299904861,1.40332115903987
"oan-miR-1421t_st",0.929087422593536,1.04450153340412,1.09871039974321,0.939780207254982,0.995733039645801,1.22054424037821,0.977375339764336,0.593876842301758,1.11644729621357
"oan-miR-1421u-star_st",0.977375339764336,1.01794817845932,0.958219123907138,1.07738765306713,1.12344884040033,0.736220799174055,0.977375339764336,0.977375339764336,0.977375339764336
"oan-miR-1421u_st",1.03143649322647,1.32421297012777,1.03143649322647,1.03143649322647,0.836358757953178,0.917127194117256,0.869239944108582,1.22305754249107,1.03143649322647
"oan-miR-1421v-star_st",0.698961752750679,1.13709524457109,1.68268715093672,0.913072924553037,1.01904512423289,1.09652240587611,0.869239944108582,0.809773144748208,0.706680804482667
"oan-miR-1421v_st",1.23922316506451,1.04529583433933,1.52854073296985,0.913072924553037,0.930986535230111,1.07200311704127,1.07200311704127,1.2145902736085,1.07200311704127
"oan-miR-1421w-star_st",1.10866556343929,1.05046992975554,1.07200311704127,1.0082489027197,1.12181463968677,1.40332115903987,1.11055453900948,0.634805830200486,1.07200311704127
"oan-miR-1421w_st",1.23666967319564,1.72030518361559,1.40932114745781,0.913072924553037,1.26454067537611,1.15695348061009,1.86999612776692,1.04793878776426,1.60445237073977
"oan-miR-1421x-star_st",1.00097653781542,0.964314091417401,0.964314091417401,0.900559877095834,0.920595828931193,0.728669732329309,1.12333294969943,1.00814707186186,0.609212983452425
"oan-miR-1421x_st",1.37681450770349,0.950668057062392,0.977375339764336,1.09491793597229,1.09491793597229,1.06821065327035,1.09491793597229,1.47144228498042,1.15172020796711
"oan-miR-1421y-2-star_st",1.08034097073396,1.17496874801089,1.17496874801089,1.04236017238398,1.42739053833745,1.28131703770146,1.20352527518195,1.17496874801089,1.05363368803201
"oan-miR-1421y-3-star_st",1.25139144086417,1.04028776473386,0.74857943821591,1.62988959304029,1.82048753878116,2.29798758323291,1.94767301219952,1.62988959304029,1.64465964213275
"oan-miR-1421y_st",1.8277776695905,1.52854073296985,1.6286824312689,1.52854073296985,1.50439347018813,1.37096680611432,1.43391295569292,1.52854073296985,1.67240069375511
"oan-miR-1421z-star_st",1.20727728289778,1.20727728289778,1.20727728289778,0.913072924553037,1.40118525344239,1.27310866863467,0.826386062368673,1.37137548608981,0.919563746396269
"oan-miR-1421z_st",1.32059807205187,1.17958149024071,1.32059807205187,1.14870846207455,0.989532384746977,1.65540245811924,1.09219745364854,1.25629565684057,1.17958149024071
"oan-miR-1422a-star_st",0.885024617754477,0.975847985275266,1.07200311704127,1.48430041669957,1.07200311704127,0.740203626187174,1.10055964421233,1.14871728364113,1.07200311704127
"oan-miR-1422a_st",1.10866556343929,0.886365641851092,0.695582732808155,0.754142732064804,0.7230238190593,1.01617745546507,0.913072924553037,0.855744033060791,0.950668057062392
"oan-miR-1422b-1-star_st",0.918616457945555,0.695336847968813,1.34477923842477,0.881954011547533,0.646309652459441,0.805138014089827,1.27057194290673,0.881954011547533,0.800525898593724
"oan-miR-1422b-2-star_st",0.651606521691211,0.988263189571746,0.950668057062392,0.950668057062392,0.530125738868549,0.950668057062392,1.0365183727521,1.15343122999508,0.950668057062392
"oan-miR-1422b_st",0.869239944108582,0.963867721385516,0.979224584233456,0.852511924632415,0.617900009675824,0.950668057062392,0.897796471279647,0.806724634862466,0.963867721385516
"oan-miR-1422c-star_st",1.06754818031492,0.866094458550412,0.913072924553037,0.620617540230455,1.54939465967587,0.795530328345083,0.998923240242745,0.910542344718688,0.828122560984215
"oan-miR-1422c_st",1.31079627024313,1.07200311704127,1.20048388035467,1.26442616437186,0.950668057062392,0.693771601385949,1.38595357640262,1.07200311704127,0.825787918106231
"oan-miR-1422d-star_st",1.11020412145667,0.869239944108582,0.836358757953178,1.03333814730061,1.07855386476877,0.611411918341471,0.869239944108582,0.776604240233798,0.795676605730545
"oan-miR-1422d_st",0.907904913849237,1.07200311704127,1.07200311704127,0.870871905341374,1.07200311704127,0.880463827598092,1.07200311704127,1.07200311704127,1.29529952037323
"oan-miR-1422e-star_st",1.10866556343929,1.02491601272265,1.03143649322647,0.781065115326183,1.03143649322647,1.59187841380935,0.869239944108582,1.07526947367093,1.1322117347032
"oan-miR-1422e_st",1.0059318669354,1.30166386696062,0.764967689587314,1.17726498924562,1.40332115903987,1.20505626844945,1.10055964421233,1.10055964421233,1.01727986580507
"oan-miR-1422f-star_st",1.01794170762654,2.61532458177723,0.985922888352847,2.3155366154362,0.950668057062392,1.28131703770146,1.09568725855178,1.04786376801595,1.2006717430963
"oan-miR-1422f_st",1.06469453360102,1.12149680559584,1.08989753290837,1.47157679021942,1.04050903460936,1.05701634675296,1.12277871906377,1.04006164214501,1.01317757224624
"oan-miR-1422g-star_st",0.977375339764336,1.55628055096866,0.737216966854434,0.741373936873436,1.37469002308338,0.933657077278129,0.977375339764336,1.07200311704127,1.04157537145739
"oan-miR-1422g_st",1.39659905469668,0.737660529171499,1.24670746754674,0.913072924553037,1.07200311704127,0.9439459527192,0.9439459527192,0.839515083398138,0.9439459527192
"oan-miR-1422h-star_st",0.841066910244858,0.955376209354072,1.2670127295204,0.776764495033559,0.898395801737105,0.950668057062392,0.708346696243368,0.913072924553037,0.759638797291049
"oan-miR-1422h_st",1.27904214003817,0.809327319847058,0.976547367870294,0.650397127358825,0.953319732995495,0.836358757953178,1.27904214003817,1.12262086850629,0.976547367870294
"oan-miR-1422i-star_st",0.977375339764336,0.977375339764336,0.71764346213825,0.805485729787015,1.02100589742588,1.15695348061009,1.23818898393434,0.977375339764336,1.29602543705933
"oan-miR-1422i_st",0.646309652459441,1.26303237681261,0.73641116241625,1.03143649322647,0.950668057062392,0.950668057062392,1.60294201455616,1.07200311704127,0.950668057062392
"oan-miR-1422j-star_st",1.16515174240872,0.917805917114899,1.37154386247909,0.913072924553037,1.13844445970677,1.05701634675296,1.05701634675296,0.943601185844208,1.05701634675296
"oan-miR-1422j_st",0.867327822914918,0.655038855454294,0.845794635629184,1.15814433975056,0.867327822914918,0.836358757953178,0.987593045662496,0.867327822914918,0.867327822914918
"oan-miR-1422k-3p_st",1.10866556343929,0.938238665527994,1.32808806722206,1.36540173381899,1.05578126173595,1.32027183098019,1.53687512339559,0.756361574342117,1.13249542833581
"oan-miR-1422k-5p_st",0.920612911962465,0.90804935301771,0.700296679162105,0.805485729787015,1.2383815935639,1.05701634675296,1.03293774151681,0.950668057062392,0.950668057062392
"oan-miR-1422l_st",0.977375339764336,1.26061998266101,1.28131703770146,1.87091814403572,1.1705184727042,1.15998197772258,1.40906719146579,1.28131703770146,1.28384761753581
"oan-miR-1422m-star_st",0.77143098786254,1.17396446039436,1.15695348061009,0.950668057062392,0.850720461525464,0.950668057062392,0.983549243217796,0.779029866460931,0.495858444163013
"oan-miR-1422m_st",0.979372728061573,0.950668057062392,0.857891945238911,0.711941712853142,0.829484309061096,1.16065346006645,1.222040427035,0.839350395128673,0.829335418067847
"oan-miR-1422n-star_st",1.23922316506451,1.07512517108914,0.867338499251102,1.03455854727434,1.1557704656943,1.28443909174933,1.01873133469138,1.21771232765637,1.07512517108914
"oan-miR-1422n_st",1.39076142706964,1.40845841493434,1.23922316506451,1.23922316506451,1.23922316506451,1.05481997284078,1.23922316506451,1.12085959639107,1.23922316506451
"oan-miR-1422o-star_st",0.960364359980073,1.2006717430963,0.933396081934419,1.22978196652988,0.933657077278129,1.05701634675296,0.869239944108582,0.913072924553037,0.957984270594454
"oan-miR-1422o_st",0.825546721659293,1.06119108074738,0.748841376626012,0.825546721659293,0.825546721659293,0.810806016209178,0.631568947009326,1.16199276588524,0.979762967793576
"oan-miR-1422p-star_st",0.955828671254696,0.836358757953178,0.853163602353132,1.35795096943394,0.853163602353132,0.743934465038731,1.14085108669019,0.756286613023148,1.07609389400227
"oan-miR-1422p_st",1.02010396014123,0.843442198004443,1.05769909265058,1.02010396014123,0.910667025950118,1.02010396014123,0.938675847187421,1.01757338030688,1.02010396014123
"oan-miR-1422q-star_st",1.10866556343929,1.15088257763516,1.15695348061009,0.853181807163348,0.554447215656059,0.900878891601256,0.927586174303201,0.920269960771138,0.536270679395865
"oan-miR-1422q_st",0.845167395121386,0.991240895757378,0.914526729157519,0.883653700991356,1.23003404895924,0.950668057062392,0.991240895757378,1.23520029407018,1.18670668860437
"oan-miR-143-star_st",0.748974721361005,0.73641116241625,1.13024619790815,1.11453457722191,1.07200311704127,0.950668057062392,0.950668057062392,1.18788299090655,0.869239944108582
"oan-miR-143_st",0.781177778639052,1.15938715363344,0.718816161745223,1.11882052981864,0.733693689051614,0.836358757953178,0.673042382983298,1.1719507125782,1.02317456634817
"oan-miR-144-star_st",1.281986099061,1.21718544431665,0.63034878686868,0.950668057062392,0.950668057062392,1.02275176672819,0.894157048636381,1.18971433095255,0.950668057062392
"oan-miR-144_st",1.05796377904294,0.950668057062392,0.897698927528089,1.05543319920859,0.950668057062392,1.15695348061009,0.762891654418011,1.07200311704127,0.869239944108582
"oan-miR-145-star_st",0.966116933438566,1.12869389347197,0.866169337901638,0.923609867768466,1.05621844339537,0.938675847187421,0.869239944108582,1.03333814730061,0.982655105017338
"oan-miR-145_st",0.972201244348125,0.850720461525464,0.786406947512335,1.31624684337859,0.950668057062392,1.15695348061009,0.81384803376348,1.07200311704127,0.656946054517321
"oan-miR-146a-star_st",1.19565479991983,1.34372648863123,1.0679389991653,1.14870846207455,1.22941718952202,0.836358757953178,1.45671335680939,0.994060672549907,1.16815824880727
"oan-miR-146a_st",1.21221667636318,1.3486233458482,1.28131703770146,1.26442616437186,1.75764589016414,1.47663097878812,1.30499278818666,1.27562523434431,1.3486233458482
"oan-miR-146b-star_st",0.857891945238911,0.836358757953178,1.52878118816189,0.741127586145031,0.766922854874339,0.836358757953178,0.646309652459441,0.661445969838549,0.5815517118688
"oan-miR-146b_st",2.13300832852435,3.66778822907479,1.39304229566713,2.76008676944965,2.104864271009,1.58177318109851,2.08750612937948,2.36513376120487,4.18426876224812
"oan-miR-147_st",0.909484310171886,0.978954736086985,0.978954736086985,0.913072924553037,0.841874760127551,1.08530302577756,0.777261400385598,1.07358251336392,1.14818998595682
"oan-miR-148-star_st",0.99890852705007,0.934756635719655,1.14133133275751,0.977375339764336,0.950668057062392,0.977375339764336,1.20577595816767,0.977375339764336,0.891248442441544
"oan-miR-148_st",1.83125173506777,3.39021910549913,2.06977113545996,2.80828174793455,2.58773081916405,2.98626053743389,2.28581719716685,2.58773081916405,2.13988791926549
"oan-miR-150-star_st",7.53564520700237,7.39651114424233,7.20958321163437,7.31588049760062,7.32335930433535,7.26936308619498,7.64977264401222,7.76452601765938,7.32335930433535
"oan-miR-150_st",1.22374301819412,1.37043997288447,1.40332115903987,1.79027357140273,1.26032414586008,1.40332115903987,1.66160422337553,1.54939465967587,1.40332115903987
"oan-miR-153-star_st",0.799743779721429,0.782966769400328,1.02076195017691,0.876039916045174,0.913072924553037,0.913072924553037,1.10055964421233,0.913072924553037,0.913072924553037
"oan-miR-153_st",1.08957175339613,1.34925451925415,1.29192562776191,1.66160422337553,0.920338375402147,1.25551619875592,1.57261233289591,1.29192562776191,1.30327362663158
"oan-miR-155-star_st",1.14416094162428,0.826278383827188,0.990799446037768,1.26442616437186,1.85598291696614,1.45220256701624,1.73595055058874,1.42200009122739,1.26442616437186
"oan-miR-155_st",9.49195542255333,9.59059731648219,9.46429941580852,9.45223407362858,9.70887873048597,9.76696396105593,9.65435830795837,9.43063023751041,9.40341084860293
"oan-miR-15a-star_st",1.62452167150063,2.53577115711782,1.62344447839674,2.33777057649218,2.53577115711782,2.33150163859472,1.72526577978011,3.53189448127797,2.53577115711782
"oan-miR-15a_st",6.39859892819271,6.36812662972435,6.13826232082219,6.36812662972435,5.7101534865477,5.94960382583877,6.87939403341191,6.57599622489407,6.53084493137055
"oan-miR-15b-star_st",1.32412477779258,1.03556966979046,1.03556966979046,1.12864281643531,0.89649771334123,0.813571345057381,0.840103876943472,0.741240630214293,1.03556966979046
"oan-miR-15b_st",7.17624412694906,7.5099326518079,6.91218667129485,7.20458641622225,6.42299552087287,6.7290056068557,7.11303663704544,6.80114544148307,7.21394832201599
"oan-miR-15c-star_st",0.932391712495923,1.27517151035331,1.56288504685482,1.23206809182398,1.477934683286,1.27517151035331,1.1937433973995,1.10353331975185,1.29602543705933
"oan-miR-15c_st",7.32193855156487,7.34915022552476,6.53036426758892,6.94967790366576,6.34367787817297,6.52644618329761,7.00194484390277,6.64863351505621,6.94437596356567
"oan-miR-16a-star_st",0.748974721361005,0.913072924553037,0.722043664781694,0.913072924553037,1.15695348061009,0.836358757953178,0.831644811599228,1.2145902736085,0.913072924553037
"oan-miR-16a_st",12.8525388127389,12.8998176968113,12.966149602452,12.9691595216985,12.848518820108,12.8716526658321,12.8937058001847,12.8180219033688,13.0363688609472
"oan-miR-16b-star_st",1.14870846207455,0.836358757953178,0.957679202303208,1.14870846207455,1.14870846207455,1.68268715093672,1.06728034912074,0.97707027147309,1.2006717430963
"oan-miR-16b_st",7.1051093284818,6.66384768825031,6.90547251725285,6.61877995313225,5.94899492576405,6.52424393075562,7.32612684674627,6.78560470870788,6.66680273195296
"oan-miR-16c-star_st",0.857891945238911,0.744287662414947,1.49264331130931,0.893916708695839,1.09561004439723,0.936099763847628,1.08140342835514,0.65633901748622,0.721568867661925
"oan-miR-16c_st",2.4776101599197,1.87537085520259,1.19641892431202,1.9808715171436,1.82048753878116,1.9808715171436,2.35468840669181,1.9808715171436,1.79227908780797
"oan-miR-17-star_st",6.6635356603852,6.53150631013355,6.78283040536584,6.78779991285293,7.13969975820176,7.04005130079327,6.77591883595513,6.74130229585946,6.78779991285293
"oan-miR-17_st",13.2060268436311,13.1643414174275,13.08027031214,13.1764494936794,13.3135038951072,13.324838802848,13.159782101183,13.235772081614,13.1544793295831
"oan-miR-18-star_st",1.43346545755902,1.24451188797884,1.32121723301212,1.20919169261403,1.46729073364811,1.05701634675296,1.37325808535464,1.13248634758074,1.51668302585911
"oan-miR-18_st",7.8479563502345,7.42113945935684,7.17019632927738,7.16371032263727,7.30566391738043,7.11635940184844,7.98882178814815,7.66098283438651,7.40307592451869
"oan-miR-181a-star_st",5.45338247402577,5.212275989155,4.91053214070743,5.73359668001532,6.61716736514712,6.55562712616722,5.87728844201716,5.55264095087727,5.8034294832739
"oan-miR-181a_st",10.6404401245033,10.6905731924777,10.4885534098165,10.6804954989065,10.7634101820899,10.6877671972703,10.6968147422144,10.6534768244738,10.6804954989065
"oan-miR-181b-star_st",1.07200311704127,1.2006717430963,0.584592728507012,1.07200311704127,1.39259783969818,1.05701634675296,0.963867721385516,1.32408523417224,1.07200311704127
"oan-miR-181b_st",10.4188112208033,10.5013331948667,10.5783860537711,10.4349208020246,10.612451744999,10.8356485561718,10.4426493440707,10.4822531279796,10.3887861881563
"oan-miR-181c-star_st",1.07962370200007,1.39984168605545,1.37594481497839,1.19080233471151,1.28131703770146,1.31891217021081,1.28131703770146,1.37594481497839,1.22240160739898
"oan-miR-181c_st",7.32750794525993,7.44885438417318,7.6257580550642,7.50488457533226,7.30394939385052,7.50488457533226,7.62158731949215,7.37828136711208,7.9366567035083
"oan-miR-182_st",8.65679397939991,8.82227327620811,8.58319450084379,8.86150099254579,8.21915277262767,8.16600164882476,8.65520963666618,8.65520963666618,8.94555317999857
"oan-miR-183_st",7.06779793286721,7.2785897997116,6.8271545950679,6.8271545950679,5.92011764868746,6.16419013677569,7.00263790447285,6.41967953928415,7.38425597118468
"oan-miR-184_st",1.21725008009688,1.53590017739187,1.2006717430963,1.48667704850217,0.828417342073258,1.2489596602671,0.978308929223201,1.04525283883907,1.2006717430963
"oan-miR-186-star_st",0.858661877405383,1.29602543705933,1.19389031170095,0.805485729787015,1.06952675460958,0.930363068030696,0.950668057062392,1.27369645274266,0.778320216028478
"oan-miR-186_st",0.977375339764336,0.950668057062392,0.662054568439997,0.913072924553037,0.950668057062392,1.15695348061009,0.869239944108582,0.913072924553037,0.950668057062392
"oan-miR-187-star_st",0.954355833711124,0.662300915252319,0.85096662322014,0.800150791105148,1.44313288357877,0.909951957226161,1.23922316506451,1.20267785028686,0.917693387313102
"oan-miR-187_st",0.990720726931244,0.869239944108582,0.869239944108582,0.938314511479348,0.869239944108582,0.825260686278665,0.852701772529811,0.97400508625478,0.869239944108582
"oan-miR-190a-star_st",1.28675197178472,1.55379404492357,1.07200311704127,1.07200311704127,1.44024723018969,0.887599924817541,1.02817013659681,1.07200311704127,0.673069028631839
"oan-miR-190a_st",1.10811704575374,0.970401816045284,0.913072924553037,1.10815065982633,0.810407855651473,0.950119539376836,0.913072924553037,0.913072924553037,0.913072924553037
"oan-miR-190b_st",1.15427280149568,1.88695666945982,1.44389399773486,0.618868566208295,1.07200311704127,0.957693817932056,1.09871039974321,1.07200311704127,1.07200311704127
"oan-miR-191-star_st",0.873037821258484,1.2006717430963,1.07200311704127,1.40079057920553,0.976492617849795,0.878541110115203,1.08341373710578,1.01911132189448,0.902929279471758
"oan-miR-191_st",12.09233011665,12.1946386702962,12.2728512094788,12.1909025144993,12.1422921785533,12.2486217189943,12.0196147498516,12.1192808489696,12.1683040246416
"oan-miR-192-star_st",1.23922316506451,1.40092322962014,1.35487996354156,1.23922316506451,1.23922316506451,0.786088614231531,1.07512517108914,1.28867500507324,1.23922316506451
"oan-miR-192_st",6.44727217154785,6.86927139957187,6.65747580699201,6.83362954906189,6.54930472887625,6.66636650086859,6.76549293060157,6.66522416863066,7.07571413635585
"oan-miR-193-star_st",5.27126199227201,5.00633049179456,5.20466481307566,5.03679808499724,5.63796346042467,5.64141082145346,4.96091390499065,5.79890902818816,5.4389925947592
"oan-miR-193_st",6.11348760272866,6.15522132039568,6.23797657466959,6.15522132039568,6.44769708787635,6.15522132039568,6.52829788915289,5.01609266823609,5.88922810961052
"oan-miR-194-star_st",1.0747279809255,1.2955168496437,0.772706790873749,1.57002984786333,1.16510977073326,1.16510977073326,1.07772573414109,1.12301589809631,0.950668057062392
"oan-miR-194_st",7.53607815813273,7.54192265618071,7.1514057772567,7.62321433133728,7.36766134560918,7.60658553856312,7.52432368390484,7.53607815813273,7.7651987858972
"oan-miR-196a-star_st",0.977375339764336,0.62865242318477,1.01497047227369,1.28972504388571,1.1017388968557,0.977375339764336,0.670486426707309,0.733494783707281,0.977375339764336
"oan-miR-196a_st",0.977375339764336,0.790758176185617,1.0082483679305,0.977375339764336,1.09168463887355,0.728669732329309,0.977375339764336,0.859011771090904,0.977375339764336
"oan-miR-196b-star_st",1.23922316506451,1.08828876052834,1.23922316506451,1.23922316506451,1.26007709177052,1.23922316506451,1.26593044776645,1.27978978887931,1.26007709177052
"oan-miR-196b_st",1.41459568000063,0.853791067732408,0.82918727423973,1.02737340209567,0.663741962238671,0.950668057062392,1.10055964421233,0.950668057062392,0.759638797291049
"oan-miR-199-star_st",1.17249640097154,1.2145902736085,1.2145902736085,1.18299100092103,1.31702482756293,1.2145902736085,1.54074051411997,1.2145902736085,1.0083048500608
"oan-miR-199_st",1.68268715093672,1.28131703770146,0.864034923024035,1.26442616437186,1.28131703770146,1.534686260318,1.54316486300163,0.88891405784195,1.28131703770146
"oan-miR-19a-star_st",0.977375339764336,1.44200130707796,1.05814377592841,0.805485729787015,1.07015145158782,0.764844436226931,1.24653551423097,0.898513260986356,0.979905919598685
"oan-miR-19a_st",6.88122786492393,6.69849225789143,6.63328466757898,6.45585071291572,6.49972055524145,6.64068461139627,7.00299587074063,6.87315618741355,7.00865655211248
"oan-miR-19b-star_st",0.759638797291049,0.73641116241625,0.801789423775645,0.759638797291049,0.759638797291049,0.968952717951239,0.890196398916263,0.726264777488165,0.759638797291049
"oan-miR-19b_st",11.1380761976232,11.209888521439,11.1008396535106,11.1076443535454,10.7930595276037,10.670856605345,11.1378399969903,10.7919665959217,11.2438646102834
"oan-miR-1a_st",1.38486235892647,0.950668057062392,0.809129288750647,0.988138508340316,1.28131703770146,0.896446393018729,0.906710395386507,0.988138508340316,0.988138508340316
"oan-miR-1b_st",0.820296812729557,0.913072924553037,1.03440798453192,0.711941712853142,0.913072924553037,1.02738222366225,1.17542456634307,0.855744033060791,0.913072924553037
"oan-miR-200a-star_st",1.09663600849728,0.836358757953178,1.28242171715296,1.07200311704127,1.0877690501306,1.03912193088587,1.07200311704127,1.07200311704127,0.991234680877192
"oan-miR-200a_st",7.65952944298301,7.70234626758094,7.65855207465146,8.05273329417024,7.89381531663006,7.89381531663006,8.00526850618374,7.89381531663006,8.34994234077239
"oan-miR-200b-star_st",6.53472090996482,6.7625392432758,6.58038371736919,6.50184527195824,6.58038371736919,6.68222175571045,6.58038371736919,7.05294750786182,6.49330616660758
"oan-miR-200b_st",7.29466415810696,7.07664641994145,7.07664641994145,6.99382138299697,6.77177085099911,6.66682235775776,7.25730257788466,6.80162859275656,7.47431817965496
"oan-miR-204-star_st",0.977375339764336,1.19256582386934,0.96926942053738,0.900146269551515,1.07015145158782,1.00686455304673,0.96926942053738,1.23319163708349,0.671287420091591
"oan-miR-204_st",1.52854073296985,1.52854073296985,1.52854073296985,1.54388184892036,1.52854073296985,1.52854073296985,1.34778333948073,2.07317975272117,1.66911094474912
"oan-miR-205-star_st",1.33461632687875,1.27836557882978,0.900831331035914,1.03143649322647,0.830952199515933,1.03143649322647,1.46517392850396,1.29795388048073,0.840407233455127
"oan-miR-205_st",11.802445873138,11.7747644427484,11.9970002404594,11.7651785741781,11.7488179201077,11.7894660088678,11.8384443703937,11.7012762731148,11.9139876196749
"oan-miR-206-star_st",1.15198502167124,1.20604617513338,1.2909965387022,1.20604617513338,1.81673020902883,1.19105940484507,1.15198502167124,0.913072924553037,1.33471480118841
"oan-miR-206_st",0.857891945238911,0.850720461525464,1.2145902736085,1.40079057920553,0.950668057062392,0.950668057062392,0.950668057062392,0.953776629438498,0.950668057062392
"oan-miR-208-star_st",0.825680066394285,1.18100818797798,1.2145902736085,1.14870846207455,1.28650884991898,1.01103781626493,0.651501464676965,1.539201063859,1.2006717430963
"oan-miR-208_st",0.87420945976087,1.03819294499466,1.52020835283508,1.07524311867253,0.994474682508447,0.994474682508447,0.994474682508447,0.902225953858277,0.759638797291049
"oan-miR-20a-1-star_st",0.913072924553037,0.913072924553037,1.20425996082881,0.695582732808155,0.913072924553037,0.913072924553037,0.977375339764336,0.913072924553037,1.03440798453192
"oan-miR-20a-2-star_st",3.15186604290933,3.10584110967513,3.28966643075376,3.15811934997304,3.28588487442656,3.15186604290933,3.22281062918799,3.10516224429924,3.15186604290933
"oan-miR-20a_st",6.61173612852047,5.66769046569788,5.67178478123788,5.03679808499724,5.68316383128337,5.46583620874158,6.07399685038747,5.81387307501932,5.98597211027143
"oan-miR-20b-star_st",1.13156196039129,1.10866556343929,1.10866556343929,1.34954447516616,0.8984594292777,1.50598024675834,0.995336418607684,0.96006148296895,1.10866556343929
"oan-miR-20b_st",9.88373437841625,9.67150207818663,9.51887978700817,9.71191791072003,9.78051301386959,9.6815600072552,9.95879833167548,9.64156676558757,9.97765452921449
"oan-miR-21-star_st",3.63034889438628,1.90239849125987,2.12885211865421,2.85887205341657,2.50197299406799,2.67630671189826,2.82346302089472,2.27929368823485,2.7267909119009
"oan-miR-21_st",8.81276039585639,8.7766372532262,8.60854011161071,8.33838821091769,8.43714136961589,8.52000198953164,8.77394316645976,8.35727303934553,8.60949734064812
"oan-miR-214-star_st",1.24962408037623,1.11045233915155,0.95362406510178,1.28711410128834,1.02035082919474,1.08907369627618,0.977375339764336,0.923473839864757,0.950668057062392
"oan-miR-214_st",1.61678878294299,1.58012633654497,1.50093227750457,1.74323390123132,1.87831070275184,2.40761899198939,1.34070071721426,1.40079057920553,1.63692860853979
"oan-miR-215-star_st",0.977375339764336,1.58093706388867,1.14791697758651,1.03388634819035,0.883994761040404,0.798241989102255,1.03388634819035,0.941250644315562,1.03388634819035
"oan-miR-215_st",1.26446777320462,1.20144847377228,0.892583107391214,0.892583107391214,0.933149731206014,0.933149731206014,0.589821592563675,0.700160060060628,0.759638797291049
"oan-miR-216-star_st",1.10866556343929,0.919423079380208,1.18594046663446,0.760492886891975,0.919423079380208,0.811734053756338,1.06043966119137,1.06201023594744,0.759638797291049
"oan-miR-216_st",0.948516779592553,0.978571924692479,1.39064901828536,0.940976792183125,1.27322752029306,1.41930102092905,0.748974721361005,0.978571924692479,1.09324038049698
"oan-miR-217-star_st",0.921899902988934,0.85602551488624,1.15105084569646,0.97708088230306,0.669047015599448,0.950668057062392,0.933247901858605,0.770648316595434,0.896312446138981
"oan-miR-217_st",0.934606111838771,0.945226434782413,0.783389628418875,0.913072924553037,1.41241444194896,1.16354591371296,0.810407855651473,0.809773144748208,0.759638797291049
"oan-miR-218-star_st",1.23922316506451,1.54473500358185,1.27667394971162,0.926820789765893,1.07200311704127,0.669138709929942,0.870309781339883,1.07200311704127,1.07200311704127
"oan-miR-218_st",0.857891945238911,0.836358757953178,0.906179862409712,0.836358757953178,0.695342176142019,0.836358757953178,0.869239944108582,0.836358757953178,0.794117072071973
"oan-miR-219-star_st",0.887273829807527,1.2006717430963,1.1500268140265,1.47203167252468,1.0599253040697,0.951986409014346,1.09596566056437,1.35182302930081,1.06925837786243
"oan-miR-219_st",0.743100625712277,0.818248284783819,1.16726043530321,1.24549943532739,0.919423079380208,0.894953629817099,0.977375339764336,0.714933889350142,0.759638797291049
"oan-miR-22-star_st",4.56343960112253,4.40118101622286,5.42670902957027,4.72879070788625,4.56343960112253,3.5432804593201,4.56343960112253,4.43647317782585,5.12440992865336
"oan-miR-22_st",11.5477744050058,11.3642532139807,11.7613980711042,11.6853796335344,11.8125369822116,11.7688473031462,11.7272561996164,11.6853796335344,11.6853796335344
"oan-miR-221-star_st",1.06232570333316,1.15695348061009,1.38946877652062,1.60707600275323,1.15695348061009,1.04264418150088,1.74655458694435,1.15695348061009,1.15695348061009
"oan-miR-221_st",12.3487342459455,12.1990734572848,12.3350417106228,12.1285346037852,12.2258078149264,12.1992986197455,12.3943414896983,12.2131249611512,12.2797926790186
"oan-miR-222a-star_st",0.977375339764336,0.977375339764336,0.985481258991293,0.977375339764336,0.998229266470352,0.998229266470352,0.977375339764336,0.746450550261545,1.07200311704127
"oan-miR-222a_st",12.7191417896404,12.7332011752701,12.5134103952663,12.6029289677283,12.601617353828,12.6105619972015,12.6475073293902,12.6628896631509,12.6571746949439
"oan-miR-222b-star_st",2.17755170887538,0.903631210439486,1.23922316506451,1.23581454780329,1.32417352863333,1.05701634675296,1.23922316506451,1.23922316506451,1.23922316506451
"oan-miR-222b_st",4.38262327107894,5.38066163906878,4.07759777193683,4.46195336871112,3.67009065369141,4.92804559103219,4.52589477948293,4.46195336871112,4.46195336871112
"oan-miR-223-star_st",0.950668057062392,0.950668057062392,0.679023133597938,1.26442616437186,0.950668057062392,0.645649113795054,0.950668057062392,0.858032353187607,1.00747032905721
"oan-miR-223_st",1.16225034984186,0.950668057062392,0.836358757953178,0.711941712853142,1.06821065327035,1.12331953132456,0.942562137835435,1.2145902736085,0.880985284930042
"oan-miR-23a-star_st",1.22737902579825,1.1855776043172,1.46459395964241,1.19814116326195,0.926496239797498,1.01144660336632,0.990465608934708,1.22819630836188,1.2006717430963
"oan-miR-23a_st",13.4190593712996,13.417326995168,13.2833438429588,13.3688536025528,13.2892214851476,13.293258936657,13.4808155007135,13.3410157418866,13.5607239537851
"oan-miR-23b-star_st",3.10547225937367,3.81273929085359,4.064010140637,4.65603524176614,2.64584694701401,3.63836998594883,3.83912546840948,3.54489074340033,4.1355424199541
"oan-miR-23b_st",9.87651023773405,9.66547555699638,9.17198908949459,9.37322140921829,9.33405380146152,9.25148822491676,9.82383680962858,9.46883427094523,9.77395041344791
"oan-miR-24-star_st",0.977375339764336,1.83075352000639,0.892617110069746,1.24917303569976,0.977375339764336,0.977375339764336,0.997680328796032,0.668916057654882,0.977375339764336
"oan-miR-24_st",13.5158160208555,13.4199980520663,13.4168870726871,13.4785902539597,13.5908247516942,13.5854637309216,13.4986683655991,13.508374366543,13.4193469632957
"oan-miR-26-star_st",0.646309652459441,0.855028749030492,1.1786519687999,0.751847856394824,1.1863467910291,1.12373252220823,1.67498883712422,0.792414480209624,0.428927895881317
"oan-miR-26_st",12.1893289145664,12.4194705660108,12.2466535158073,12.3490207582407,12.1232919138439,12.1840715431883,12.2244382666311,12.1397087031885,12.2636744240104
"oan-miR-27a-star_st",1.10866556343929,1.32277673524165,0.827400498527471,0.976056987812382,1.10866556343929,1.00119287967753,1.13537284614124,1.11223691780792,1.24756055810731
"oan-miR-27a_st",11.9747766199618,11.4534515557617,11.5145494058521,11.8734624513342,12.4370991244025,12.3912392693425,12.2573348583216,12.0722161696409,12.2460099246279
"oan-miR-27b-star_st",6.95170496849461,7.28378726907981,7.24521384009422,7.28704723784589,7.15867054706809,7.19079293081355,7.01865285574924,6.98052897256102,7.15867054706809
"oan-miR-27b_st",10.2253655728824,10.1222111550666,10.035858194834,10.1093125611625,9.79564483159928,9.75692234346104,10.2881822262797,10.0771438895471,10.3846611814098
"oan-miR-29a-1-star_st",0.811773939607441,0.785066656905497,0.88585504727568,0.96256921387554,0.722049458843964,0.836358757953178,0.703638543951687,1.10028097449928,0.548538524928998
"oan-miR-29a-2-star_st",0.849072825392129,1.07200311704127,0.821631739140983,1.04113008887511,1.22365330818359,1.15695348061009,0.961462301094716,0.971491666121496,1.40343491602899
"oan-miR-29a_st",5.36970007731602,4.0138602385628,3.24255634235778,4.59316604666959,3.59238729447879,4.76380156061789,5.26399067761377,3.70062407620531,5.48624697588944
"oan-miR-29b-star_st",5.07294942568858,5.30011476272747,4.86246275883,4.70880551792002,5.58936095081902,5.32605652386824,5.68316383128337,4.4977260971442,6.16365626893583
"oan-miR-29b_st",3.27428176959241,2.32306373244064,3.49695642735465,3.05565853853741,3.73327330143101,2.33910723002311,3.43005423535232,1.71412920980787,4.24421862198011
"oan-miR-301-star_st",1.35903694133958,0.81625045818164,0.869239944108582,0.711941712853142,1.12897182173467,0.869239944108582,0.799804041029744,0.869239944108582,0.869239944108582
"oan-miR-301_st",5.13436937411794,5.27012857149765,5.4097047070088,6.13296651697872,5.20067905556108,5.61279430352233,6.06472299507695,5.76202950944633,6.21125847075297
"oan-miR-302-star_st",0.857891945238911,1.70017388984424,1.07200311704127,0.832979738010654,1.07200311704127,1.23346918274298,0.763543834931815,1.58608874728449,1.1666308943182
"oan-miR-302_st",0.977375339764336,0.880872450825552,0.909428977996617,1.0716255271145,0.909428977996617,0.920483541275811,0.909428977996617,0.913072924553037,0.909428977996617
"oan-miR-30a-star_st",7.86723352364034,7.98927094596075,7.93364426549881,7.94652024143891,7.8289680696608,7.74925807081583,8.06005293640546,7.84693775469297,7.96831608549587
"oan-miR-30a_st",11.0390183932173,10.9994510453003,11.3584242654597,11.2939817634372,11.6906008723853,11.6204926431659,11.2287075731369,11.4177760761809,11.1083653254942
"oan-miR-30b-star_st",3.23726215344357,2.99151024777226,1.87730638513296,2.61532458177723,2.92465825609643,2.09974930305156,2.61532458177723,2.31350900702551,2.76143511146574
"oan-miR-30b_st",8.0400866424063,7.75283780152123,7.76112954979409,7.74916972294241,7.37324776819868,7.46099662806239,7.90320245374029,7.76112954979409,8.20979819992579
"oan-miR-30c-star_st",6.34946692219187,6.51732687031374,6.41593664252412,6.66745519511392,6.41568034444901,6.77714445659731,6.08701917713208,5.76301714808836,5.98679569539591
"oan-miR-30c_st",10.7859389617943,10.9622307019068,10.7210449864073,10.9285854832132,10.5027390958187,10.5583480291609,10.8745877406083,10.6252727740553,10.9515662831489
"oan-miR-30d-star_st",0.836358757953178,0.930986535230111,1.10866556343929,0.913072924553037,0.836358757953178,0.905794661032016,0.7554184842687,0.780756062586256,0.7554184842687
"oan-miR-30d_st",9.87249842907216,9.98624552874655,10.2086117011712,10.0333356975949,9.99630511041203,10.0857570669637,9.79518216788715,9.87826954782562,9.79908566125618
"oan-miR-30e-star_st",4.49156949669049,5.44581975396428,5.60545800327123,5.74264981696588,4.05394642179083,4.39633957169372,5.06711179764306,4.9147175134201,5.11480417712209
"oan-miR-30e_st",8.4762704448893,8.33407274452825,8.6732812388278,8.76595048909523,8.97325614146629,8.82775878571907,8.72296085459935,8.75912225690477,8.88137724613557
"oan-miR-30f_st",1.68268715093672,1.71936503138891,1.54939465967587,1.86073719591082,1.28263138758227,1.54939465967587,1.42072531164866,1.52476176821986,1.54939465967587
"oan-miR-31-star_st",1.093536304327,1.43631610218439,1.05261204787139,0.911841816788634,1.07200311704127,1.3499895973333,1.10488430319667,1.07200311704127,1.05261204787139
"oan-miR-31_st",11.6241566536439,11.3380819923877,11.4555160735235,11.4026503072404,11.3043988815269,11.2525923683754,11.704274019926,11.5711682371254,11.4083221701751
"oan-miR-32-star_st",1.15661240896419,1.15661240896419,1.21133230505375,0.871898454728547,1.04230310985497,1.2709217080734,0.977375339764336,1.75533901157766,1.15661240896419
"oan-miR-32_st",1.54221615370789,1.36542411771229,1.27392362602182,1.49163385166248,1.21089811170929,1.15695348061009,1.63856111660398,1.40332115903987,1.49409274376732
"oan-miR-33-5p_st",1.15124083053748,1.21427684661764,0.864737539215963,0.913072924553037,0.836358757953178,1.15695348061009,0.739481768623194,0.990254526599586,0.949687902784786
"oan-miR-33a-3p_st",1.23733418949432,1.2006717430963,0.997908570163613,1.26442616437186,1.15695348061009,1.2006717430963,1.2006717430963,1.11046166544865,1.39037580139384
"oan-miR-33b-3p_st",1.15869280913923,1.25146892096271,0.977375339764336,1.44246048593985,1.13715962185349,1.26623695657958,1.40136050811265,1.30910571396112,1.29602543705933
"oan-miR-34-star_st",5.55462172928403,4.35405309682248,1.59871291371681,4.55761873571982,6.40143851755055,6.07783461020663,3.91461996301553,6.9232249882197,5.61952766233392
"oan-miR-34_st",1.14045084524931,1.88695666945982,1.18290508281548,2.38317936727396,1.23921544833067,1.74985927648132,2.10254730656352,1.6649089129125,2.37973911507552
"oan-miR-363-star_st",1.0345537073757,0.763763059072793,1.39125203574529,0.892242774752238,0.913096701458253,0.987740070769599,0.869239944108582,1.03333814730061,0.753288642463879
"oan-miR-363_st",1.07200311704127,1.12880538903609,1.12933200853352,1.07200311704127,1.07200311704127,1.0572947176834,0.933339596189099,1.07200311704127,1.07200311704127
"oan-miR-365-star_st",1.47895514588789,1.0837364695987,1.2145902736085,1.29602543705933,1.18788299090655,1.29423128059713,1.45755335914691,1.81398512076342,1.29602543705933
"oan-miR-365_st",1.19957228336255,0.873953890462532,0.893916708695839,1.18630359458391,0.950668057062392,1.15695348061009,0.72773776541325,0.950668057062392,0.950668057062392
"oan-miR-383-star_st",2.15271627070146,2.33131219648844,1.13330934731251,1.79027357140273,1.30575390337358,1.79779215101149,1.80932394306358,1.73203594992598,1.47866672730945
"oan-miR-383_st",0.950668057062392,0.950668057062392,0.950668057062392,1.14870846207455,0.72773776541325,0.917786870906987,0.950668057062392,1.01779425070217,0.869239944108582
"oan-miR-425-star_st",1.17704212777968,1.04693597262697,1.29412434658155,1.26442616437186,1.5538670814027,0.836358757953178,1.39498376599707,1.26442616437186,1.29602543705933
"oan-miR-425_st",9.90228643165007,9.79620844244871,10.0415489326486,9.89825358127414,9.89825358127414,9.99077321687404,9.8343501257856,9.87208723778545,9.89825358127414
"oan-miR-429-star_st",1.06706014305532,1.2006717430963,0.90727586096616,0.854286375039217,1.06706014305532,1.28131703770146,0.820306665750917,1.24372190519211,0.90727586096616
"oan-miR-429_st",0.966366556834261,1.36888056876191,0.966366556834261,1.03143649322647,1.06903162573582,1.04872663670413,1.06903162573582,1.46826131362811,1.06903162573582
"oan-miR-449a_st",0.913072924553037,0.913072924553037,1.07717091852841,0.913072924553037,0.726094425266244,1.24439096655164,0.822971414596228,0.956905904997492,0.745852876529801
"oan-miR-449b-star_st",1.56120226233326,0.748314182696618,0.950668057062392,1.4530668666775,1.41168837854915,1.4530668666775,1.3243975186503,1.77971959900172,1.60038384166228
"oan-miR-449b_st",1.23922316506451,1.16551410384269,1.04417904386381,1.01330601569764,0.85412993837007,0.903608832084533,1.29520408180284,1.00658391135445,1.00751659746579
"oan-miR-449c_st",1.3044946283437,0.944159250510399,1.09168463887355,0.902884956547337,0.837252896153636,0.950668057062392,0.983549243217796,0.944159250510399,0.950668057062392
"oan-miR-451_st",0.922194360450211,0.977375339764336,1.07200311704127,1.34705393537796,0.977375339764336,1.1017388968557,0.977375339764336,0.977375339764336,0.892424976195514
"oan-miR-454-star_st",1.2283860887337,1.27126983021633,1.1898346667655,1.03253643551006,1.15695348061009,1.31183878810391,0.966904375116356,1.52463905283287,1.20454306612336
"oan-miR-454_st",3.36613076031118,2.97177656329605,2.09962331833405,3.16017398183718,3.9474859590541,1.96421948970025,3.0588585497542,1.81561540922991,4.37417801057955
"oan-miR-458-star_st",1.10055964421233,1.12502909377544,1.34816670044873,1.10055964421233,1.00368265488235,1.1172876636885,1.10055964421233,1.04495694884541,0.680380177764354
"oan-miR-458_st",0.854191035316338,0.950668057062392,0.967237407046715,0.977375339764336,0.977375339764336,1.03376917616209,0.977375339764336,0.887165262116685,1.28013685459188
"oan-miR-460-star_st",0.977375339764336,0.73641116241625,0.683170981419595,0.977375339764336,0.944494153608932,0.977375339764336,0.977375339764336,0.892424976195514,0.988723338634007
"oan-miR-460_st",0.848922316897933,0.744266569069324,0.958523463715466,0.711941712853142,0.836358757953178,0.950668057062392,0.899428432512439,0.649380258666385,0.859586392827977
"oan-miR-490-star_st",1.26073400247265,1.04264418150088,0.828166018445837,0.918227136400842,1.15695348061009,1.07200311704127,1.07200311704127,1.07200311704127,1.07200311704127
"oan-miR-490_st",1.16307618941032,0.960722315044546,1.77503124009501,1.22891082224956,1.31891217021081,1.28131703770146,1.9519658254324,1.28131703770146,1.28131703770146
"oan-miR-499-star_st",1.3113261250378,1.28979293775207,1.61495697508329,1.04247329054559,1.14919545204291,1.12173103441082,1.00286684292835,1.13671780469913,0.950668057062392
"oan-miR-499_st",0.79280770180546,0.925478562312629,0.822971414596228,0.913072924553037,1.01301005841017,0.905331494466096,0.913072924553037,1.16112292140072,0.913072924553037
"oan-miR-551-star_st",1.15074977412034,1.28131703770146,2.44099417457717,1.13271295723112,1.49063095836165,1.28131703770146,1.34498220202046,1.63003995428103,1.06358049522817
"oan-miR-551_st",0.857891945238911,1.2366444653372,1.0595852809403,1.07200311704127,0.77697778623105,1.09757250888796,1.20947686809024,1.07200311704127,1.15111509839143
"oan-miR-590-star_st",1.07200311704127,0.890653954743712,1.07200311704127,1.38595357640262,1.07200311704127,0.783448009039156,1.13630553225257,1.07200311704127,0.783448009039156
"oan-miR-590_st",0.727268256028762,1.02804329055755,0.840683416937517,0.701472987299453,0.804020970539496,0.906505325228614,0.869239944108582,0.840683416937517,0.720141612556855
"oan-miR-7-1-star_st",1.23922316506451,1.50153079073327,1.16041992988734,1.14546712262263,1.39534766709762,1.06469868645856,1.58617752596826,1.2145902736085,1.2145902736085
"oan-miR-7-star_st",1.06851677297251,1.04180949027056,0.975301351828822,1.26229499931395,1.65662149523276,1.59538876255877,0.960381377316752,1.2145902736085,1.06851677297251
"oan-miR-7_st",1.73856239857306,1.9219803073823,1.89808343630525,2.0660013142131,2.01373742914815,1.78290835093307,2.9789220534064,0.936969795630089,2.50310528439694
"oan-miR-802-star_st",1.29487413055961,1.48770326216181,1.10774990842904,1.04047600191229,0.986414848450158,0.750770489362066,0.9535076101303,0.913072924553037,1.2006717430963
"oan-miR-802_st",0.977375339764336,1.13550342128888,1.07200311704127,1.11310309486847,1.07200311704127,1.24185171097945,0.977375339764336,1.07200311704127,1.63161739168435
"oan-miR-873-star_st",1.10866556343929,0.978559408286582,2.13980170963183,1.44359036940103,1.12839695343903,1.07200311704127,0.907591186347823,0.873657643737865,1.1666308943182
"oan-miR-873_st",0.921646159560479,0.696308832599622,0.91287050177013,0.978157167986489,2.3447300804251,1.32323180188631,0.869239944108582,0.978157167986489,1.40934473432231
"oan-miR-875-star_st",1.82401021037474,0.911841816788634,0.589999286944257,1.07200311704127,0.549432663129457,1.26559773365802,1.07200311704127,1.11256974085607,1.07200311704127
"oan-miR-875_st",0.857891945238912,1.09990071967189,1.17613656639782,0.88931904619752,1.02199014843094,1.02199014843094,0.913855657548833,1.0987043150308,0.868556021168956
"oan-miR-9-star_st",1.16084960138764,1.16859103147458,0.825257646762619,0.805485729787015,1.16084960138764,1.63824114402224,1.23922316506451,1.16084960138764,1.04864003768798
"oan-miR-9_st",0.748974721361005,0.531484529616122,0.73641116241625,0.711941712853142,0.867076484241143,0.728669732329309,0.879532322986219,1.07200311704127,0.759638797291049
"oan-miR-92a-1-star_st",0.748974721361005,0.721533635109859,0.71822606461319,0.748974721361005,0.653967312686257,0.748974721361005,0.600734338578341,1.08404880972827,0.862303866192613
"oan-miR-92a-2-star_st",8.71232337285938,9.28048453837242,8.78921187929287,9.19504901804159,9.26845863039838,9.3420387123803,9.04087698393216,8.87277996873842,8.84213264182888
"oan-miR-92a_st",13.2705375277695,13.2907297324071,13.209994507787,13.2549700180874,13.2711303135923,13.2480987908223,13.2768589280195,13.2192987943128,13.1256930107665
"oan-miR-92b_st",10.0535707370567,9.77442709457034,9.80875053138799,9.67459172531893,9.60700746838246,9.60196044944841,9.92874958940305,9.60889555778388,10.0152890449953
"oan-miR-92c_st",4.47918161052529,3.75373051887756,2.48633050094548,3.24331523963375,2.36675985749135,3.17074709729626,3.700043627177,3.64148229433066,3.6762633787991
"oan-miR-96-star_st",1.33901874382857,0.698816029906895,1.05378027196029,1.26442616437186,0.911076067193695,0.808617196027908,0.913072924553037,0.875477792043683,1.11583609748573
"oan-miR-96_st",1.28131703770146,1.07200311704127,1.22960202629405,1.53960010203711,1.56628553300547,1.28131703770146,2.38755455461919,1.20245495892348,1.08889399037087
"oan-miR-98_st",3.17964170922782,4.01659954132838,2.7267909119009,3.10871268056514,1.89465875308054,2.50558967666015,3.11651033589264,3.61656248725803,3.67940178568504
"oan-miR-99-star_st",1.13596870473616,1.3009847252668,0.836358757953178,1.25623392748374,1.55899544231128,1.27708785418975,1.25623392748374,0.934704149732333,1.27708785418975
"oan-miR-99_st",5.63881156722664,4.78781258955395,4.40476740202686,5.04932880345183,3.04466024608417,3.48651087740563,4.58080856685711,3.72734256750028,5.02035830204485
"oar-miR-127_st",1.15695348061009,1.03561842063121,1.15695348061009,1.26916304430975,1.15695348061009,1.78621885012123,1.06770013537023,0.869354662066829,1.15695348061009
"oar-miR-136_st",0.893916708695839,0.73641116241625,0.893916708695839,0.97062205372912,0.708398682554177,1.03999020933183,1.01913628262582,0.868352018730371,0.893916708695839
"oar-miR-431_st",1.15344061456488,0.898607711534137,0.808506201577329,1.03143649322647,0.898607711534137,1.50882803586107,1.03143649322647,1.03143649322647,1.03143649322647
"oar-miR-432_st",1.52854073296985,1.52854073296985,1.37054322659295,1.40302374558623,1.92098191203563,1.52854073296985,1.52854073296985,1.99982434238894,1.74208252142123
"odi-let-7a_st",1.30800780570544,1.63025437316355,1.15695348061009,1.42749120023086,1.40332115903987,1.50891931318467,1.42749120023086,1.2145902736085,1.42749120023086
"odi-let-7b_st",1.40332115903987,1.28131703770146,1.28131703770146,1.47374008503205,1.28131703770146,1.04567267861337,1.2249232013037,1.06076610893096,1.78842667257174
"odi-let-7c_st",3.66731614270312,3.94583497873328,2.15464578878302,2.85546127500398,1.54939465967587,1.55921293832211,3.46971352688532,2.19086595908883,2.48638294731201
"odi-let-7d_st",2.84586289453826,2.33777057649218,2.05623301748018,2.33777057649218,2.41501897225128,1.87563021729213,2.56473659564073,1.91228957945605,2.62698472846377
"odi-miR-124a_st",0.655242529295338,1.43038452679228,1.2006717430963,1.22324281412999,0.86507978847128,1.15695348061009,1.48922685109841,1.6780632857309,0.909484706820527
"odi-miR-124b_st",1.07200311704127,1.05046992975554,1.07200311704127,1.06375809850573,1.17929883902182,1.07200311704127,1.14112626802713,1.07200311704127,0.991234680877192
"odi-miR-1468_st",1.10866556343929,1.08713237615356,1.00570426319975,1.36178442169646,1.12001356230896,1.39937955420581,1.12001356230896,1.4454228202844,1.12001356230896
"odi-miR-1469_st",2.86309796449823,1.57256334576207,1.79027357140273,1.79027357140273,1.55462921231464,1.79027357140273,2.84618070885504,1.89808343630525,1.53690434878619
"odi-miR-1470_st",0.97155824088521,0.848885982825917,1.03143649322647,1.2384620094385,0.950668057062392,1.03105219181961,1.56447175349028,1.27994539601411,0.951157933849857
"odi-miR-1471_st",0.791491979734817,0.938104498117637,0.950668057062392,0.913072924553037,0.950668057062392,0.950668057062392,0.977375339764336,1.07200311704127,1.40236507879769
"odi-miR-1472_st",1.19803292856412,0.993351182433964,0.664613366893452,1.23528069149348,0.90712475960302,1.05701634675296,1.05701634675296,1.21960104134175,1.30702003278687
"odi-miR-1473_st",0.893916708695839,0.893916708695839,0.893916708695839,1.091957113708,0.891864628465957,0.893916708695839,0.972290272372705,1.1080278804982,0.759638797291049
"odi-miR-1474_st",1.51145655469563,1.05061565259932,0.880120789152887,1.06906745508592,0.836358757953178,0.977375339764336,0.977375339764336,1.18013851269702,0.871027050073765
"odi-miR-1475_st",1.281986099061,1.23759415188611,0.950668057062392,0.950668057062392,0.950668057062392,0.935927351612277,0.950668057062392,0.822917903298066,0.950668057062392
"odi-miR-1476-3p_st",0.977375339764336,1.00127221084139,1.29418374142757,0.841852957253819,0.977375339764336,0.836358757953178,0.977375339764336,1.16143351109402,0.869239944108582
"odi-miR-1476-5p_st",0.613735078340756,1.22737902579825,0.977375339764336,0.939780207254982,1.15002681402651,0.755377015031253,0.977375339764336,1.22121243835977,0.95362450863651
"odi-miR-1477_st",1.10866556343929,1.2006717430963,0.949166808772057,1.03143649322647,1.03143649322647,1.07353036586342,0.977375339764336,0.85979830262501,0.954716532564341
"odi-miR-1478_st",1.10866556343929,1.03912193088587,0.576626880327091,1.26442616437186,1.07200311704127,1.07200311704127,1.35969060137833,0.981793039393619,1.07200311704127
"odi-miR-1479_st",1.11288564534597,1.05943955809652,1.07200311704127,1.03951962113509,1.15343122999508,1.05701634675296,1.07200311704127,1.07429278281381,0.8656109969709
"odi-miR-1480_st",0.918614995598759,0.797134212776097,0.828606866186438,0.820361847650896,0.820361847650896,0.728669732329309,0.92302691655246,1.02048068376012,0.820361847650896
"odi-miR-1481_st",0.950857688195217,0.950668057062392,1.35160614763246,0.897868202268274,1.2455132837958,1.2105895658213,0.848192619293653,1.04548546547215,0.792860181818317
"odi-miR-1482_st",0.857891945238911,0.950668057062392,1.26303237681261,0.913072924553037,1.07200311704127,0.836358757953178,0.977375339764336,0.847368277257563,0.950668057062392
"odi-miR-1483-3p_st",0.857891945238911,0.950668057062392,0.791732571195031,0.950668057062392,0.950668057062392,0.950668057062392,0.963231616007147,1.19450515565782,0.950668057062392
"odi-miR-1483-5p_st",0.646309652459441,0.974730123371013,0.805494873501183,0.937134990861659,0.860420824261799,1.05046992975554,1.02764087228504,0.778985660810971,0.860420824261799
"odi-miR-1484_st",1.40667340270303,1.27828854058897,1.27895760194851,1.11935834810074,1.15695348061009,1.15695348061009,1.11332292294855,1.15695348061009,1.40332115903987
"odi-miR-1485_st",1.2006717430963,1.78778694489383,1.2006717430963,1.2006717430963,1.07933668311742,1.22625159662279,1.33123900667742,1.34325889966353,1.2006717430963
"odi-miR-1486_st",1.02508964338455,0.558132606325635,0.784125466036466,0.853200033407232,1.18617994527324,0.836358757953178,0.977375339764336,0.836358757953178,0.759638797291049
"odi-miR-1487_st",1.34255242873043,0.8867188920848,0.967487328248879,0.815270976519067,0.939688021619103,0.836358757953178,1.20388890787826,0.8867188920848,1.17969214266514
"odi-miR-1489_st",1.23066968477771,1.07267217840081,1.07267217840081,0.721204427577728,1.40332115903987,1.0576854081125,1.32188629437166,0.901033987799345,1.07200311704127
"odi-miR-1490a_st",1.264803018591,1.05701634675296,0.86598708698162,1.05701634675296,0.671889505985934,1.05701634675296,1.20810352970968,1.05701634675296,0.975588233799154
"odi-miR-1490b_st",1.03668825786251,1.25706557949406,1.59768257684667,1.2645399010761,1.15695348061009,1.15695348061009,1.15695348061009,0.913072924553037,0.624914797497892
"odi-miR-1491_st",1.03159754645172,1.29602543705933,1.1189815830439,0.977375339764336,1.40332115903987,1.5742902882818,0.977375339764336,1.07200311704127,0.950668057062392
"odi-miR-1492_st",1.40427564182687,0.965173378495206,1.21554475639549,1.26960590985763,1.28131703770146,1.40332115903987,0.992248353063529,1.22946328690769,1.12815038921553
"odi-miR-1493_st",1.1754157447765,1.14870846207455,0.77466728533925,1.15164177466149,1.14870846207455,0.950668057062392,1.23693940239249,1.12407557061854,0.990710955697651
"odi-miR-1494_st",0.906058671681481,1.07200311704127,0.950668057062392,1.15277155320535,1.54939465967587,1.07200311704127,1.10055964421233,0.65633901748622,1.07200311704127
"odi-miR-1495_st",1.35136910893812,0.991234680877192,1.31821831597631,1.07200311704127,0.991234680877192,0.847702426092773,0.748974721361005,1.17717940429679,1.07200311704127
"odi-miR-1496_st",0.917980983688806,1.2006717430963,0.950668057062392,1.2918103612413,1.24100937936907,0.904492831329361,0.948036128788733,0.835056928250523,0.964574300367504
"odi-miR-1497a_st",2.83165675138746,3.65441236207439,1.81728886287439,2.87842394792543,3.6477191066184,2.5452822457254,2.83165675138746,2.83165675138746,2.7267909119009
"odi-miR-1497b_st",2.30394301557545,3.08588435105128,1.2145902736085,2.439166235033,2.439166235033,3.34559350904753,2.439166235033,2.7319427119343,2.439166235033
"odi-miR-1497c_st",3.05704131584626,3.35468802998447,2.22523377052883,3.35468802998447,4.27264008280258,2.32352171386818,3.5988533704002,3.35468802998447,3.35468802998447
"odi-miR-1497d_st",4.29554270981774,5.4463640311756,4.11205592506058,5.49126786911948,4.642801885327,5.02361214777069,4.34252657851134,5.07470163363174,4.23182549983134
"odi-miR-1497e_st",2.24143243222159,3.59707515973292,1.61210394051259,2.53577115711782,0.939180982210538,2.83686938039452,2.53577115711782,1.57683983992328,3.18466382074808
"odi-miR-1497f_st",1.65289794989897,1.57329153075292,1.04009682316494,2.3544135113165,1.82666075336946,1.82666075336946,2.16959812995673,2.14112348213435,1.97273425400545
"odi-miR-1497g_st",1.07200311704127,1.82335819429224,1.1666308943182,1.22776371797383,1.07200311704127,1.51731355429791,0.646057297765732,1.07200311704127,0.821778016526445
"odi-miR-1497h_st",5.43893190657162,6.30526982687294,4.94198272384209,6.03621286029805,5.67826549777345,6.28422877043931,4.83797607523681,5.67826549777345,5.67826549777345
"odi-miR-1498_st",1.14870846207455,1.75434809383291,1.09952403050149,1.14870846207455,0.907744284726464,1.14870846207455,1.43726357007667,0.819920999910296,1.07200311704127
"odi-miR-1499_st",1.23922316506451,1.72873041701531,1.72873041701531,1.72873041701531,1.76632554952466,1.68268715093672,1.99276687913074,1.61036684834187,1.89796566688514
"odi-miR-1500_st",0.879425132524645,0.857891945238911,0.73641116241625,0.640401753494029,0.952519722515845,0.836358757953178,1.14644705324103,0.677872204771954,1.07200311704127
"odi-miR-1501_st",0.986199412350866,1.084954040799,1.02722767925189,1.14870846207455,1.16559933540416,1.84008790826128,1.35969060137833,0.899497302774752,0.945945289141863
"odi-miR-1502_st",1.22620815964725,0.73641116241625,0.823378112631001,0.751930197065268,0.73641116241625,1.17455894296092,0.961246897959606,0.762206431145558,0.789400648343192
"odi-miR-1503_st",1.79139301815412,1.40079057920553,1.22412881706874,1.40079057920553,1.28858101550587,1.37689370812847,1.40079057920553,1.40079057920553,1.40079057920553
"odi-miR-1504_st",1.6983707486818,2.16096636576434,1.758428599225,1.80226157966946,1.74462478667105,1.7860032747994,1.63816337647742,1.80226157966946,1.84092654941011
"odi-miR-1505_st",1.28131703770146,1.4713661431952,0.743232123299663,1.28131703770146,1.28131703770146,1.44985227715582,1.28131703770146,1.2145902736085,1.28131703770146
"odi-miR-1506_st",0.868307977192524,0.752627652050232,1.52854073296985,0.950668057062392,1.21718544431665,0.958913075597933,0.91992082856656,0.878337342219303,0.869239944108582
"odi-miR-1a_st",1.65706161913995,1.66143991791043,0.863840256635644,0.805485729787015,0.766978583305025,1.31311368889674,1.23347268190811,1.16917026669681,1.29027495390293
"odi-miR-1b_st",1.08329930974275,1.29602543705933,1.09464730861242,1.14870846207455,1.46969580498636,1.17428831560104,1.09464730861242,0.859011771090904,0.87691076613913
"odi-miR-1c_st",0.857891945238911,1.24816146378551,0.942319820907108,1.24333623935148,0.995288950441411,1.07200311704127,1.07200311704127,1.21188640135729,0.925606178309061
"odi-miR-219_st",1.10055964421233,1.10055964421233,1.32651040765179,1.05999302039753,1.10055964421233,0.967267152951479,1.10055964421233,1.42934710637659,1.07200311704127
"odi-miR-281_st",0.820296812729557,0.913072924553037,0.913072924553037,0.993841360717116,0.913072924553037,0.913072924553037,0.945954110708442,0.913072924553037,1.16307661058695
"odi-miR-31_st",12.0624137982286,11.624819271605,11.6843057668125,11.6342980586147,11.7045898709252,11.6173162120632,12.1715409461684,11.9670632776436,11.7730627578557
"odi-miR-7_st",0.869239944108582,0.6517497523637,0.869239944108582,0.869239944108582,0.869239944108582,0.935966708201544,1.11190764308201,0.792534599075301,0.869239944108582
"odi-miR-92a_st",8.50988238215309,8.18984889417656,7.98088152068805,8.17226470014779,8.13086742347163,7.99493746533617,8.4051697083867,8.01096719987004,8.18603747549386
"odi-miR-92b_st",2.71870086594638,2.65413411796468,2.2781317619474,3.16266957883644,2.21266161374993,2.40979620918309,2.86972475506837,2.66737596395259,2.48390523044365
"ola-miR-430a_st",0.913072924553037,1.0847111151545,1.11583609748573,0.66270154665275,0.870454220508356,0.836358757953178,0.913072924553037,0.913072924553037,1.23172302184803
"ola-miR-430b_st",1.01915309276566,0.935738733447833,1.21078687593538,1.52078495167844,1.15695348061009,1.22994309179257,1.06584509781721,1.56502448843414,1.72009908271634
"ola-miR-430c_st",1.37093080630977,1.22455208520503,1.33387704854017,1.03143649322647,1.14897908943442,1.24892668497135,1.32730024864822,1.57771414713561,1.24892668497135
"ola-miR-430d_st",1.22297486254851,0.850720461525464,0.783389628418875,0.919795028896229,0.950668057062392,1.28131703770146,1.49953494918346,1.05825525182841,0.950668057062392
"osa-miR1317-3p_st",0.855371218425923,1.30880713875205,0.986661442100878,0.829620225182829,1.32517717539045,1.11721904372609,0.977375339764337,0.822890004149921,1.17402131572091
"osa-miR1317-5p.2_st",0.977375339764336,0.654161912255259,0.584726009176421,0.759638797291049,0.73641116241625,0.94741519993543,1.0126686858113,0.584726009176421,0.759638797291049
"osa-miR1317-5p_st",1.01365254617148,1.45178603799189,1.23154497821645,1.10712793311642,1.26442616437186,1.40332115903987,1.2080323279741,1.72545412935635,1.26442616437186
"osa-miR1318_st",1.44550858861221,1.29602543705933,0.905613546177335,1.35203121588339,1.04264418150088,1.26330177030066,0.966904375116356,1.084622765767,1.07552536765628
"osa-miR1319_st",0.980294421464757,1.2006717430963,1.10491940617028,0.943261412956894,1.15987256231051,1.05684138172613,1.10055964421233,1.2145902736085,1.08116857504245
"osa-miR1320-3p_st",1.23922316506451,1.2063419789091,1.23922316506451,1.31603916252221,1.10214318910507,1.23922316506451,1.2595281540962,1.29685995806291,1.36259815645683
"osa-miR1320_st",1.00256721396243,0.972055521504342,1.09647256660438,1.12576264351969,1.07200311704127,1.07200311704127,1.10055964421233,0.98921503620292,0.995283156379141
"osa-miR1423-5p.2_st",1.093536304327,0.871884280932045,1.07200311704127,0.759281753488241,1.07200311704127,1.40332115903987,0.884975744120284,1.07200311704127,1.22060719751161
"osa-miR1423_st",0.918945093074049,1.24197348875431,0.816280024172485,1.07200311704127,1.07200311704127,1.07200311704127,1.01560928064351,1.40079057920553,1.07200311704127
"osa-miR1423b_st",1.26288180957357,1.1149920491875,0.913855043425332,0.990575004087461,0.990575004087461,1.21123259288725,0.828378454969573,0.990575004087461,0.869239944108582
"osa-miR1424_st",1.10055964421233,1.10055964421233,1.08585124485447,1.06296451170298,1.30684506776004,1.10055964421233,1.48287490582633,1.07200311704127,1.20785536619288
"osa-miR1425_st",0.836358757953178,0.836358757953178,0.824421739338788,0.667123508083348,0.646309652459441,0.950668057062392,0.836358757953178,0.913072924553037,1.07200311704127
"osa-miR1426_st",0.857891945238911,0.781647118016917,1.05348458412517,0.820858936731048,1.01682213772714,1.15695348061009,0.848300022982194,0.857891945238911,0.857891945238911
"osa-miR1427_st",5.52157170731038,5.49072762469352,5.47469156822412,5.88833688768579,5.86111138124778,5.8150164578387,4.95908110693801,5.65240021148077,5.31086972842347
"osa-miR1428a-3p_st",1.35353246417372,1.26638950211418,1.3006217152597,0.978525744312448,0.950668057062392,1.18631241615048,1.18631241615048,1.18631241615048,0.926580538524397
"osa-miR1428a-5p_st",0.748974721361005,0.923226970811246,0.589138105369044,0.950668057062392,0.950668057062392,0.842979031438523,1.08918364723683,1.40079057920553,0.950668057062392
"osa-miR1428b_st",0.827483752614393,0.893110106319731,0.950668057062392,0.89231003216861,1.13103637637786,1.00706189346015,1.24574197148771,1.35977260088388,0.721809207602468
"osa-miR1428c_st",0.748974721361005,0.869239944108582,0.869239944108582,0.828673320293782,0.836358757953178,1.0405179479112,1.10055964421233,0.990575004087461,0.666476771175895
"osa-miR1428d_st",1.02723745048548,1.08258118374447,0.895947226810527,1.0020643151432,1.07200311704127,1.03886292125826,0.982469084860504,1.24265712121843,0.787811831154773
"osa-miR1428e-3p_st",0.827126554350933,0.836358757953178,1.08291339186203,0.957693817932056,1.10376731856805,0.957693817932056,0.654932303104517,1.10376731856805,0.957693817932056
"osa-miR1428e-5p_st",1.17725846964179,1.09661317503663,1.17725846964179,1.29673201114585,1.17725846964179,1.15695348061009,1.20210423386892,1.29673201114585,0.967367801902047
"osa-miR1428f-5p_st",0.953478468687285,1.07200311704127,1.08476869236224,0.697722255484201,1.14273402324115,1.04810624596422,0.884008042772186,1.04810624596422,0.845343073031531
"osa-miR1428g-5p_st",0.898866308510948,1.43462800990075,0.838295112246338,0.913072924553037,1.55039420156153,1.14265351684929,1.10055964421233,1.06296451170298,0.952604411355552
"osa-miR1429-3p_st",0.748083757217053,1.05825525182841,1.18377223921204,0.913072924553037,1.17959031180729,1.05051382174147,1.08496253453036,1.05825525182841,1.05825525182841
"osa-miR1429-5p_st",1.05814377592841,0.682567586888381,0.977375339764336,1.22947689823863,0.988817789181789,1.17750999386246,0.950008380272661,1.07200311704127,1.06938151942134
"osa-miR1430_st",1.00236844883398,0.643861675277941,1.28131703770146,1.01259662185166,0.817518886578368,0.974878347783388,0.693909166724527,0.836904161685981,0.894233053178228
"osa-miR1431_st",1.14394893687263,1.27450653849785,1.39651065983626,1.67703972251491,1.58467803310921,1.05701634675296,1.27450653849785,1.29536046520386,1.27450653849785
"osa-miR1432_st",1.40332115903987,1.08698988732958,0.963867721385516,1.16369523236286,0.930986535230111,1.07200311704127,1.07200311704127,1.11310309486847,0.904783069018034
"osa-miR1433_st",1.23922316506451,1.23922316506451,1.64953635797491,1.62630714958774,1.07200311704127,1.15695348061009,1.27777458703271,0.76552891997328,1.47882894970032
"osa-miR1435_st",1.06789004275429,1.32273271976127,1.05093867814237,0.977375339764337,1.10998391539125,1.15695348061009,0.806042217454122,0.818445147276104,0.977375339764337
"osa-miR1436_st",4.22669541125438,2.40515260780757,2.37833407228103,2.7319427119343,3.84808414341216,2.60376872847954,4.02907785779062,4.44265351361872,3.21219334791008
"osa-miR1437_st",0.981612774474222,1.17166187996796,1.15695348061009,0.944570241217539,1.25689061446722,1.15695348061009,1.15695348061009,1.15695348061009,1.15695348061009
"osa-miR1438_st",0.6028859705819,1.10959824955062,1.07200311704127,0.679600137181759,1.28131703770146,1.07200311704127,1.07200311704127,1.07200311704127,1.04529583433933
"osa-miR1439_st",1.2503502546604,1.29260482561891,0.94490475046071,1.33397441524421,0.850017897775904,0.744541012740114,1.52854073296985,0.744541012740114,0.96343305868466
"osa-miR1440_st",0.841078327538479,1.18631241615048,1.07200311704127,1.01599111565311,0.874452347341362,0.964314091417401,1.62515576392892,1.07200311704127,1.07200311704127
"osa-miR1441_st",0.836358757953178,0.836358757953178,1.52854073296985,0.759129687740356,0.799696311555156,0.836358757953178,0.966916359578392,0.779029866460931,0.836358757953178
"osa-miR1442_st",1.15695348061009,1.2006717430963,1.33049802859765,1.15695348061009,1.13542029332436,1.15695348061009,1.57933453892111,1.07809140183211,1.40332115903987
"osa-miR156a_st",1.66245211620587,1.95062183377882,1.35969060137833,1.17220388171903,1.46698632335887,1.35969060137833,1.35969060137833,1.33113407420726,1.35969060137833
"osa-miR156b_st",1.20436909713556,1.94040163667348,1.59978429743989,1.83005808202531,2.13808152671128,1.61234785638465,1.61234785638465,1.2145902736085,2.22450796864683
"osa-miR156c_st",1.98594419473114,2.09001356985433,1.66160422337553,1.66160422337553,2.07877060311681,1.66160422337553,1.23922316506451,1.40079057920553,1.66160422337553
"osa-miR156d_st",2.53280365165146,1.72873041701531,1.88672792339221,1.88672792339221,1.76150834946223,1.90758185009822,1.59741035548686,2.1612056634433,2.07408779701224
"osa-miR156e_st",1.5221298399462,2.17336891991304,1.2145902736085,2.21134866359495,1.23094280367043,1.5221298399462,1.35078348153012,2.71944098164103,1.79961849699366
"osa-miR156f_st",1.68268715093672,2.33967146418211,1.12616477126466,1.53715955792258,2.38423026290585,2.99281171793954,1.37992563610918,2.55543548370455,1.68268715093672
"osa-miR156g_st",1.84863159629651,2.28307571377215,1.25713699349502,1.87383459560386,1.69762155273749,1.73417185643427,1.236283066789,1.60586443097164,1.7180739946713
"osa-miR156h_st",1.84863159629651,2.92294883106139,1.70353126852668,2.63546918082109,1.84863159629651,1.84863159629651,1.66160422337553,1.79659074395399,1.35818093902677
"osa-miR156i_st",1.46834464182374,1.51696139678955,1.31419822385687,2.52620164659423,1.28131703770146,1.28473808014832,1.26013707039473,1.07200311704127,1.31419822385687
"osa-miR156j_st",1.33301281952608,1.23329878007292,1.51290181066411,2.23179662897449,1.63176088138648,0.836358757953178,1.23329878007292,1.23329878007292,1.15187066711911
"osa-miR156k_st",1.62851826915699,1.40450134214946,0.959543062401176,1.27397119761962,1.04018835700634,0.823848675476481,1.10055964421233,1.16718206018844,1.07385236151039
"osa-miR156l_st",0.858575868178538,1.21201974196597,0.893916708695839,1.141037640044,0.851345528241485,0.836358757953178,0.858575868178538,1.17969214266514,0.772448970855746
"osa-miR159a.1_st",1.05187765658437,1.03034446929864,0.978884261017528,0.847269184611627,0.950668057062392,0.728669732329309,0.977375339764336,0.901675843243609,1.00834440472608
"osa-miR159a.2_st",1.23922316506451,0.89050024848494,1.23922316506451,1.62090242237555,1.02990924440432,1.54939465967587,1.5277575024567,1.23922316506451,1.09663600849728
"osa-miR159b_st",1.23922316506451,0.741730980676244,0.836358757953178,1.35905459707539,1.15695348061009,0.642827353335096,1.14459538778757,0.779029866460931,0.856040279785458
"osa-miR159c_st",1.11462585230573,0.917786870906987,0.950668057062392,0.820561901909682,0.751125998830844,0.950668057062392,1.10055964421233,0.913072924553037,1.07200311704127
"osa-miR159d_st",0.857891945238911,1.07200311704127,0.853791067732408,0.525383891047476,0.950668057062392,0.950668057062392,1.05333312596396,1.40079057920553,0.759638797291049
"osa-miR159e_st",0.857110117016759,0.964811780819581,1.3260982563439,1.02721123052769,1.03376917616209,1.03376917616209,0.977375339764336,0.977375339764336,0.950668057062392
"osa-miR159f_st",0.828962214371612,0.802254931669668,0.990567953590441,0.805485729787015,0.982163267495164,1.03912193088587,0.767644712438319,1.07200311704127,1.07200311704127
"osa-miR160a_st",1.05701634675296,0.726400567332836,1.03143649322647,1.75944628905061,1.04445278780821,1.05701634675296,1.2242363947762,0.779029866460931,1.07200311704127
"osa-miR160b_st",1.09723805307998,1.28421655236677,1.29179881026499,1.26857117539019,1.26857117539019,1.15695348061009,1.96913305005476,1.26857117539019,1.16380603324399
"osa-miR160c_st",1.27082243775198,1.02889644390554,1.2145902736085,1.29602543705933,1.62734347905793,1.29602543705933,1.67324833082637,1.53355506039597,1.29602543705933
"osa-miR160d_st",1.48985659010543,1.07200311704127,1.46877366254423,1.46877366254423,1.88594004228551,2.12351809250375,1.75729372781647,1.95748341186193,1.07200311704127
"osa-miR160e_st",0.878220125293712,1.59759178988421,1.10866556343929,1.40079057920553,1.50808630118607,1.54769032914987,1.40079057920553,0.923399036570929,1.40079057920553
"osa-miR160f_st",0.972201244348125,0.950668057062392,1.16477922886475,0.919068784374921,1.37409314952494,0.950668057062392,0.950668057062392,0.950668057062392,0.669402992150571
"osa-miR162a_st",0.763948090901604,1.13069474906808,0.65903380994699,1.14870846207455,1.08697648658187,1.63958264581905,1.08697648658187,1.1816042638588,0.869239944108582
"osa-miR162b_st",0.728579336913854,0.818680846870663,0.836358757953178,1.17691150674324,1.00357880597641,0.918628442407591,0.918628442407591,0.918628442407591,1.14965230661241
"osa-miR164a_st",1.9030359388716,1.67897794956562,1.24185509333816,1.12413582708201,1.04965775862955,1.28131703770146,1.69814240067567,1.09767996375592,1.72197125633486
"osa-miR164b_st",1.64233024934624,1.08974001351163,1.13455937135762,1.39344386283894,0.885318742765805,1.28131703770146,1.94829939455309,1.78840374998223,1.55676739349982
"osa-miR164c_st",1.1754157447765,1.77133193576508,1.37163875372369,0.946354587708777,0.983949720218132,0.715891321639357,1.23922316506451,1.1111133295652,1.07200311704127
"osa-miR164d_st",1.73800505854423,1.30854809286442,1.35160614763246,1.77502138707365,1.54939465967587,1.01657359981296,1.52854073296985,1.28465122178737,1.25724066388783
"osa-miR164e_st",1.55335729615886,1.31834577342379,1.63213148339395,1.26442616437186,1.28209985605011,2.12737888365629,1.61696942620711,1.5493434025556,1.2006717430963
"osa-miR164f_st",1.47654511226684,1.27137790875572,1.7944588703607,1.25648702281742,1.10140753704268,1.84863159629651,1.35969060137833,1.42557241291227,2.12351809250375
"osa-miR166a_st",2.27550217211442,2.01033166085215,2.43127919299803,1.87846618461575,2.74556622571291,2.56984089701064,2.51822921659684,2.24786128418879,2.12351809250375
"osa-miR166b_st",2.52867469375862,1.39541904624732,1.59928642091461,1.61312927188798,2.89756756727206,2.04264794231598,1.76075248661632,1.75822190678197,2.21649157727076
"osa-miR166c_st",1.84863159629651,1.11749049651798,2.81928327813604,1.74393701833838,1.89808343630525,2.03606684651842,2.10254730656352,1.8955528564709,2.28159559646967
"osa-miR166d_st",2.31258453736372,1.20921665397303,1.67528894820899,1.7868333192043,2.104864271009,1.81664067450162,2.36109590347416,1.63218552967965,1.7868333192043
"osa-miR166e_st",2.71870086594638,1.57329153075292,1.17118280238943,1.93107391698692,1.82892719184125,1.49827821120218,1.90730075551812,1.89808343630525,1.7868333192043
"osa-miR166f_st",2.26612806438322,1.69439606323876,1.67855981275547,1.87363754802876,1.36898680526333,2.12351809250375,1.71144099891087,2.31755130661574,1.87363754802876
"osa-miR166g_st",1.17628746613482,1.01828995975792,1.41032270322663,0.985063870632771,1.22457538330562,1.14224508125223,1.30684506776004,1.2145902736085,1.07200311704127
"osa-miR166h_st",1.17834833557164,1.05567607751235,1.10866556343929,1.16384654275342,1.10866556343929,0.975994461205868,1.31749096899837,1.02980348466131,1.24773751988853
"osa-miR166i_st",0.915220836731158,0.703529976260845,0.826329392926399,0.805485729787015,1.76021392834381,1.21428237210234,1.06767845805693,0.779029866460931,0.740374601445303
"osa-miR166j_st",0.950668057062392,0.809651475251233,1.25460975499952,1.05814074082416,0.950668057062392,1.01648996535349,0.950668057062392,0.805734114058616,0.950668057062392
"osa-miR166k_st",1.11055453900948,1.07200311704127,0.857746222395128,1.07200311704127,1.12029103421207,1.68268715093672,0.939533640722945,0.747128479193248,0.880973857269927
"osa-miR166l_st",0.984619080449097,0.821999431007361,0.988544485972772,1.24333623935148,1.07200311704127,1.25158125788703,1.49109044589464,1.39267668195393,0.950668057062392
"osa-miR166m_st",0.977375339764336,1.07200311704127,1.4702557117415,0.913072924553037,1.25158125788703,1.15264841164643,1.52854073296985,0.750966794763154,1.29305835896172
"osa-miR166n_st",1.50060294673914,1.40321692258953,1.92654876601468,2.07317975272117,1.28783689744405,2.07262226665067,1.92654876601468,2.07317975272117,1.92893915493855
"osa-miR167a-star_st",0.959751443432073,0.978109143313537,0.978109143313537,0.978109143313537,0.818933065985963,0.950668057062392,1.52744285275578,0.685653758990955,1.12671322378388
"osa-miR167a_st",0.977375339764336,0.713453123218229,1.22031592395751,1.16033881737505,1.18013851269702,1.07732293530126,1.00200823122034,0.977375339764336,0.819377833387436
"osa-miR167b_st",1.10866556343929,1.06497735617161,0.873948096400263,0.590606652874263,0.950668057062392,0.950668057062392,1.09168463887355,1.02738222366225,0.950668057062392
"osa-miR167c_st",1.10501140169573,1.05314702338868,0.971718910434874,1.02090334200794,0.646309652459441,1.15695348061009,1.26027401843699,0.971718910434874,0.86211776361734
"osa-miR167d_st",0.977375339764336,1.01655691909336,0.997174266220585,0.828673320293782,1.0365183727521,0.704718881898003,0.869239944108582,0.864880182150639,0.757030380408923
"osa-miR167e_st",0.710063866781008,1.07200311704127,1.04529230107658,0.869239944108582,0.736519730107092,1.34507125202303,0.869239944108582,1.07200311704127,0.869239944108582
"osa-miR167f_st",0.857891945238911,1.00380098006728,0.892306852296782,0.857891945238911,0.643635050592769,0.857891945238911,0.857891945238911,0.857891945238911,0.771765047916119
"osa-miR167g_st",1.40332115903987,1.00871508511199,1.06538284355593,0.913072924553037,0.944047783577047,0.836358757953178,1.13153450323634,0.657121688753326,0.693822683062222
"osa-miR167h_st",0.701381713536488,1.28626001168741,1.27814950577709,1.32733393735016,0.950668057062392,1.08349683875472,1.19163223441048,0.924566646266492,1.08349683875472
"osa-miR167i_st",1.16136495987482,1.38466136320678,0.869239944108582,1.16136495987482,1.07200311704127,1.03125880472211,1.16136495987482,1.29772937470849,1.44633345517883
"osa-miR167j_st",0.916064618183876,0.977375339764336,1.26856237604011,0.876196560844337,0.889357335481932,0.755377015031253,1.15824142214258,1.45555445095659,0.869239944108582
"osa-miR168a-3p_st",1.44726148306125,1.02731728317653,1.28131703770146,1.12238684521323,1.58525873563858,1.32525736172284,0.950251350396565,1.48150672174692,1.13281794511753
"osa-miR168a_st",0.977375339764336,0.838164910126272,0.61834637970771,0.939780207254982,0.977375339764336,1.19803292856412,0.977375339764336,0.913324343928898,1.4022152901802
"osa-miR168b_st",1.06956944401792,1.32692385232314,1.15695348061009,1.46930318473147,1.15695348061009,1.15695348061009,1.15695348061009,0.99802328812186,1.4882715226087
"osa-miR169a_st",1.10866556343929,1.15695348061009,1.15695348061009,1.26442616437186,1.15695348061009,1.15695348061009,0.967249422312553,1.09265106539879,1.17166187996796
"osa-miR169b_st",0.977375339764336,0.950668057062392,0.913072924553037,0.879172904912614,0.836358757953178,0.791425864746159,1.07732293530126,0.913072924553037,1.51179952716651
"osa-miR169c_st",1.39265729232649,0.950668057062392,0.798763625443823,0.875477792043683,1.14628961389671,0.695582732808155,0.869239944108582,1.07200311704127,0.748974930577669
"osa-miR169d_st",1.1236523337276,1.18631241615048,1.40332115903987,1.07200311704127,0.972055521504342,1.06200016884312,1.20257038062239,1.07200311704127,0.664618490974466
"osa-miR169e_st",0.977375339764336,0.977375339764336,1.03143649322647,0.939780207254982,1.15695348061009,0.977375339764336,0.977375339764336,1.40079057920553,0.869239944108582
"osa-miR169f_st",0.977375339764336,0.913072924553037,0.646309652459441,0.811773062394374,0.950668057062392,0.616580219695413,0.869239944108582,0.913072924553037,1.14871728364113
"osa-miR169g_st",0.948794401808803,0.948794401808803,0.818189239618246,0.948794401808803,1.4667525682582,0.871978404351096,0.848682302924837,0.65633901748622,0.950668057062392
"osa-miR169h_st",0.907904913849237,1.07200311704127,1.08592164755347,1.22543724430326,1.07200311704127,1.17835140673184,1.30793902439221,1.07200311704127,1.07200311704127
"osa-miR169i_st",1.28893420155392,0.929902774887051,0.962783961042456,0.805485729787015,1.20666451709951,0.962783961042456,0.962783961042456,1.05741173831939,0.962783961042456
"osa-miR169j_st",1.15021011529394,0.950668057062392,0.991247677496308,0.765296914056853,0.950668057062392,1.04716470667688,0.869239944108582,1.03181430131111,0.856135446905542
"osa-miR169k_st",0.885387098991755,0.980014876268689,0.851698961148774,1.79027357140273,1.0499784695492,0.863853911706022,1.00741606924705,0.965028105980382,0.714803005465557
"osa-miR169l_st",1.093536304327,1.03453266576335,1.09523075191607,1.03453266576335,1.07200311704127,1.15695348061009,1.04480889984364,1.07200311704127,1.07200311704127
"osa-miR169m_st",0.917846525779083,0.896313338493349,0.896313338493349,0.896313338493349,0.896313338493349,0.896313338493349,1.15712698266335,0.896313338493349,1.2006717430963
"osa-miR169n_st",0.950668057062392,1.18967714736876,2.09568003126631,0.825151069678769,0.929134869776658,0.950668057062392,0.950668057062392,0.806724634862466,1.0320961700162
"osa-miR169o_st",0.857891945238911,0.769292348571654,0.64742509337936,1.06431767938187,0.869239944108582,1.1898346667655,0.897796471279647,0.697601753507122,0.869239944108582
"osa-miR169p_st",0.760618951568655,0.950668057062392,0.897698927528089,0.950668057062392,0.950668057062392,0.950668057062392,1.35910491596072,1.2145902736085,0.869239944108582
"osa-miR169q_st",1.10866556343929,1.33796928756565,1.1900936763931,1.45243979589185,1.06262229736071,1.10866556343929,1.1332984548953,1.10866556343929,1.10866556343929
"osa-miR171a_st",1.01153145889514,1.07200311704127,0.722976350893027,1.6249417769775,1.13872988113423,1.07200311704127,1.07200311704127,1.40680750310864,0.990575004087461
"osa-miR171b_st",0.977375339764336,0.967682071950914,1.17033148789449,1.03143649322647,1.22246575299781,1.09816325731943,1.02077241729643,1.03143649322647,1.03143649322647
"osa-miR171c_st",0.857891945238911,0.966663446273035,1.35077231721607,1.22096323955444,1.18092034091918,1.265870704488,1.20947686809024,1.72306313384595,1.18092034091918
"osa-miR171d_st",0.977375339764336,1.16400929669828,1.26759575592752,1.07200311704127,0.73641116241625,0.995288950441411,0.789541345175805,1.17792782721048,1.15343122999508
"osa-miR171e_st",1.03116348390487,0.950668057062392,0.950668057062392,0.805485729787015,0.950668057062392,0.97951426721854,1.52854073296985,0.994501037506847,0.853877083809555
"osa-miR171f_st",1.05860695211774,1.14870846207455,1.14870846207455,1.14870846207455,1.28131703770146,1.16979138963575,1.03467783267839,1.51806254805361,0.852162967298227
"osa-miR171g_st",2.52281925805123,2.09985138486431,1.2145902736085,1.76575566681401,1.70433990906562,1.78660959352003,1.89881915721969,1.67440002982037,2.24852346264826
"osa-miR171h_st",0.813277136572304,0.977375339764336,1.07200311704127,1.26921773188438,1.21689613386345,1.1414733337397,0.813277136572304,0.945997350573794,1.01497047227369
"osa-miR171i_st",0.857891945238911,1.06688015785387,1.44777742182923,0.829529016331802,0.976778647897065,0.876841514039936,1.35969060137833,1.09908864519985,1.33718664629666
"osa-miR172a_st",0.931850086310908,1.2006717430963,1.02903355249484,1.28144017926038,1.02903355249484,1.17821547659476,0.998978407394913,0.992221238334135,0.94838825788968
"osa-miR172b_st",1.5310369597944,1.5310369597944,1.44389399773486,1.42310136663696,1.87555276829073,1.27023596788328,1.78932002413005,1.6771104604304,1.58783923178922
"osa-miR172c_st",1.12255766703971,0.762363738609398,0.784999527785652,0.950668057062392,1.28547244312976,0.950668057062392,1.10055964421233,0.950668057062392,0.686745840516285
"osa-miR172d_st",1.03143649322647,1.25473289655843,1.03143649322647,1.03143649322647,0.906216919296493,1.03143649322647,1.03143649322647,1.07200311704127,1.14574579233568
"osa-miR1846a-3p_st",1.74232283537268,1.70566038897466,1.246832778595,1.89808343630525,2.32026055637752,2.12351809250375,2.87922889034964,1.89808343630525,1.29602543705933
"osa-miR1846a-5p_st",8.01316288918923,7.28490382618498,7.21593473004029,7.36539392501911,7.83438318693237,7.63132198069813,7.68371925522501,7.6344646044582,7.51695124693914
"osa-miR1846b-3p_st",1.72873041701531,1.52608100107173,1.8277776695905,1.35918771367991,1.60101461626078,1.84863159629651,2.00692089532476,1.72873041701531,1.40332115903987
"osa-miR1846b-5p_st",7.90216768384855,7.41642368976932,7.51679695273259,7.61031534553918,7.82765452506968,7.57393145250079,7.65541578236162,8.18437027523771,7.43780222511941
"osa-miR1846c-3p_st",1.13192744308396,1.29602543705933,1.77804084489975,1.29602543705933,1.42001819092473,1.29602543705933,1.29602543705933,1.29349485722498,1.32548558076788
"osa-miR1846c-5p_st",7.89241075602213,7.23698514224348,7.20110604767943,7.45025110993868,7.66759329768734,7.70109945811005,7.54811911180115,7.8998129034125,7.45930554535472
"osa-miR1846d-3p_st",4.10789752709546,2.67850859413772,2.37096902780002,2.21420434149427,1.8655250968781,2.28606741507195,3.28462302232569,2.67850859413772,2.61328537529781
"osa-miR1846d-5p_st",1.82882427139876,1.62305280140732,1.20846967254255,1.38574694733705,1.82570221735089,2.02566477561259,1.66160422337553,1.66160422337553,1.66160422337553
"osa-miR1846e_st",7.38564058417014,6.75996841528945,6.70923589775932,6.46113922019051,6.39410069097517,6.25135476259211,7.08735140678153,7.09472800943587,6.56724611883314
"osa-miR1847.1_st",0.857891945238911,0.913072924553037,0.99802328812186,0.755774693297597,0.677428565464945,0.880191738397633,0.7230238190593,0.913072924553037,1.05364313633231
"osa-miR1847.2_st",1.45671335680939,0.578803878420882,1.26357088145058,1.40404934384323,0.74100042753877,0.836358757953178,1.10514890933485,0.861074334035273,0.873829209231102
"osa-miR1848_st",1.70877489322404,1.42852848396414,0.770818989666124,1.72273284230888,1.52469243729672,1.7435867690149,1.72273284230888,1.7435867690149,2.01033166085215
"osa-miR1849_st",1.2145902736085,1.18788299090655,1.02103565723961,1.43594304150843,1.09287558223181,1.2145902736085,1.2145902736085,1.2145902736085,1.40332115903987
"osa-miR1850.1_st",0.977375339764336,0.890232377704795,0.857400969096749,0.825929962493496,0.85735119154939,0.849659539009808,1.23115322462608,0.890232377704795,0.890232377704795
"osa-miR1850.2_st",1.15331747300597,0.821999431007361,0.798625205060174,0.883579903454602,0.950668057062392,1.22865453735442,0.646309652459441,0.956847129475392,0.950668057062392
"osa-miR1850.3_st",1.07425232909432,0.838164910126272,1.10866556343929,1.03143649322647,1.05093867814237,0.728669732329309,0.869239944108582,0.970866533212344,0.950668057062392
"osa-miR1851_st",1.67985235994342,1.62002654791125,1.14996405045575,1.27129911043463,0.976317705961234,1.05701634675296,1.15439200459056,1.48922638049865,1.27129911043463
"osa-miR1852_st",1.37845027486343,2.04008292606737,1.15695348061009,1.5508324831437,1.57090800450854,0.984364398569926,1.37591969502908,1.37591969502908,1.29602543705933
"osa-miR1853-3p_st",0.609587701224508,0.990666066489588,1.29464013175028,1.26442616437186,0.990666066489588,1.02354725264499,1.02354725264499,1.02354725264499,0.83251799287365
"osa-miR1853-5p_st",1.65742971113928,1.95631248932207,1.07200311704127,1.96961080322388,1.4964392370565,1.3914990700215,1.5540760300549,1.79791312865034,1.3477906065072
"osa-miR1854-3p_st",1.10866556343929,0.91400561066437,1.07200311704127,1.03143649322647,1.15695348061009,1.05701634675296,0.977375339764336,1.07200311704127,1.09285704374729
"osa-miR1854-5p_st",0.857891945238911,0.97922700521779,0.552873001971574,0.733474900138875,0.857891945238911,0.857891945238911,1.00778353238885,0.857891945238911,0.857891945238911
"osa-miR1855_st",1.05701634675296,0.844242578736862,1.64953635797491,1.08221934606031,0.905557583923526,1.05701634675296,1.18757394837818,0.87003784746617,1.1898451284453
"osa-miR1856_st",0.93057915509386,0.893916708695839,0.893916708695839,0.711941712853142,1.28131703770146,0.78622768307197,0.780352710551547,0.913072924553037,0.759638797291049
"osa-miR1857-3p_st",1.61458545354207,0.809897825979638,0.950668057062392,1.10410218432438,0.837338912230784,1.05745349341223,1.29158890398368,0.970059126232274,0.869239944108582
"osa-miR1857-5p_st",0.80863533159661,0.682804322118203,1.34525279361137,0.782840062867301,0.951535680727449,0.830200620748571,1.23922316506451,1.13593887295118,1.16579257537359
"osa-miR1858a_st",8.88646826151077,8.11507330587403,7.88676141563416,8.0208662932121,8.06536437168775,8.19855641030389,8.45597979956941,8.97162037037994,8.20101744166057
"osa-miR1858b_st",8.59564615248096,8.09183453384429,7.75668918495279,7.93645999752763,8.03804940715776,8.06537293907273,8.16117456321955,8.69662005060408,8.19717804850727
"osa-miR1859_st",0.851067157311044,0.851067157311044,1.155425561914,0.976286731241021,0.851067157311044,0.836358757953178,1.08358245322157,0.851067157311044,0.71889634099521
"osa-miR1860-3p_st",0.869239944108582,1.07200311704127,0.847706756822849,0.869239944108582,0.986782540316537,0.694327155993954,0.869239944108582,0.799804041029744,0.826998258227378
"osa-miR1860-5p_st",1.03143649322647,0.781432807192561,0.977375339764336,1.03143649322647,1.03143649322647,1.15695348061009,0.821230359064878,1.29795388048073,1.03143649322647
"osa-miR1861a_st",0.869239944108582,0.956623980700755,0.766574875207019,1.38469138711943,0.766574875207019,1.2558609173214,0.869239944108582,0.956623980700755,0.956623980700755
"osa-miR1861b_st",1.10866556343929,1.39614878731485,0.897131295332773,0.940964275777228,1.10866556343929,0.971837303943391,1.10866556343929,1.22364783576746,1.29602543705933
"osa-miR1861c_st",0.748974721361005,0.923178946138294,0.841750833184485,0.922519269348563,0.727441534075271,0.841750833184485,0.86845811588643,0.784421941692238,0.772068061052135
"osa-miR1861d_st",1.05590893300683,1.43998127136511,1.28131703770146,1.33758887665014,1.04256354583992,1.54727699334566,1.04780301377987,1.05880248402231,0.882779263750762
"osa-miR1861e_st",1.40332115903987,1.29602543705933,1.30332281714502,1.01031358863578,1.07200311704127,1.15891766910612,1.10055964421233,0.845752598127957,0.950668057062392
"osa-miR1861f_st",0.814058964794456,1.13575733136284,1.10866556343929,0.869239944108582,0.646309652459441,0.507709992415234,0.70514174091655,0.869239944108582,0.869239944108582
"osa-miR1861g_st",0.781855907516409,1.44389399773486,1.01025652591974,0.83836691594242,0.869239944108582,0.869239944108582,0.869239944108582,1.6473023040615,0.900209009070323
"osa-miR1861h_st",1.08035231364978,1.04331930514191,1.17460952881687,0.913072924553037,1.01661202243997,0.902302723330756,1.04331930514191,0.979016889930615,1.17498009092671
"osa-miR1861i_st",1.00352531796775,1.06643796078871,1.08345218263122,0.921255633513332,1.28131703770146,0.586707647084092,1.12399275428157,0.653269698753857,0.723452756803797
"osa-miR1861j_st",1.0820624116589,1.21478262566039,1.39128518833258,1.52854073296985,1.54543160629946,1.21478262566039,1.0277552527394,1.21478262566039,1.26606561440261
"osa-miR1861k_st",0.895487077748266,0.950668057062392,0.950668057062392,0.950668057062392,0.950668057062392,1.03561842063121,1.10055964421233,0.950668057062392,0.797233929800403
"osa-miR1861l_st",1.40328680603008,1.18267264362627,1.22385599386814,1.40079057920553,1.22385599386814,0.910097886558672,1.40079057920553,1.07200311704127,1.22385599386814
"osa-miR1861m_st",1.23489526264019,1.62821368663606,1.2145902736085,1.10478910748749,1.25218540611785,1.16854700752991,1.32679983730816,1.2145902736085,1.50218909215176
"osa-miR1861n_st",2.0563080391337,1.91157286667956,1.35160614763246,1.76425589169479,1.95012428864777,2.26029578325913,1.52437785405965,2.7319427119343,1.81683179738691
"osa-miR1862a_st",1.12969444070579,0.653283473266166,0.709295474654329,0.673588462297862,0.701029548549007,0.783389628418875,1.01179024682221,0.779029866460931,0.923959840198149
"osa-miR1862b_st",0.710719050187263,0.950668057062392,1.08349683875472,0.882052172497478,0.913072924553037,0.913072924553037,0.913072924553037,0.913072924553037,1.013185023437
"osa-miR1862c_st",0.748974721361005,0.73641116241625,0.726517284284791,0.840666836682592,0.666975259337411,0.748974721361005,0.748974721361005,0.779029866460931,0.881233460497392
"osa-miR1862d_st",0.942072607278693,1.07200311704127,0.920539419992959,0.942072607278693,0.73641116241625,1.2270411025827,0.833155383400786,1.2270411025827,0.724336064805405
"osa-miR1862e_st",0.738408550713486,0.857891945238911,1.40332115903987,0.64511817722281,0.857891945238911,0.656172740502004,0.870455504183666,1.25033312430469,0.94989812489592
"osa-miR1863_st",0.733987951072698,1.19861391838632,1.34395686387773,1.00505306573121,0.924284629567135,1.04264819824057,1.19253978539051,1.2145902736085,1.07200311704127
"osa-miR1863b_st",1.10055964421233,1.28686506326577,1.05870239262172,1.04859636319059,1.18120493881749,1.05701634675296,1.56149212449156,1.15819643721074,1.03199510991978
"osa-miR1863c_st",1.23922316506451,1.02035390035494,1.05701634675296,1.05701634675296,1.36455591309067,0.861938611479671,1.08557287392403,1.0297515270233,1.11118669047413
"osa-miR1864_st",0.934023188960951,1.15695348061009,1.19361592700811,0.97406608759621,0.947639559949902,1.15695348061009,1.61349109653867,1.40079057920553,1.15695348061009
"osa-miR1865-3p_st",1.08164923820897,1.05701634675296,0.834086055103822,0.993262132431396,0.846226347726047,1.05701634675296,1.16515174240872,1.05701634675296,1.05701634675296
"osa-miR1865-5p_st",0.902362719116999,0.712412583142169,0.805485729787015,0.805485729787015,0.805485729787015,0.7907450243369,1.32881757321216,0.779029866460931,0.805485729787015
"osa-miR1866-3p_st",0.913072924553037,0.772302693470284,1.03143649322647,0.913072924553037,1.04568150017995,0.728669732329309,1.00358762754299,0.779029866460931,0.803471777735504
"osa-miR1866-5p_st",0.848177407924758,1.24162433706656,1.06228857972712,1.1389939247604,1.06228857972712,1.06228857972712,1.23922316506451,1.06228857972712,1.06228857972712
"osa-miR1867_st",1.64598218035294,1.09214352613976,0.91295820659479,0.946059046130977,1.57099772730644,1.2006717430963,0.998978407394913,1.19814116326195,1.2006717430963
"osa-miR1868_st",2.45459909580801,2.12351809250375,1.56390381786067,2.75856657243134,2.69917157204097,1.72214797926849,2.77761694409219,1.27144843353809,2.12351809250375
"osa-miR1869_st",1.10866556343929,0.718715129673441,0.923850072760463,1.03143649322647,1.03143649322647,1.03143649322647,1.27866018849486,0.993841360717116,0.950008380272661
"osa-miR1870-3p_st",1.04118276005235,0.836358757953178,0.950668057062392,0.950668057062392,0.917786870906987,0.950668057062392,1.35969060137833,0.994501037506847,0.950668057062392
"osa-miR1870_st",1.28131703770146,1.44389399773486,1.19785840663296,1.33537819116359,0.993629553364404,1.07857991693323,1.50755916205386,1.21701462249016,1.37594481497839
"osa-miR1871_st",1.10866556343929,0.850730923205262,0.850730923205262,1.10516516461518,1.05701634675296,1.05701634675296,1.02696120165304,0.972065983184141,1.14722642440061
"osa-miR1872_st",2.25669933928193,2.01801743056275,1.53640080067846,1.74133297112445,1.8190785220497,2.01033166085215,1.8190785220497,2.01719024716293,2.12351809250375
"osa-miR1873_st",1.01819431827284,0.889917025376307,0.646309652459441,1.0156637384385,0.974563760611297,1.04124359196499,0.974563760611297,0.66954481734396,0.910898596292298
"osa-miR1874-3p_st",1.32273271976127,1.78366972093755,1.04146765484945,1.4992399374877,1.18689023336632,1.30119953247554,1.09950619677415,1.32273271976127,1.29602543705933
"osa-miR1874-5p_st",0.981159559534975,0.950668057062392,0.581615267240676,1.34585427732567,1.76411526389053,2.52059434798681,0.950668057062392,0.874391744141974,0.869239944108582
"osa-miR1875_st",1.07713339111478,1.29602543705933,1.43866334280813,1.43866334280813,1.38097580062815,1.17469037708045,1.5717268332138,1.29602543705933,1.29602543705933
"osa-miR1876_st",1.11628670175206,0.975270119940896,1.21849237457946,1.56487194824733,1.14125708948645,1.18481088379249,1.0955594560146,1.07200311704127,1.17791953588447
"osa-miR1877_st",1.62172378451211,2.02562019031199,1.24511537516147,1.5394541000577,1.40299671662147,1.60928214016917,1.23922316506451,1.23135852602,1.71561244680193
"osa-miR1878_st",0.923603413621106,1.27180184916553,0.952174328758124,1.03143649322647,1.22796181822406,1.55861079886313,1.20332610320379,1.1903666857147,1.05627451585453
"osa-miR1879_st",1.23922295584784,1.74088316882383,1.38416494318268,1.40332115903987,1.15695348061009,1.64989867691497,1.47244431002574,1.42415548013036,1.35948817859542
"osa-miR1880_st",1.00909934223561,1.88695666945982,1.05907192809394,1.66160422337553,1.15695348061009,1.40332115903987,1.62341452556198,0.828147138591145,1.29602543705933
"osa-miR1881_st",2.41311251424079,2.43903754896676,1.40332115903987,1.73260724289293,1.54939465967587,1.73260724289293,2.34233547932199,1.80138902956347,1.62168642680594
"osa-miR1882a_st",1.11788810508563,0.950668057062392,1.00822600780505,1.26442616437186,0.73641116241625,0.766264864838663,1.10055964421233,0.913072924553037,0.950668057062392
"osa-miR1882b_st",1.05824333756514,0.79605188561449,1.04642326351478,0.894215175369736,0.921656261620881,1.28131703770146,1.07497979068584,1.2145902736085,0.709216571416899
"osa-miR1882c_st",0.881803503053337,0.869239944108582,0.869239944108582,0.725296521908656,0.847706756822849,0.869239944108582,0.869239944108582,0.864880182150639,0.880587942978253
"osa-miR1882d_st",1.2006717430963,1.06784296140397,1.05965516128514,0.913072924553037,0.990665628238188,1.06010153131703,1.43199144320005,1.32501493478134,1.2006717430963
"osa-miR1882e_st",0.950668057062392,0.950668057062392,0.950668057062392,0.950668057062392,0.885035996668691,0.950668057062392,0.983549243217796,0.893339165570145,1.0426742367194
"osa-miR1882f_st",1.32065127801832,1.19389031170095,0.950668057062392,1.07588763099237,1.24364130764273,0.748948852325484,0.721070853730917,0.91400561066437,0.991234680877192
"osa-miR1882g_st",0.977375339764336,1.54658424805097,0.950668057062392,0.910101433247592,1.03561842063121,1.05701634675296,0.869239944108582,0.886365641851092,0.877104718684354
"osa-miR1882h_st",1.19865654124971,1.29066272090671,0.576626880327091,1.03143649322647,1.03143649322647,0.615460393843421,0.950008380272661,1.29535870977258,0.965614584935374
"osa-miR1883a_st",2.31634865333505,1.89338078014812,1.52149611433472,1.91102295944426,1.71671901801134,2.26162489329655,1.89338078014812,2.24210369672769,1.74953066894103
"osa-miR1883b_st",1.68268715093672,0.942707047643749,1.05701634675296,1.05701634675296,1.05701634675296,1.05701634675296,0.987580443674125,1.17835140673184,0.743258239443499
"osa-miR1884a_st",1.33917076060143,0.950668057062392,0.893916708695839,0.648958355955042,0.836358757953178,0.99802328812186,0.913072924553037,0.913072924553037,1.04174155060807
"osa-miR1884b_st",1.14741216593947,1.06026920387993,1.06026920387993,0.83431844044047,1.06026920387993,1.06026920387993,1.14491593911492,1.16576986582093,0.869239944108582
"osa-miR2055_st",1.38782724553485,1.2805315235543,1.00754005986078,1.25476375512917,1.53390074617084,1.11552044004873,1.52854073296985,1.54939465967587,1.7868333192043
"osa-miR2090_st",0.849448585291203,1.37366991731511,1.29940951589337,1.01195763501489,1.19080233471151,0.836358757953178,1.14870846207455,1.40079057920553,0.939394541414361
"osa-miR2091-3p_st",1.76144488481935,1.44389399773486,1.42561844003471,1.80729769734576,1.54939465967587,1.47288977681724,1.01742139190177,1.92301229896037,1.39146166386343
"osa-miR2091-5p_st",8.40318430539306,8.93264378338609,8.00020495227544,8.61341965139909,8.64236230542375,8.84354746323165,8.14414566272405,8.40899576995039,8.37020625107654
"osa-miR2092-3p_st",1.40079057920553,1.40079057920553,1.8017286697756,1.40079057920553,1.27878645786711,1.27156836629592,1.18920828642605,1.40079057920553,1.56249064376116
"osa-miR2092-5p_st",0.919074812439476,0.975877084434297,1.17245307503763,0.854703081705044,0.808395485201446,0.836805127985063,0.977375339764336,1.07200311704127,1.07200311704127
"osa-miR2093-3p_st",0.889991303172163,0.977375339764336,0.977375339764336,0.977375339764336,0.984619080449097,0.836358757953178,1.66955731478101,1.12720623701633,0.977375339764336
"osa-miR2093-5p_st",1.02780230215609,0.958409487149333,0.953299985336051,0.711941712853142,1.03561842063121,0.950668057062392,0.950668057062392,1.09325521362962,0.950668057062392
"osa-miR2094-3p_st",1.19703573549217,0.988263189571746,0.950668057062392,0.843080862296369,0.950668057062392,0.873953890462532,0.748974721361005,0.950668057062392,0.936749526550193
"osa-miR2094-5p_st",1.67339427753886,1.09387300255641,1.24300422215897,1.45531879982782,0.989167530335827,0.950668057062392,1.19937366449742,1.51173798424764,1.31404212030192
"osa-miR2095-3p_st",1.14976329538399,0.865717693493569,0.950668057062392,0.913635048554529,0.950668057062392,0.950668057062392,0.660822300465805,0.871805978284411,0.994386319548599
"osa-miR2095-5p_st",0.950668057062392,0.678361251576278,1.29601838656231,1.24279307282863,0.917786870906987,1.52268737697392,0.950668057062392,0.853791067732408,0.950668057062392
"osa-miR2096-3p_st",9.73790701547654,9.75181554216449,9.75114252489026,9.95676596559915,9.87230020419712,9.88195793849839,9.36347148479976,10.3937395277072,9.81314506198141
"osa-miR2096-5p_st",1.30470516402694,1.24869316263878,0.97338712202834,1.66160422337553,1.30470516402694,1.35299308119775,1.17925725955994,2.17921925610635,1.15070073238888
"osa-miR2097-3p_st",1.21846386614746,1.38016393070309,1.21499657321936,1.03143649322647,1.1903198086321,1.05251942078767,1.1903198086321,1.1903198086321,1.20502820798997
"osa-miR2097-5p_st",9.85428694343052,9.57636450977861,9.32983904776882,9.51718567162949,9.72228353561895,9.73520429549618,9.5502289329587,10.0602162283104,9.89629910213976
"osa-miR2098-3p_st",1.46025048629062,1.10055964421233,1.10055964421233,1.10055964421233,0.997894575310771,0.992870618588466,1.10055964421233,0.941629451724102,1.22082486695991
"osa-miR2098-5p_st",1.90767546741377,2.01033166085215,1.32872365288871,2.294759451937,1.9808715171436,2.01033166085215,2.01033166085215,2.01033166085215,2.52310893606586
"osa-miR2099-3p_st",0.748974721361005,1.01738133360161,0.803124438955465,0.911483771084689,0.935953220647797,1.02872933247128,0.73319004771511,0.95534428981768,0.740909099447098
"osa-miR2099-5p_st",1.00790346496075,0.860955366122547,0.869239944108582,0.73653832102251,0.869239944108582,1.31807495957211,0.732159968149148,0.869239944108582,0.869239944108582
"osa-miR2100-3p_st",0.646309652459441,1.02120832020879,1.4315215131192,1.06125121884405,1.24550901115729,1.02120832020879,0.977375339764336,0.841188579741834,1.0540895063642
"osa-miR2100-5p_st",1.40332115903987,1.22456861417335,1.0028832310529,1.1601051192815,1.40332115903987,1.28131703770146,1.2006717430963,1.2145902736085,1.2006717430963
"osa-miR2101-3p_st",1.02688643013209,1.2006717430963,1.17182841746692,0.80154910317123,0.86968579461454,0.924604722198529,1.0029782858754,1.71646743721824,0.715290801538339
"osa-miR2101-5p_st",0.977375339764336,1.12344267288348,0.836358757953178,1.10815065982633,1.03143649322647,0.792413114195854,1.03143649322647,1.24554766502883,1.03143649322647
"osa-miR2102-3p_st",3.39921880927054,2.05572797419523,2.67354781335156,2.79782344982355,3.77514059779782,2.7830181602083,3.23984026767899,2.88158503316461,2.87426148136279
"osa-miR2102-5p_st",6.5458540647592,6.24249505277229,5.86074025826877,6.2796631317641,6.3147554177443,6.7067919149396,6.45085162391927,7.29709891596578,5.89559093659722
"osa-miR2103_st",1.91956199003003,1.44554137698859,1.0434326486251,1.40079057920553,1.27557100527555,1.56990493407996,1.48908467444796,1.4605281472769,1.25776497434421
"osa-miR2104_st",8.25385659318174,7.40176891833657,7.01758670344759,7.38942784880593,7.49657990969423,7.6490009670337,8.32063973647524,8.77329647285738,8.03238854395141
"osa-miR2105_st",0.978841090926116,1.29046768737381,0.978841090926116,0.728469713025829,0.978841090926116,0.836358757953178,0.978841090926116,1.28901258553748,0.869239944108582
"osa-miR2106_st",0.865985294809956,1.06522877554747,0.977375339764336,0.92004644827209,0.843341103238809,0.92004644827209,1.01056115126205,0.92004644827209,0.92004644827209
"osa-miR2118a_st",1.45353098333892,1.04879338477727,0.893916708695839,1.42214310425913,1.87947680261445,1.43903397758873,1.45353098333892,1.70711159956314,1.67682738667088
"osa-miR2118b_st",2.28415974629801,0.938710625780414,1.5002102281028,1.79027357140273,1.9690916192515,1.54939465967587,1.01784402457892,1.42072603362084,1.21796286068815
"osa-miR2118c_st",1.59437445831412,1.91607132861031,1.35160614763246,1.43237458379654,1.75614090705975,1.68268715093672,1.57329153075292,1.37173860300023,1.52034268347057
"osa-miR2118d_st",2.439166235033,1.57329153075292,2.14482751013677,2.55126248804767,2.05592789182041,2.65220601992298,1.73666059805234,1.76243444456585,2.37359937026343
"osa-miR2118e_st",2.31634865333505,2.94649341247188,1.22956480452766,2.4381951322181,3.05305139207547,3.40462838570775,2.7008717218378,2.06420755320676,2.31634865333505
"osa-miR2118f_st",1.16357564536136,1.48222574265635,1.42458894965795,1.79617620201771,1.48222574265635,1.10399422700103,1.59443530635601,1.40079057920553,1.7868333192043
"osa-miR2118g_st",0.99766289227826,1.26442616437186,1.14006260728049,1.26442616437186,1.80140368378059,1.50098758741579,1.21927617705621,1.26442616437186,0.926864154587902
"osa-miR2118h_st",1.06725777810615,1.2372281498192,1.06725777810615,1.21333127874215,1.70948244887037,1.54939465967587,1.04923307555011,1.21333127874215,1.26003507735224
"osa-miR2118i_st",1.5310369597944,0.73641116241625,1.37246007433848,1.54939465967587,1.57024858638188,1.73909871797341,1.54939465967587,2.04619962528331,1.5628428145237
"osa-miR2118j_st",1.23922316506451,1.28147773602302,1.35772256324502,1.50942857959034,1.66264825752706,1.51939510455336,1.49831217699216,1.47643809890867,1.12774932227929
"osa-miR2118k_st",0.977375339764336,1.23922316506451,1.3852966657005,1.13655088693111,1.46672477865431,1.40332115903987,1.30352558027581,1.23922316506451,0.932643563723016
"osa-miR2118l_st",0.977375339764336,1.3513555454024,0.977375339764336,1.0848480235261,0.977375339764336,0.977375339764336,1.0059318669354,0.977375339764336,0.933542359319881
"osa-miR2118m_st",1.15695348061009,0.954044326889767,1.36162431328045,1.40079057920553,1.07468379615568,1.59768257684667,0.874491708744627,0.989733432586856,1.07618504444601
"osa-miR2118n_st",1.73540737776949,1.51985192064993,1.47190920945158,1.57740987139259,2.06765810587943,1.3063169922873,1.57740987139259,1.89808343630525,1.57740987139259
"osa-miR2118o_st",1.15695348061009,1.20891676163184,1.15695348061009,1.15695348061009,1.289562056237,1.01593689879893,1.23922316506451,0.835917158331976,0.70430037863261
"osa-miR2118p_st",2.27727292957122,2.48808111932102,1.82048753878116,2.01752135004697,2.63877698539848,3.43047269256888,2.3780170378507,2.55449448204794,2.45592760909164
"osa-miR2118q_st",1.11644729621357,1.94375894145464,1.08924460235558,0.927781323910904,1.29602543705933,1.15695348061009,1.29602543705933,1.29602543705933,1.29602543705933
"osa-miR2118r_st",3.55013904563088,2.48203436320129,2.08699072219123,2.66562316763422,3.24609215918532,2.09978061891308,2.59367634777171,3.02000730185938,2.21649157727076
"osa-miR2120_st",1.44389399773486,1.44389399773486,1.27623869685756,1.49795515119699,1.32740633226445,2.05457803163031,1.47551903774213,1.50674208960389,1.22039565608701
"osa-miR2121a_st",2.9513059302868,2.01033166085215,1.74362284039104,2.06977113545996,1.40332115903987,1.91627431465321,3.48874685340477,3.42788712586254,3.63836998594883
"osa-miR2121b_st",2.17035236385466,1.8783184272542,1.95225296410822,2.26498014113159,2.73833848241693,2.12351809250375,2.26498014113159,3.31423570212916,3.63836998594883
"osa-miR2122_st",0.944567360247259,1.25822552471085,1.10866556343929,1.10866556343929,1.10866556343929,1.02921101109995,0.944567360247259,1.25077139917355,1.12955689865582
"osa-miR2123a_st",1.17292303868548,0.786261324808086,1.95988107565753,1.20089315757722,0.93412988548362,0.8960624909291,0.869239944108582,1.16449284046341,0.950668057062392
"osa-miR2123b_st",0.748974721361005,0.893678632561812,1.16103478976678,0.77877844708507,0.938104498117637,0.950668057062392,0.950668057062392,1.18788299090655,1.07093327980997
"osa-miR2123c_st",0.96652623200548,1.17211521592524,1.4007852858264,0.981488414051315,0.836358757953178,1.07200311704127,1.07200311704127,0.886631974035731,1.32200680307518
"osa-miR2124a_st",0.963231616007147,0.950668057062392,0.809797488745158,1.33596158238645,0.920612911962465,1.46551878724768,0.940775362123176,1.0070645964516,0.790883774973233
"osa-miR2124b_st",0.936751124005386,0.949720624772416,1.05701634675296,0.806644968852676,1.05701634675296,1.05701634675296,1.05701634675296,1.21858376089398,1.05701634675296
"osa-miR2124c_st",1.09730416655697,1.60065290078345,0.750066713150698,1.08651275737664,1.49858985096952,1.40332115903987,0.977375339764336,1.0291838658844,0.894089710046058
"osa-miR2124d_st",0.869239944108582,0.74775916128592,0.988723338634007,0.723289711722812,0.962016055932063,0.74001773119898,1.13108776940875,0.924420923422708,0.869239944108582
"osa-miR2124e_st",0.977375339764336,1.03412668813089,0.977375339764336,0.977375339764336,0.977375339764336,0.831301839128344,0.977375339764336,1.12597942023468,0.977375339764336
"osa-miR2124f_st",1.21301969885243,1.21718544431665,1.0029285496705,1.04540868226972,1.07200311704127,1.40332115903987,0.951737894293692,0.968703337236441,1.07200311704127
"osa-miR2124g_st",0.763689557775599,0.950668057062392,1.32255893775598,0.926198607499284,0.860566547105583,0.942926626975451,1.08394320878661,1.28626001168741,0.74355166845603
"osa-miR2124h_st",0.977375339764336,1.09336020312685,0.765793046984866,1.16177853198807,0.798138270564485,0.955842152478603,0.895015259894469,1.34672942574339,0.999581982870177
"osa-miR2124i_st",1.10866556343929,1.03195139683943,1.43134859804704,1.10866556343929,1.10866556343929,1.53461138271483,1.52854073296985,0.899351642779101,0.935154629524326
"osa-miR2125_st",0.856561916127027,1.05825525182841,1.54939465967587,0.888603474989929,0.913072924553037,0.642279152445364,0.913072924553037,0.913072924553037,0.740725083519124
"osa-miR2275a_st",0.977375339764336,1.21550848948036,0.980007268037995,0.733494783707281,1.57610194237781,1.22890595673028,0.869239944108582,0.721322273106778,0.869239944108582
"osa-miR2275b_st",0.564221000841245,0.847706756822849,1.03143649322647,1.04278449209614,1.08335111591094,0.993656989208618,0.869239944108582,0.776604240233798,0.671437067399047
"osa-miR2862_st",1.20869503986809,0.967730862520002,1.23706591729395,0.663160893391062,1.34256657923495,0.850188266312048,1.10055964421234,0.926702595618979,1.21788027139769
"osa-miR2863a_st",1.17929883902182,0.895341354904482,1.07200311704127,0.820472500075322,1.07035304455031,1.15695348061009,1.13566828136027,1.07200311704127,1.2302960586372
"osa-miR2863b_st",0.845851710690989,1.01582208240403,0.548490427650467,0.818410624439843,0.73641116241625,0.872166686060696,0.748974721361005,0.887153456349003,0.845851710690989
"osa-miR2864.1_st",1.0448704445257,1.30531855372226,1.02738573274192,0.946617296577842,0.73641116241625,0.937817396013583,0.787441219250267,0.946617296577842,0.946617296577842
"osa-miR2864.2_st",0.878196934270607,0.856663746984874,0.984121644439814,0.726557591832164,0.823782560829469,0.836358757953178,0.856663746984874,0.973039808788706,0.686693375271829
"osa-miR2865_st",0.689837239512978,0.543937346578886,0.497629750075289,0.913072924553037,0.666609604638179,0.779938749469787,1.12085959639107,0.799329818639669,0.779938749469787
"osa-miR2866_st",0.786569853870359,0.950668057062392,1.37312641209024,0.950668057062392,0.937939994770599,1.03131335166755,0.850555958178426,0.950668057062392,1.2006717430963
"osa-miR2867_st",1.44389399773486,1.44389399773486,1.2205975944029,1.1423766486794,1.91199087506308,1.44389399773486,1.44389399773486,1.45781252824706,1.40332115903987
"osa-miR2868_st",0.950668057062392,0.950668057062392,0.950668057062392,1.14870846207455,0.950668057062392,1.03302813693226,1.20169309500143,0.873962712029111,0.950668057062392
"osa-miR2869_st",1.10866556343929,1.44133925855861,1.28131703770146,1.66160422337553,1.41744238748156,1.28131703770146,1.01455376560786,1.07200311704127,1.19636667413264
"osa-miR2870_st",2.77049309859818,0.953428726872218,0.905837796218191,0.913072924553037,0.929754615768264,1.16404961391423,1.43188650777752,1.66244789878374,1.53199860666148
"osa-miR2871a_st",0.850720461525464,0.850720461525464,1.29567874127375,0.826251011962356,0.519654774220568,0.950668057062392,0.76333642493329,0.893339165570145,0.777157123147426
"osa-miR2871b_st",0.807586393631996,1.03805209365456,0.981300745288012,1.00045696114521,0.836358757953178,0.836358757953178,0.807586393631996,0.779029866460931,0.975430714402412
"osa-miR2872_st",0.822694258088409,0.73641116241625,0.946255960869769,0.805485729787015,1.03680542989077,0.728669732329309,0.83404225695808,0.65633901748622,0.805485729787015
"osa-miR2873_st",1.30564512385515,1.07200311704127,0.95871657499753,1.32513503498894,1.15695348061009,0.779911453528515,1.06685197065328,0.917705258352489,1.02830054868508
"osa-miR2874_st",1.14876958054984,1.07192856791071,0.876462775063721,0.711941712853142,0.743633993371388,1.02821030542451,0.876462775063721,0.819133883571475,0.876462775063721
"osa-miR2875_st",1.23522148965825,1.25575472005752,1.04123577831279,1.14870846207455,1.09420490784709,1.3333715175502,0.925392758301107,1.12708609400249,1.12708609400249
"osa-miR2876_st",0.646309652459441,0.936969795630089,0.73641116241625,0.913072924553037,1.15695348061009,0.913072924553037,0.869239944108582,0.913072924553037,0.893681855383155
"osa-miR2877_st",1.10055964421233,1.10055964421233,0.909530384440992,1.10055964421233,1.23316821983924,1.07385236151039,1.23338842590467,0.956616222012409,0.950668057062392
"osa-miR2878-3p_st",0.748974721361005,1.01067501862182,1.15695348061009,0.848381624630795,0.96592422083875,1.05701634675296,0.69800544786748,0.96592422083875,0.96592422083875
"osa-miR2878-5p_st",0.991093113992926,0.836358757953178,0.836358757953178,0.900113179228734,0.860828207516286,0.501284669585913,0.672260554761145,0.836358757953178,1.09647256660438
"osa-miR2879_st",0.869239944108582,0.854253173820275,0.869239944108582,0.915086876604548,0.700260089545692,0.854253173820275,0.869239944108582,0.879269309135361,0.869239944108582
"osa-miR2880_st",1.26442616437186,1.29602543705933,0.947256148578396,1.26442616437186,1.57459765898322,1.0002252781127,1.35969060137833,1.12187233791958,1.39994854688237
"osa-miR2905_st",0.948790417944247,1.04529583433933,0.842532661406638,1.01442247833795,0.950668057062392,0.950668057062392,0.830402834314814,0.950668057062392,0.950668057062392
"osa-miR2906a_st",3.70876771432539,4.25107111690398,2.55606449600927,4.73964585138244,4.65579085039164,4.33268247464524,4.49502778411994,4.94059679364605,4.62244453533538
"osa-miR2906b_st",4.8297291820324,3.78285887155684,4.01921224241144,4.88304090432134,4.73964100359288,4.39634867456812,4.11705066716758,4.70542086405929,4.64478558996853
"osa-miR2907a_st",2.439166235033,1.81293729678499,1.18665090431939,1.58018531954228,1.9808715171436,2.03777303232835,2.8014001114061,2.03777303232835,3.07611240897777
"osa-miR2907b_st",2.60622968639166,2.32348218965719,1.27282266953282,1.96015395813241,2.27476873214174,2.2067314760075,2.24557161841625,2.73461356480148,2.24557161841625
"osa-miR2907c_st",2.92459753201808,2.17610715209964,1.54596773440003,1.75152408342127,2.54402435544763,2.12351809250375,3.41034804900138,2.85067690553551,3.00922179044603
"osa-miR2907d_st",2.49675240765302,2.36625663495333,1.79929423386663,1.58180404212175,2.92357491837741,2.36625663495333,2.17666154432635,3.15811934997304,3.05607699575396
"osa-miR319a_st",1.68268715093672,1.34008073901568,1.02771641926546,1.41678608404896,1.54939465967587,1.4250311025845,1.13731756608299,1.4250311025845,0.993554245116767
"osa-miR319b_st",1.26442616437186,1.25050763385966,1.10032796117982,1.26442616437186,1.28131703770146,1.68785125683441,1.10032796117982,1.26442616437186,1.2205931839274
"osa-miR390_st",1.39051586516729,1.2006717430963,1.28562210666512,1.19814116326195,1.2006717430963,1.36105572145874,0.997908570163613,1.04174155060807,1.07933668311742
"osa-miR393_st",0.549432663129457,0.805485729787015,0.867327822914918,0.805485729787015,1.04113008887511,0.836358757953178,0.748974721361005,0.913072924553037,0.645329498181835
"osa-miR393b-3p_st",0.863284020470219,0.950668057062392,1.00822600780505,1.02246009779779,0.950668057062392,1.15695348061009,1.21486894332155,0.86079354583393,0.658390559700089
"osa-miR393b_st",0.659369951124811,0.996975653565989,1.09544012247288,0.882666354456775,0.836358757953178,0.913539382622938,1.0416852127388,0.845071221947421,0.653807504996851
"osa-miR394_st",1.57938280583036,1.80267920916232,1.67806400770307,1.75071592814057,1.94915688680836,2.29765208118894,1.4712474101746,1.89660707998349,1.40332115903987
"osa-miR395a_st",1.36982023454093,1.2026001865177,1.55278171544466,0.936082799263443,0.794544030951699,1.06159978664707,1.31787587437685,1.06878442234952,1.2006717430963
"osa-miR395b_st",1.18830657042792,0.972369611517973,1.05701634675296,1.14870846207455,1.05701634675296,1.05701634675296,1.05701634675296,0.887164370456068,1.19253872926348
"osa-miR395c_st",1.00975602261013,1.00975602261013,0.950668057062392,0.913072924553037,1.17703445125364,1.09254410344848,0.988673095048931,1.06493700192425,0.991131987153774
"osa-miR395d_st",1.1577950521107,1.2006717430963,0.940058509637409,0.894764008925206,0.93645938890669,1.23743605909932,1.13919650967492,1.30386855274669,1.11924363014249
"osa-miR395e_st",0.917237384980873,1.07200311704127,1.16726755404774,1.03143649322647,1.285095298786,0.889796298729727,1.16726755404774,1.19333817702015,1.07200311704127
"osa-miR395f_st",1.30352558027581,0.977375339764336,1.08506436538821,1.51860574225444,0.7873262342706,0.836358757953178,0.977375339764336,0.690449244940616,0.933542359319881
"osa-miR395g_st",1.10866556343929,0.975943478269628,1.23148314513724,1.13512142676538,1.10866556343929,1.10866556343929,0.926752157118247,1.1236523337276,0.902380139891591
"osa-miR395h_st",0.940003981132347,0.73641116241625,0.950668057062392,0.809897825979638,1.09927213753273,0.950668057062392,1.10055964421233,0.950668057062392,1.07200311704127
"osa-miR395i_st",0.870309781339883,0.660014418308815,1.11084022683504,0.846631581887535,1.07200311704127,0.860468848934751,0.990575004087461,1.54939465967587,0.880973857269927
"osa-miR395j_st",0.907904913849237,0.882109645119929,0.907904913849237,1.07200311704127,0.907904913849237,1.11055432979281,0.82696464016476,1.07200311704127,1.30914030778217
"osa-miR395k_st",0.958673972209662,1.04529583433933,1.44389399773486,0.805485729787015,1.28131703770146,1.19190429632248,0.981901607084461,0.861796982879678,0.99135782243611
"osa-miR395l_st",1.04754504639238,0.845191172026602,0.950668057062392,0.805485729787015,0.950668057062392,1.02010396014123,0.950668057062392,0.913072924553037,1.07200311704127
"osa-miR395m_st",0.988039415694381,1.0302939866529,1.58587484494724,0.988039415694381,0.85531920169289,1.11004353703279,0.977375339764336,0.988039415694381,1.14460328576211
"osa-miR395n_st",0.914606348367831,0.887165262116685,0.887165262116685,0.887165262116685,1.12280962120478,0.779476236492816,0.977375339764336,1.02975241868391,0.887165262116685
"osa-miR395o_st",0.936548910439142,0.896855046500327,0.827419143421489,1.40308968522403,1.05701634675296,0.965324231431375,1.23922316506451,1.7248861325476,1.47865822338833
"osa-miR395p_st",0.857891945238911,0.994501037506847,0.859586392827977,0.711941712853142,0.836358757953178,1.38116275138424,0.913072924553037,0.913072924553037,0.913072924553037
"osa-miR395q_st",0.63681669972163,0.836358757953178,1.92538101183468,0.997926172094197,0.923742794545351,0.618868566208295,0.836358757953178,0.746148680305527,0.869239944108582
"osa-miR395r_st",0.572312959224217,0.73641116241625,1.15695348061009,0.692431904586333,0.65969699581639,0.802233070707346,0.692578181971795,0.73641116241625,0.73641116241625
"osa-miR395s_st",0.654346944084071,0.977375339764336,1.034933290507,0.664653976211307,0.977375339764336,0.646726359125268,1.23922316506451,1.21301969885243,0.977375339764336
"osa-miR395t_st",2.6580156737769,2.85745010676212,2.1682593921189,3.81273929085359,2.61663718564855,1.54939465967587,2.89599560206873,2.24786128418879,3.01494212975439
"osa-miR395u_st",1.23312117091361,1.08787891323933,1.24538445951892,1.15695348061009,1.01593689879893,1.40332115903987,1.23922316506451,0.779029866460931,1.01431557486129
"osa-miR395v_st",0.646309652459441,1.2500895253867,1.07200311704127,1.03143649322647,1.11256974085607,1.17750377898228,1.15546174810977,1.02889969851193,0.950668057062392
"osa-miR395w_st",0.838210423406631,0.930986535230111,1.07200311704127,0.930986535230111,0.771810457902537,0.713496343485229,0.843602498637938,0.64406044040639,0.930986535230111
"osa-miR396a_st",1.10866556343929,1.15769972902563,1.15769972902563,1.16272671690143,1.08195828073735,0.897119534152145,1.08195828073735,0.9071126356866,1.00053016778354
"osa-miR396b_st",0.733831943941684,1.14963645144543,1.82533272976344,0.711941712853142,1.02150645412208,1.08382637866655,0.947943115744042,0.94143430919205,0.947943115744042
"osa-miR396c_st",1.03645999213182,0.751697347900628,0.987603512782015,0.869239944108582,0.869239944108582,1.05701634675296,1.05672666376788,0.789167799178553,0.869239944108582
"osa-miR396d_st",1.09871039974321,1.07200311704127,0.904724688397753,1.07200311704127,1.07200311704127,0.957693817932056,1.23922316506451,0.779029866460931,1.03534067064325
"osa-miR396e-3p_st",1.15695348061009,1.55906220897358,1.19297824406702,0.890436093355838,1.15695348061009,1.15695348061009,0.954190307677405,1.21213445992422,1.07200311704127
"osa-miR396e_st",1.05701634675296,1.05701634675296,1.05701634675296,1.02957526050182,0.888036492190073,1.05701634675296,1.38488533662651,1.18973656075445,1.14902252640997
"osa-miR396f-3p_st",1.40494266093723,1.29602543705933,1.24185509333816,1.13872720580389,1.3286111619936,1.27572044802763,1.29602543705933,1.32608058215925,1.29602543705933
"osa-miR396f_st",1.23922316506451,0.78957691871752,1.4022439859937,1.0229759215319,1.0820323030401,0.836358757953178,0.853267272231122,0.779029866460931,0.953379371115088
"osa-miR396g_st",1.31725534251006,1.18170908745309,1.29601838656231,1.40966800888179,0.991659981959357,1.51894867821145,1.2145902736085,1.2145902736085,1.1510454078976
"osa-miR396h_st",0.895015259894469,0.950668057062392,0.633517127743093,1.14870846207455,1.10179238486437,1.01497047227369,1.11794555154361,0.779029866460931,0.869239944108582
"osa-miR396i_st",0.864929673090195,0.864929673090195,1.03847422107775,1.19371713525445,0.836358757953178,0.584018188074108,0.748974721361005,1.10312203004677,0.864929673090195
"osa-miR397a_st",1.10866556343929,1.00231727374872,1.10866556343929,0.913072924553037,1.3963790999408,1.10866556343929,1.23388513736927,0.919934678007916,1.10866556343929
"osa-miR397b_st",0.901724925683366,1.08974001351163,0.940337744282704,0.669192368495982,0.913072924553037,0.950668057062392,1.05817325232287,0.809089221808582,0.815598028360574
"osa-miR398a_st",1.05701634675296,0.861938611479671,1.05701634675296,0.849229674914927,1.41860499976325,1.05701634675296,1.02915865950291,1.42655905008836,1.10073460923917
"osa-miR398b_st",0.971960318369475,1.36436329822899,2.19001746563002,1.33349027006282,1.36436329822899,1.15695348061009,1.36436329822899,1.33499574438664,1.91458985997982
"osa-miR399a_st",1.43885005234129,1.08023931401023,1.11110654811413,1.15695348061009,1.15695348061009,1.26330177030066,1.06232570333316,0.900900413952534,1.30213580788547
"osa-miR399b_st",0.994350470267808,1.24364130764273,0.994350470267808,0.754911277399572,0.626146829729316,0.736929028674006,0.892218997847022,1.07200311704127,0.836352963890908
"osa-miR399c_st",1.07200311704127,0.751408394384355,0.912218834952111,1.04753366747816,1.07200311704127,1.23928154568479,0.990575004087461,1.19333817702015,1.25936299066131
"osa-miR399d_st",0.748974721361005,0.723179452631696,0.836358757953178,0.876401656588437,1.03590081618473,1.35803699836359,0.978857047455525,1.16514622011743,0.836358757953178
"osa-miR399e_st",1.26371800519551,1.72802225783896,0.977375339764337,1.19878835447585,1.32336825342932,1.21567922780545,1.33125953063748,1.40008242002918,1.26371800519551
"osa-miR399f_st",1.05701634675296,1.20433332173774,1.09461147926232,1.05701634675296,0.980302180153104,1.05701634675296,1.24450306641226,1.05701634675296,0.914378441004161
"osa-miR399g_st",0.933377913584733,0.73641116241625,0.703883616604876,1.19254144251901,0.913072924553037,0.913072924553037,1.10055964421233,0.956905904997492,0.740725083519124
"osa-miR399h_st",1.01778875783973,0.804464311559065,1.26856237604011,1.04091736590114,0.73641116241625,0.991081475137785,0.991081475137785,0.96252494796672,0.698468411356293
"osa-miR399i_st",1.10866556343929,1.56634947165385,0.804307158836341,0.776866072585195,1.41488812084412,1.31495098698699,0.970433280665264,1.07107043092994,1.12717458434261
"osa-miR399j_st",1.11882181349395,1.16657628054112,1.28852806694707,0.852158703395916,0.836358757953178,1.09537874833006,1.13016981236362,0.878977461997859,0.997341030671292
"osa-miR399k_st",1.14870846207455,1.14170691788779,1.37163875372369,1.02429141697451,1.11582727591915,1.00263496143856,1.23922316506451,1.38435282116264,1.14870846207455
"osa-miR408_st",1.40332115903987,2.13808181461647,1.16235698169179,1.52854073296985,1.99454075462771,1.57682865014065,1.56131690407341,1.49187828657183,1.29602543705933
"osa-miR413_st",1.32273271976127,1.17335317900003,1.17335317900003,1.17335317900003,1.54939465967587,1.6727672888063,1.32458196423039,1.1211126489447,1.29602543705933
"osa-miR414_st",1.15695348061009,1.11935834810074,0.889544036986063,1.15695348061009,1.15695348061009,1.19904735324705,1.57933453892111,1.11935834810074,0.91659517516805
"osa-miR415_st",1.19093524789371,1.16940206060797,1.10866556343929,1.36447979588126,1.17231928034081,0.788070840782377,1.20228324676338,1.50110674250507,1.19093524789371
"osa-miR416_st",1.14541594692511,0.900163721456319,1.04275087802355,1.09258676878691,1.12280073616533,1.04275087802355,1.04275087802355,1.04275087802355,0.869239944108582
"osa-miR417_st",0.908574184425437,0.850720461525464,1.07200311704127,0.931488897689542,0.950668057062392,0.998955974233192,0.869239944108582,0.913072924553037,0.950668057062392
"osa-miR418_st",0.857891945238911,1.02255127703253,1.02255127703253,1.336309384342,0.87265968988259,0.690751786178437,1.02255127703253,1.07200311704127,1.02255127703253
"osa-miR419_st",1.2102100845061,0.738582186562475,0.950668057062392,0.977375339764336,1.05880345271815,1.05701634675296,0.977375339764336,1.07200311704127,0.950668057062392
"osa-miR420_st",2.28263846633826,2.01033166085215,1.89914671633795,2.06977113545996,1.82028255535841,1.9836243781502,1.52854073296985,2.19348544123418,2.01033166085215
"osa-miR426_st",1.11788810508563,1.05234584826487,1.14626069594865,0.755075418176137,0.950668057062392,0.829332997083513,0.983549243217796,0.950668057062392,0.777157123147426
"osa-miR435_st",1.093536304327,1.07200311704127,0.972055521504342,1.18022696854234,1.07200311704127,1.1487230777034,0.768061419104146,1.12514164178967,1.2048318987336
"osa-miR437_st",0.904624790983807,0.950668057062392,1.19389031170095,0.919795028896229,0.950668057062392,0.950668057062392,1.18198775716614,1.19450515565782,0.950668057062392
"osa-miR438_st",1.12103073610767,1.2006717430963,1.2006717430963,1.28144017926038,1.06784296140397,1.38844814574068,0.877643347416035,1.2006717430963,1.2006717430963
"osa-miR439a_st",1.10715253006085,0.74864575650481,1.39833956633662,1.10715253006085,1.24604752472887,0.836358757953178,1.38783923519486,1.10715253006085,1.17090674438242
"osa-miR439b_st",0.747778136432862,0.977375339764336,0.977375339764336,1.13957188888222,1.47275157647852,0.696463854748249,1.44314923244682,0.977375339764336,0.660085511395589
"osa-miR439c_st",0.972201244348125,0.950668057062392,0.950668057062392,0.923226970811246,0.950668057062392,0.942926626975451,0.983549243217796,0.950668057062392,0.950668057062392
"osa-miR439d_st",0.977375339764336,1.15785343273098,0.783389628418875,0.711941712853142,0.836358757953178,0.836358757953178,0.869239944108582,0.913072924553037,0.869239944108582
"osa-miR439e_st",0.646309652459441,0.760947773767562,1.10200915037313,0.711892601085075,1.02750786412177,0.821222440574069,0.670846263810754,0.810407855651474,0.692853857370073
"osa-miR439f_st",0.939633419022506,0.63498503786501,0.905501552458833,0.902970972624484,0.7404619229008,0.902970972624484,0.902970972624484,0.902970972624484,0.950668057062392
"osa-miR439g_st",0.970401816045284,0.970401816045284,0.852859219837329,0.970401816045284,0.970401816045284,0.970401816045284,1.17679393611565,0.913072924553037,0.970401816045284
"osa-miR439h_st",0.889441548599809,0.677058309207256,0.646309652459441,0.955073608993509,0.792564559269824,0.928845706792463,0.889441548599809,0.984069325876742,0.992741328404637
"osa-miR439i_st",0.977375339764336,0.950668057062392,1.44777229680577,0.926198607499284,0.950668057062392,0.935681286774085,0.963231616007147,0.870595912132362,0.991234680877192
"osa-miR439j_st",1.08686791889103,1.07200311704127,0.782967453862734,0.852403356941573,0.68940510791318,0.86913137641774,0.608954033533411,0.888522445587622,0.86913137641774
"osa-miR440_st",1.45476688239893,1.41656587798353,1.51651347352046,1.29902328177558,1.51651347352046,2.12351809250375,1.77634625194845,1.54939465967587,1.54939465967587
"osa-miR441a_st",0.977375339764336,1.06747684972115,1.10866556343929,1.09573890843777,0.808395485201446,1.04970605460743,1.3972505092949,0.977375339764336,0.727150239249512
"osa-miR441b_st",1.19943610742849,0.836358757953178,1.07544928004768,1.00956746851373,0.932862123480447,0.87067848391495,0.967313884391921,0.542029718377006,0.857712737574388
"osa-miR441c_st",0.642615125952513,1.11682132181106,1.0023059680308,0.947586071941234,1.07200311704127,0.973165925467727,0.903753091496779,0.875255357098145,0.749783195231698
"osa-miR442_st",0.977375339764336,0.950668057062392,1.0320952358539,0.977375339764336,1.08506436538821,1.10289232714796,0.869239944108582,1.02341860584292,0.91155343147324
"osa-miR443_st",0.786879864238714,1.16221319468892,0.686228566466129,1.14870846207455,1.04087813471004,1.08989753290837,0.646309652459441,0.65633901748622,0.869239944108582
"osa-miR444a.1_st",1.14822056144103,0.907256384092939,1.04877548216647,1.11785004953724,1.24284833871796,1.23918510951611,1.28973965951456,1.09139418621115,1.07200311704127
"osa-miR444a.2_st",0.950668057062392,0.938104498117637,0.938104498117637,0.913635048554529,0.950668057062392,1.15695348061009,0.950668057062392,0.858032353187607,0.950668057062392
"osa-miR444b.1_st",1.39051389882616,0.983741005061198,0.718293975244638,0.805485729787015,0.718293975244638,1.28131703770146,1.02070415729822,1.07200311704127,0.817591057675178
"osa-miR444b.2_st",1.25870694433373,0.922987141033564,1.2145902736085,0.830597787887185,0.72823612282957,1.10466051023079,1.06400372284472,0.971368018969938,0.971368018969938
"osa-miR444c.1_st",1.1282347698685,0.87566248835387,0.817304330815951,1.14870846207455,1.00833359058729,0.966398667939545,1.07801636271964,0.779029866460931,1.60784859251799
"osa-miR444c.2_st",0.756196875006033,0.618868566208295,0.874491708744627,0.711941712853142,0.679538818282166,0.774554574887498,0.748974721361005,0.90913602161364,0.7067330354798
"osa-miR444d.1_st",0.97922700521779,0.957693817932056,1.07200311704127,1.13575753831683,1.07200311704127,0.931432905261996,0.936480734530753,1.27476628997396,1.07200311704127
"osa-miR444d.2_st",0.857891945238911,1.07200311704127,1.31837079547105,1.13639579962835,1.07200311704127,1.68141154827328,1.10055964421233,1.20348395323614,0.950668057062392
"osa-miR444d.3_st",0.851099463403292,0.799696311555156,1.06130559756488,0.836358757953178,0.836358757953178,0.809651475251233,1.27904214003817,0.836358757953178,0.682924630691189
"osa-miR444e_st",1.23922316506451,1.14196950089629,1.27443132772059,1.32478396689642,1.03968110683296,1.13279127871002,1.46582344476509,1.11550113523236,1.15309626774171
"osa-miR444f_st",1.19030883801382,1.2006717430963,1.14196671032179,0.908412266282622,1.0339089445858,1.05701634675296,1.18020065120096,0.913072924553037,1.0339089445858
"osa-miR445a_st",0.895487077748266,1.07200311704127,0.6580549932809,1.31624684337859,0.726645737044335,0.950668057062392,0.950668057062392,1.07200311704127,0.869239944108582
"osa-miR445b_st",1.43980706727309,0.585439179163159,0.9439459527192,0.913072924553037,0.9439459527192,0.9439459527192,1.19116964798759,0.886617061226953,0.787521529418412
"osa-miR445c_st",1.3624074695125,1.10055964421233,0.578881403801923,0.931324394342505,1.10055964421233,1.28013778505809,1.10055964421233,1.11447817472453,0.891245723552144
"osa-miR445d_st",0.97922700521779,1.40395399539289,0.944287316286742,1.40079057920553,0.857746222395128,1.26488203894366,1.2084882025459,0.777674077465098,1.10488430319667
"osa-miR445e_st",0.936751124005386,0.92418756506063,1.12730545668396,1.41879043613358,0.942707047643749,1.05701634675296,1.05701634675296,1.35724728174615,1.05701634675296
"osa-miR445f_st",0.831458180864536,0.825136526876997,0.900661173164477,0.886639160178661,1.28131703770146,1.25674133166119,0.96926942053738,1.15315654743292,1.15315654743292
"osa-miR445g_st",1.02817013659681,1.51767738854762,0.913860837487601,1.02817013659681,1.02817013659681,1.02817013659681,0.946742023643006,1.07200311704127,0.946742023643006
"osa-miR445h_st",1.093536304327,1.07200311704127,1.24185509333816,1.27004352205343,1.21807661767726,1.07200311704127,0.881954011547533,0.94333449098624,1.07200311704127
"osa-miR445i_st",1.07200311704127,1.0029285496705,0.929365211292467,1.07200311704127,1.10287614520743,1.21718544431665,1.2171034448111,1.07200311704127,0.929365211292467
"osa-miR446_st",0.857891945238911,1.2200013926397,1.20427970962112,0.777249046958878,0.768719302473554,1.22137240445104,1.10055964421233,1.03264151901966,0.827203881736286
"osa-miR528_st",2.68809141733393,2.14236062224779,1.758428599225,1.79027357140273,2.24786128418879,2.24786128418879,2.96257429039477,2.32545718171289,1.99449206157225
"osa-miR529a_st",1.40079057920553,0.81118947287127,1.41470910971772,1.40079057920553,1.68015657110237,1.86888745653375,1.37993665249951,1.54939465967587,1.31466368188273
"osa-miR529b_st",1.49026410360614,1.07200311704127,1.07200311704127,1.07200311704127,0.813720052705619,1.07200311704127,0.986500836043556,1.20836753187494,0.959793553341611
"osa-miR530-3p_st",1.93107391698692,2.14096458472666,1.5201675098396,1.93107391698692,1.97650226519482,1.93107391698692,1.93107391698692,2.15488311523886,1.71329475412709
"osa-miR530-5p_st",1.80329555287324,1.82360815839945,1.19956329563024,0.962988216273269,1.8701796273569,1.40332115903987,1.35160614763246,1.54939465967587,1.037848040323
"osa-miR531_st",4.02036345148841,2.30444619211023,1.24185509333816,1.61300893566155,3.35202732051765,2.9513059302868,2.78111063757958,3.05748968077273,3.49540612358065
"osa-miR531b_st",4.45833079193269,3.20563695702552,2.8362148672532,2.85548289451456,3.84179525350626,2.77963800642423,3.63296105374695,4.25053997179998,4.49327630580337
"osa-miR535_st",1.23315031421119,1.37222227066043,0.83178020097593,1.40930866095543,1.23315031421119,1.31379560881635,1.35969060137833,0.989269758154137,1.08143967108188
"osa-miR806a_st",1.04794105073265,1.44389399773486,0.621773041108128,0.713686499893885,0.836358757953178,1.03295379366196,0.646309652459441,1.2145902736085,0.904082040502626
"osa-miR806b_st",0.931696960009392,0.869239944108582,0.869239944108582,0.751697347900628,1.15695348061009,0.913072924553037,1.10055964421233,0.741434733951577,0.913072924553037
"osa-miR806c_st",1.10866556343929,0.730029514470518,1.07563206417895,0.945954110708442,0.869239944108582,1.08349683875472,0.869239944108582,1.01183592224239,0.759638797291049
"osa-miR806d_st",0.777347521440688,1.04456203079012,1.07200311704127,0.933108122373252,1.07200311704127,1.07200311704127,1.07200311704127,1.06947253720692,1.33274507348176
"osa-miR806e_st",0.991734666710153,0.868872252242204,1.89808343630525,0.773641080434057,1.2145902736085,0.965027384008208,1.47287333794415,1.2145902736085,1.2006717430963
"osa-miR806f_st",0.977375339764336,0.977375339764336,0.977375339764336,1.08214048191053,0.774638218996102,1.1414733337397,0.977375339764336,0.977375339764336,0.977375339764336
"osa-miR806g_st",0.974656266883095,1.05701634675296,1.22226332311949,1.01644972293816,0.974656266883095,1.05701634675296,1.15850903910422,1.05193858731611,1.07200311704127
"osa-miR806h_st",0.979041110229596,1.07200311704127,1.46140731375348,0.797066114386898,1.26400960553361,0.728669732329309,0.954364345642339,1.48591498073928,0.979041110229596
"osa-miR807a_st",1.04436314822799,0.752717129415964,0.713297460923097,0.913072924553037,1.17325944760981,0.744975699329023,0.748974721361005,1.08830908404098,1.07200311704127
"osa-miR807b_st",0.951737894293692,1.04451400611717,1.16584906609605,1.20456535569209,1.07200311704127,1.54939465967587,1.07200311704127,0.981793039393619,1.40332115903987
"osa-miR807c_st",1.07200311704127,1.08671151639914,1.07200311704127,1.03143649322647,1.07200311704127,1.07200311704127,1.4235880398926,0.857207593663448,0.985876219718478
"osa-miR808_st",1.19226833978885,1.36731836985244,1.60255832741654,1.19226833978885,1.07200311704127,1.27190934677747,0.869239944108582,0.869649242675496,1.0012390800175
"osa-miR809a_st",1.28824370428505,1.07200311704127,1.15695348061009,1.41523654494574,1.15695348061009,1.15695348061009,0.869239944108582,1.40079057920553,1.15695348061009
"osa-miR809b_st",1.21826671025683,1.22543724430326,1.16324428314984,0.912872905249557,0.799743779721429,0.989792885215166,1.03333618267454,1.08855588290452,0.869239944108582
"osa-miR809c_st",0.977375339764336,1.14987629131173,0.900661173164477,1.14574579233568,0.950668057062392,0.977375339764336,1.23720811819233,0.977375339764336,0.940712893366315
"osa-miR809d_st",1.13928603120738,1.05701634675296,0.850730923205262,1.16448903051473,1.05701634675296,1.05701634675296,0.877438205907207,1.20732255505218,0.861972225552264
"osa-miR809e_st",1.2086684920175,1.02412469891776,1.35160614763246,1.15695348061009,0.73641116241625,1.15695348061009,1.15695348061009,1.07200311704127,1.00601907607393
"osa-miR809f_st",1.14870846207455,1.02003983601952,1.15695348061009,0.989778269586318,1.2560041840551,1.23609249866672,1.04604339317299,1.14870846207455,1.14870846207455
"osa-miR809g_st",0.718118652203787,0.950668057062392,1.09853661773793,0.950668057062392,1.47513015878422,1.0832766326893,0.779334934752177,1.2356365523664,0.759638797291049
"osa-miR809h_st",1.32065127801832,0.836358757953178,0.950668057062392,0.913072924553037,0.950668057062392,1.2383815935639,0.950668057062392,0.994501037506847,0.950668057062392
"osa-miR810a_st",0.977375339764336,1.69617504681476,1.03143649322647,0.906207397397701,1.47490047909869,1.03143649322647,1.13410156212803,0.946486129657648,1.03143649322647
"osa-miR810b.1_st",0.808506201577329,0.998555307071066,1.03143649322647,1.19363304234436,1.52077727630601,1.25378750926082,1.22304028076499,1.02682939401724,1.3072239826924
"osa-miR810b.2_st",1.70841803885495,1.23835554139945,1.59616981430805,1.42344502265388,1.34498220202046,1.35969060137833,1.35969060137833,0.815357875768246,1.35969060137833
"osa-miR811a_st",0.818199262436762,1.07200311704127,1.97349438782656,0.977375339764336,0.477329797896551,0.977375339764336,0.977375339764336,1.40079057920553,0.662847824038212
"osa-miR811b_st",1.25912733917185,0.950668057062392,1.27047533804152,1.14870846207455,0.950668057062392,0.731245553279622,0.751550542311318,0.88394129296943,0.759638797291049
"osa-miR811c_st",0.748974721361005,0.748974721361005,1.10866556343929,0.714022420123518,1.0807742122151,0.72226743865906,1.13128998297499,0.865156763783723,0.748974721361005
"osa-miR812a_st",1.49728818782983,1.25632401048174,1.01511161543877,1.04355024246564,1.06934551119495,1.05460480574483,1.09653972839258,1.07200311704127,1.15071007211374
"osa-miR812b_st",0.984225383558142,0.957518100856197,0.67660661584011,0.957518100856197,0.957518100856197,1.21724997848228,0.748974721361005,0.877445955926167,0.957518100856197
"osa-miR812c_st",0.87487833866021,0.913313142976467,1.03464820295535,0.994081579140546,1.09402917467747,1.17923674326316,0.977543407561774,0.549432663129457,0.950668057062392
"osa-miR812d_st",0.863284020470219,1.04529583433933,0.855246728845588,1.12201000093918,0.950668057062392,0.701962449627364,1.01979120804826,0.937606808715456,0.792670550685492
"osa-miR812e_st",1.10055964421233,1.10055964421233,1.10055964421233,0.913072924553037,1.13192935113037,1.05196791922106,1.59766388395572,1.10055964421233,1.10055964421233
"osa-miR812f_st",1.66098494051473,0.994074943891107,0.799715567378983,0.992176855850978,1.09402253942803,0.772076619158024,1.17280624812992,0.913072924553037,1.13709524457109
"osa-miR812g_st",0.857891945238911,1.2006717430963,1.02198993921428,1.03143649322647,0.73641116241625,0.915603504387386,0.977375339764336,0.913072924553037,0.977375339764336
"osa-miR812h_st",0.913072924553037,1.14871728364113,0.983362034484039,0.882199896386875,0.836358757953178,0.913072924553037,0.7230238190593,0.945766901974684,0.759638797291049
"osa-miR812i_st",0.940003981132347,1.11990330693222,0.950668057062392,1.11286460618028,0.917786870906987,0.809897825979638,0.869239944108582,0.994501037506847,0.950668057062392
"osa-miR812j_st",1.00231727374872,1.15668408712204,0.677041338728303,1.16369523236286,0.84431976737182,0.950668057062392,1.16369523236286,0.985045896520581,0.965654827350699
"osa-miR813_st",0.857891945238911,1.11907378633528,0.846142341291621,0.914402953664922,1.24336285966027,0.793067893686043,1.20209043800198,1.14048106618785,0.884355136609194
"osa-miR814a_st",0.979996937384261,1.00446638694737,1.18169027308565,0.979996937384261,0.914364876990561,0.979996937384261,0.979996937384261,0.942401804874907,1.07200311704127
"osa-miR814b_st",0.857891945238911,1.09871039974321,0.977375339764336,1.03143649322647,0.896606903600258,1.28131703770146,0.977375339764336,0.913072924553037,0.950668057062392
"osa-miR814c_st",1.05808458652907,0.950668057062392,0.943775287419858,1.11752406113688,1.27167047910375,0.836086261795989,0.976656473575262,1.07200311704127,1.17941964650795
"osa-miR815a_st",1.12040814991857,1.55351011842411,1.10866556343929,1.40286992178403,1.57451400082377,1.2184667295603,1.34333844156771,1.2845063531106,1.48711963364381
"osa-miR815b_st",1.1663023564377,0.736411162416249,1.02521812023625,1.29762241796614,0.950668057062392,0.823901657837069,0.977375339764336,1.05213783050525,1.16723504254903
"osa-miR815c_st",1.10055964421233,1.07385236151039,1.15695348061009,1.14870846207455,1.2646576381877,0.812004536210221,1.10055964421233,1.3377745780565,0.933339596189099
"osa-miR816_st",0.857891945238911,1.08788937491913,1.44214318751999,1.05701634675296,0.73641116241625,0.945398651972864,1.18476650051729,1.06704571177974,0.959220748864096
"osa-miR817_st",0.829299571542443,0.86356353652142,0.619768922887524,0.956214967113471,1.40332115903987,0.800661073545221,0.99366969167413,0.901033987799345,0.993810099622825
"osa-miR818a_st",0.857891945238911,0.971905013010146,1.42844262893873,1.16698274828344,0.971905013010146,1.17819043655785,0.748974721361005,0.9145761215179,0.971905013010146
"osa-miR818b_st",1.10015120861527,1.15695348061009,1.47927296405639,1.03143649322647,1.15695348061009,1.01593689879893,1.18366076331204,1.30671622738544,1.13024619790815
"osa-miR818c_st",1.28055517341661,0.900661173164477,0.969290886018472,0.977375339764336,1.04157152402295,0.977375339764336,0.977375339764336,0.974844759929988,1.30964914599736
"osa-miR818d_st",1.10866556343929,0.950668057062392,1.07503161415376,0.950668057062392,0.950668057062392,1.05701634675296,0.671199539096423,1.05825525182841,0.877104718684354
"osa-miR818e_st",1.09871039974321,1.33771949004958,0.977375339764336,1.47029765210297,1.40332115903987,1.09871039974321,0.875413996411251,0.85482984368616,0.776490477933643
"osa-miR819a_st",0.836358757953178,0.995288950441411,0.549432663129457,0.836358757953178,0.836358757953178,0.785998623821555,0.977066105360432,0.836358757953178,0.836358757953178
"osa-miR819b_st",0.811714926243195,0.78500764354125,0.576626880327091,0.654901488388541,0.78500764354125,0.725774920565059,0.934899230691194,0.65633901748622,1.49840270195923
"osa-miR819c_st",0.987330503460413,1.1890238391618,0.950668057062392,0.923028088249114,0.950668057062392,1.23121105951747,0.987330503460413,0.987330503460413,1.1890238391618
"osa-miR819d_st",1.10866556343929,0.73641116241625,0.659691201754121,0.692431904586333,0.550893136274588,0.618868566208295,0.748974721361005,1.40079057920553,0.73641116241625
"osa-miR819e_st",1.32065127801832,0.938104498117637,0.614900457047239,1.03143649322647,0.950668057062392,0.950668057062392,0.869239944108582,0.965654827350699,0.965654827350699
"osa-miR819f_st",0.869239944108582,0.842532661406638,0.923301097570716,0.840244227225349,1.13575733136284,0.838270879146842,0.758629872158215,0.888631013278465,0.869239944108582
"osa-miR819g_st",1.40332115903987,1.29392553885607,0.944401489463816,1.01383739254265,1.33073850796887,1.01383739254265,1.11016448663138,1.12142458730868,1.15901971981803
"osa-miR819h_st",0.70355252787454,0.836358757953178,1.03470423125658,0.795792134138378,0.836358757953178,0.950668057062392,0.794264885316223,1.07200311704127,0.816967688783295
"osa-miR819i_st",1.01492247411601,1.2006717430963,0.839526155008081,1.26442616437186,1.05701634675296,1.05701634675296,1.05701634675296,1.10620077832603,1.07200311704127
"osa-miR819j_st",0.830200620748571,0.950668057062392,1.10160246159855,0.950668057062392,1.27366460662079,0.878488537919372,0.950668057062392,0.96458658757459,0.818497240746557
"osa-miR819k_st",1.04437791312721,0.859102011390961,0.672123512104168,0.928176578761726,1.04616468883947,1.0733589060371,0.991930793083293,0.779029866460931,1.19469396601598
"osa-miR820a_st",0.648482549106089,1.57329153075292,1.25777438803853,1.36100934127809,0.946624488775435,0.931637718487128,1.14963899238277,1.19347197282723,0.950668057062391
"osa-miR820b_st",1.40079057920553,1.36737309355475,1.39060072842955,1.40079057920553,1.69273738501683,1.48043158619415,1.37993665249951,1.40079057920553,1.40079057920553
"osa-miR820c_st",0.851858352380714,1.2006717430963,1.69497055139753,1.03143649322647,1.42387767229224,0.87343898684957,1.1509198877519,0.946486129657648,1.12421260504995
"osa-miR821a_st",2.14482751013677,5.58848104395684,1.55899880113666,4.58526291251472,1.86030719119877,2.9271294553176,2.59555142848768,1.4219829271127,3.66695624727821
"osa-miR821b_st",2.17668067239035,4.94007945728243,2.87449224170116,3.09220246734182,2.76815046527633,3.5432804593201,2.12506899197654,2.88307999361998,3.6659726751893
"osa-miR821c_st",0.978257310560557,4.80798938903258,1.2675748784659,4.2568607962249,0.76494651689685,2.03454424785745,0.977375339764337,2.34175730449315,3.26674286441315
"osa-miR827_st",1.59931776788865,1.29330077540575,1.07200311704127,1.29330077540575,1.29330077540575,1.57826927070976,1.52854073296985,1.2015436536399,1.62865283185382
"osa-miR827a_st",0.830402834314814,0.981541085228554,0.668146261120246,0.950668057062392,1.02738801772452,0.955072355943967,0.869239944108582,0.970059126232274,1.15343122999508
"osa-miR827b_st",0.955366841431375,0.869239944108582,0.468137704198068,0.730029514470518,0.836358757953178,0.836358757953178,0.869239944108582,0.945954110708442,0.950668057062392
"pbi-miR-506_st",0.78495229243375,1.07200311704127,1.3230496204614,1.14870846207455,1.07200311704127,1.17835140673184,0.870309781339883,0.90036492643981,1.07200311704127
"pbi-miR-507_st",0.857891945238911,0.964798299595675,1.28131703770146,0.964798299595675,1.0448704445257,0.950668057062392,1.17769922621804,0.964798299595675,0.950668057062392
"pbi-miR-508_st",0.977375339764336,0.949934253513191,1.11978622981009,1.24413861185793,0.949934253513191,1.03488461708201,0.855306476236257,0.689120609343191,0.743542133442821
"pbi-miR-509_st",1.33068064304509,0.858232262246218,1.07200311704127,0.902339397195389,0.950668057062392,0.960697422089171,0.999248844057377,1.07200311704127,0.851096275271637
"pbi-miR-510_st",1.68268715093672,1.29602543705933,1.28131703770146,1.20401925740232,1.13838719700862,1.03845006315149,1.55639665830453,1.19602399000702,0.856139064673095
"pbi-miR-513a_st",0.958773976289348,1.07933668311742,1.00706189346015,0.881544906076527,0.73641116241625,1.25342957188993,1.23922316506451,0.796855759298557,0.910270920207313
"pbi-miR-513b_st",1.02231581447799,0.950668057062392,1.42884716825464,1.03143649322647,0.950668057062392,0.858359821484818,0.78892391840598,1.07200311704127,1.07200311704127
"pbi-miR-513c_st",0.950668057062392,0.733177865317509,1.10866556343929,1.00472921052453,1.27126277971931,1.54939465967587,0.977375339764336,0.853791067732408,0.777157123147426
"pbi-miR-514_st",1.23922316506451,1.09820658325335,1.26230457722872,1.26442616437186,0.888000449091755,1.09820658325335,1.09820658325335,0.811280488429626,1.09820658325335
"peu-miR2910_st",9.62770353301072,10.0580562688626,11.507026881096,10.2107294081745,11.0318013688359,10.1137323829666,9.75737621116647,9.99184801621893,10.047590242679
"peu-miR2911_st",11.6576574889422,10.9609555849154,10.9902185303801,11.0132784096775,11.2177025049805,11.1867628073535,11.2910062483447,11.7940690065638,11.3572666672312
"peu-miR2912a_st",1.32404673448863,1.2006717430963,0.639551696996853,1.04931599024723,0.784162945245792,0.8649127980235,0.806469165420481,1.35244356639485,0.863109733312346
"peu-miR2912b_st",1.23922316506451,1.5818338375781,0.785033726494118,1.24758075429017,1.23922316506451,1.18757394837818,0.886914561204244,1.2145902736085,1.10334015650754
"peu-miR2913_st",3.48831174274631,1.96090232616133,1.67699784860549,1.7916670762915,1.82307134924148,2.12751142836211,3.35202732051765,2.12751142836211,2.439166235033
"peu-miR2914_st",8.21586970221026,7.4245984832068,7.5848022506897,7.1539791538345,7.62389578642676,7.51854076124368,7.59609776921184,8.33604101121845,8.35531646382894
"peu-miR2915_st",1.65983095664481,1.10325656695494,1.52854073296985,1.26310710605866,1.5852920813364,1.54939465967587,1.52854073296985,1.87389106246977,1.95405965796741
"peu-miR2916_st",1.08866287860137,1.10055964421233,1.28921813919576,1.06968661604617,1.42115436686925,1.24450306641226,1.10055964421233,1.10055964421233,1.13815477672169
"ppa-miR-1_st",0.950668057062392,1.09798503204717,1.20103943496268,0.913072924553037,1.15343122999508,0.950668057062392,0.950668057062392,0.933926851259053,0.926917225934566
"ppa-miR-100_st",11.7017348832143,11.7636378426456,11.6194012536749,11.5505582921455,11.6194012536749,11.6394835517908,11.6336728404028,11.6019953697262,11.5086167851816
"ppa-miR-101_st",1.86768508549199,2.73173213016297,2.02144435583859,1.97834093730925,1.9808715171436,1.68268715093672,2.36689129508504,1.44805759952786,3.9340651248181
"ppa-miR-103_st",13.2917135834412,13.2286566519532,13.2320736087151,13.2664743662777,13.410305457685,13.4190990732428,13.3320243162948,13.3394391344461,13.2447589288453
"ppa-miR-105_st",1.11613216558998,1.3200703762106,0.832799089912812,1.14870846207455,1.16442008276079,0.98484194191503,0.98484194191503,0.999828712203336,0.876706546259275
"ppa-miR-106a_st",12.6894428193127,12.6974210280843,12.6455250618441,12.7113096136026,12.7830686640697,12.7636141949573,12.6782105059321,12.7029525450842,12.6880090358373
"ppa-miR-106b_st",11.7578183175419,11.6328491664213,11.7479183308368,11.7129534430701,11.7464312916757,11.7012858597874,11.7772085214399,11.6829551217407,11.6285179031785
"ppa-miR-107_st",12.946302335781,12.8465217150328,12.8625139517349,12.852764021196,12.8914025038979,12.9241428464956,12.9446740789995,12.8822211561927,12.8470349565307
"ppa-miR-10a_st",2.23875275581095,1.71105716909121,1.23771890992537,1.56587484181583,1.596747869982,1.82048753878116,2.02495140903943,1.82048753878116,2.32824541894601
"ppa-miR-10b_st",1.57753871719122,1.85378481053273,1.54939465967587,1.84217113657717,1.37005890233643,1.54939465967587,1.53075641485246,1.17429718393562,1.39204861443403
"ppa-miR-124a_st",1.15695348061009,0.822698929771329,0.995487414908383,1.40079057920553,0.978746586560057,1.27845574311319,0.786970259654169,1.42886910870319,1.08742648334185
"ppa-miR-125b_st",11.1906978533833,11.0795894554133,11.1931010009884,11.1163749553575,10.9763886966906,10.9243778319147,11.1036105020845,11.0459591180386,11.1394268501418
"ppa-miR-128_st",6.2122173487643,6.27347493094693,6.2017506260518,5.90134761194317,5.64673265143349,6.03719146955677,6.16695529592914,5.57031176761325,6.53472090996482
"ppa-miR-130a_st",7.82707466340375,7.92567081815951,7.8998129034125,7.90892728858243,7.59297696786798,7.79797036130253,7.98846483056159,7.96311779930161,8.44776942577129
"ppa-miR-133a_st",0.890557688243063,1.17748378306678,1.21036496922219,1.14045077455892,1.03141028243079,1.291793082176,1.35969060137833,1.084848079192,1.17748378306678
"ppa-miR-134_st",0.857891945238911,0.842532661406638,1.16221319468892,1.12164657087412,0.567539875544202,1.04087813471004,0.869239944108582,0.804937528897283,0.8498488749387
"ppa-miR-135_st",1.12371812844868,1.83686581267106,1.07200311704127,1.07336556771371,0.944494153608932,1.05880345271815,0.992427904773727,0.887165262116685,0.662847824038212
"ppa-miR-136_st",1.02255011329252,1.07200311704127,1.14360408257401,0.838678116257333,1.00101692600678,0.618868566208295,0.913632889414609,0.842086733518549,0.913632889414609
"ppa-miR-139_st",0.57912274506411,0.802194723640868,1.07200311704127,0.941386034499731,0.978856485777656,1.3736441612661,0.968827120750877,0.978856485777656,1.01645161828701
"ppa-miR-141_st",2.10618030107182,1.9290548293665,1.29273309424367,1.98324990920395,1.40332115903987,2.36988577093353,1.75960747553148,1.97288780981096,2.31180090714541
"ppa-miR-143_st",0.666862685467569,0.645329498181835,0.961332132992436,0.946255960869769,0.759638797291049,0.847022833883222,0.705577643828915,0.779029866460931,0.759638797291049
"ppa-miR-144_st",0.885035996668691,0.950668057062392,0.950668057062392,1.12732981919918,0.950668057062392,0.978299990818766,0.963231616007147,0.993286761107073,0.815353224536341
"ppa-miR-147_st",0.977375339764336,1.57329153075292,1.2006717430963,1.2006717430963,1.50461344103342,1.11577013036823,1.21323530204106,1.17340692336663,1.2006717430963
"ppa-miR-154_st",1.15695348061009,1.37106465241245,1.15695348061009,1.2995913863589,1.14041530903132,1.15695348061009,1.15695348061009,1.07809140183211,1.15695348061009
"ppa-miR-15a_st",8.69082977262873,8.37916174958659,8.55605009554099,8.52811923001734,8.29178441320273,8.33693229571453,8.80655507221924,8.55605009554099,8.73880926492285
"ppa-miR-15b_st",10.9858758654434,11.0342726313443,10.7756421378754,10.9595789564411,10.255044567131,10.2658989706264,10.9851755339762,10.7094621165757,11.1111390764044
"ppa-miR-16_st",12.8427492740474,12.8306898444534,12.9180030790291,12.9684237256645,12.7863252423595,12.8911809620195,12.9428490192567,12.8080403783278,13.0410666757022
"ppa-miR-17-3p_st",6.53395869534764,6.34988269063594,6.80237501199374,6.88186748700822,6.82368081132447,6.96266365167003,6.80079817401102,6.71391609361253,6.82248546774507
"ppa-miR-17-5p_st",12.9452948503698,12.9578661397998,12.9083440731665,12.9337609121925,13.0716646569957,13.1049078088345,12.9453372733987,12.9453372733987,12.8830514300934
"ppa-miR-18_st",10.2979700707542,10.1037800788503,10.1547350733769,10.1852810138339,10.3739441082168,10.1895766921522,10.4946311531368,10.2431819017135,10.2519582131123
"ppa-miR-181a-star_st",4.94508212571626,5.30754857996275,6.02587572987626,5.12868890880692,6.51488377193149,6.30667792752183,5.83079616119905,5.25427797151817,5.67119209652447
"ppa-miR-181a_st",10.6784465060187,10.7239275150441,10.5227097448871,10.6546787125649,10.7916309087548,10.8341575492704,10.7803387991719,10.6669034228775,10.7176551131303
"ppa-miR-181b_st",10.5752304715531,10.7414962723702,10.8946857659685,10.6806640710406,11.0503319218008,11.1402630478606,10.7331028380738,10.6214342134639,10.5606586269566
"ppa-miR-181c_st",3.05607699575396,3.43226266174898,2.14093533760466,2.25593486435092,3.05607699575396,2.56427050648048,3.83542085686083,5.20517101560391,2.57861789895867
"ppa-miR-183_st",7.78267368393005,7.74809695400964,7.7827744273139,7.59447327840224,7.4695554627674,7.24596826039009,7.69912433335674,7.57461426162769,7.74479053400087
"ppa-miR-186_st",0.940161629693325,1.37829512151374,1.24584532981578,1.71074755128139,0.918628442407591,1.05701634675296,1.01744471141244,1.48306026365994,1.5578732623595
"ppa-miR-187_st",0.748974721361005,0.895341354904482,0.790506756809756,1.14870846207455,0.950668057062392,1.15695348061009,1.18198775716614,1.07200311704127,0.748265070928551
"ppa-miR-188_st",3.55013904563088,3.58216631790943,3.15919539864984,3.34633748547658,3.87597423459724,4.57457729679436,3.55013904563088,3.45353412354607,3.67751860091578
"ppa-miR-190_st",0.546620846995231,0.618868566208295,1.15695348061009,0.913174755410884,0.75399867808331,0.836358757953178,0.748974721361005,0.913072924553037,0.662847824038212
"ppa-miR-195_st",4.0333474639216,4.7598466584658,3.57616368400137,3.57182847403045,3.37064692672136,3.04549228727482,4.52012558358995,3.7742754091146,4.51576899080258
"ppa-miR-196_st",1.09168463887355,0.950668057062392,0.576626880327091,0.950668057062392,0.929134869776658,0.988263189571746,0.663617232454872,1.00584903637652,1.04344416888587
"ppa-miR-197_st",6.42420891137443,6.2192755697438,6.16865372255432,6.23032470100222,6.16865372255432,5.49676202490177,6.05034051602917,5.90321528759598,6.07679036916832
"ppa-miR-198_st",1.38647988358582,1.46459395964241,1.2145902736085,0.975863929399248,0.950668057062392,0.798614174225449,1.92552643992163,1.62392079303361,1.2145902736085
"ppa-miR-199a_st",0.788896809026669,1.26655355463025,0.893995550951584,1.2145902736085,1.3610861647871,1.54939465967587,1.41732739437673,1.2145902736085,0.662847824038212
"ppa-miR-19a_st",6.88889438028828,6.88593933658562,6.56232017298242,6.90050582182181,6.07069759630546,6.36765040117484,7.16371032263727,6.78387763592043,7.3061991684713
"ppa-miR-19b_st",11.0765134636408,11.2234141508082,11.0462039394306,11.0211902211266,10.698456696808,10.6979214110515,11.1120713982606,10.8779518619542,11.1184844937997
"ppa-miR-20_st",10.1646989830225,9.9472303525397,9.8611759350708,9.92595480239676,10.0153155912028,9.92779809083838,10.2901011105593,10.0310142255216,10.4258560369777
"ppa-miR-204_st",1.23922316506451,1.23922316506451,0.783389628418875,1.69576078099309,1.15743080515418,1.19567986760513,1.36119184966866,1.38181032163173,1.25393156442237
"ppa-miR-205_st",13.1470534743833,13.1394953040861,13.2948915146298,13.2215451106371,13.1967360750424,13.2019950417769,13.2019950417769,13.0709490365863,13.2917218221977
"ppa-miR-21_st",8.80163462531879,8.70275367569826,8.43544291148085,8.30352220624383,8.16794436779419,8.57146975335229,8.72386773844419,8.15449704959864,8.56153239311942
"ppa-miR-214_st",1.23922316506451,2.57486133274269,1.15876120549995,1.52408003915563,1.58236258517717,1.99430853720718,1.26689660115571,1.57604332017738,1.7868333192043
"ppa-miR-216_st",0.796570743931003,0.950668057062392,1.82048753878116,1.03143649322647,0.983549243217796,0.950668057062392,1.09168463887355,0.983549243217796,0.574898877297889
"ppa-miR-217_st",1.10866556343929,1.17311275182736,1.17311275182736,0.841313260973263,0.950668057062392,0.936544432781411,1.21486894332155,1.09168463887355,1.09168463887355
"ppa-miR-218_st",0.892424976195514,0.950668057062392,0.983549243217796,1.11223547120341,1.07200311704127,0.950668057062392,0.837338912230784,1.19450515565782,0.950668057062392
"ppa-miR-22_st",11.5217924259991,11.4352421083724,11.7596391146301,11.7505873960504,11.8206964260105,11.8802239954864,11.7300861496026,11.6874653982995,11.7669192269573
"ppa-miR-220_st",1.10055964421233,1.03148507684157,0.81194615558994,1.38761046881985,2.02360799785801,1.30225297991372,1.10055964421233,1.00792394033755,1.1643138585339
"ppa-miR-221_st",12.443387471762,12.364573321234,12.4870424811805,12.3365115722992,12.3650265978733,12.4013860236941,12.5453233090322,12.3737201377917,12.4355384850827
"ppa-miR-223_st",1.74602561206697,1.81807731656072,2.13310959659021,2.13310959659021,2.67866304290749,1.83691368274995,2.09082939301695,2.7319427119343,2.67866304290749
"ppa-miR-224_st",6.17102732463885,6.57693115342661,6.18416840820479,6.4312298463341,5.74424855474461,5.55163369054109,6.18416840820479,5.21753353302622,6.52762238570686
"ppa-miR-23a_st",13.5654006758133,13.5379544527016,13.5093902719831,13.5604097837751,13.4496954129901,13.4374087167557,13.6009703978158,13.5056658720241,13.6807269250014
"ppa-miR-23b_st",12.5592646240595,12.6465589299595,12.5139162239075,12.566831778977,12.5660663524983,12.5788453833106,12.5056964931284,12.535265080623,12.5879716996652
"ppa-miR-24-star_st",1.40332115903987,1.02061814040061,1.01902304695362,1.59849081630807,0.762263135537191,1.00093661856833,1.14195320037949,1.14195320037949,1.14195320037949
"ppa-miR-24_st",13.4989093755539,13.4199180223177,13.4386098250782,13.5004467360475,13.5915070253153,13.5806033756178,13.4855767606539,13.4764364028143,13.399217258864
"ppa-miR-25_st",10.2173730728077,10.2129061026585,10.159439520171,10.0539694857576,9.50041257699411,9.64461696407938,10.0969243695777,9.86855323422392,10.1713250479768
"ppa-miR-26a_st",12.2107365863734,12.3759808891319,12.2478681481131,12.3834091784764,12.1537500671478,12.1307618337331,12.2855461879105,12.1470440436242,12.2480876866146
"ppa-miR-27a_st",10.9280601244429,10.431839636712,10.4929023693398,10.8176408987207,11.2673348144537,11.2977270093391,11.2000769750865,10.9494956610657,11.2478508847481
"ppa-miR-28_st",7.59578487563997,7.68449869889101,7.53219689920881,7.45672927193707,7.67194201636267,7.72621586378467,7.77394004019901,7.68449869889101,7.66283660054794
"ppa-miR-29a_st",11.528783653725,11.2864553080455,11.4642706154073,11.4582048149073,11.3651019297779,11.5106927276988,11.665703961729,11.3696458816614,11.7067084516965
"ppa-miR-29b_st",1.29024597187095,1.16891091189207,1.37519633543977,1.29024597187095,1.15695348061009,1.9009300057664,1.18132874799304,1.47995003016849,1.40187327813271
"ppa-miR-30a-3p_st",7.88046620886142,8.22209680176207,8.14263680889794,8.13729650717194,7.77098646918193,7.71701512567716,8.29940988167788,7.82478478581336,8.0806276096559
"ppa-miR-30a-5p_st",8.97250891205692,8.67220108002363,8.92890628056377,8.89009086364327,8.92890628056377,8.82140829154381,9.12100763618321,9.03291319145836,8.9934004912429
"ppa-miR-30b_st",6.02847054532282,5.59561082988944,5.6516534177474,5.58460009758413,5.29952747326513,4.89094581143798,6.24461066126199,5.68924126415696,6.14393131907304
"ppa-miR-30d_st",7.78823252388766,8.03011036710715,7.84439489097557,8.01421065879881,7.59792801137214,7.82352442474152,7.6738729610445,7.47521934071039,7.96343075486063
"ppa-miR-31_st",13.902435447045,13.7647844050625,13.7495884190886,13.7261106936619,13.878048597655,13.8597023213676,13.9022339775026,13.8212984013697,13.7872891144421
"ppa-miR-32_st",1.26442616437186,1.43366141424169,1.40222655221629,1.26442616437186,1.26442616437186,0.851858237353681,1.78775800779701,1.26442616437186,1.26442616437186
"ppa-miR-33_st",0.861299550915345,0.56625609844483,0.739818768092683,0.913072924553037,0.779029866460931,0.816624998970286,0.65358196199393,0.779029866460931,0.863788096155522
"ppa-miR-34a_st",3.00482808198816,1.46667628426126,1.47186905707198,1.63958274139057,2.35254254413348,2.905632730172,2.35254254413348,3.05373084082191,2.48985143063198
"ppa-miR-7_st",0.827254169337806,1.70075636386279,1.05565478774114,0.923227122127112,1.09511673210443,0.839050513598159,1.09511673210443,1.2145902736085,1.29602543705933
"ppa-miR-92_st",13.2678835485347,13.3094377475397,13.2299600249139,13.208026149695,13.2788404605114,13.248016574175,13.2751366063283,13.2369182388027,13.1591269231601
"ppa-miR-93_st",12.1871640834824,12.0676279786168,12.117604477675,12.1469550271579,12.4093163297297,12.3818070330529,12.2120209473373,12.2772637471856,11.9446490300018
"ppa-miR-95_st",0.846808076183213,0.977375339764336,0.977375339764336,0.977375339764336,0.977375339764336,0.856040279785458,0.977375339764336,0.92004644827209,0.977375339764336
"ppa-miR-96_st",1.2145902736085,1.2006717430963,1.1954340577513,1.23979327291585,1.2145902736085,0.926035165606384,1.35969060137833,1.2145902736085,1.25218540611785
"ppa-miR-98_st",4.15887880657278,3.99987262515652,3.28095366477192,3.31964965136552,2.45487334550794,2.1635808131385,3.51569712410225,2.59746050207517,3.44524274166134
"ppa-miR-99a_st",7.33605976036381,7.38938555974261,7.12189652294215,7.67724881140288,7.49596257314531,7.19686627985088,7.42921157740406,7.32029049300426,7.42243329139581
"ppc-let-7_st",13.4175031691947,13.3778345575428,13.4203676111428,13.4050339216199,12.9433376679609,12.879858243413,13.4245369854425,13.1860782391722,13.513879408281
"ppc-lin-4_st",0.977375339764336,0.955842152478603,0.957850310467845,0.92496912431244,0.810659825203226,0.927499704146789,0.620610719709489,0.898513260986356,1.27032650430938
"ppc-miR-1_st",1.46251956839647,1.2006717430963,0.842164969540259,1.3293410911235,1.2119318437736,0.822290776222605,1.2006717430963,1.40079057920553,1.51496239749619
"ppc-miR-124_st",1.38085942022151,1.28091182468458,1.38085942022151,1.59466993199404,1.13702232162607,1.38085942022151,1.45495357398605,1.38085942022151,1.54939465967587
"ppc-miR-2_st",1.33066388817237,0.958409487149333,0.798625205060174,0.793369825806951,1.0320961700162,1.05543319920859,0.921809509508172,1.05543319920859,0.759638797291049
"ppc-miR-2232_st",1.5310369597944,1.42793322253889,1.05322381212366,0.913072924553037,1.36381691177117,1.22474495532193,1.44219047544803,1.5064040683384,0.995228242582909
"ppc-miR-2233_st",1.2006717430963,1.2006717430963,1.40332115903987,1.2006717430963,1.07866762175789,1.21902944297776,1.26442595741787,1.07042536250742,1.15482481060033
"ppc-miR-2234a_st",0.939686890375862,1.14435772304622,0.809129288750647,0.939686890375862,0.939686890375862,0.950668057062392,0.775588687183829,1.40380260789537,0.870004118243512
"ppc-miR-2234b_st",1.1415467495947,0.869239944108582,0.869239944108582,0.869239944108582,0.711242437731682,0.81887980997696,0.851760996132364,1.16136495987482,1.08349683875472
"ppc-miR-2235_st",1.35803120430132,1.51696139678955,1.18136944216453,1.35803120430132,1.42475796839428,1.28131703770146,1.27445035262809,1.54939465967587,1.35803120430132
"ppc-miR-2236a_st",1.10659755267394,0.857891945238911,0.773651485948261,1.16065870613607,0.775622260784498,0.857891945238911,0.748974721361005,0.785561230395823,0.819340523270706
"ppc-miR-2236b_st",0.977375339764336,1.07732293530126,0.977375339764336,0.952905890201228,0.763118445118194,0.977375339764336,0.977375339764336,1.3121797258317,0.871027050073765
"ppc-miR-2237a_st",0.982931686650423,1.07303319660723,0.982931686650423,1.13636581391241,0.886140713397586,0.818410624439843,0.748974721361005,1.13636581391241,0.886140713397586
"ppc-miR-2237b_st",1.35969060137833,1.29602543705933,1.20554418341146,1.20076040889009,1.35969060137833,1.83708214401292,1.38824712854939,1.66120795043379,1.35969060137833
"ppc-miR-2237c_st",1.25470606217921,1.02218608053547,0.648144903800168,0.772305536060478,1.02218608053547,1.02218608053547,1.10055964421233,1.14165962203953,1.06275270435027
"ppc-miR-2238a_st",1.12996979335112,1.02267407137057,1.40933578524797,1.02267407137057,0.798651751352514,1.00114088408484,1.08360623307231,1.12743921351677,0.869239944108582
"ppc-miR-2238b_st",1.00256721396243,1.07200311704127,1.27446483704568,0.926820789765893,1.07200311704127,1.11409698967822,0.984619080449097,1.35365889608608,1.07200311704127
"ppc-miR-2238c_st",0.649562509586403,1.29602543705933,0.950668057062392,0.950668057062392,0.988263189571746,0.766264864838663,0.994211354521763,1.07200311704127,0.762891654418011
"ppc-miR-2238d_st",4.48962248293875,2.57750455790277,1.52854073296985,1.31812213285816,2.24786128418879,1.90377879390102,4.83553516373127,3.15811934997304,1.22570741341546
"ppc-miR-2238e_st",1.09358948328228,1.05046992975554,0.527013693320131,1.07200311704127,1.07200311704127,1.32188366151626,1.27978978887931,1.2551568974233,0.869239944108582
"ppc-miR-2239_st",0.802604002947436,0.975344821649648,0.893916708695839,1.34403923083897,0.701493661365253,0.78229901391574,1.0842816941211,0.65633901748622,1.29355365980435
"ppc-miR-2240a_st",1.27681829757386,0.916934512460117,0.958773976289348,0.825151069678769,0.950668057062392,1.13142545055152,0.950668057062392,0.837252896153636,0.950668057062392
"ppc-miR-2240b_st",0.921557109557911,1.07200311704127,1.17326341386962,1.17676825918747,1.74635231525572,1.17929883902182,1.13566828136027,1.13566828136027,1.32537233965781
"ppc-miR-2240c_st",1.48658917758845,0.611964056888954,1.15695348061009,0.876266775476086,1.23367344127222,1.15695348061009,1.15695348061009,1.46931780036031,1.11638064191511
"ppc-miR-2241a_st",0.977375339764336,0.977375339764336,0.696110274852516,1.03143649322647,0.73641116241625,0.977375339764336,0.977375339764336,0.977375339764336,1.01025652591974
"ppc-miR-2241b_st",0.869239944108582,0.74775916128592,1.04278449209614,0.924420923422708,1.15695348061009,0.836358757953178,0.895947226810527,0.776604240233798,0.869239944108582
"ppc-miR-2241c_st",0.858661877405383,1.31498104220551,0.759638797291049,0.805485729787015,0.950668057062392,0.950668057062392,0.748974721361005,0.991234680877192,0.950668057062392
"ppc-miR-2242_st",0.96238856947603,1.35784287236646,0.889737918109446,1.13778478291704,0.821371987664871,1.05701634675296,1.27475288922625,0.89808615426473,1.05701634675296
"ppc-miR-2243_st",0.868927443502785,0.82212257256628,0.793244136269891,1.03143649322647,1.1903666857147,1.03143649322647,1.18873472448191,1.03143649322647,1.40332115903987
"ppc-miR-2244_st",1.11485960797314,1.39259783969818,1.10866556343929,1.34949442116885,1.15695348061009,1.15695348061009,1.03605912288565,1.11935834810074,1.27126277971931
"ppc-miR-2245_st",1.19676756567952,1.2006717430963,1.1601051192815,1.1601051192815,1.1601051192815,0.975266372696299,1.15747319100784,1.42818274125591,1.05280939730095
"ppc-miR-2246_st",1.10055964421233,0.902519239200176,1.10055964421233,1.10055964421233,1.51263673780521,1.09281821412539,1.10055964421233,0.730881048598715,1.2006717430963
"ppc-miR-2247_st",1.37101720522933,1.07200311704127,1.24185509333816,0.946502311598174,1.8117463014659,1.42233361951262,1.4748675241526,0.918690659276257,1.21301969885243
"ppc-miR-2248_st",1.11466555185723,1.03743648164441,0.99360350119995,1.03743648164441,1.03743648164441,1.28131703770146,0.870567968926099,1.01299457036983,0.97382257415999
"ppc-miR-2249_st",1.10866556343929,1.17513469411796,0.626974485435252,1.22813910494336,1.10866556343929,1.10866556343929,1.10866556343929,0.821739468615571,1.19887564108694
"ppc-miR-2250_st",1.06794002591047,1.29196234592853,0.778758159454235,1.14870846207455,0.85368313126433,0.953630726801259,0.8662688813467,1.06794002591047,1.06794002591047
"ppc-miR-2251_st",0.839076231317813,0.839076231317813,0.958559625843238,1.16786369348207,0.73641116241625,0.924026594886636,1.0800404086659,0.839076231317813,0.849740307247858
"ppc-miR-2252_st",1.65395647657434,1.36867287908774,1.32211470939619,1.63497931713053,1.02708937858597,1.32262961300915,1.58683049926831,1.39934377960901,1.66406311548037
"ppc-miR-2253_st",1.81604004797252,1.21233280133638,0.759638797291049,1.07200311704127,1.20926348260402,1.22060719751161,0.951737894293692,0.584285462388782,0.869239944108582
"ppc-miR-2254_st",1.03388634819035,1.2006717430963,0.836358757953178,0.805485729787015,0.646309652459441,0.853773646957816,0.646309652459441,0.65633901748622,0.805485729787015
"ppc-miR-2255_st",0.977375339764336,0.974564928139443,0.836358757953178,0.950668057062392,0.950668057062392,0.923960774360447,1.09576838483222,0.950668057062392,0.906835076617937
"ppc-miR-2256_st",0.857891945238911,1.05965516128514,0.759638797291049,1.05098569093446,0.836358757953178,0.655538070873138,0.836358757953178,1.03876174408702,0.759638797291049
"ppc-miR-2257_st",0.833925084929827,0.676419538650238,0.833925084929827,0.923834377233214,1.15695348061009,0.762060832664175,0.924135162577478,0.833925084929827,0.677110469095353
"ppc-miR-2258_st",1.02963814371045,1.19373634690248,1.0724012869236,1.06598619313816,1.83005808202531,1.21481927446368,1.19373634690248,1.2145902736085,1.329258729413
"ppc-miR-2259_st",1.10866556343929,0.66094636257164,1.14626069594865,0.950668057062392,0.981541085228554,0.836358757953178,0.977375339764336,0.950668057062392,0.836402859887171
"ppc-miR-2260_st",0.766574875207019,0.92793344616324,1.00870188232732,0.618868566208295,1.13421886971094,0.92793344616324,0.869239944108582,0.633604406587069,0.869239944108582
"ppc-miR-2261_st",0.873168613264812,1.04046637498376,1.06321771875855,1.06321771875855,1.02264488006356,0.728669732329309,1.55366837602829,1.07200311704127,1.07200311704127
"ppc-miR-2262_st",1.16463882091605,1.03453266576335,1.07200311704127,1.07200311704127,1.0029285496705,1.15695348061009,1.04834037682554,1.07200311704127,1.07200311704127
"ppc-miR-2263_st",0.950668057062392,0.991234680877192,0.950668057062392,0.913072924553037,0.869899620898313,1.03805209365456,1.24328112084388,0.858032353187607,0.950668057062392
"ppc-miR-2264_st",0.909361749031972,1.18217113085785,0.914435709850632,1.0422985291071,1.68416465419256,1.37554305020813,1.20214924635214,1.07348062029711,1.66406311548037
"ppc-miR-2265_st",1.23148090158201,1.5924980782052,1.61612142376883,2.1250779574701,1.63616821298114,1.28547244312976,0.803296775512348,1.54939465967587,1.54939465967587
"ppc-miR-2266_st",1.10866556343929,0.774411012600528,1.02639587898488,1.30108861076988,1.41883705805065,1.1900936763931,1.10866556343929,0.904201693181023,0.999064416621758
"ppc-miR-2267_st",1.29602543705933,1.12196179017256,0.931912684678824,1.29602543705933,1.21932009202605,2.19048793136877,1.20139765978239,1.5481075541903,1.29602543705933
"ppc-miR-2268_st",0.915449895981572,0.893916708695839,0.893916708695839,1.05778322885536,0.893916708695839,0.872383521410105,1.0061262723955,0.65633901748622,0.869239944108582
"ppc-miR-2269_st",1.52538476403431,1.2006717430963,0.783389628418875,1.41462797771262,1.28843617653181,1.46688466186236,1.22220493038203,1.19574906705595,1.22220493038203
"ppc-miR-2270_st",1.57258446454097,1.38810120752346,0.97897021348134,1.33875756756829,0.836358757953178,1.05701634675296,1.29060874970607,1.2145902736085,1.2145902736085
"ppc-miR-2271_st",1.31719124057459,1.39217898632745,1.35160614763246,1.48852436288481,1.37246007433848,1.63097213952931,1.21452617167303,1.03765568827111,1.37246007433848
"ppc-miR-2272_st",1.10947356831919,1.07200311704127,1.07200311704127,1.13952138537492,0.822547473495474,1.10947356831919,1.31434105301602,1.18618773491905,1.10947356831919
"ppc-miR-2273_st",1.27245451488628,1.55024228742543,1.08372362945491,1.01784181792096,1.08372362945491,1.05701634675296,1.08445743300411,1.04062021092557,1.30389274720042
"ppc-miR-2274_st",1.10866556343929,1.06176039103588,1.35160614763246,1.29739592855739,1.06176039103588,0.879553572724333,0.871711285542139,1.43080020667286,0.888249457120911
"ppc-miR-232_st",1.30763865456278,1.30763865456278,0.972046699937763,1.14870846207455,1.30763865456278,1.25727852043116,1.30763865456278,2.61857408359798,1.8414252031481
"ppc-miR-234_st",1.10055964421233,1.32458196423039,1.10055964421233,1.14870846207455,0.674866179630506,0.864915285124243,1.10055964421233,1.07200311704127,0.967237974895072
"ppc-miR-236_st",1.04785950047329,1.1398656801303,0.863598613601014,1.13524353706547,1.28131703770146,1.34152896061317,0.868480264971871,1.16529868216539,1.13524353706547
"ppc-miR-239_st",2.48202486605979,2.23731938880416,1.46843466694829,2.65335798837001,2.41501897225128,2.12351809250375,2.74387269135996,2.16098854378168,2.08127640662255
"ppc-miR-240_st",1.18725988404276,1.14870846207455,1.35135787801812,1.14870846207455,0.986131502041151,1.22935375667971,1.6720403054997,0.666704631977538,1.18927508588935
"ppc-miR-242_st",1.14459538778757,1.15684317312734,0.877427744227408,0.977375339764336,0.977375339764336,0.836358757953178,1.1183919215755,0.996520058205814,0.977375339764336
"ppc-miR-252_st",0.977375339764336,1.13995229979774,1.32756707490453,0.913621125442769,0.964811780819581,0.977375339764336,0.71061206767074,0.977375339764336,0.668266286043258
"ppc-miR-279_st",0.977375339764336,0.550344677102093,0.977375339764336,0.949934253513191,0.977375339764336,1.15002681402651,1.23922316506451,0.781782700878082,1.00060297463914
"ppc-miR-312_st",1.23922316506451,2.11034823547477,1.37051338873946,1.36444273899448,0.950668057062392,1.23922316506451,1.23922316506451,1.23922316506451,0.975300948518399
"ppc-miR-37_st",0.915603504387386,0.894070317101652,0.915603504387386,0.992317670987246,1.62091531555977,1.11339201643079,1.07462236266941,0.913072924553037,0.915603504387386
"ppc-miR-38_st",0.87745190596883,1.2006717430963,1.28144017926038,1.37048642820584,1.2006717430963,1.34600631941551,1.01486000808832,1.16307661058695,0.997908570163613
"ppc-miR-42a_st",1.0785495340387,1.05701634675296,0.869239944108582,1.0261433185868,1.03311947567591,1.05701634675296,1.05701634675296,1.19960350332019,1.05701634675296
"ppc-miR-42b_st",0.950668057062392,0.923226970811246,1.16815824880727,0.986981392086802,0.950668057062392,1.38881583760706,0.978109143313537,0.791092182786161,0.759638797291049
"ppc-miR-45_st",0.986560571293942,0.965027384008208,0.700438440175351,0.840610338908172,0.950668057062392,0.834921228855499,1.02809705856747,1.52945920526056,1.2006717430963
"ppc-miR-46_st",0.64917284866786,0.950668057062392,1.06153989266506,1.08585974535772,0.972201244348125,0.972201244348125,1.21942493961652,1.12977517120366,0.777157123147426
"ppc-miR-54_st",1.36130192761609,1.07200311704127,0.893916708695839,1.01257449013947,1.07200311704127,1.27828854058897,0.990575004087461,0.90036492643981,1.23928154568479
"ppc-miR-55a_st",1.10597633156559,1.29602543705933,1.17402131572091,1.71944067650052,1.54939465967587,1.4023737267499,1.32273271976127,1.54939465967587,1.29602543705933
"ppc-miR-55b_st",0.686810171728954,1.15695348061009,1.73166987827326,0.913072924553037,1.32105147458546,1.15695348061009,0.852595076007142,1.27828854058897,1.88677045306142
"ppc-miR-56_st",1.10866556343929,0.891175371694409,1.02520693237079,1.36694862777494,1.10866556343929,1.19361592700811,1.23922316506451,1.07200311704127,1.2006717430963
"ppc-miR-63a_st",1.39815335755274,1.07200311704127,0.977375339764336,1.02003983601952,1.07200311704127,1.31588367309833,0.907904913849237,1.07200311704127,1.00451921119114
"ppc-miR-63b_st",0.987330503460413,0.950668057062392,0.950668057062392,1.05741462934893,0.7404619229008,0.950668057062392,1.15845472890043,0.837418406622311,1.04087813471004
"ppc-miR-63c_st",1.07200311704127,1.30130684116763,0.935144523936197,0.888849336659242,1.07200311704127,1.07200311704127,1.03259895884862,1.07200311704127,1.2006717430963
"ppc-miR-63d_st",1.06653893588891,1.72873041701531,1.0419060444329,1.87025121402552,1.36129468032425,1.36129468032425,1.10517147749289,1.12171991520303,0.986325333859766
"ppc-miR-63e_st",1.05852063014756,1.21099846795069,1.00258090633556,1.63274863648461,0.942707047643749,1.05701634675296,1.07170405732142,1.32093856329907,1.01996920817935
"ppc-miR-63f_st",1.07200311704127,1.07200311704127,1.07200311704127,0.851945027591853,1.04529583433933,1.07200311704127,1.80922743810386,1.01007618671192,1.07200311704127
"ppc-miR-63g_st",1.61894230510918,1.48233085611276,1.11801787096964,1.82761660515829,1.02266417700661,1.34325889966353,1.41520466247298,1.2145902736085,1.30299509877332
"ppc-miR-63h_st",0.863066040655122,0.957693817932056,0.673221918584132,0.826033032147259,1.27104479990421,0.836358757953178,1.09146665905845,1.07846232602365,1.07200311704127
"ppc-miR-65_st",1.36065666278469,1.17323065684515,0.796488444366206,1.2006717430963,1.45528444006162,1.0890540483162,1.10055964421233,1.2145902736085,1.33974369954553
"ppc-miR-67_st",0.950668057062392,1.11990330693222,0.950668057062392,0.950668057062392,1.07618504444601,1.14979245857644,0.885035996668691,0.832304488388959,0.815353224536341
"ppc-miR-71_st",1.22222468480494,1.26279752349993,0.950668057062392,1.0263352813456,0.867159204018026,0.950668057062392,0.977375339764336,0.96982427291959,0.883697375596798
"ppc-miR-72_st",11.1251161565685,10.761529382812,10.8479646623395,10.799050351212,10.6074699074403,10.5600613528814,11.3225882255663,11.0792331842122,10.860988487349
"ppc-miR-79_st",1.07200311704127,1.36397761009273,1.20424303788836,1.24333623935148,1.07200311704127,0.964314091417401,0.884975744120284,1.12145495705001,0.832577497710561
"ppc-miR-81_st",1.25674133166119,1.26088460821483,1.3070110367427,0.820077108508896,0.844546558072004,0.925726123078008,0.977375339764336,0.913072924553037,1.27034859034468
"ppc-miR-84a_st",0.604582333755136,1.46951100889037,1.3473136790219,0.968222595178717,1.00581772768807,1.15695348061009,0.731007661334555,0.968222595178717,0.825635438611488
"ppc-miR-84b_st",1.22039888437323,1.08876538471872,1.06431767938187,1.03143649322647,0.950668057062392,1.03143649322647,0.841387387732733,1.10815065982633,1.01204542405659
"ppc-miR-86_st",1.05701634675296,1.05701634675296,1.05701634675296,1.14492533895744,1.05701634675296,1.05701634675296,1.05701634675296,1.05701634675296,1.03030906405102
"ppc-miR-87_st",1.01331186947626,0.957162197719449,1.11372939903768,0.877267939749699,0.855314363099365,1.30796746507685,0.976649423078243,0.976649423078243,1.2006717430963
"ppc-miR-9_st",0.833775421394464,0.73641116241625,1.03143649322647,0.913072924553037,0.625980889361954,1.07089843758977,1.02880456495281,1.29939097364196,0.950668057062392
"ppc-miR-993_st",1.11415374352587,0.878509384437774,0.519480424381147,1.19085908855915,1.11415374352587,1.31680315946944,1.01952596624893,0.955223551037633,1.40880933912645
"ppt-miR1023a-3p_st",1.06711112705574,1.07200311704127,1.12758382761441,1.0404038443538,1.01369656165185,1.17929883902182,0.948422737470422,1.29377306697034,0.996570863909344
"ppt-miR1023a-5p_st",1.10866556343929,0.654927618075103,1.2982979622672,0.930053849118779,0.967648981628133,0.967648981628133,0.772183188781141,0.967648981628133,0.967648981628133
"ppt-miR1023b-3p_st",1.15695348061009,1.22407967424987,1.15695348061009,1.15695348061009,1.15695348061009,1.18253333413659,1.04881808495434,1.15695348061009,1.07200311704127
"ppt-miR1023b-5p_st",0.984619080449097,1.07200311704127,2.05613189786925,0.947586071941234,1.81717678667194,1.07200311704127,1.07200311704127,1.07200311704127,1.07200311704127
"ppt-miR1023c-3p_st",1.07200311704127,2.09094710225656,1.20424303788836,0.805485729787015,1.04385905952591,1.07200311704127,1.07200311704127,1.40079057920553,0.899655276007356
"ppt-miR1023c-5p_st",2.05536005414346,0.779184235658383,1.59543792575445,1.31046943045044,1.73102008278785,2.02691478322218,1.6387235386023,1.72873041701531,2.05637492693073
"ppt-miR1023d-5p_st",1.29602543705933,1.18171613795011,1.29602543705933,1.53690434878619,3.34733183575632,1.29602543705933,0.870079617783789,1.29349485722498,1.29602543705933
"ppt-miR1023e-3p_st",1.7044888196885,1.87445919140155,1.25183571771102,1.7044888196885,2.30444953424227,1.45812114125872,1.7044888196885,1.89808343630525,1.91954325711225
"ppt-miR1023e-5p_st",1.24185509333816,0.908118947046905,1.24185509333816,0.855402032399893,2.35734808009813,1.28131703770146,1.62417035495216,0.963868613046133,1.3855104896815
"ppt-miR1024a_st",1.40332115903987,1.27409894613027,1.53802116267638,0.942299455276175,1.32481926706074,1.27409894613027,1.99103211126498,1.29325516198747,1.12205609412805
"ppt-miR1024b_st",1.09220682537414,1.09220682537414,1.35668657894796,1.02790441016284,0.950668057062392,1.09220682537414,1.21742639930411,0.893861352070731,1.29602543705933
"ppt-miR1025_st",1.07200311704127,1.07200311704127,1.04529583433933,1.20257038062239,0.860457979414741,0.692007285931287,1.19518742148927,0.981793039393619,1.07200311704127
"ppt-miR1026a_st",0.991393594591211,1.07200311704127,0.941397954850713,1.03143649322647,1.15695348061009,0.836358757953178,1.3992928702339,1.40759507166629,1.07200311704127
"ppt-miR1026b_st",1.39589715242036,1.22867710439713,1.58317416916412,1.13816240140717,1.26257944650721,0.978673418363217,1.25723363156819,1.06974691190889,1.2006717430963
"ppt-miR1027a_st",1.05333312596396,1.38476492495167,1.34527993177526,0.798720428998632,0.950668057062392,0.945644100340087,1.05333312596396,0.651315060763915,1.05333312596396
"ppt-miR1027b_st",0.836358757953178,0.836358757953178,0.836358757953178,0.799325749445315,0.950668057062392,0.836358757953178,0.649380258666385,0.798763625443823,0.759638797291049
"ppt-miR1028a-3p_st",1.19046170991097,1.04944512809982,1.10700307884248,0.805485729787015,0.815409320554652,1.04936628584407,0.967938172890261,1.01177115333472,0.929386750922055
"ppt-miR1028a-5p_st",0.805485729787015,0.700008844751225,0.923849298460448,0.805485729787015,0.805485729787015,0.774516664825275,1.01838665640938,0.805485729787015,0.805485729787015
"ppt-miR1028b-3p_st",1.14120994907059,0.836358757953178,1.05384894969806,0.744486098484444,1.08128638297703,0.907775449062068,0.907775449062068,0.688883403117522,0.977128989035931
"ppt-miR1028b-5p_st",1.20860269729642,1.29602543705933,1.15695348061009,1.01301005841017,1.32105147458546,1.15695348061009,1.23922316506451,1.07200311704127,0.950668057062392
"ppt-miR1028c-3p_st",0.982778840846031,1.57329153075292,1.19186351317845,0.887373991803086,0.73641116241625,0.810557994345379,0.748974721361005,0.690696334814592,0.913072924553037
"ppt-miR1028c-5p_st",1.2006717430963,1.2006717430963,1.07933668311742,1.2006717430963,1.07933668311742,1.23826687560565,1.2006717430963,1.2006717430963,1.1867532125841
"ppt-miR1029_st",1.5310369597944,0.836358757953178,0.864444872696782,0.837003786445637,1.57748077441947,1.70865731800624,1.46072369535072,1.13120814479038,1.26519333213403
"ppt-miR1030a_st",1.74051157877615,1.57329153075292,1.60995397715094,1.75934901714396,1.65824189432174,1.87889948312153,1.99879464311181,1.69112308047715,1.53483399875807
"ppt-miR1030b_st",1.29602543705933,1.2585549857814,1.13401061622435,0.80577720257249,1.71168953661438,2.12351809250375,1.45352609109768,1.35887352892835,1.39932521686416
"ppt-miR1030c_st",1.23922316506451,1.44389399773486,1.83055571161226,1.57010445365722,1.77046221903975,2.36674034714231,1.03855381856028,1.32922554193036,1.44389399773486
"ppt-miR1030d_st",1.2145902736085,0.836358757953178,0.745431187820602,1.03143649322647,1.6919818162431,1.29423128059713,1.05049207041647,1.2145902736085,1.32853454431574
"ppt-miR1030e_st",1.43744960411822,1.69324596352811,1.6031444535713,1.83748656131073,1.39822063271789,1.69324596352811,2.25613043100764,1.40079057920553,2.06513062934151
"ppt-miR1030f_st",1.63640327276005,1.19936314266082,1.54330428086395,1.95193320438326,1.74958970441165,1.98615112745558,2.12340659395986,1.37166609026249,2.01033166085215
"ppt-miR1030g_st",1.20529560830213,1.07200311704127,1.15343122999508,0.914704885785829,0.83799071918597,1.05864830798576,1.33183589546926,0.923399036570929,1.40332115903987
"ppt-miR1030h_st",1.42176447233045,1.56278597165552,1.50657957473529,1.36259628761006,2.081916838829,1.68268715093672,1.19374615601854,2.29260294410685,1.62088887384451
"ppt-miR1030i_st",1.10866556343929,1.44389399773486,0.950668057062392,1.41831414420837,1.87537085520259,1.44389399773486,1.35969060137833,1.93627231065776,1.84453215007639
"ppt-miR1030j_st",1.3767431854137,1.34008073901568,1.07200311704127,1.17084548914585,1.61117361812097,1.34008073901568,1.74081036798758,1.34008073901568,1.17286069099244
"ppt-miR1031a_st",1.19064237806952,1.49364499367664,1.07200311704127,1.2006717430963,1.12396639806302,1.49500078267247,1.51504654499432,1.2006717430963,1.2006717430963
"ppt-miR1031b_st",1.07200311704127,1.10959824955062,1.10866556343929,0.992745373176039,1.07200311704127,1.07200311704127,1.35969060137833,1.07200311704127,1.04044245761395
"ppt-miR1032_st",1.07200311704127,1.07200311704127,0.938800789351686,1.75623200065246,1.1666308943182,0.858032353187607,1.19518742148927,0.979367413166485,1.07200311704127
"ppt-miR1033a_st",3.90179864513705,2.85818199426526,1.19824239937224,2.61541193737295,2.11239762008302,2.80785611288979,4.65321743855724,4.81425299372535,1.63500607744843
"ppt-miR1033b_st",5.2915001145535,3.70135861348646,3.35202732051765,2.64230258820112,3.01493313130273,3.4477407271572,5.78551929608194,5.78551929608194,2.55821781551279
"ppt-miR1033c_st",4.47097053882126,2.37421462904267,2.50583921919061,2.96362625095075,2.96362625095075,2.00066110226562,4.94152044999932,3.98772380249834,2.21267039417984
"ppt-miR1033d_st",4.98676634289034,3.0022744637151,3.00474814380899,3.03621198462126,2.54260778460895,3.43047269256888,5.44018443789663,5.51986168118099,1.79344005452597
"ppt-miR1033e_st",4.66721040809063,2.99151024777226,2.58733604769732,2.88154040604206,2.56092800707964,0.878436102046257,4.81607283600484,3.95494213594333,2.72285843020784
"ppt-miR1034_st",0.913806728102238,0.886365641851092,1.16177853198807,0.618868566208295,1.09265106539879,0.913072924553037,0.804937528897283,0.913072924553037,0.869239944108582
"ppt-miR1035_st",1.34548470591488,1.21148170123239,1.03864692570279,1.66160422337553,1.28501460413257,1.21788399490264,1.10055964421233,1.66160422337553,1.21148170123239
"ppt-miR1036-3p_st",0.950668057062392,1.00741940542894,0.913606911805709,0.950668057062392,1.12331953132456,0.950668057062392,1.29597451343106,0.913072924553037,0.950668057062392
"ppt-miR1036-5p_st",0.997894575310771,0.959543062401176,1.10055964421233,1.17726498924562,1.30225297991372,0.864915285124243,1.10055964421233,1.42934710637659,0.950668057062392
"ppt-miR1037_st",0.626146829729316,1.20089315757722,0.913072924553037,1.2268310318625,0.913072924553037,0.978894832844133,0.748974721361005,0.906564118001045,1.39046446718763
"ppt-miR1038-3p_st",1.04118276005235,1.14071716255613,0.940638692035612,0.950668057062392,0.950668057062392,1.07618504444601,0.815190787568611,0.950668057062392,0.950668057062392
"ppt-miR1038-5p_st",1.10866556343929,0.825153989755996,0.918227136400842,0.918227136400842,1.15695348061009,1.24887611703991,0.748031843693623,0.918227136400842,0.902603024249175
"ppt-miR1039-3p_st",4.69852472969323,3.08861554325867,2.7595648102305,2.98629139582998,3.08861554325867,2.77567687542177,3.18935606767634,3.79057492349987,4.3112742458142
"ppt-miR1039-5p_st",0.730391803373152,0.704269350964898,1.04450656313998,0.913072924553037,0.717995189279745,0.921317943088579,0.628324641334067,0.562502733042971,0.741739802242823
"ppt-miR1040_st",1.11788810508563,0.927440422187592,1.10866556343929,0.910101433247592,1.0320961700162,0.917786870906987,0.856040279785458,1.2145902736085,0.950668057062392
"ppt-miR1041_st",6.61091989390786,6.22331365864639,5.43164589571043,5.04499375026154,3.50064112983427,4.4934184934747,6.50947170977582,6.37829558778882,4.51167827218808
"ppt-miR1042-3p_st",1.63439923376592,1.68268715093672,1.758428599225,1.92991084620511,1.68268715093672,1.68268715093672,1.74675951589872,1.49520043127742,1.33732977093979
"ppt-miR1042-5p_st",0.766922854874339,1.21931127045947,0.693520094959626,0.836358757953178,0.953901354161132,0.836358757953178,0.900661173164477,0.661445969838549,0.657355859384808
"ppt-miR1043-3p_st",0.800563053746665,0.779029866460931,1.18452620184592,0.938205943788505,0.679082270924003,0.671340840837062,0.779029866460931,0.779029866460931,0.605518932545966
"ppt-miR1043-5p_st",0.836358757953178,1.02738801772452,0.836358757953178,0.520675738755796,0.836358757953178,1.13373630741509,0.900112972274745,0.733058978148349,0.836358757953178
"ppt-miR1044-3p_st",0.857891945238911,1.10055964421233,1.91373724423407,0.928670034235013,0.722328128557014,1.18020065120096,1.10055964421233,1.10055964421233,1.10055964421233
"ppt-miR1044-5p_st",1.20260665105785,1.76044595147227,1.84490234050619,1.52563504673812,1.30933052477214,1.84863159629651,1.52563504673812,1.73502398935397,1.07200311704127
"ppt-miR1045_st",0.926042216103403,1.26937560081536,1.03373124172727,1.18453712765978,1.22510375147458,0.926042216103403,0.869239944108582,0.746805146903552,0.759638797291049
"ppt-miR1046-3p_st",2.71051330156665,5.8476817355683,3.55307235821782,4.89841478877195,4.81861101654503,4.05845721891104,1.37753486377523,1.48793778829517,3.97475046958725
"ppt-miR1046-5p_st",0.913072924553037,0.874521502584832,0.970630875295698,0.913072924553037,1.07717091852841,0.778986552321529,1.02267407137057,0.745852876529801,0.863979035738108
"ppt-miR1047-3p_st",0.950668057062392,1.26931815435738,1.00472921052453,0.913072924553037,0.860566547105583,0.950668057062392,0.869239944108582,1.37408329650358,0.869239944108582
"ppt-miR1047-5p_st",0.913072924553037,0.9403419450445,1.12238684521323,0.901990818346878,0.836358757953178,0.782966769400328,0.871972946725839,0.913072924553037,1.06167700502338
"ppt-miR1048-3p_st",0.905902390506604,0.983549243217796,0.674880567596458,0.83836691594242,0.990575004087461,0.728669732329309,0.869239944108582,0.869239944108582,0.662847824038212
"ppt-miR1048-5p_st",1.23922316506451,1.01794817845932,1.44389399773486,1.01794817845932,1.01794817845932,1.01794817845932,0.816254842757936,0.980353045949969,1.02047875829367
"ppt-miR1049_st",1.5310369597944,1.15845472890043,1.10170338053387,1.30865906814334,1.27978978887931,1.04414542979121,1.23922316506451,1.76300825810981,1.07702661594662
"ppt-miR1050_st",1.13494926661987,1.01447143749927,1.16287526220109,1.55482443615043,1.36066377424449,1.18845511572758,1.91634700096649,1.2145902736085,0.900062757882375
"ppt-miR1051-3p_st",0.763308183442356,0.950668057062392,1.40332115903987,1.12200117937261,1.75950689101206,0.821445844152789,1.04087813471004,0.901033987799345,0.842532661406638
"ppt-miR1051-5p_st",1.23922316506451,1.29602543705933,0.953475332916507,0.905169994971114,0.881372467683601,1.05035232224649,0.848658986545104,1.01275718973714,1.1636814670781
"ppt-miR1052_st",0.748974721361005,0.748974721361005,0.748974721361005,0.618868566208295,0.748974721361005,0.728669732329309,1.10055964421233,1.07200311704127,0.662847824038212
"ppt-miR1053-3p_st",0.951737894293692,1.07200311704127,1.15164501569051,1.10055964421233,0.856619684880293,0.821631739140983,1.10055964421233,0.752195836062145,1.07200311704127
"ppt-miR1053-5p_st",0.627639661382126,0.950668057062392,0.910101433247592,0.910101433247592,0.910101433247592,1.01644972293816,0.747904884129704,0.857236864713601,1.0234305780792
"ppt-miR1054_st",1.06809893962449,1.03143649322647,0.86220124335664,1.03143649322647,1.31080248512332,1.27022964642833,1.1264021296158,0.946486129657648,0.825151069678769
"ppt-miR1055_st",0.857891945238911,0.939320058192721,0.950668057062392,0.805485729787015,0.857891945238911,0.618868566208295,0.776463832285102,0.97922700521779,0.857891945238911
"ppt-miR1056_st",0.949489486111717,0.950668057062392,1.19361592700811,1.10866556343929,1.25384789071467,1.15695348061009,1.00855346455533,1.10866556343929,1.10866556343929
"ppt-miR1057_st",1.17695581011852,1.50236506809395,1.31585080478654,1.11320159579695,1.17695581011852,1.22524372728932,1.52854073296985,0.724629264165449,1.00460796908461
"ppt-miR1058_st",1.10866556343929,0.89440866879315,1.10866556343929,1.43305210539125,0.969593606990057,1.10866556343929,1.34118085934982,1.10866556343929,1.10866556343929
"ppt-miR1059_st",0.977375339764336,0.995733039645801,1.25965525619191,0.874737414640739,0.86301282564431,0.995733039645801,1.00402940745547,1.262722806691,1.08594311729345
"ppt-miR1060_st",1.08301262887718,0.948516779592552,0.879442212221787,0.948516779592552,0.789340702264978,0.979389807758715,0.748974721361005,1.51679740074161,1.17144707124169
"ppt-miR1061-3p_st",0.898458569053711,1.07200311704127,1.14923218725409,1.07200311704127,0.914497570761681,1.1027503455371,0.907904913849237,1.00438327922292,1.27790081330912
"ppt-miR1061-5p_st",1.14386947110148,1.2006717430963,0.980456817457589,1.01751796271427,1.30796746507685,1.23826687560565,1.19064237806952,1.2006717430963,1.3153401989008
"ppt-miR1062_st",1.07200311704127,1.05943955809652,1.51206092079522,0.913072924553037,1.15695348061009,1.07552536765628,0.955366841431375,1.33876638913487,0.869239944108582
"ppt-miR1063a_st",0.950668057062392,0.950668057062392,0.950668057062392,1.14574579233568,1.20403727967893,0.755590321789099,0.977375339764336,1.02738222366225,0.869899620898313
"ppt-miR1063b_st",1.05143602593644,0.836358757953178,0.754519116483396,0.929431904598024,1.14606380321337,0.929431904598024,0.863799844204323,0.785488482398098,1.16844099490439
"ppt-miR1063c_st",1.01805324549155,0.859102011390961,0.779029866460931,0.805485729787015,0.672123512104168,0.764289161010816,0.748974721361005,0.779029866460931,0.674300136396242
"ppt-miR1063d_st",1.03189279738169,1.03902633370384,1.5832162182754,1.10715253006085,1.19599079135706,0.836358757953178,1.49614190261412,1.21473972482687,1.70498795931371
"ppt-miR1063e_st",1.10866556343929,0.950668057062392,1.54348047518516,0.913072924553037,0.811596100613157,1.05701634675296,0.721070853730917,1.04529583433933,0.950668057062392
"ppt-miR1063f_st",0.762034942279572,1.28587910516907,0.887482846746573,1.09407749200965,1.1516441240299,1.05701634675296,0.748974721361005,1.2145902736085,1.05701634675296
"ppt-miR1063g_st",0.829157686770326,0.950668057062392,1.17661882050185,0.950668057062392,0.917786870906987,0.950668057062392,0.950668057062392,0.950668057062392,0.950668057062392
"ppt-miR1063h_st",0.977375339764336,1.07200311704127,1.11056486966321,1.03143649322647,1.20461169266818,0.836358757953178,1.65708629816655,1.13788492857522,1.07200311704127
"ppt-miR1064-3p_st",0.91394714550451,1.00595332516152,1.20871649809421,0.975080296995356,0.950668057062392,1.4180304187544,1.09468586869804,0.981416713810206,1.00595332516152
"ppt-miR1064-5p_st",0.748974721361005,0.957693817932056,0.836358757953178,0.913064102986459,0.477329797896551,0.836358757953178,0.836358757953178,1.07200311704127,1.14071716255613
"ppt-miR1065_st",0.977375339764336,0.886365641851092,0.646309652459441,0.875477792043683,0.836358757953178,1.24372190519211,1.03477301293389,0.989787091152897,1.14871728364113
"ppt-miR1066_st",4.52667689529932,2.99151024777226,3.05008689426549,3.07319135058773,2.68131931763448,2.08677322417689,3.23984026767899,4.21793734095614,2.81876719416173
"ppt-miR1067_st",1.10866556343929,0.964108911717503,0.968468673675447,1.52854073296985,1.10929123899288,0.964108911717503,0.831388697716013,0.964108911717503,0.735250062257579
"ppt-miR1068_st",0.977375339764336,0.950668057062392,0.977375339764336,1.13957188888222,0.88847572144798,0.865757644984238,0.977375339764336,0.925334487421818,0.993913511343108
"ppt-miR1069-3p_st",1.27461000879908,0.972157114616334,1.10866556343929,1.52854073296985,1.02489008670614,1.08195828073735,1.10055964421233,1.68068488335082,1.01613637244625
"ppt-miR1069-5p_st",0.952519722515845,1.2006717430963,1.54939465967587,1.13575753831683,1.17335267082618,1.07200311704127,1.07200311704127,0.975398194956451,1.07200311704127
"ppt-miR1070_st",1.32189304608606,0.950668057062392,0.842045726910948,1.09809879356851,0.769942861678042,0.869239944108582,0.869239944108582,0.869239944108582,0.563498876858527
"ppt-miR1071-3p_st",1.07492467577222,1.28962487346935,1.09292332049612,1.14870846207455,0.905944821209326,1.54939465967587,1.084954040799,1.26810782118102,0.813156344863574
"ppt-miR1071-5p_st",1.00044484402234,1.0972861231446,1.56771530805409,0.928050873274765,0.765541823551081,0.836358757953178,1.12091228033616,0.660064938515291,0.975747957712673
"ppt-miR1072_st",1.02057987480875,1.05649870493309,0.744792385342817,0.956277459597451,0.887287383547894,1.02057987480875,1.02057987480875,1.07200311704127,1.02057987480875
"ppt-miR1073-3p_st",0.977375339764336,0.808050014191643,0.90328118599979,0.90328118599979,0.777833281532789,0.940876318509145,0.972404336985655,0.90328118599979,1.29602543705933
"ppt-miR1073-5p_st",0.859082317142674,0.950668057062392,0.846518758197919,1.37453376015353,0.8891374622426,1.05323545621797,1.03902904939254,0.8891374622426,0.601317229218421
"ppt-miR1074_st",0.950668057062392,0.950668057062392,1.03143649322647,1.08143455555781,0.950668057062392,0.950668057062392,0.863284020470219,0.950668057062392,0.977862274260026
"ppt-miR1075_st",0.778016582800223,0.950668057062392,0.950668057062392,1.40079057920553,0.950668057062392,0.950668057062392,1.06850356510255,1.05757441141915,0.6580549932809
"ppt-miR1076-3p_st",0.646309652459441,0.98908945031683,1.31695844019038,1.1511722424456,1.1917388662604,1.3378123668964,0.98908945031683,0.809069709849872,0.881793728336283
"ppt-miR1076-5p_st",1.05814377592841,1.15277155320535,1.28131703770146,1.22947689823863,1.03143649322647,0.699637002372374,0.829743157525083,0.85979830262501,0.950008380272661
"ppt-miR1077-3p_st",0.874491708744627,1.29602543705933,0.905393749757289,1.15695348061009,1.40332115903987,1.11323521812388,0.933657077278129,1.07200311704127,1.15695348061009
"ppt-miR1077-5p_st",1.17704212777968,0.774177720668355,1.26442616437186,1.26442616437186,1.40332115903987,1.54939465967587,1.29730735052726,1.26442616437186,1.7868333192043
"ppt-miR1078_st",0.929186219799644,0.929186219799644,1.00995465596372,0.716412451783543,0.929186219799644,1.25983520043871,0.922570619371549,0.779029866460931,1.05052127977852
"ppt-miR1079-3p_st",0.950668057062392,1.03210322051322,1.06498440666862,1.00050394782575,0.950668057062392,1.06497735617161,0.975300948518399,0.779029866460931,0.950668057062392
"ppt-miR1079-5p_st",0.769845502168221,0.91781357977289,1.15364858632193,1.2076748160053,0.866722491498205,0.893916708695839,0.748974721361005,0.832577340265053,0.893916708695839
"ppt-miR1211-star_st",1.1017388968557,0.960722315044546,0.862313277524995,1.29416194418629,1.28131703770146,1.1017388968557,1.00711111957877,1.24432605342293,1.1017388968557
"ppt-miR1211_st",1.14870846207455,0.696055360097068,1.14870846207455,0.97681885209723,1.24333623935148,1.28200095333541,1.27189276652255,1.54939465967587,1.26337691787905
"ppt-miR1212_st",1.23922316506451,1.07645645952154,0.957411422378545,1.06643877762014,1.15695348061009,0.897120702182102,1.15695348061009,1.19752010442489,1.21375575260491
"ppt-miR1214_st",0.966711263834292,0.977375339764336,0.977375339764336,0.738648995555086,0.977375339764336,0.977375339764336,1.34896259212409,1.24545296173874,0.977375339764336
"ppt-miR1215_st",0.686558822928697,0.977375339764336,0.944494153608932,0.977375339764336,1.10289232714796,0.896606903600258,0.977375339764336,0.880498350434352,1.22737902579825
"ppt-miR1216_st",0.921309121522,0.908745562577245,0.551325900566076,1.0985588766958,1.15695348061009,0.921309121522,0.833925084929827,1.68087102263822,0.835182224199208
"ppt-miR1217-3p_st",0.950668057062392,0.817839275370059,0.938104498117637,1.26442616437186,0.950668057062392,0.930363068030696,1.27311340908141,0.950668057062392,1.29602543705933
"ppt-miR1217-5p_st",0.835644289402796,0.73641116241625,0.599552569311177,0.705538134250087,0.73641116241625,0.73641116241625,0.448155645761928,1.18954571324922,0.850720461525464
"ppt-miR1218_st",1.60682675846246,0.874807664588125,1.07200311704127,0.830056866805058,1.26006494111311,1.15695348061009,1.2171034448111,1.13872988113423,1.40332115903987
"ppt-miR1219a_st",1.20552830887562,1.20552830887562,1.5631663288951,1.20552830887562,1.20552830887562,1.20552830887562,1.20552830887562,0.913072924553037,1.20552830887562
"ppt-miR1219b_st",1.41356803326728,0.73641116241625,1.3327995971032,1.41356803326728,2.40976674083699,1.68268715093672,1.47375046624704,0.673893786445972,1.41356803326728
"ppt-miR1219c_st",1.23321430906485,1.46459395964241,1.06948994583867,1.03143649322647,1.33592533358738,1.2145902736085,1.2145902736085,1.2145902736085,1.2145902736085
"ppt-miR1219d_st",1.40332115903987,1.00670786915398,0.950668057062392,1.23922316506451,0.866968764041464,1.62377811164867,1.23922316506451,1.43733489017774,0.890196398916263
"ppt-miR1220a_st",1.05520565187996,0.805485729787015,0.805485729787015,0.805485729787015,0.715384219830206,0.919795028896229,0.81804928873177,0.805485729787015,0.731922391408978
"ppt-miR1220b_st",1.03293774151681,1.36700610720522,1.32225530942215,1.03293774151681,0.950668057062392,0.911602681537927,1.32062522585386,1.31790623682082,0.786355601723873
"ppt-miR1221-3p_st",1.5310369597944,1.19752631930508,0.962594104097969,1.26442616437186,1.03547269778743,1.4446670171116,1.39962117958352,1.20078646105455,0.99695574486311
"ppt-miR1221-5p_st",1.18442911309533,1.52720891095272,1.07224015573561,1.79592174276879,1.39854028489769,1.8167756694748,1.42709681206875,1.2145902736085,1.40332115903987
"ppt-miR1222a_st",0.994356264330078,0.836358757953178,0.869239944108582,1.34585427732567,0.869239944108582,0.836358757953178,1.10055964421233,0.779029866460931,0.950668057062392
"ppt-miR1222b_st",0.977375339764336,1.34156401583615,1.30312120880924,1.06747684972115,1.06747684972115,1.06135371974429,0.977375339764336,0.810742942654328,1.1050719822305
"ppt-miR1222c_st",1.10866556343929,0.839350934450178,1.5446474296232,0.811909848199032,0.660341714860509,0.762636767850318,0.839350934450178,1.07200311704127,0.759638797291049
"ppt-miR1222d_st",0.650241201641368,0.73641116241625,1.13734925298632,0.822310875931842,0.94269658596395,0.94269658596395,1.02904162073926,1.07287460118371,1.18810671659082
"ppt-miR1222e_st",1.372588006945,0.950668057062392,1.03143649322647,1.32461131081053,0.942932053499485,1.16220232516891,1.0807742122151,1.22684771285109,0.971173065397568
"ppt-miR1223a_st",0.910898596292298,0.889365409006564,0.646309652459441,0.858492380840401,1.24154757693137,1.01724688598287,0.910898596292298,1.50962519890577,0.910898596292298
"ppt-miR1223b_st",1.07200311704127,0.91400561066437,1.2145902736085,1.03143649322647,1.07200311704127,1.07200311704127,0.963867721385516,1.49541835648246,1.07200311704127
"ppt-miR1223c_st",0.876359789065451,0.836358757953178,1.11930037325862,0.709308147020523,0.766922854874339,1.14745592756519,0.839414302173232,0.873829209231102,0.850078378103276
"ppt-miR1223d_st",1.13537284614124,0.977375339764336,0.856040279785458,1.05408068479762,0.977375339764336,0.863066040655122,0.977375339764336,1.30616280192859,0.827483752614393
"ppt-miR1223e_st",0.836358757953178,0.813131123078378,0.739481768623194,0.836358757953178,0.836358757953178,0.836358757953178,0.828252838726221,1.17969214266514,0.792525777508723
"ppt-miR1223f_st",1.09367879315098,1.17132564586218,1.05701634675296,0.992713931541664,1.13577266578794,1.05701634675296,1.19803292856412,0.779029866460931,1.05701634675296
"ppt-miR1223g_st",0.779029866460931,0.766466307516176,0.988343787121122,0.827178684323147,1.08179138128847,0.835423702858689,0.779029866460931,0.779029866460931,0.692902969138139
"ppt-miR1223h_st",0.884599227940856,1.20762762362112,1.3934724328858,0.805485729787015,0.977375339764336,0.977375339764336,1.35119222931255,0.977375339764336,0.847936781542835
"ppt-miR1223i_st",0.815950050383712,0.726400567332836,1.09841182224918,1.06947253720692,1.07200311704127,1.35136910893812,1.02837255937972,1.07200311704127,1.40680750310864
"ppt-miR1223j_st",0.7296550157438,1.10410218432438,1.3366174802349,0.913072924553037,0.889845289678238,0.905331494466096,1.04590170624537,0.832688789795823,1.00874849036135
"ppt-miR156a_st",1.9578495648507,2.28549407476612,1.3515006810985,2.06977113545996,1.71371713836091,1.93557717564849,2.07221159859291,1.76103197304429,1.48016930715353
"ppt-miR156b_st",1.5310369597944,1.5310369597944,1.29201358076379,1.93757117892735,1.75841157641348,1.48731869730819,1.32993273704611,1.85644621776984,1.73368637573798
"ppt-miR156c_st",1.13845771355821,1.44389399773486,1.72579056946606,1.79027357140273,1.28131703770146,0.950668057062392,1.40279401990766,1.5924980782052,1.44389399773486
"ppt-miR160a_st",1.22812320038227,1.2582034226383,1.40079057920553,1.40079057920553,1.36592358822671,1.52630756658915,1.89789481894891,1.40079057920553,1.40079057920553
"ppt-miR160b_st",1.47067404011002,1.2006717430963,1.34144197417905,1.53639560134399,1.10047779683097,1.22196843267499,1.51119260203664,0.913072924553037,1.3439725540134
"ppt-miR160c_st",1.69620857838076,1.19339657573251,1.24336098954601,1.50872185872146,1.9918454112859,1.29337878677297,1.95012428864777,1.37467880062936,1.66406311548037
"ppt-miR160d_st",1.1478900748141,1.44389399773486,1.70781621428097,1.55024228742543,1.68268715093672,1.55024228742543,1.80852535176108,1.40079057920553,1.25065979730864
"ppt-miR160e_st",0.673016935161386,1.2006717430963,0.939904888486412,0.977375339764336,1.22725588423933,1.36265007611247,0.792500329686811,0.939780207254982,1.01794196357914
"ppt-miR160f_st",1.12213797364535,0.890798006516991,1.16271081234034,1.46867068242445,1.28131703770146,1.98662884887385,1.60173417283012,1.21701462249016,1.28131703770146
"ppt-miR160g_st",1.36195342179158,1.16210462699808,1.06271648517093,1.3487217905768,1.07200311704127,1.37636152164422,0.894185854026809,1.08203248206805,1.4976965816231
"ppt-miR160h_st",1.4882715226087,1.03561842063121,1.11638685679529,0.805485729787015,1.15695348061009,1.28131703770146,0.832482022237929,1.2145902736085,0.730167987659348
"ppt-miR160i_st",1.42194519449623,1.40332115903987,0.981113136897671,1.52953161496224,1.45160907621068,1.62397874783966,1.18972022966528,1.71407021026246,1.40332115903987
"ppt-miR166a_st",1.74060845105812,1.35394673718073,1.40706855564902,1.31988857238842,1.82048753878116,1.90409400431307,1.29468557308106,2.11919061972993,1.71952552349693
"ppt-miR166b_st",2.14482751013677,1.12953465957281,1.82048753878116,1.71909188024034,1.82048753878116,2.00287163866245,2.41512470327652,1.38195431570173,2.00287163866245
"ppt-miR166c_st",1.66406311548037,1.29602543705933,1.24185509333816,1.66406311548037,1.87002050563042,2.0955399729481,1.66406311548037,1.66406311548037,1.92235570171481
"ppt-miR166d_st",1.89869373337029,1.34346839282345,1.54205899414195,1.66406311548037,1.66406311548037,1.94266976513992,2.45723392351804,1.42018255942331,1.66406311548037
"ppt-miR166e_st",1.80204652569354,1.56054920145596,1.64119449606112,2.56989788108752,2.30981092147742,1.73120789385664,1.76066803756519,1.76066803756519,1.66406311548037
"ppt-miR166f_st",1.70483850809534,1.83941692885982,1.68268715093672,1.70483850809534,2.41870832701465,1.40332115903987,1.05049207041647,1.2145902736085,1.95916953483406
"ppt-miR166g_st",2.52791052519966,2.15418177205924,2.69076243406099,2.4706251541129,3.16757278062068,2.4706251541129,2.27141915894752,2.24786128418879,3.18348627609228
"ppt-miR166h_st",2.39390541927962,0.911119954278578,1.85206090981929,2.06977113545996,2.48969446643499,2.06977113545996,2.06977113545996,1.62275718569293,1.68310942158256
"ppt-miR166i_st",2.31492838104118,1.00351574789502,1.75309900692342,2.77826225576214,2.45272876888561,2.24786128418879,1.75881933780356,2.24786128418879,2.53577115711782
"ppt-miR166j_st",1.08384270867837,0.91662266065513,1.28851354134872,1.03143649322647,1.1784704859553,1.6103958471667,0.989214931401433,1.24541012281939,1.08384270867837
"ppt-miR166k_st",0.977375339764336,1.01194085766492,1.09258615227008,1.15097636612408,1.74032394393513,1.73014907603006,1.11996249633156,1.39883103403145,1.2145902736085
"ppt-miR166l_st",0.977375339764336,0.618868566208295,0.7873262342706,1.09464730861242,0.977375339764336,0.977375339764336,1.10794260334546,1.2145902736085,0.977375339764336
"ppt-miR166m_st",1.23922316506451,0.931726421424739,1.03143649322647,1.14870846207455,1.54939465967587,1.33327694289069,1.40952210624455,1.38272878289943,1.00262796225163
"ppt-miR167_st",1.07200311704127,0.950668057062392,1.27465253298484,1.02430603260336,0.861796982879678,1.07200311704127,0.835523904111547,1.2145902736085,1.07200311704127
"ppt-miR171a_st",1.06893379830891,1.37414714859473,0.97392638963416,1.47374008503205,1.38681769964247,1.28131703770146,1.27128767267468,1.28131703770146,1.28131703770146
"ppt-miR171b_st",1.39626438198255,1.44389399773486,1.2006717430963,0.840610338908172,1.08734259826469,1.2006717430963,1.2006717430963,1.2006717430963,1.2006717430963
"ppt-miR2077_st",1.20690793390291,1.05701634675296,1.17835140673184,1.37100613709494,1.63260139848474,1.05701634675296,1.20690793390291,2.23167990605307,1.7868333192043
"ppt-miR2078_st",1.33268788345735,1.29602543705933,1.41355183516571,1.29602543705933,1.08671151639914,1.50533935771952,0.870331972477498,0.982074977697975,2.20665093912247
"ppt-miR2079_st",0.985393227147886,0.978821548088173,0.869239944108582,1.03143649322647,1.32200680307518,1.2006717430963,0.974634221231649,0.921492656595927,1.2006717430963
"ppt-miR2080_st",0.748974721361005,0.906835076617937,0.869239944108582,0.869239944108582,0.950668057062392,0.906835076617937,0.869239944108582,0.869239944108582,0.869239944108582
"ppt-miR2081_st",1.78254707583561,1.14835902745872,0.893995550951584,1.2145902736085,1.2145902736085,1.39399766094395,1.01182710067581,1.2145902736085,1.92942047577152
"ppt-miR2082_st",1.07200311704127,1.07200311704127,0.997908963276724,1.03143649322647,0.865717693493569,0.950668057062392,1.13575733136284,0.959754892494372,1.60608433197256
"ppt-miR2083-3p_st",1.10866556343929,1.43169395911956,1.3342376745672,1.3690408336135,1.12520373501806,1.12520373501806,1.080452937235,1.37542883553289,1.12520373501806
"ppt-miR2083-5p_st",1.52854073296985,1.52854073296985,2.25690864528726,1.28487575610217,1.54939465967587,1.52854073296985,1.23672693823995,1.7932317582713,1.4212450109893
"ppt-miR2084_st",0.899829249812819,0.896929795827983,0.65633901748622,1.03296565638957,0.693934149995574,0.882221396470117,1.09671987071114,0.65633901748622,0.801576101864957
"ppt-miR2085_st",1.23922316506451,1.57329153075292,1.07395374444279,0.963750449106297,1.29169028691608,1.43776378755207,1.96349821242232,1.29169028691608,1.29169028691608
"ppt-miR319a_st",1.00102819119401,1.09380430301749,1.00102819119401,1.53142916276736,0.97949500390828,0.950668057062392,1.40987230350937,1.21513936299637,0.798625205060174
"ppt-miR319b_st",0.846521888794819,1.07200311704127,0.950668057062392,1.01630011745609,0.992288254257292,0.950668057062392,1.26638204442161,0.853791067732408,0.950668057062392
"ppt-miR319c_st",0.885476262162546,0.727478755785646,1.36246588478105,0.950008380272661,1.07552536765628,1.15695348061009,1.20206565482342,1.15223953425614,0.815793490030196
"ppt-miR319d.1-star_st",1.02723745048548,0.990575004087461,0.869239944108582,0.618868566208295,0.952028024946932,0.869239944108582,0.869239944108582,0.697601753507122,0.759638797291049
"ppt-miR319d.2-star_st",1.23922316506451,1.15695348061009,1.23367344127222,1.23772191677417,0.906949794576184,1.15695348061009,0.966904375116356,1.09962458911785,1.1898346667655
"ppt-miR319d_st",0.857891945238911,1.07200311704127,1.30764747612936,1.63643493829362,1.07200311704127,1.14260589947455,1.64987579294873,0.891983376574312,1.07200311704127
"ppt-miR319e_st",1.08921164534266,1.02802026883413,1.56131866541677,1.24454921329931,0.837971163340395,1.60134504720976,1.10055964421233,1.07107043092994,1.11932963936934
"ppt-miR390a_st",1.68268715093672,1.07200311704127,0.950668057062392,1.64715825763531,1.15695348061009,1.40332115903987,0.977375339764337,1.48897432079652,1.19703573549217
"ppt-miR390b_st",1.14870846207455,1.11123801079663,1.77437926625831,0.897177845108603,1.15695348061009,1.11123801079663,1.19225175953392,1.14870846207455,0.96093205943017
"ppt-miR390c-star_st",1.04047817517419,1.34483657977714,1.38488533662651,1.14870846207455,1.14196671032179,0.97474666229855,1.08557287392403,0.913072924553037,1.05701634675296
"ppt-miR390c_st",1.30425820232555,0.891175371694409,1.10866556343929,1.07118678276321,1.28131703770146,0.950668057062392,0.745025302015711,1.10866556343929,1.10866556343929
"ppt-miR395_st",1.27918954921614,1.60037864202992,1.22848776133633,1.30519310636961,1.07200311704127,1.1750869512169,1.59371317164185,1.55727522350058,1.2006717430963
"ppt-miR408_st",0.977375339764336,0.817214039511701,1.17202800678671,0.977375339764336,1.34926000557774,0.937938316333982,1.18516201160237,0.859011771090904,0.662847824038212
"ppt-miR408b_st",2.01033166085215,1.19147665854533,0.931909188056831,1.40079057920553,2.53577115711782,1.40079057920553,1.92870097960792,1.40079057920553,1.40079057920553
"ppt-miR414_st",1.40079057920553,1.72873041701531,1.54939465967587,1.03143649322647,1.83431607233869,1.96760856359954,1.19968635645724,1.2145902736085,1.5049367474731
"ppt-miR419_st",1.19187926879175,1.07200311704127,1.24951606179016,1.19187926879175,0.790509155556492,1.19187926879175,0.739548484618007,1.19187926879175,1.29602543705933
"ppt-miR477a-3p_st",1.23922316506451,1.2006717430963,1.30659645326551,1.59872146903174,1.2006717430963,1.15695348061009,1.02109360225054,0.822748128947139,0.994386319548599
"ppt-miR477a-5p_st",0.925103367096924,1.24813176277719,0.794997211944214,0.794997211944214,0.912539808152169,1.54939465967587,0.925103367096924,0.925103367096924,0.838976469774132
"ppt-miR477b_st",0.974215750054893,1.2006717430963,1.06159978664707,1.0307267584809,1.18596334373843,1.49899672484819,1.09448097280247,1.00427089515482,0.855314363099365
"ppt-miR477c_st",0.977375339764336,0.646057297765732,0.977375339764336,0.841320283621043,1.28131703770146,0.977375339764336,1.13639419804636,0.814864420294959,1.05881050321516
"ppt-miR477d_st",1.0166894390008,1.07200311704127,1.06497735617161,0.993529440605872,1.11794648570591,0.950668057062392,1.25334231168776,0.877998856884813,1.0882049910464
"ppt-miR477e_st",1.00408262246628,1.36425299074623,0.977375339764336,0.913621125442769,0.754445048115195,0.977375339764336,0.977375339764336,0.991293870276535,0.871027050073765
"ppt-miR477f_st",1.10055964421233,1.14113248290732,1.13722209061036,1.52862705063101,1.10055964421233,1.07311855796119,1.10055964421233,0.708156664352824,0.992297081600334
"ppt-miR477g-3p_st",0.867774192946803,0.950668057062392,1.41389461079225,0.867774192946803,0.983491518202462,0.94741519993543,0.867774192946803,0.803471777735504,0.759638797291049
"ppt-miR477g-5p_st",0.977375339764336,0.955842152478603,0.929087422593536,0.738648995555086,0.850835052597202,1.07015145158782,0.977375339764336,1.33407366813392,1.2006717430963
"ppt-miR477h_st",0.977375339764336,0.977375339764336,0.703748621430248,1.1754157447765,0.977375339764336,0.977375339764336,0.933744782102789,0.992362110052643,1.03547824195332
"ppt-miR529a_st",1.27276355741466,0.851111593466698,1.83966533935227,1.40332115903987,2.24786128418879,1.40332115903987,1.40332115903987,0.778343138824634,1.56741915301524
"ppt-miR529b_st",1.6989749454124,1.40079057920553,1.28131703770146,1.40079057920553,1.10881608615407,1.71759898086876,1.23922316506451,1.22828962765813,1.40079057920553
"ppt-miR529c_st",1.43621994712586,1.23357053118229,0.893916708695839,1.40079057920553,1.81795695894681,1.40079057920553,1.40079057920553,1.23357053118229,1.01129820490965
"ppt-miR529d_st",1.66971014260248,1.63137472470683,1.34443420758207,1.66160422337553,1.9808715171436,2.02669371665428,1.66160422337553,2.34561084326197,1.4835061640313
"ppt-miR529e_st",1.0013467254712,1.09412283729468,0.789764432691727,1.29216324230684,1.33291599049654,1.26715597532632,1.23922316506451,1.21545789727356,1.01269472434087
"ppt-miR529f_st",1.68268715093672,1.1080040657658,1.36137328838234,1.66160422337553,1.38222721508835,1.49466577964319,1.29484317849618,1.2253359951876,1.21148170123239
"ppt-miR529g_st",0.966464913105887,0.836358757953178,1.32615575518417,0.711941712853142,0.863799844204323,1.54654585104396,0.643460843827534,0.996520058205814,0.977128989035931
"ppt-miR533a-star_st",1.39571638804681,1.17221051866049,0.83874708775598,1.26442616437186,1.28131703770146,1.34937652794068,1.26442616437186,1.76460201680544,1.19543815353528
"ppt-miR533a_st",1.15249854388375,0.880191738397633,1.32553042906143,0.913072924553037,0.618047593742817,0.913072924553037,0.913072924553037,0.913072924553037,0.913072924553037
"ppt-miR533b-3p_st",1.09168463887355,0.950668057062392,1.04654212804372,0.983549243217796,1.21919360230589,0.962016055932063,0.979224584233456,1.15246683821293,0.983549243217796
"ppt-miR533b-5p_st",2.03404633643629,1.79820726729452,1.20655388576807,2.00283563337689,1.6316787470758,2.31634865333505,1.96896718312371,2.30202650876178,1.66406311548037
"ppt-miR533c_st",1.16786390726854,1.02684732545738,1.19813683085196,1.26442616437186,1.15695348061009,1.68929579695055,0.825153989755996,1.15695348061009,1.26424920259064
"ppt-miR533d_st",0.820952026937781,0.842532661406638,0.651503401635295,0.913072924553037,1.07200311704127,0.834791231319697,1.32577756003716,0.742893412458877,1.17812461603166
"ppt-miR533e_st",1.4153192574971,0.956285414743965,0.964026844830906,1.14870846207455,0.956285414743965,0.720641055655872,0.902224261281831,0.883954699900876,0.890463506452869
"ppt-miR534a_st",1.15473972769974,0.919728204964666,1.64953635797491,1.15224350087519,1.15477408070954,1.035479098357,1.27999365463952,0.966043195278163,1.8401943451761
"ppt-miR534b_st",1.21118049364695,1.29400144177435,1.17266638179547,1.12803908783421,1.07989026997199,0.950668057062392,1.07989026997199,1.0155878547607,0.705849093236694
"ppt-miR535a_st",1.61626971891674,1.03590081618473,1.15695348061009,0.997123084420034,0.836358757953178,1.44387957543381,1.03590081618473,1.03590081618473,0.598188996010603
"ppt-miR535b_st",1.49298309263918,1.58258415535778,1.07200311704127,1.23911995916722,1.40332115903987,1.28633943351377,1.35969060137833,1.09641806510348,1.35969060137833
"ppt-miR535c_st",0.995615370620769,1.27994616764755,1.12387622673342,1.14597232810156,1.20972654242313,0.875178555993888,1.20972654242313,1.25355952286758,1.40332115903987
"ppt-miR535d_st",0.945652774391237,1.58298700471029,1.20383523328235,0.974351863888911,0.949754660783854,1.03865427910021,1.35969060137833,0.86701608849875,0.958942141941081
"ppt-miR536a_st",0.989871278538982,1.09253634744055,1.29882177098825,1.25171242476812,1.09253634744055,1.29422968314193,0.869239944108582,0.90380546200917,1.10907451901932
"ppt-miR536b_st",1.04892120501025,0.917786870906987,1.36274515065527,0.886365641851092,1.25460975499952,0.950668057062392,0.950668057062392,0.913072924553037,0.950668057062392
"ppt-miR536c_st",1.67901361885354,1.3974123750167,1.76941481025022,1.06947253720692,1.07200311704127,1.07200311704127,0.909806567923382,1.07200311704127,1.07200311704127
"ppt-miR536d_st",0.894288752076951,1.39448513741968,1.55575226680552,1.14242204303344,1.04422943254361,1.28131703770146,1.17386618241022,1.09258615227008,1.11721904372609
"ppt-miR536e_st",0.646309652459441,1.19333817702015,1.51546710291349,0.95305503891276,1.38217461165263,1.22889420868993,1.01199255971769,1.04737022558526,1.07200311704127
"ppt-miR536f_st",0.9740193570452,0.646821698848147,0.94086856408339,1.22240612309539,1.15332545364808,1.07385236151039,1.10055964421233,1.03625722900104,1.07385236151039
"ppt-miR537a_st",0.844738395560614,0.819472606369542,0.8152064097857,0.767509325347792,0.639076950698171,1.01946921240129,0.977375339764336,1.13894275390536,0.740008665495925
"ppt-miR537b_st",0.979610498525131,0.73641116241625,1.08553520869434,0.990958497394801,0.738646321177044,1.17873490003918,1.10055964421233,1.08553520869434,1.17968938282618
"ppt-miR537c_st",0.746450550261545,1.24920769763754,1.4782032356647,0.940342331256473,1.22531082656048,0.977375339764336,0.977375339764336,0.890506440493116,1.02933862078609
"ppt-miR537d_st",0.913072924553037,0.790400666493745,1.03143649322647,0.913072924553037,1.07200311704127,1.05701634675296,0.748974721361005,0.763926212252242,1.10853871740003
"ppt-miR538a_st",1.10866556343929,0.836358757953178,1.06768042268301,1.24943939408355,1.15695348061009,1.05701634675296,1.05701634675296,0.977334730446482,0.970889449430171
"ppt-miR538b_st",0.913072924553037,0.813125329016109,0.813125329016109,0.913072924553037,0.836358757953178,1.15695348061009,0.841681856187174,0.989787091152897,1.10391005045015
"ppt-miR538c_st",1.09731756456962,1.08010903626823,0.869239944108582,1.39798313134464,1.15075943607625,1.27276355741466,1.10866556343929,1.40079057920553,1.10866556343929
"ppt-miR893_st",1.26442616437186,1.58983542234729,0.792559887437577,1.26442616437186,1.07200311704127,1.27463280045121,1.22079560671031,1.29448130947178,1.82792963563989
"ppt-miR894_st",2.0284742796464,2.99151024777226,3.03747528769365,4.07954201088378,3.73986589666662,4.5883318804591,4.84017755824596,2.32281300454263,4.36168390556217
"ppt-miR895_st",1.26269300224511,1.35732077952204,1.14135794226623,1.19839058703381,1.38469712358352,1.28131703770146,1.08311486139935,1.07200311704127,1.26269300224511
"ppt-miR896_st",8.77319470766711,9.1817511234497,9.14249112884441,9.4617392139537,9.28855054909258,9.19660512295218,8.82705304031744,8.99568238970223,9.2106160453496
"ppt-miR897_st",1.2006717430963,1.2006717430963,1.51303606284652,0.805094465929169,1.2006717430963,1.46874936507071,1.33122934472151,1.17421587977022,1.34585407037168
"ppt-miR898a-star_st",0.977375339764336,1.05701634675296,1.43524786240828,1.18476650051729,1.05701634675296,1.05701634675296,1.05701634675296,1.05701634675296,1.07200311704127
"ppt-miR898a_st",1.05937480178793,1.1467588383801,0.956709732886366,1.00977823433531,1.60761366358817,0.932142787038673,0.977375339764336,1.08942994688786,1.04681124284317
"ppt-miR898b_st",0.945275981831085,0.809651475251233,0.836358757953178,0.799325749445315,0.950668057062392,0.695588526870424,0.836358757953178,0.866413903053104,0.852896929531949
"ppt-miR899_st",0.873275180718594,0.808596669890754,0.759535827982874,0.711941712853142,1.04374120370724,0.744052967808992,0.751794397895933,0.56481589860914,0.599751545893715
"ppt-miR900-3p_st",1.2743741620544,1.4023737267499,0.783389628418875,1.04937674752387,0.980302180153104,1.15237004071599,0.992865739097859,1.07200311704127,0.826739715586304
"ppt-miR900-5p_st",1.21627734650964,1.31638944539361,0.899830660323736,1.26442616437186,1.47931411842389,1.15871939576698,1.21627734650964,1.0490572984864,1.29602543705933
"ppt-miR901_st",6.16424837955394,5.78061159431751,5.17240031396693,6.43192282988518,6.18376622327251,5.91800693940874,5.93305913302817,6.52896730723582,6.65730533919652
"ppt-miR902a-3p_st",1.32172303913421,1.02657476883337,1.07200311704127,0.82212257256628,1.07200311704127,1.07200311704127,1.35732692321992,0.939332014807846,1.07200311704127
"ppt-miR902a-5p_st",1.1815863720661,1.15695348061009,1.19361592700811,1.23365882564337,1.15695348061009,1.14196671032179,1.10055964421233,1.15695348061009,1.15695348061009
"ppt-miR902b-3p_st",0.857891945238911,0.554152463520886,1.24185509333816,0.757240444459376,0.691608384065675,0.804937528897283,0.869239944108582,0.824328598067165,0.804937528897283
"ppt-miR902b-5p_st",0.977375339764336,0.844673716678265,0.977375339764336,1.26442616437186,0.977375339764336,1.05701634675296,0.977375339764336,0.977375339764336,0.900655379102208
"ppt-miR902c-3p_st",0.977375339764336,0.977375339764336,1.13630553225257,1.30616280192859,0.844655125762846,0.96238856947603,0.882747562487403,0.977375339764336,1.47539805179842
"ppt-miR902c-5p_st",0.863284020470219,1.13068779752935,1.00472921052453,1.02738222366225,0.950668057062392,1.03030906405102,0.949845800306365,0.950668057062392,0.759638797291049
"ppt-miR902d-3p_st",1.3470951963117,0.73641116241625,0.851298004651157,0.73641116241625,0.73641116241625,0.73641116241625,0.748974721361005,0.666975259337411,0.620229119993531
"ppt-miR902d-5p_st",0.895487077748266,0.950668057062392,1.03143649322647,1.02737340209567,0.882141690581358,0.893031264063986,1.01497047227369,0.950668057062392,0.808578352203321
"ppt-miR902e-3p_st",0.870309781339883,1.2309333095295,1.07200311704127,1.07200311704127,1.07200311704127,1.07200311704127,0.958673972209662,1.07200311704127,1.07200311704127
"ppt-miR902e-5p_st",0.977375339764336,1.2006717430963,0.977375339764336,0.977375339764336,1.28771933137171,0.95707035073264,0.977375339764336,0.940712893366315,0.662847824038212
"ppt-miR902f-3p_st",1.13955365232384,1.19854421062543,1.52854073296985,1.03143649322647,0.875628657795698,1.13724078350131,0.996850874924041,1.05229041993249,0.921835346408937
"ppt-miR902f-5p_st",1.12034309671257,1.02333725723997,1.17427166177613,0.931331077582962,0.736411162416249,1.18121162205795,0.772155000255388,1.09571020525656,0.640758728939109
"ppt-miR902g-3p_st",0.902398451921691,1.2724150198059,1.05815812515975,1.00921922603354,0.931023606695083,0.728669732329309,1.15395389834422,1.35671707127691,0.984594786781717
"ppt-miR902g-5p_st",1.34568436604147,1.15695348061009,0.950668057062392,1.15695348061009,1.15695348061009,0.703818929777118,1.15695348061009,1.15695348061009,1.2006717430963
"ppt-miR902h-3p_st",1.37455339876801,1.69091997758314,1.09086419119197,1.66160422337553,1.49009471234514,1.1908117867289,1.47731904820855,1.40332115903987,1.40332115903987
"ppt-miR902h-5p_st",0.623975518560625,0.917786870906987,0.836358757953178,1.02878180528376,0.836358757953178,0.808917671702032,0.826329392926399,0.836358757953178,0.836358757953178
"ppt-miR902i-3p_st",1.20805203002427,1.03616242004695,0.699716375821001,1.03616242004695,1.280042976104,1.05701634675296,0.598760191091831,1.14208713021615,0.663812777754616
"ppt-miR902i-5p_st",1.06009095939775,1.16621245838814,0.951955563741993,0.712932184711377,0.928727928867194,0.81118533265924,0.723554945338662,1.40079057920553,0.734219021268706
"ppt-miR902j-3p_st",1.48342063951133,0.863066040655122,1.24129755631044,1.2911334470738,0.977375339764336,0.863066040655122,0.815807925623317,1.09871039974321,0.869239944108582
"ppt-miR902j-5p_st",1.04735556331153,0.651755546425969,0.945959904770711,0.945959904770711,0.610367950145691,1.19232758320049,0.755910799276974,1.10752731891173,0.869239944108582
"ppt-miR902k-3p_st",1.14870846207455,1.14870846207455,1.14870846207455,1.14870846207455,0.884507575815394,1.14870846207455,1.14870846207455,1.0913795705823,0.975197528159586
"ppt-miR902k-5p_st",0.857891945238911,0.667428499971506,1.05983147983102,0.983111519168888,0.983111519168888,1.23299206364388,0.772905385007296,1.25118914114329,0.820914970051
"ppt-miR902l-3p_st",1.27461000879908,1.6305297184645,0.967648981628133,1.04436314822799,0.95539473771155,1.10866556343929,1.05227172704153,1.10866556343929,0.869239944108582
"ppt-miR902l-5p_st",0.977375339764336,0.977375339764336,0.7873262342706,0.913621125442769,0.836358757953178,1.3260982563439,0.977375339764336,0.689776521221073,1.13914114827651
"ppt-miR903_st",8.76833714033612,8.5085432990084,8.15059032907423,8.61406737656148,8.59236361613316,8.64811627569956,8.43190796513269,9.01167119318782,8.84991255260276
"ppt-miR904a_st",1.11788810508563,0.950668057062392,1.31810455898719,0.886365641851092,1.19454861311945,0.988263189571746,0.906835076617937,0.950668057062392,0.869239944108582
"ppt-miR904b_st",1.02893017980941,0.942803282486619,1.08299133327155,1.00843534288032,0.942803282486619,0.942803282486619,0.897639956134456,1.06227682399068,0.869239944108582
"ppy-let-7a_st",13.3867526531652,13.3844572483916,13.4198579558198,13.3796038447463,13.0029612917053,12.8928251495598,13.4559171743731,13.2521405058186,13.5099140601916
"ppy-let-7b_st",13.7731899205056,13.8647230639378,13.8385491181947,13.8159832847811,13.7609984188155,13.7498278769937,13.809527316121,13.7251160123545,13.5925511904301
"ppy-let-7c_st",12.5174635456121,12.4034686166434,12.4595755861067,12.4034686166434,12.0650426029998,12.0056958874956,12.5992687010601,12.2719894805656,12.4807551887646
"ppy-let-7d_st",12.2503454424139,12.3483735930876,12.3075032061518,12.3000580050538,12.1230756911429,12.0537748371934,12.2745228152128,12.1540322737915,12.2337039874548
"ppy-let-7e_st",11.8809197032815,12.1539013424566,12.0001449406079,11.9869609079952,11.9175359214514,11.9400527209047,11.9035937087086,11.9088722080559,11.8304114631911
"ppy-let-7f_st",9.19122316192315,9.41691083475277,9.23828256702428,9.30388961698933,8.79280881704674,8.44273525441974,9.29685939174654,8.69324972570048,9.57165201237037
"ppy-let-7g_st",8.6964087018685,8.71139635696471,8.61006914143243,8.86905575604605,8.18113098421069,8.24287199885461,8.65780180788439,8.39979548459851,8.96682560154959
"ppy-let-7i_st",9.95125216887966,9.94685715926736,10.0550301820825,9.97584492268398,9.67611877023567,9.67953417379582,10.0786986920278,9.5978868211189,10.0530855719374
"ppy-miR-1_st",1.2145902736085,1.2006717430963,1.2145902736085,0.805485729787015,1.40332115903987,1.2145902736085,1.05049227963313,1.42870144541086,1.0195461524078
"ppy-miR-100_st",11.6471886889005,11.7623955110461,11.6442207542862,11.5466612978789,11.6540574398364,11.6118152774538,11.5821777892099,11.5844090792153,11.6118152774538
"ppy-miR-101_st",1.23922316506451,1.07200311704127,0.869239944108582,1.02430603260336,1.07200311704127,1.04103405207953,0.991062843356793,1.2145902736085,1.07200311704127
"ppy-miR-103_st",13.2530557806519,13.173528439533,13.169279706745,13.2100155243266,13.3624614230231,13.3851518568675,13.287270354152,13.3222631606496,13.1811317889487
"ppy-miR-105_st",0.875667184455405,1.07070385034542,1.1516441240299,1.26312689767601,1.54939465967587,0.949368790366541,0.976076073068486,0.911773657857187,1.1845253101853
"ppy-miR-106a_st",12.7435839228942,12.6189767844264,12.6737625704095,12.7215263099812,12.7548561306417,12.7147770251361,12.7237099388065,12.7343753667589,12.7009316409754
"ppy-miR-106b_st",11.7539723050988,11.6640952620915,11.7135479063131,11.725377553608,11.7086679830952,11.681467955449,11.7849046845513,11.7094959166248,11.656446179008
"ppy-miR-107_st",12.902889325599,12.8315698995741,12.8717219432844,12.8274861237352,12.8717219432844,12.911840607478,12.9405334438041,12.9022784613063,12.8177118110712
"ppy-miR-10a_st",2.44934041823777,2.45157187279259,1.38530382604652,2.439166235033,2.1784242785925,2.439166235033,2.38755455461919,2.62232001541503,2.439166235033
"ppy-miR-10b_st",1.5399241785102,1.69611510148667,1.54939465967587,1.94883757630464,1.69611510148667,1.63847830848826,2.14996535064093,1.87761200804509,1.69611510148667
"ppy-miR-1178_st",1.28293096587092,1.2006717430963,1.07933668311742,0.97520716017575,1.23401663882023,1.10072414755937,1.10055964421234,1.10072414755937,0.888307423346079
"ppy-miR-1179_st",0.774612166831649,1.07200311704127,0.869239944108582,1.21028066255323,0.657657651329112,0.854253173820275,0.988723338634007,0.869239944108582,0.869239944108582
"ppy-miR-1180_st",8.1047031378833,8.37521996806963,8.01459659282867,8.26170501559161,8.12211954042348,8.27893885546372,8.00408571422427,8.1047031378833,7.7618116714149
"ppy-miR-1181_st",1.9145314480184,2.28936930442826,1.58899796114187,2.02888422972526,2.2117336060321,2.16149280535217,1.80922743810386,2.63825352213944,2.66700908685501
"ppy-miR-1183_st",1.70841803885495,1.53219155292572,1.2747402378095,1.35969060137833,1.11246690610994,1.6789578951464,1.35969060137833,1.24748103767867,1.40340886386453
"ppy-miR-1185_st",0.837874125832994,1.04745903031523,0.954682918491748,0.887409011975003,0.927975635789803,1.00374076782902,1.43078763843806,1.2145902736085,0.759638797291049
"ppy-miR-1197_st",0.977375339764336,1.17906867546572,1.1414733337397,0.977375339764336,0.908300772393571,0.857901798260272,0.977375339764336,1.2145902736085,0.742539454546938
"ppy-miR-1200_st",1.01280171386103,1.11872642403024,1.53794941124103,1.11872642403024,1.1854531881232,1.11872642403024,1.35969060137833,1.11872642403024,0.958942141941081
"ppy-miR-1201_st",1.17165005254838,1.26442616437186,1.35160614763246,1.12048274217193,1.15695348061009,1.05701634675296,1.88770560333393,1.11582208390151,1.35519774909931
"ppy-miR-1202_st",3.63836998594883,2.75275995455331,2.09015908871446,1.36853470861208,2.36341075892339,2.36341075892339,3.00843118901969,3.9383999902476,3.30470624357669
"ppy-miR-1204_st",1.14459538778757,0.69253892048389,0.863066040655122,1.31841605820898,0.954775796785404,1.40332115903987,0.77718565571888,1.18437300011688,0.977375339764336
"ppy-miR-1205_st",1.15695348061009,1.35864681631148,0.756927128668007,1.11992047210223,1.06086882660513,1.15695348061009,1.41880130591026,1.2145902736085,1.13024619790815
"ppy-miR-1207-3p_st",0.869239944108582,1.07200311704127,0.869239944108582,0.906301089365265,0.836358757953178,0.836358757953178,0.869239944108582,0.765940164303753,0.937900362052736
"ppy-miR-1207-5p_st",10.2395587217878,9.87953763630762,9.39985014898221,9.55382749375429,10.0095490788775,9.91041761517284,9.95787711424367,10.2388719157385,9.67623708782945
"ppy-miR-1208_st",0.977375339764336,0.843706884396797,0.584625519877098,1.38434399959606,1.18630359458391,1.65669038165641,1.1048754816301,1.14870846207455,1.40332115903987
"ppy-miR-122_st",0.760618951568655,0.950668057062392,1.622447133769,0.950668057062392,0.950668057062392,0.950668057062392,0.950668057062392,0.950668057062392,0.778320216028478
"ppy-miR-1224-3p_st",1.446207938007,1.70635502115859,1.27928896176154,1.66160422337553,1.58323065969866,2.57222972543867,1.66160422337553,2.03099932294857,1.40332115903987
"ppy-miR-1224-5p_st",3.4480445730629,3.69948289090902,2.62926591468372,3.2333924895769,3.38502016214413,2.439166235033,3.03063602791898,2.71352962159834,3.03063602791898
"ppy-miR-1225-3p_st",1.77493655359333,1.88695666945982,1.88119880294893,2.00454354484496,1.63991219081874,1.29360737853183,1.66160422337553,3.4272770321571,1.7868333192043
"ppy-miR-1225-5p_st",6.47623086060777,5.08189675018375,5.83778796828087,4.88799799204921,5.265795906236,5.62263512038702,5.265795906236,6.51514521438419,5.08190240653665
"ppy-miR-1226_st",1.40332115903987,2.32348218965719,1.15695348061009,1.26442616437186,1.40332115903987,4.02827623423022,2.40447786145428,1.13222827993458,1.40332115903987
"ppy-miR-1227_st",1.03501213276274,1.2145902736085,1.15695348061009,1.30290296623111,1.28131703770146,1.54939465967587,1.27834448793007,1.2145902736085,0.92324337996509
"ppy-miR-1228_st",3.18006651410287,1.96250817031632,3.32731123214899,3.30420382998182,3.35202732051765,3.90511750655618,3.7218785686568,3.19054532897223,3.15781346648969
"ppy-miR-1233_st",1.2145902736085,1.2145902736085,1.2145902736085,1.37035087454106,1.28131703770146,1.16294105692217,1.08330004993354,1.2145902736085,1.35366223005773
"ppy-miR-1236_st",1.46680464512895,1.09522124617737,1.22737902579825,1.15466072078518,1.30880713875205,1.30880713875205,1.42101670245171,1.30880713875205,1.2006717430963
"ppy-miR-1237_st",1.94487878311268,1.94487878311268,1.52854073296985,1.73440300030261,1.94487878311268,2.01565581803147,1.94487878311268,2.7319427119343,1.91579874196718
"ppy-miR-1238_st",1.0606551181716,1.03912193088587,0.877643740529146,1.07200311704127,1.59354493932891,1.18518954869287,0.910435702900251,1.07200311704127,1.07200311704127
"ppy-miR-124_st",1.20329334071623,1.06028260462763,1.15695348061009,1.00770070182997,1.07200311704127,1.04529583433933,1.07200311704127,1.2145902736085,0.912984258759244
"ppy-miR-1244_st",1.29387240980339,2.01033166085215,6.00963740586961,1.52854073296985,1.9864347897751,1.67424242964832,2.387164418747,2.16662074257122,2.01033166085215
"ppy-miR-1245_st",1.11603886061651,0.950668057062392,0.925088203535899,0.618868566208295,0.646309652459441,1.05701634675296,0.977375339764336,1.2145902736085,0.948818812593272
"ppy-miR-1246_st",1.5310369597944,1.44389399773486,1.26299019136109,1.13427319195127,1.40079057920553,1.68268715093672,1.31936246625172,1.40079057920553,1.48222574265635
"ppy-miR-1247_st",1.55670171902506,1.56910735678465,1.23351540215963,1.52854073296985,1.77175677272822,1.77175677272822,2.12902384725861,1.56910735678465,1.49094396594657
"ppy-miR-1248_st",1.02990924440432,0.939174335348937,1.08592164755347,0.926820789765893,1.19333817702015,1.07200311704127,1.14801128818847,1.07200311704127,1.16400929669828
"ppy-miR-1249_st",1.69557402302177,1.57329153075292,0.967133431578357,1.31766993804739,1.64745357694174,1.21597671947401,1.26962820374623,1.37012313744088,1.56005920976178
"ppy-miR-124a_st",1.36789179111954,1.2006717430963,0.86507978847128,1.65720935902488,1.26739850718926,1.28562210666512,0.995269269113948,1.2006717430963,1.2006717430963
"ppy-miR-1250_st",1.5310369597944,1.07200311704127,1.08024813557681,1.04113008887511,1.07200311704127,1.07200311704127,1.21301969885243,1.17676825918747,0.950668057062392
"ppy-miR-1251_st",1.15695348061009,0.926840048617995,1.01593689879893,1.44400430521761,1.15695348061009,1.33653162145585,1.15695348061009,1.63987595034068,1.07200311704127
"ppy-miR-1252_st",1.00594625490135,0.968475803623429,1.00594625490135,1.19836930223194,1.1132419768819,1.18168991398749,0.977375339764336,1.25931547751789,0.993913511343108
"ppy-miR-1253_st",1.37518295069355,1.07200311704127,0.491676516758269,0.805485729787015,1.10287614520743,1.12077056107453,0.912827039713696,1.04554725371519,1.13575733136284
"ppy-miR-1254_st",2.13038937057119,1.60647095776826,1.44389399773486,1.67417062890152,1.44389399773486,1.32958469862565,0.977375339764336,1.43129257495472,1.67835051813689
"ppy-miR-1255a_st",1.10866556343929,0.970002042587121,1.05064733719228,0.970002042587121,0.893287875987261,0.893287875987261,0.970002042587121,0.826561111894299,1.12893223507535
"ppy-miR-1255b_st",1.27465253298484,1.07200311704127,1.21301969885243,1.38576122435073,0.950668057062392,1.02828485455506,0.870309781339883,1.07200311704127,0.812271239415183
"ppy-miR-1256_st",0.920573067769515,0.944494153608932,1.00408262246628,1.08078796749956,0.977375339764336,1.08372362945491,0.977375339764336,0.805737149162876,0.977375339764336
"ppy-miR-1257_st",0.977375339764336,1.148650325198,0.681135711937616,0.972809490448009,0.898625903682499,0.790936878058629,1.10055964421233,1.81988019543128,1.01293520279171
"ppy-miR-125a-3p_st",5.93183867583706,6.24888027940688,6.21694287788456,6.59721654825661,6.56631723031366,6.03307711271173,6.4510814827058,6.33616299841689,5.83455965332176
"ppy-miR-125a-5p_st",11.222273852884,11.6650252559987,11.0249396170886,11.5117898201331,11.1977390216149,11.2626449046966,11.1489306148239,11.2003417894926,11.3386526524834
"ppy-miR-125b_st",11.3108713102609,11.1315697006456,11.2450328001478,11.2187266371687,11.0247129762428,10.9659570578301,11.2820085751417,11.235131136667,11.2178056040204
"ppy-miR-126_st",2.79817395808407,2.99090856295339,2.55142988425255,3.65567778470586,2.79817395808407,2.67850760502206,2.58402691117648,2.439166235033,4.30474862721538
"ppy-miR-1260_st",3.98483000655328,3.20563695702552,2.4655365195976,3.81273929085359,4.11249866580022,2.87828987340128,3.72054033277766,4.43007000116301,3.20904912457685
"ppy-miR-1261_st",1.48351545990577,1.12500868634973,0.950668057062392,1.22977382849593,1.01069938724051,1.46169345964919,0.748974721361005,1.12688907358182,1.12500868634973
"ppy-miR-1262_st",0.977375339764336,1.21375575260491,1.20860269729642,1.83933421349452,0.868398372607978,1.15695348061009,0.895105655309923,1.40079057920553,1.15695348061009
"ppy-miR-1263_st",0.977375339764336,1.0171161514423,1.86795244100943,0.913072924553037,1.28131703770146,1.73015205316499,1.28131703770146,0.95352357390975,1.54558357234885
"ppy-miR-1264_st",0.748974721361005,0.836358757953178,0.917432686510981,0.84931871023147,1.40332115903987,1.05701634675296,0.913072924553037,0.913072924553037,0.913072924553037
"ppy-miR-1265_st",1.63434502324469,1.92477095951032,1.29886788705324,1.62610000470915,1.72941440014282,1.63434502324469,1.63434502324469,1.54939465967587,1.63434502324469
"ppy-miR-1266_st",1.18537090847257,0.919433754449473,0.919433754449473,1.14870846207455,1.14870846207455,1.02923492057049,1.43639594641161,1.14870846207455,1.1512390419089
"ppy-miR-1267_st",0.7404619229008,0.869899620898313,0.950668057062392,1.10410218432438,0.950668057062392,0.950668057062392,0.970973046094088,0.974664763044511,0.981637122024132
"ppy-miR-1268_st",8.95036736538807,8.83295079041434,8.62049980276844,8.86466402385962,8.94643459252611,8.9894510315915,8.90402281991884,9.1108394492881,8.79306692799219
"ppy-miR-1269_st",1.02428237837667,1.15695348061009,0.876041995594005,1.3739355212599,1.23367344127222,1.15695348061009,1.2452661732327,1.05365370080526,1.29602543705933
"ppy-miR-127_st",1.31340654261335,1.40079057920553,1.40079057920553,1.40079057920553,1.40079057920553,1.40079057920553,1.1363108256317,2.11382648092821,1.3240706185434
"ppy-miR-1270_st",1.86349985124185,1.30451841295179,1.0688740538637,1.66160422337553,2.05398022923552,1.37864914581991,1.69576078099309,1.20701095521845,1.52854073296985
"ppy-miR-1271_st",7.27242683152534,7.69304490058513,6.77893446599619,7.31767886762566,7.41411534445354,7.27242683152534,7.27242683152534,7.25302211757733,7.21329087575566
"ppy-miR-1273_st",1.15753126126387,0.999533754886967,1.12963991003968,0.844925955804035,1.07200311704127,1.55018222823352,1.14994489907137,0.950402840839824,1.31837079547105
"ppy-miR-1274a_st",0.713530866321489,0.687735597592181,1.28131703770146,1.00197254286939,0.913072924553037,0.726928140765257,0.913072924553037,1.18006269159823,0.869239944108582
"ppy-miR-1274b_st",1.60726084348555,1.60726084348555,2.08802523814195,1.41977412382625,2.44277823305983,1.31870573548343,1.60726084348555,1.28573106573414,1.66406311548037
"ppy-miR-1275_st",8.31209094165782,8.86547635388155,8.77290853662639,8.74964756171787,9.01817830393377,9.01595026703324,8.62335939561775,8.44541022328433,7.94572240312899
"ppy-miR-1277_st",1.63140657018873,1.32662202888678,1.53226438912683,1.03143649322647,0.705415209045406,1.17875346821125,0.896291696345781,1.1845472130001,1.17875346821125
"ppy-miR-128_st",6.29165474731787,6.59399981217868,6.24753365575541,6.26855195368808,5.70922073219916,6.29165474731787,6.27625413410619,5.97592942870075,6.59875277228755
"ppy-miR-1280_st",7.85828243727984,7.1020389663186,7.25907847383185,6.89259113383822,7.21357425324965,7.09596017313412,7.8348569584047,7.4470625889587,7.20997911567056
"ppy-miR-1281_st",4.29661475654427,4.8451565500117,5.03054019051624,5.33362057795428,5.65113937411437,5.16227164124959,3.25344922397966,4.03766150273975,5.03054019051624
"ppy-miR-1282_st",0.857891945238911,0.950668057062392,0.791857313622675,1.16979838709492,0.977375339764336,1.12344884040033,0.977375339764336,0.977375339764336,0.977375339764336
"ppy-miR-1283a_st",1.10560919528214,0.897822523444101,0.897822523444101,1.07173645213297,0.897822523444101,0.897822523444101,1.10055964421233,0.522725047703851,0.855580837562896
"ppy-miR-1283b_st",1.10866556343929,1.03453266576335,1.07200311704127,1.9442048325249,0.944431155806537,1.36938066650318,1.0470962247081,1.07200311704127,1.07200311704127
"ppy-miR-1284_st",0.7404619229008,0.730043190250237,1.12598441564835,0.919698992100651,0.837338912230784,0.950572020266814,0.919698992100651,0.919698992100651,0.950668057062392
"ppy-miR-1285a_st",2.22812587417628,2.00204776165335,2.00204776165335,3.58584192372074,1.43508536056665,1.54939465967587,1.46796654672206,1.15530148108077,3.1424759854063
"ppy-miR-1285b_st",5.6033529133199,5.25918776294175,5.73524910437327,5.71402946514198,5.89120974867911,5.71402946514198,5.73794520154783,5.35658926541904,5.59662073140738
"ppy-miR-1286_st",1.10866556343929,1.07200311704127,0.631171059442712,1.03143649322647,1.28131703770146,1.07200311704127,1.07200311704127,1.07200311704127,0.812170338613279
"ppy-miR-1287_st",0.984619080449097,1.10488430319667,1.07200311704127,1.07200311704127,1.07200311704127,1.07200311704127,0.984619080449097,0.859102190418908,1.10488430319667
"ppy-miR-1289_st",0.950668057062392,0.993145069483067,0.783389628418875,1.1049855762592,0.750183763351854,1.23759415188611,0.977375339764336,0.913072924553037,0.950668057062392
"ppy-miR-129-1-star_st",1.10866556343929,0.964811780819581,0.869239944108582,0.916443178062593,1.15695348061009,1.06475937635651,0.977375339764336,0.991293870276535,0.872610197618138
"ppy-miR-129-2-star_st",1.45673931213134,1.16818420412923,1.4277392615904,1.67283494689466,1.07200311704127,1.15329639977159,0.974948384249048,1.41202130272466,1.16818420412923
"ppy-miR-129_st",1.09347893931389,0.560059377643217,1.09347893931389,0.618868566208295,0.950668057062392,1.09343832999603,1.37166941762334,1.58824121657926,1.66549825922542
"ppy-miR-1290_st",0.869239944108582,0.950675107559411,0.6517497523637,0.744822899008546,0.869239944108582,1.44125926402011,0.869239944108582,0.869239944108582,0.792519983446453
"ppy-miR-1291_st",1.36381691177117,0.766675985820828,1.1236523337276,1.03143649322647,1.07200311704127,1.07200311704127,1.03087687207999,1.33876638913487,1.00232034490892
"ppy-miR-1292_st",7.55038568117387,6.93306140318981,6.79479098429233,7.29965452639808,7.5349588598591,7.28371173734723,6.77096848752915,7.71290766117482,7.23886034741251
"ppy-miR-1293_st",1.03590081618473,0.857891945238911,1.07214883988505,1.0113260725009,0.836358757953178,0.717121714156158,0.857891945238911,1.0345537073757,0.829335418067847
"ppy-miR-1295_st",0.781782700878082,1.00507910421005,0.913072924553037,1.01045353624712,1.07200311704127,0.913072924553037,0.626146829729316,0.876410478155016,0.65334104692695
"ppy-miR-1296_st",3.36613076031118,3.30183941864896,3.43047269256888,4.32775652941888,4.62803183623454,3.28943378088936,3.43047269256888,3.43047269256888,2.99198850148573
"ppy-miR-1297_st",0.987330503460413,0.836358757953178,0.917786870906987,0.950668057062392,0.950668057062392,0.65646369871765,1.15875104825507,0.816624998970286,1.10959824955062
"ppy-miR-1298_st",0.935386974276316,0.813906191453654,0.990567953590441,0.990567953590441,1.34309599614656,1.0281630860998,0.826469750398409,1.2920853026459,1.07200311704127
"ppy-miR-1299_st",0.977375339764336,0.913072924553037,0.856321576186484,0.913072924553037,0.73641116241625,0.913072924553037,1.06296451170298,1.14871728364113,0.836352963890908
"ppy-miR-1301_st",6.71794939318587,7.02786028318936,6.70501048833097,6.90879855953178,6.76144669373534,6.99118526825737,6.53550865438704,6.42816164048275,6.41063109659096
"ppy-miR-1302_st",0.977375339764336,0.939971500506569,1.3004037354446,1.03388634819035,0.950668057062392,1.03388634819035,0.983549243217796,1.14147354295637,1.09764056251191
"ppy-miR-1303_st",0.731776011117846,0.950668057062392,1.13382183744442,0.950668057062392,0.950668057062392,0.976247910588885,0.881232153983553,1.13382183744442,0.933469346819233
"ppy-miR-1304_st",1.07200311704127,1.88695666945982,0.697961940305969,0.994774046828448,1.07200311704127,1.07200311704127,1.09871039974321,1.07200311704127,1.07200311704127
"ppy-miR-1305_st",0.993295248665356,1.40415346393324,0.618868566208295,1.03333814730061,1.37469332022469,0.956623980700755,0.869239944108582,1.04847622797948,1.18065512228539
"ppy-miR-1306_st",1.28131703770146,2.90966945414875,2.08835777780397,1.28131703770146,1.28131703770146,0.736327613980322,1.28131703770146,1.2145902736085,1.23748405725701
"ppy-miR-1307_st",8.84222366015728,8.84287682632297,8.77467858105959,8.921550994524,9.27390675435935,9.2462348293931,8.82783821978749,9.04495596747471,8.69113446387516
"ppy-miR-130a_st",9.20491971075928,9.01430856033023,9.20278480411173,9.32991759465345,9.21204133964002,9.28143046903033,9.44176696717901,9.27096781736702,9.54327211320975
"ppy-miR-130b_st",8.94161423141323,9.05325957129778,9.02859909318251,9.01641230377289,9.24674221609977,9.23640077293754,8.98085985439549,9.05104582785198,8.81713618211899
"ppy-miR-132_st",6.65221619507284,6.97557576715143,6.6325405035062,6.68586106417278,6.29651704870698,6.61721584034947,6.61721584034947,6.48500687705148,6.43225070285232
"ppy-miR-1322_st",1.23408590917004,1.12583410694731,1.35749338601923,1.03143649322647,0.646309652459441,1.23312982892786,0.758398198515742,0.779029866460931,1.15914575317934
"ppy-miR-1323_st",0.977375339764336,1.37256135307362,0.977375339764336,0.977375339764336,0.977375339764336,0.977375339764336,0.946628111268505,0.977375339764336,0.977375339764336
"ppy-miR-1324_st",0.893916708695839,0.857254262297817,0.94220462586664,1.16067998078944,0.836358757953178,0.836358757953178,1.01660755767055,0.695571235392433,1.18857230429642
"ppy-miR-133a_st",1.60353615020763,1.11990330693222,0.981779697151755,1.68653238113264,0.90564641228608,1.42250879338833,1.2006717430963,1.54939465967587,1.11990330693222
"ppy-miR-133b_st",1.23922316506451,1.44389399773486,1.28131703770146,1.09527974286458,1.68423493282146,1.23922316506451,1.23922316506451,1.385854151771,0.759638797291049
"ppy-miR-133c_st",0.913072924553037,0.836358757953178,0.913072924553037,0.805485729787015,0.913072924553037,0.791737864574159,1.08029297257627,0.828122560984215,1.05914642518903
"ppy-miR-134_st",1.11771328427851,1.2145902736085,1.44389399773486,1.47632311204138,1.36873669157537,1.64053609288404,1.2145902736085,0.790970550507643,1.13787031294637
"ppy-miR-135_st",0.667546608407195,0.869239944108582,0.869239944108582,1.10743230106516,0.607566497857976,0.694864374046986,0.943334097873128,0.869239944108582,0.972539723913411
"ppy-miR-135a_st",1.15944060298282,1.20604617513338,0.887493071026544,1.2568471570056,0.805881588331349,0.913072924553037,0.818445147276104,0.913072924553037,0.833360787393908
"ppy-miR-135b_st",0.750935802226527,0.843711914050007,1.14884297469977,0.805485729787015,1.17436089468908,1.04999733759771,1.07702661594662,0.669697885877034,0.772997665681863
"ppy-miR-136_st",0.794137730917344,0.94455768623625,0.895587239743824,0.77804464353587,0.805485729787015,0.886913842740824,0.805485729787015,0.715275652139364,0.908785509591844
"ppy-miR-137_st",0.950668057062392,0.950668057062392,1.15343122999508,0.956042489099467,0.614900457047239,1.15695348061009,0.950668057062392,0.821999431007361,0.950668057062392
"ppy-miR-138_st",4.89973834997721,4.02903209753558,4.18022673469128,4.8645755896743,5.37009925681127,5.20864332167875,4.47803713605254,4.8645755896743,4.97701840376833
"ppy-miR-139-3p_st",1.33303204910887,1.28131703770146,1.28131703770146,1.03143649322647,1.61263507970006,1.15695348061009,1.45825162303885,1.40079057920553,1.29602543705933
"ppy-miR-139-5p_st",3.58043490410577,4.18526344766507,2.48256765402811,4.04305474893001,2.64403371972982,3.58043490410577,3.88474628041976,2.28333285722299,4.57894692333768
"ppy-miR-140-3p_st",8.16262439097327,8.07019498879488,8.21049777418466,8.12662870536501,8.44318297183577,8.59555529901147,8.12188382164142,8.30350002030354,8.04676260836454
"ppy-miR-140-5p_st",3.04327280067069,2.79452425060547,1.9808715171436,3.05917333482313,2.80441875045114,3.04327280067069,3.34112789622047,1.83001804555679,3.83655730162978
"ppy-miR-141_st",7.79977034927156,7.18086676739288,7.43578512942694,7.6514174611328,7.86977242495452,7.87871911975737,7.78621050341118,8.12736747085621,8.05108397154599
"ppy-miR-142-3p_st",0.902408848622993,0.913072924553037,0.913072924553037,1.02868930066622,0.913072924553037,0.913072924553037,0.977375339764336,0.886617061226953,0.663069238519129
"ppy-miR-142-5p_st",0.977375339764336,0.950668057062392,0.65646369871765,1.10347764848468,0.873953890462532,0.950668057062392,0.802451454563764,1.00521462749645,1.07200311704127
"ppy-miR-143_st",1.10866556343929,1.44389399773486,0.977302532908738,1.0415774098315,1.28824370428505,1.13340400409641,1.10866556343929,1.25473906407528,1.00053016778354
"ppy-miR-144_st",0.950668057062392,0.929134869776658,1.21514781063622,1.21261723080187,0.991234680877192,0.923960774360447,0.606809845041149,0.65633901748622,0.962016055932063
"ppy-miR-145_st",1.23922316506451,1.03293774151681,1.11473990525602,1.48306026365994,1.23922316506451,1.23922316506451,1.74387390782994,1.46377132148917,0.869239944108582
"ppy-miR-1468_st",1.01423286780389,0.854565044752267,0.878007326020288,1.08366877088273,1.72553766442758,1.1672864083053,1.10055964421233,1.10055964421233,1.04142708500153
"ppy-miR-1469_st",11.566425655053,11.0779231115129,11.1254679029548,11.2568265050066,11.4155465702383,11.4155465702383,11.0907045962853,11.9043737990495,11.4386722723571
"ppy-miR-146a_st",0.970179463819418,1.2006717430963,1.46031173232929,1.28562210666512,3.2635163057137,3.07074293941439,2.26676756070952,0.768626536066727,0.997908570163613
"ppy-miR-146b-3p_st",1.23610111101664,0.857746222395128,1.19333817702015,0.805485729787015,1.11409698967822,1.07200311704127,1.06197375201449,1.07200311704127,0.855529767194976
"ppy-miR-146b-5p_st",3.82893556404093,2.439166235033,1.02898702017814,2.8972128933577,1.14834965847042,1.96457546251719,2.64403371972982,1.94969511671906,3.15186604290933
"ppy-miR-147_st",1.43268346490281,0.924872788333083,0.825151069678769,1.03143649322647,0.950668057062392,1.28131703770146,0.950668057062392,0.950668057062392,1.04602175102542
"ppy-miR-1471_st",1.15695348061009,1.09319905933454,1.57521446717496,1.07972441039727,1.15695348061009,1.15695348061009,1.57682865014065,1.15695348061009,1.28562210666512
"ppy-miR-147b_st",1.00408262246628,1.17201772469735,0.977375339764336,1.03143649322647,0.7873262342706,0.950668057062392,1.12726692691428,0.805737149162876,0.977375339764336
"ppy-miR-148a_st",3.03794723733405,2.32348218965719,1.83711109613915,2.4310686101232,1.29286534353424,1.57262157663782,2.32348218965719,3.41234293414897,2.99151024777226
"ppy-miR-148b_st",4.642801885327,4.56338239740856,3.28104058293861,4.86077205334989,3.0394913235541,4.01209140793698,4.22903534760896,4.30226604936265,4.99300653921377
"ppy-miR-149_st",8.49107217693346,8.48750484399001,8.40155710885555,8.51266045565764,8.49466867775312,8.33405041186052,8.51763844090145,8.46781724855611,8.46067535559482
"ppy-miR-150_st",1.29602543705933,1.29602543705933,1.11936367492254,1.14870846207455,1.40542105724313,1.43996885925925,0.961957071370915,1.48601212533784,1.37513741840949
"ppy-miR-151-3p_st",8.79468790071244,9.08212197605343,9.00436367528595,8.99697920918819,9.2703205363249,8.97866669153804,8.86868973451886,8.83123929106516,8.82775878571907
"ppy-miR-151-5p_st",11.2687269419271,11.3675781574024,11.2443742867075,11.3440896181342,11.2500228667869,11.2507284995691,11.2015516331988,11.283431653038,11.0903645563608
"ppy-miR-153_st",0.977375339764336,0.977375339764336,1.28131703770146,0.977375339764336,0.864046194932728,1.37469002308338,0.977375339764336,0.850324728831682,1.24064787603918
"ppy-miR-1537_st",1.01497047227369,0.950668057062392,0.77258164871696,1.03143649322647,0.873953890462532,0.950668057062392,1.11788810508563,0.950668057062392,0.759638797291049
"ppy-miR-1538_st",1.28853697707029,1.2006717430963,0.920584271124072,1.23293397524545,1.29532535790272,1.26442616437186,1.18478515738323,1.41252427502176,1.82234140340433
"ppy-miR-154_st",1.21680095909505,0.977375339764336,0.977375339764336,0.913621125442769,0.977375339764336,0.977375339764336,0.977375339764336,1.02120832020879,0.977375339764336
"ppy-miR-155_st",9.40484654274547,9.63646280276045,9.58072494664274,9.48413572381574,9.79419710039026,9.79060084244494,9.73460144761855,9.39495835166913,9.42118432017444
"ppy-miR-15a_st",8.50402579372626,8.30688254097842,8.56284840046928,8.62134976344232,8.26211725076004,8.22851368571212,8.71408173998091,8.50771248404049,8.80134673879154
"ppy-miR-15b_st",11.1667036985022,11.1647445800158,10.7295668604717,10.9339267884267,10.2013436506729,10.2574801941156,11.1072850766648,10.6366735657866,11.0785446472364
"ppy-miR-16_st",6.66837956993567,6.5655112774986,6.02095956034386,5.67213705573044,5.20615611037879,5.48916984273057,6.77287818793856,6.47383792003987,5.25561246259068
"ppy-miR-17-3p_st",6.83208723152437,6.36812662972435,6.68949514817716,6.7058312902459,6.81794899906513,6.84078437860466,6.97696592383528,6.66514489323177,6.7769334528557
"ppy-miR-17-5p_st",12.9696349290168,12.9746763548386,12.9079497078159,12.925022179677,13.1149068551388,13.0898110929335,12.9562052656128,12.9696349290168,12.8869938488777
"ppy-miR-18_st",10.3050531226323,10.1524899692558,10.1352198078663,10.2540351117169,10.2706813984373,10.2540351117169,10.3979808424641,10.2742378069834,10.2892277881739
"ppy-miR-181a-star_st",5.59530448562143,5.62588495278027,4.84647117838452,5.7796952676657,5.99971289636948,6.34346532431589,5.86554983936363,5.71402946514198,5.7796952676657
"ppy-miR-181a_st",10.672418392176,10.7479012528296,10.5050425753165,10.7057695707398,10.7276774561154,10.9333979922889,10.7532566140311,10.7015574451418,10.6963328755424
"ppy-miR-181b_st",10.5142957426475,10.5244796011641,10.5836518873703,10.4456933601178,10.7773500759865,10.7741277145904,10.4766379807295,10.5221378601619,10.4697935089386
"ppy-miR-181c_st",3.51366215203362,3.65671369447193,2.50037031219735,2.44598159961696,2.24786128418879,2.79470903709358,4.1084191817847,2.8575571289626,2.37928002384632
"ppy-miR-181d_st",5.00664219770978,4.51891966435724,4.51891966435724,4.51891966435724,3.43779649184095,4.1591667652643,4.51891966435724,4.72113179621419,5.28716723587218
"ppy-miR-182_st",8.66723498598285,8.79288339784716,8.50805108449825,8.75032834603315,8.29945313173631,8.04906116840023,8.78321164654095,8.49814174363263,8.93153508127488
"ppy-miR-1827_st",0.927316401141733,1.10866556343929,1.10866556343929,1.40079057920553,1.17539232753225,1.05701634675296,1.25376589120912,1.10866556343929,1.09474703292709
"ppy-miR-183_st",7.05776945578561,7.01424275743098,6.85811736776991,6.99318661873905,6.13163482429781,6.33267646832481,7.01165299947671,6.8320466806451,6.89030431426418
"ppy-miR-184_st",1.18026713921423,1.25706557949406,1.20338550541132,1.13750369387737,1.15695348061009,0.825153989755996,0.955260144908705,1.50567639718966,0.96592422083875
"ppy-miR-185_st",10.017284765471,10.2322116092385,10.2355025001613,10.0230269680211,10.2578939565432,10.3268177252632,10.1446473773081,10.035476256301,9.90185226106002
"ppy-miR-186_st",1.07453369687562,1.21718544431665,0.978929970396424,1.07200311704127,1.0572947176834,0.88538595346255,0.80408434407,1.40079057920553,1.07200311704127
"ppy-miR-187_st",0.867327822914918,1.18842777517379,0.726557591832164,0.923838831340928,0.845794635629184,0.836358757953178,0.75399867808331,0.867327822914918,0.867327822914918
"ppy-miR-188_st",2.75321137933623,4.29889460743981,1.45709416463615,3.99904566441372,3.36959920101167,2.58454023624883,2.34561474371589,2.88307999361998,3.63836998594883
"ppy-miR-18b_st",7.93779479739616,7.51870057352869,7.48449372956157,7.66977799475188,7.57862784344338,7.40805085710869,7.95458753728398,7.63182525494641,7.72207064940858
"ppy-miR-190_st",0.615593968695128,1.57329153075292,1.00799694855464,1.23013657502836,0.950668057062392,1.1562373313373,0.939748260342836,0.796943130992686,1.06497735617161
"ppy-miR-1908_st",9.58600106850342,9.06673592136191,8.97885605990581,9.1768852298736,9.49577267906166,9.35312948282655,9.4567540633267,9.6173144223868,9.51379916156027
"ppy-miR-1909_st",8.24547114693557,7.41544061298729,7.60678495379297,7.78076213221819,8.08606302008214,7.80623525187695,7.84996399529538,8.19059825585546,8.0543355413227
"ppy-miR-190b_st",1.06758541741199,1.29088182074395,0.715805816846594,0.895695807434666,0.826621240063901,0.926568835600829,0.869239944108582,0.869239944108582,0.715805816846594
"ppy-miR-191_st",12.1577128701616,12.2686016924228,12.2938529720615,12.2316741120633,12.2384992577631,12.3003246716935,12.1249146081351,12.1572794584291,12.1508808310634
"ppy-miR-1910_st",2.69944055126679,1.5572570274387,1.30090618683786,1.93107391698692,1.9333908814324,2.410240679269,1.61242381969192,2.24786128418879,1.69667353155171
"ppy-miR-1912_st",1.63833268177495,1.17822058459343,1.26230457722872,1.5246001582613,1.28131703770146,1.80427712713474,1.40332115903987,1.32188599558905,1.40332115903987
"ppy-miR-1913_st",2.21308812251007,1.67272111352245,1.54939465967587,2.21308812251007,2.68777989093695,2.439166235033,3.01213119038003,2.75523091543684,2.11871401923105
"ppy-miR-1914_st",1.3159371224477,1.40332115903987,1.2145902736085,1.66628499290218,1.58673156824276,1.81090114543055,1.40332115903987,1.2145902736085,1.34325889966353
"ppy-miR-1915_st",12.0012866047789,11.9647591760552,12.0271545601774,12.1131185391375,12.2955317862326,12.2581399327511,11.6791209509141,12.47950220241,11.9463551599354
"ppy-miR-192_st",6.88593933658562,6.96633464115814,6.63458548948792,6.98346206367793,6.96450451452889,6.58066349082652,6.89799614626225,6.72229464891732,7.01633943127913
"ppy-miR-193a-3p_st",1.40332115903987,1.36665871264185,1.60799199171023,1.39507614050433,1.40332115903987,1.40332115903987,1.40332115903987,0.956703482214585,1.62901927142236
"ppy-miR-193a-5p_st",6.41947908003144,5.9044903956973,5.4389925947592,5.27021767966798,5.41809672142174,5.84250188923145,6.19319541916642,6.29489608000201,5.84250188923145
"ppy-miR-193b_st",8.28669326940462,8.19006018239625,8.26743934831581,8.34855931418427,8.18136401436217,8.32606143501663,8.19006018239625,8.0955537311755,7.92823018119015
"ppy-miR-194_st",7.45250041908054,7.71148420310052,7.52983243023928,7.53650992714412,7.53650992714412,7.28378726907981,7.60243395184328,7.64101922191091,7.62321433133728
"ppy-miR-195_st",4.642801885327,4.33449267235641,2.05334841914026,4.18281895650656,4.47459102546927,3.18660406665157,4.90977822725204,4.25093671573606,3.96240287764293
"ppy-miR-196-2_st",0.818445147276104,1.09309266502,0.913072924553037,1.06221963685383,0.913072924553037,1.31375025381978,0.831644811599228,0.913072924553037,0.913072924553037
"ppy-miR-196_st",1.093536304327,1.18631241615048,0.950668057062392,1.35446488890674,0.872461058809722,0.931432905261996,1.07200311704127,1.07200311704127,0.962401970223737
"ppy-miR-196b_st",0.977375339764336,0.836358757953178,1.11056486966321,1.3972505092949,0.977375339764336,0.848153126854734,1.35564510120337,0.818445147276104,1.06938151942134
"ppy-miR-197_st",6.35092148208703,6.31047362230046,6.13677120576152,6.03256521589604,6.30435111510711,5.75319221547317,5.75319221547317,6.0463361035275,6.11837595754555
"ppy-miR-198_st",1.36055822504338,1.02938441299659,0.904724688397753,0.926820789765893,1.15147620917896,1.07200311704127,1.07200311704127,1.03440798453192,1.07200311704127
"ppy-miR-199a-3p_st",0.703638543951687,0.836358757953178,0.836309646185111,0.917127194117256,0.836358757953178,1.16700773859225,0.836358757953178,1.15938715363344,0.816967688783295
"ppy-miR-199a-5p_st",0.977375339764336,1.2006717430963,0.977375339764336,1.34788479544035,1.29602543705933,1.84863159629651,1.99778216441732,1.29602543705933,1.56410305903373
"ppy-miR-199a_st",1.1350396827026,1.10759859645145,1.14570375863264,1.249174741073,1.43939808730555,1.40332115903987,1.1350396827026,1.40079057920553,1.2006717430963
"ppy-miR-199b-3p_st",0.948036128788733,0.950668057062392,0.748265070928551,0.919795028896229,0.950668057062392,1.39562633681067,1.35969060137833,0.893339165570145,0.931276987892509
"ppy-miR-199b-5p_st",0.857891945238911,0.836358757953178,1.10866556343929,1.14870846207455,0.703529976260845,0.950668057062392,0.96918753964551,0.836358757953178,0.629966637882808
"ppy-miR-19a_st",7.0903232873594,6.70697038601685,6.41072971877805,6.49973956798258,6.32094691357757,6.59639254042501,6.88765404945588,6.64770805877061,7.19029576743631
"ppy-miR-19b_st",11.1678832614585,11.2401976264195,11.0848400668698,11.0839450449804,10.6649284058184,10.8023640150467,11.247556306597,10.9136903431306,11.2000936612029
"ppy-miR-20_st",10.131091461491,9.89791025819979,9.86179696818157,10.0430925026753,10.067871905125,9.96195102881719,10.3409113068777,9.90000289538531,10.5382121781749
"ppy-miR-200a_st",6.55083307675686,6.05296619817647,6.4977917021863,6.55830100606035,6.37240330342638,6.55083307675686,6.84389402290801,6.33475347232648,6.55784645693864
"ppy-miR-200c_st",13.3677549264643,13.5147429677485,13.5459128324735,13.3484348396112,13.4115099470757,13.3363427370664,13.2999461809352,13.3600981190584,13.3521934405127
"ppy-miR-203_st",0.994501037506847,0.994501037506847,1.0320961700162,1.16583415981706,0.646309652459441,1.0536245961174,0.869239944108582,0.994501037506847,0.950668057062392
"ppy-miR-204_st",1.24135303428391,1.19000068279667,1.24755863353933,1.69203256542467,1.4219113376218,2.57145735020558,1.52854073296985,1.79961976019069,2.0690326664617
"ppy-miR-205_st",13.0521058217425,13.0938840902095,13.2463600720414,13.1633062476371,13.1618627307871,13.1448625026648,13.0882487125687,12.9792113184118,13.275242314899
"ppy-miR-206_st",1.23922316506451,1.29602543705933,0.926858845314285,1.31999160122858,1.40332115903987,1.23922316506451,1.03645999213182,1.73398544232988,0.950668057062392
"ppy-miR-208a_st",0.977375339764336,0.977375339764336,1.11996249633156,0.977375339764336,1.07200311704127,1.18631241615048,0.869239944108582,0.939780207254982,0.977375339764336
"ppy-miR-208b_st",1.23922316506451,1.03657374912093,1.12690637984122,1.26442616437186,0.907905123065902,1.02413516059756,1.1898451284453,0.913072924553037,0.950668057062392
"ppy-miR-20b_st",9.96557389470373,9.77089325024528,9.56938870525846,9.78971102134076,9.69015504479746,9.77881894286656,9.99294250236777,9.84277447124257,9.98802365301903
"ppy-miR-21_st",8.98389538787542,8.64493118556719,8.69295858239661,8.46319431825626,8.40602449125437,8.52800263407139,9.05113405268644,8.1426342438363,8.6487683578832
"ppy-miR-210_st",6.36619781320099,6.59042548429676,6.63961913964843,6.69970623951942,7.06651568602881,7.17706428249992,6.93456067897746,6.02329681965529,5.93149808379904
"ppy-miR-211_st",1.10866556343929,0.990473134482459,1.64564308284803,1.22087512713895,2.03252073382993,1.10866556343929,1.02902455645066,1.06556214490996,1.15162422209961
"ppy-miR-214_st",1.84863159629651,2.00235037648624,1.5549369971724,1.40079057920553,1.46998663360357,1.5549369971724,2.05958773993783,1.46998663360357,1.67694111851081
"ppy-miR-215_st",1.07200311704127,1.07200311704127,0.977375339764336,1.07200311704127,1.18139873722507,0.941896961888561,1.07200311704127,1.07200311704127,1.07200311704127
"ppy-miR-216_st",1.30701463977635,0.976649423078243,0.954460520833316,1.30451841295179,1.07200311704127,1.54939465967587,1.02035082919474,1.07200311704127,0.950668057062392
"ppy-miR-216b_st",1.09773534706799,1.23014539659494,1.34850896526837,1.34597838543402,0.950668057062392,1.21543699723707,1.29381056091394,1.23014539659494,1.18631241615048
"ppy-miR-217_st",1.00307427251429,0.950668057062392,1.04529583433933,0.950668057062392,0.881593489691626,0.836358757953178,0.950668057062392,0.950668057062392,0.950668057062392
"ppy-miR-218_st",1.0540895063642,0.813125329016109,0.913072924553037,0.913072924553037,0.913072924553037,0.913072924553037,0.913072924553037,0.913072924553037,0.886365641851092
"ppy-miR-219-5p_st",0.860566547105583,0.98012820077094,0.950668057062392,1.12732981919918,0.950668057062392,0.950668057062392,0.582340395478041,0.980723202162318,0.777157123147426
"ppy-miR-219_st",0.857891945238911,1.27369645274266,0.771658837472722,0.913072924553037,0.950668057062392,0.950668057062392,0.950668057062392,0.950668057062392,1.14168781184548
"ppy-miR-22_st",11.6271667350014,11.4634515020208,11.7597000106752,11.7179488370746,11.8326671791702,11.8268736985192,11.7612016544076,11.7584289342819,11.7597000106752
"ppy-miR-220a_st",0.870027385786372,1.29602543705933,1.15695348061009,1.14870846207455,1.12839695343903,1.21334731700785,1.15695348061009,1.54939465967587,1.15695348061009
"ppy-miR-220b_st",0.92917470562684,1.26461851642374,1.52854073296985,1.11943618914837,1.17184240460026,1.21547296226181,1.17184240460026,1.13424727209091,1.17184240460026
"ppy-miR-220c_st",1.80216069244079,1.44389399773486,1.64953635797491,1.39825999937118,1.05543319920859,1.40079057920553,1.65907364354118,1.39825999937118,1.40079057920553
"ppy-miR-221_st",12.4619185611008,12.4293610933639,12.5063730183714,12.3474633946497,12.334430532211,12.328067966949,12.5361275713533,12.408170547076,12.3662829678238
"ppy-miR-222_st",12.6160208893353,12.5978262250279,12.4834905990645,12.5659359296419,12.5497717574145,12.581189743577,12.6375059971503,12.6426943518981,12.6534529185652
"ppy-miR-223_st",2.73505182930264,1.91372673876733,2.439166235033,2.23295900782935,2.439166235033,2.71585925829225,2.439166235033,2.439166235033,2.439166235033
"ppy-miR-224_st",6.24037633733826,6.21831568352608,6.30540554513093,6.17456172344103,6.17527760277912,6.19061844512934,6.28422877043931,5.9421759934873,6.87568814423301
"ppy-miR-23a_st",13.5927554768204,13.543145019842,13.4849222566983,13.535071085111,13.4044718040944,13.3867443024284,13.5927554768204,13.5543248214974,13.7308412478694
"ppy-miR-23b_st",12.5016241798288,12.6072304350614,12.4968327463826,12.5583038204089,12.5585944402861,12.583877494977,12.4369177161648,12.4709172586891,12.6153724748498
"ppy-miR-24-star_st",1.43931454407836,0.97509611016584,0.904973494750746,1.40316351658452,1.28131703770146,1.05701634675296,1.28131703770146,1.50586519412612,1.66406311548037
"ppy-miR-24_st",13.5062170584549,13.4207586575289,13.4039490927647,13.4759799417254,13.5727385459672,13.5792167848341,13.4771844135074,13.4870875313789,13.3809421525527
"ppy-miR-25_st",10.1833503706027,10.3193797863777,10.1446213091691,10.1955119975661,9.68605095900251,9.6184981893807,10.3852794608192,9.78289435528069,10.1672055855875
"ppy-miR-26a_st",12.2192683969019,12.4162873719135,12.2688020961399,12.3661181441164,12.1378701776754,12.1459671270837,12.2625787706717,12.1534615787713,12.2584492148522
"ppy-miR-26b_st",3.13480364540547,1.68155409336492,1.68155409336492,2.27115519969918,2.10833919601981,2.23034331735822,2.64403371972982,2.27115519969918,2.27115519969918
"ppy-miR-27a_st",10.8306238117612,10.5040181077112,10.3931358438383,10.7778734879424,11.328764002002,11.2401283879671,11.0416094844563,10.8890179824778,11.1344378452655
"ppy-miR-27b_st",10.1654689951011,10.0185111468186,9.90533825746881,10.0754948496621,9.81394365339218,9.89455325249332,10.0682539869721,10.0471448951854,10.3465850843908
"ppy-miR-28_st",7.5908817246393,7.62429549582519,7.56530352618934,7.60899831672458,7.58615527383769,7.59430537483094,7.61386289814729,7.93249165098937,7.67881571447125
"ppy-miR-296-3p_st",4.18544051540954,3.67775735675888,2.58891313158889,2.76741763326518,3.20582389230985,3.20582389230985,2.89823515919852,2.86976051137613,3.56810031356545
"ppy-miR-296-5p_st",1.23733418949432,1.2006717430963,1.13183352755332,1.1601051192815,2.17245676928551,1.28131703770146,1.06600106718411,1.72873041701531,1.23733418949432
"ppy-miR-297_st",1.15695348061009,1.2006717430963,0.829995200569432,1.28217305454007,1.15695348061009,1.15695348061009,1.28217305454007,0.825635438611488,1.25706557949406
"ppy-miR-298_st",6.18637123443816,4.97542992641723,2.61409692108604,4.22598046399718,4.7051144161049,3.94002127273928,5.19819490037238,6.04543628354148,5.91598563411263
"ppy-miR-299-3p_st",1.13288533705373,1.05061565259932,1.05061565259932,0.837841884583218,0.836358757953178,1.05061565259932,1.28445956140851,1.1719507125782,0.96918753964551
"ppy-miR-299-5p_st",1.10055964421233,1.2714698186745,1.10866556343929,1.36732291630593,1.14265351684929,0.988941949432236,0.922742381197874,1.20648435438154,1.06389719781431
"ppy-miR-29a_st",11.5599309279359,11.3323964076868,11.4154249746878,11.3770583278521,11.3269461970236,11.432446630963,11.6881312119531,11.4275263915385,11.6954460654663
"ppy-miR-29b_st",1.10866556343929,1.81199877931412,1.03143649322647,1.1642652749188,1.1642652749188,1.0874492774611,1.1642652749188,1.57336981874029,1.1642652749188
"ppy-miR-29c_st",3.89912965675882,2.84831759571564,1.92787215567416,2.8967074298611,3.30420382998182,2.66688857947959,3.3327693347215,3.44077548516503,4.67994211695998
"ppy-miR-300_st",1.03974404581246,0.815268832932806,0.781372626629336,1.16786467793175,0.956285414743965,0.836358757953178,0.745832929853968,0.975441630601163,1.10411025665619
"ppy-miR-301b_st",0.904769755651583,1.03748996965307,1.22262703812516,0.913072924553037,1.03748996965307,1.03748996965307,1.03748996965307,1.03748996965307,1.06071760452787
"ppy-miR-302b_st",1.00357880597641,0.836358757953178,0.86723178611934,0.631326420024017,0.836358757953178,0.836358757953178,0.863066040655122,0.836358757953178,0.86723178611934
"ppy-miR-302c_st",0.817418597888931,0.714052022583374,1.39449899206425,0.711941712853142,0.914156684896097,0.775549649789247,0.775695927174709,0.958938584916682,0.842756542493963
"ppy-miR-302d_st",1.28213456973926,1.09355062166439,0.909880168716219,0.913072924553037,0.896594656217117,0.978954736086985,1.24315562234614,1.017929716196,0.913132827795889
"ppy-miR-302e_st",0.981901607084461,1.07200311704127,0.950668057062392,0.699653474748938,1.07200311704127,1.28626001168741,1.15564775741655,0.99385783309368,1.29602543705933
"ppy-miR-30a-3p_st",7.98204672169285,8.06282778346742,8.02139906010773,8.20860246876201,7.75798014022768,7.74540855449949,8.19663176539081,7.81484941988623,8.221011993283
"ppy-miR-30a-5p_st",8.9026361201785,8.9750860579367,8.95082850526297,8.96289025071273,8.99381385941305,8.89534168032949,9.1262955385701,9.03359740815895,9.06382325537835
"ppy-miR-30b_st",7.84439489097557,7.59157574061485,7.61416735503142,7.78749166402039,7.36089998293372,7.29639691620501,7.99738904443943,7.70565454771033,8.15753750132503
"ppy-miR-30c_st",10.0657047263039,10.0715594430173,9.70313426567344,9.96537213513472,9.54107112348843,9.75171685316069,10.1119427681955,9.83218236019791,10.1098435420078
"ppy-miR-30d_st",7.73686147847609,8.09240780460471,7.93953301382337,8.05653391278977,7.93953301382337,7.95417391217224,7.93953301382337,7.75864860202112,7.99086277420801
"ppy-miR-30e_st",4.642801885327,4.30847575535369,4.59298598515455,4.59298598515455,3.57633828791383,3.63836998594883,5.00221246669481,4.81846189649831,4.76582064287492
"ppy-miR-31_st",13.8903992322009,13.7307110526671,13.7230379707743,13.6974872484311,13.8655576617007,13.8848100226999,13.8787030693784,13.8272084591518,13.7651160526799
"ppy-miR-32_st",1.00408262246628,0.836358757953178,0.882747562487403,0.95069943069477,0.977375339764336,0.764992100371783,0.977375339764336,1.0968488812684,1.23566792599878
"ppy-miR-320a_st",11.1843548361398,11.4325493726951,11.4204767627811,11.2593096283888,11.5426250645599,11.5469442442593,11.1069442818145,11.3172511271954,10.8884602645965
"ppy-miR-320b_st",10.9269078402671,11.16314908035,11.1833611558053,11.0603971624348,11.3044214839838,11.3763276054369,10.9143925312313,11.1191065465509,10.7251366093134
"ppy-miR-320c_st",10.7692768426412,11.1252938036708,11.0426420002645,10.9486102136769,11.1341563822102,11.1125814598106,10.7428500555226,10.8733098892075,10.5434002088962
"ppy-miR-320d_st",8.96983810527476,9.0072154866892,8.96983810527476,9.03320956191976,8.86132917289863,8.87495718975394,8.96983810527476,8.73481790569566,9.16977305025964
"ppy-miR-323-3p_st",0.690215839542223,0.994574244145174,1.45428653253339,1.33680256096454,0.88026494503596,0.88026494503596,0.748974721361005,0.930625079167582,0.558045023226388
"ppy-miR-323-5p_st",1.40332115903987,1.54068812408804,1.41723968955207,1.35135787801812,1.38833438875157,1.37334761846326,1.10055964421233,1.38833438875157,1.66406311548037
"ppy-miR-324-3p_st",6.86453070791081,7.23627177841758,7.03639251269425,7.10218726940038,6.73158943225475,7.16482788591115,6.61770026319391,7.10109673858372,6.61784366429534
"ppy-miR-324-5p_st",7.9952516165615,7.9952516165615,8.22295170028353,8.13067308484764,8.07264197152998,8.09708281314185,7.69160978921189,7.91316028571535,7.7860569688684
"ppy-miR-325_st",0.833925084929827,0.921309121522,0.784643746545766,0.913072924553037,1.15695348061009,0.743285611308331,0.634665422251791,0.833828178118829,0.836358757953178
"ppy-miR-326_st",1.44379826813441,1.13778127565151,1.21920938860532,0.956506146942907,1.68268715093672,1.01749018386841,1.8424888275674,1.55222785434311,1.37289209700367
"ppy-miR-328_st",1.61059038445382,2.32741470884821,1.60809415762927,2.01062734164633,2.32741470884821,2.39590207799446,1.87279425890192,2.89967582689574,2.61532458177723
"ppy-miR-329_st",1.05261204787139,1.05261204787139,1.02265980912308,1.05261204787139,0.983176144792549,1.05261204787139,1.05261204787139,1.07200311704127,1.01731822088554
"ppy-miR-33_st",0.567579966662355,0.73641116241625,1.15808336391978,0.838588583546451,0.906494620220476,0.875621592054314,0.875621592054314,0.812132720220367,0.948769443259589
"ppy-miR-330-3p_st",5.87564149973754,5.9749493501657,5.79492518420014,5.978330288211,6.23745812832262,6.34603257344462,5.9749493501657,6.16642365591254,5.43289061955814
"ppy-miR-330-5p_st",1.36122728640292,1.52465621901875,1.40332115903987,1.15944060298282,1.40332115903987,1.60960658258757,1.90797190180531,1.40332115903987,1.11550092601569
"ppy-miR-331-3p_st",1.71365290230125,1.46502896814092,1.28131703770146,3.22345702770589,2.13959872157679,2.53488339897468,2.53577115711782,1.56846810579332,3.16337071075403
"ppy-miR-331-5p_st",4.90077027640302,5.29933661070903,5.38704129329005,5.78727978627963,6.03340703957617,5.82281297093675,5.62380170646358,5.23939436129046,4.84562248591832
"ppy-miR-335_st",1.14560548174042,3.08588435105128,1.15695348061009,1.93107391698692,1.15695348061009,0.583428931812514,1.57727770710302,0.947639559949902,1.15695348061009
"ppy-miR-337-3p_st",1.17929883902182,1.07200311704127,1.17929883902182,1.03535541682189,1.40359952997031,1.17929883902182,1.10055964421233,1.62671221833566,1.60524465829735
"ppy-miR-337-5p_st",2.38371162529399,2.0754749954596,2.15543474626505,2.15273736294919,2.21649157727076,2.8039913206304,2.21649157727076,2.31111935454769,2.21649157727076
"ppy-miR-338-3p_st",1.06851677297251,1.06851677297251,1.06851677297251,1.02795014915771,0.781590678148785,1.19288033006387,1.06851677297251,1.2145902736085,1.29181317630447
"ppy-miR-338-5p_st",1.68268715093672,1.739842244176,1.78102559441786,1.36818944950739,1.82048753878116,2.048467515184,1.68268715093672,1.34852099496972,1.25331287446807
"ppy-miR-339-5p_st",8.36435653817193,8.4780193470253,8.40841430877655,8.62529385579643,8.86588076103044,8.90820219870994,8.33609295059781,8.41500920415046,8.29049836461605
"ppy-miR-33b_st",0.967345974737557,0.977375339764336,0.734243443623969,0.821395742351787,1.18002475570791,1.52998149900152,1.07001104363912,1.07200311704127,0.856040279785458
"ppy-miR-340_st",1.03645999213182,0.950668057062392,0.966030917361419,0.869239944108582,1.12385264107391,0.825260686278665,0.85814187243407,0.869239944108582,0.747904884129704
"ppy-miR-342-3p_st",8.35090444287702,8.59320229799053,8.39179391182047,8.57698482795937,8.25779698891592,8.32620806882643,7.99760123978391,8.26234331389778,8.34842487139107
"ppy-miR-342-5p_st",3.12935921081934,2.7319427119343,1.73452651234115,2.89252007178986,1.8173145931795,2.2348967165099,2.94267020480722,2.439166235033,3.05607699575396
"ppy-miR-345_st",6.97272997761293,7.54468908174186,7.41544061298729,7.67709591386807,7.63427412946873,7.59188401581402,7.06779793286721,7.31546813291038,7.0940841537868
"ppy-miR-346_st",4.11705066716758,4.08008751493055,3.43626369246979,3.95477602564277,4.90580348395095,4.41856503006603,4.11705066716758,4.642801885327,4.11705066716758
"ppy-miR-34a_st",1.4528143712288,1.78688273691721,1.19235130344709,2.57525865373353,1.78688273691721,1.78688273691721,2.14403182417123,1.54939465967587,2.37773863113493
"ppy-miR-34b_st",1.30576188730058,1.33050032795769,0.793039392241152,1.52854073296985,1.45183538793657,1.54939465967587,1.48039191510764,1.45183538793657,1.689274047465
"ppy-miR-34c-3p_st",1.40332115903987,1.88506179975965,1.96970853499464,1.96970853499464,1.96970853499464,2.92977387360391,2.05435527022963,1.97199820076718,1.88293498168937
"ppy-miR-34c-5p_st",1.95965629112985,1.71134398733815,1.81863970931869,2.18839267267968,1.81863970931869,1.9801057750204,1.66581512062051,1.72873041701531,1.93294900842791
"ppy-miR-361-3p_st",1.70961964968386,2.01516982544659,0.939239502213194,2.17495228495893,1.28131703770146,1.81169415781338,0.961547697599686,1.47219152575034,0.978085869178457
"ppy-miR-361-5p_st",9.83800660610557,10.1711411743344,10.1076004611265,9.94273989267998,10.0311652915877,10.0312135805927,9.73403764437581,9.96801372446191,9.71299948285785
"ppy-miR-362-3p_st",1.5310369597944,0.980291718473305,1.26508887626585,1.24160021584508,1.15695348061009,1.01638326883082,1.52854073296985,0.94405255398773,0.954304064666519
"ppy-miR-362-5p_st",6.63293538042282,6.73078982147059,6.6809326110867,6.78924996085389,6.89432736249424,6.92339912435821,6.50969393527543,6.56889221554391,6.53125360197491
"ppy-miR-363_st",0.857891945238911,0.73641116241625,0.857891945238911,0.913072924553037,1.07200311704127,1.40332115903987,0.857891945238911,0.65633901748622,0.857891945238911
"ppy-miR-365_st",1.04819390529316,1.1428216825701,1.04819390529316,1.07339690460051,0.967425469129085,0.867488335271955,1.04819390529316,1.3736031632686,0.759638797291049
"ppy-miR-367_st",0.806935012056315,1.1152707624596,0.981349952398353,0.863807356190399,0.79437145311156,0.652225063410928,0.977375339764336,1.02396865644303,0.76689351921543
"ppy-miR-369-3p_st",1.07200311704127,1.07200311704127,1.31837079547105,1.24333623935148,1.07200311704127,0.850004792308187,1.07200311704127,1.01016609256082,0.662847824038212
"ppy-miR-369-5p_st",1.05364541715981,0.950668057062392,0.790506756809756,0.913072924553037,1.15695348061009,1.00799694855464,0.977375339764336,1.07200311704127,0.611503858241387
"ppy-miR-370_st",1.49303139092063,1.2006717430963,1.2145902736085,1.30600401799965,1.22929867296637,1.04489548074264,1.41678539262566,1.22929867296637,1.22929867296637
"ppy-miR-371-3p_st",0.748090779117898,0.950668057062392,0.950668057062392,0.805485729787015,0.962201950920257,0.618868566208295,0.977375339764336,1.2145902736085,1.0023830684698
"ppy-miR-371-5p_st",1.48574094277435,1.44896218417201,2.01182540878444,2.3218234845275,1.48574094277435,1.3961667139997,1.90327609480877,1.40079057920553,1.69420593820889
"ppy-miR-372_st",1.32928478274508,1.49098484730072,0.95416378570096,1.14029011585438,1.20404433017595,0.939423080250845,1.34914465794578,1.54939465967587,0.99473040951576
"ppy-miR-373_st",0.977375339764336,1.05119584644163,0.955842152478603,0.992903297735286,0.955842152478603,0.955842152478603,0.855730053594637,0.627054690314347,0.955842152478603
"ppy-miR-374a_st",1.14459538778757,0.863781709872399,0.882747562487403,0.977375339764336,0.985116769851277,0.856040279785458,0.977375339764336,1.25052009795678,1.10793294138955
"ppy-miR-375_st",1.10866556343929,0.934015032342601,1.08195828073735,1.27486277692343,1.25460975499952,0.629305178759864,0.937319205023216,1.04436314822799,1.16338639369116
"ppy-miR-376a_st",1.40928907425299,1.28591408286066,1.28131703770146,1.13859710787589,1.47004792313284,0.940556702863727,0.85613533601042,0.914086208213746,0.950668057062392
"ppy-miR-376b_st",0.857891945238911,1.29602543705933,0.73641116241625,1.01644972293816,1.40332115903987,1.09461147926232,1.08164923820897,1.05701634675296,1.05701634675296
"ppy-miR-376c_st",1.2006717430963,1.00598727744098,1.2145902736085,1.2006717430963,1.2006717430963,1.11990330693222,1.17320732546421,1.38837592984212,1.51244368274593
"ppy-miR-377_st",0.942956148276195,0.884895775756425,0.991244065446996,1.27071258341296,0.991244065446996,1.40332115903987,0.911603058458369,0.921632423485149,0.991244065446996
"ppy-miR-378_st",6.67631784324093,6.80618361489911,7.13457819636965,7.01892116196423,6.75825442970257,6.57160238166059,6.96233139705791,6.64774500969206,6.97528019526611
"ppy-miR-379_st",0.837338912230784,0.774006294925604,0.549432663129457,0.950668057062392,1.10955137246802,0.950668057062392,1.01497047227369,0.950668057062392,0.950668057062392
"ppy-miR-380_st",0.830402834314814,0.950668057062392,1.02211597262813,0.913072924553037,1.0320961700162,0.950668057062392,0.950668057062392,0.980723202162318,0.950668057062392
"ppy-miR-381_st",0.701512772434496,0.986189655205167,0.604635783104512,0.761455722775524,1.2145902736085,0.891561877928233,0.891561877928233,1.2145902736085,0.891561877928233
"ppy-miR-382_st",1.27681829757386,0.591399419221503,1.25384789071467,1.07988760999959,0.950668057062392,0.873953890462532,1.02384547761248,0.950668057062392,0.759638797291049
"ppy-miR-383_st",1.19180389801093,1.12233347209583,1.28131703770146,0.955158261072058,0.691758356143146,0.9634032796076,0.9634032796076,1.2145902736085,0.803618997518441
"ppy-miR-384_st",0.763315233939375,0.869239944108582,1.3746838750305,0.91907583487194,0.821615446572449,0.869239944108582,0.869239944108582,0.831644811599228,0.869239944108582
"ppy-miR-409-3p_st",0.977375339764336,1.20301310650308,0.917786870906987,1.29132579912569,1.80217054546215,1.38945243335721,0.977375339764336,0.977375339764336,0.950668057062392
"ppy-miR-409-5p_st",1.10866556343929,1.2881289863268,1.49290848070644,0.892942973017515,1.08195828073735,1.00053016778354,0.733766895689941,0.856586745583612,1.00053016778354
"ppy-miR-410_st",0.935097644904061,1.10759859645145,0.892478940859379,0.618868566208295,0.857594910417545,1.06702575775647,1.05458103942949,0.935097644904061,0.740053523703362
"ppy-miR-411_st",0.950668057062392,0.836001714150369,1.07200311704127,1.10642865799496,0.868398372607978,0.950668057062392,0.646309652459441,1.2145902736085,0.912116635094186
"ppy-miR-412_st",1.80922743810386,2.296163529183,1.62486564720943,1.6926093079468,1.62486564720943,1.82978588363546,1.80922743810386,1.47790939610525,2.06879497394182
"ppy-miR-421_st",6.70244877052464,6.87066014302134,6.79301483127361,6.98290391152066,6.64225133372293,6.69926902811857,6.48189671948595,6.67484885075807,6.65445274357449
"ppy-miR-422a_st",5.13627488849946,4.77304963720189,3.81212867218901,3.56450633253174,3.2842480835433,4.07191472385764,4.46967180244512,5.42786433879944,4.42785852712889
"ppy-miR-423-3p_st",9.9187122059281,9.92825023690957,9.92615141150313,9.82649123159115,10.2212195305508,10.121307475205,9.8902571770922,9.9187122059281,9.59458341170139
"ppy-miR-423-5p_st",7.94448680489521,8.52106604802512,8.36952952690482,8.33609622692147,8.47567292444518,8.30349118822343,7.96766128833594,8.26709833895496,7.65702240065446
"ppy-miR-424_st",1.05701634675296,1.29602543705933,1.05701634675296,1.02101810401902,0.92418756506063,1.05701634675296,0.754254831925424,0.885378156151503,1.25977951968565
"ppy-miR-425_st",9.82485786405421,9.83840181767379,9.88481344919294,9.94746754028959,10.0010731599209,9.98485313252086,9.87519749557205,9.94762846682933,10.003282219134
"ppy-miR-429_st",1.12624860714258,2.01033166085215,1.40079057920553,1.40079057920553,1.26171862275629,1.40079057920553,1.34917889879172,0.910542344718688,2.21649157727076
"ppy-miR-431_st",1.13685597277128,0.764601571748235,0.977375339764337,1.76067857477054,1.79035883702395,1.21833951711242,1.21833951711242,1.40613520943075,1.21318771707903
"ppy-miR-432_st",1.4615648920156,1.15695348061009,0.9699749813233,1.48439239625013,1.15695348061009,1.27126277971931,0.967249422312553,1.40079057920553,0.92748367708431
"ppy-miR-433_st",0.857891945238911,1.18610262952549,1.38808298410953,1.0198388709611,1.31204670043578,0.8593935984583,1.34598911147257,1.53482554610506,0.745069683720238
"ppy-miR-448_st",1.09979055810051,1.3304109830828,1.06497735617161,1.09168463887355,0.950668057062392,0.827483752614393,1.47399990048754,0.929175589149866,0.9563698063475
"ppy-miR-449a_st",0.867094843064652,0.950668057062392,1.09745895079676,0.961722620341586,0.961722620341586,0.961722620341586,0.9764633257917,1.01316834370064,0.743948029881176
"ppy-miR-449b_st",0.950668057062392,0.950668057062392,1.62282907527297,0.950668057062392,0.848002988160828,1.35135425466371,0.902519239200176,1.05543319920859,0.950668057062392
"ppy-miR-450a_st",0.79280770180546,0.795530328345083,0.913072924553037,1.03143649322647,0.843998357182272,0.99802328812186,0.856561916127027,0.913072924553037,1.04590170624537
"ppy-miR-450b-3p_st",1.06133904111123,0.940003981132347,1.34380081297669,1.13804438614451,1.06133904111123,1.06133904111123,0.977375339764336,1.06133904111123,1.07200311704127
"ppy-miR-450b-5p_st",1.04104572562094,1.2551568974233,1.2145902736085,1.2145902736085,1.26630528501591,1.5488922376325,1.28371342459436,0.885802811444243,1.00320315256314
"ppy-miR-451_st",1.10055964421233,1.10055964421233,1.52110196240618,1.10055964421233,1.02385429917905,1.40332115903987,1.10055964421233,1.06647300322374,1.15736191620716
"ppy-miR-452_st",3.32556155619672,3.86157554455666,2.7398656570507,4.16000949806171,2.104864271009,1.73323814295263,3.09124076845095,2.39882493860605,4.40505212509975
"ppy-miR-453_st",1.25878183911997,1.17651215466556,1.52854073296985,1.17651215466556,0.881486823855339,1.01481209010992,0.869239944108582,1.09156179109674,1.21671647215102
"ppy-miR-455-3p_st",10.3569934440965,10.4966921523239,10.0110850505919,10.3255386694803,10.5229173352939,10.4795623641805,10.3629067584898,10.3092779231644,10.022974926173
"ppy-miR-455-5p_st",4.04707427387595,4.0138602385628,3.25622130645753,4.0138602385628,3.83054735746307,4.0138602385628,4.85662913613797,2.13910698637347,4.40031932045085
"ppy-miR-484_st",3.57555962392465,2.97148421299971,3.14554785988648,4.26716897866695,2.79817395808407,2.66593403723698,3.43047269256888,3.27933043014008,3.60809273283093
"ppy-miR-485-3p_st",1.11028026792715,1.39392603094794,1.16041992988734,1.2145902736085,1.5459083156071,0.871256888896537,1.30510497659845,1.2145902736085,1.2145902736085
"ppy-miR-485-5p_st",0.658725242469346,0.950668057062392,0.977375339764336,0.929678255326429,1.07200311704127,0.977375339764336,0.989790929774241,1.13080946702632,0.977375339764336
"ppy-miR-486-5p_st",1.40079057920553,1.29602543705933,0.96846844409613,1.40079057920553,1.78819090821115,1.15442290077574,0.885339136194674,1.40079057920553,1.91019502954956
"ppy-miR-487a_st",0.977375339764336,1.2006717430963,1.06431767938187,1.06431767938187,0.869239944108582,0.618868566208295,0.869239944108582,0.811911052616336,0.472746853795331
"ppy-miR-487b_st",1.48305280998031,1.36315163069911,1.29602543705933,1.29602543705933,1.31710836462052,1.2456653029277,1.14939445035283,1.29602543705933,1.29602543705933
"ppy-miR-488_st",1.15427280149568,1.07200311704127,1.07200311704127,1.35147163500724,1.07200311704127,1.0338281805102,0.80408434407,1.11059272328038,0.987052753472448
"ppy-miR-489_st",1.40332115903987,1.27191916510075,1.27191916510075,2.2258339785503,1.2452118823988,2.04383110997203,1.00515589300715,1.2145902736085,1.20062168585414
"ppy-miR-490-3p_st",0.724042345036363,0.920758362212433,1.06093527034838,0.913072924553037,0.724042345036363,1.28495759036644,1.32362276932376,0.953639548367837,0.953639548367837
"ppy-miR-490-5p_st",1.86249504882411,1.70200124553846,1.02912168997772,1.52854073296985,1.45199755950455,1.45199755950455,1.25030422380316,1.40079057920553,1.79735493950148
"ppy-miR-491-3p_st",0.5535569249112,1.07200311704127,1.03809007570011,1.03333814730061,0.836358757953178,0.869239944108582,0.869239944108582,1.0308073582496,0.869239944108582
"ppy-miR-491-5p_st",4.8413483424469,4.97193564691736,4.60288745143714,5.03679808499724,5.77231300358706,5.33260887629089,4.78902708212711,4.97193564691736,4.97193564691736
"ppy-miR-492_st",0.977375339764336,1.10604396581937,0.895947226810527,1.26442616437186,1.28131703770146,0.977375339764336,0.895947226810527,0.977375339764336,0.786346079992994
"ppy-miR-493_st",1.30701463977635,1.07200311704127,1.15277155320535,1.40079057920553,1.07200311704127,1.28131703770146,0.876537324194278,0.779029866460931,1.07200311704127
"ppy-miR-494_st",4.22603279362545,5.44427487415305,7.19577327042199,5.46298746743855,5.77768158881718,5.31887076563409,4.60612995774329,5.31321385317581,4.97220074174777
"ppy-miR-495_st",1.2145902736085,1.41926110627885,1.2145902736085,1.57990910726417,1.16761180760587,1.16761180760587,1.07592675275633,1.25720897765318,0.926035165606384
"ppy-miR-496_st",1.13104825236235,1.19660446101982,1.23922316506451,1.40079057920553,1.28131703770146,1.11106729870564,1.19539018462005,1.23922316506451,1.23922316506451
"ppy-miR-497_st",1.69155394923825,1.84010128606084,2.22708671607864,1.94838802123742,2.37933361845717,1.9808715171436,1.86754237231199,2.00501877992532,1.9808715171436
"ppy-miR-498_st",3.03530176827509,1.95955949523039,1.58446427876304,1.66745598970478,1.82048753878116,2.31634865333505,2.99035048482624,2.9998418160318,2.41295357541987
"ppy-miR-499-3p_st",1.03590081618473,1.03590081618473,0.836358757953178,1.00845972993358,1.03590081618473,1.03590081618473,1.17691739799588,1.03590081618473,1.14922996101633
"ppy-miR-499-5p_st",0.895487077748266,1.23826687560565,1.06903162573582,0.697796704163146,0.988263189571746,0.728669732329309,1.01497047227369,0.950668057062392,0.950668057062392
"ppy-miR-500_st",6.50726862743346,6.42428488478799,6.44754586882005,6.58008883267771,6.90144248963897,6.7704396592643,6.50298656244435,6.58734706162297,6.7637508333744
"ppy-miR-501-3p_st",6.98756902596616,6.77974968408615,6.81135496907159,6.96051599225248,7.1020389663186,7.16897179260365,6.96051599225248,7.07851168954642,6.57591858367404
"ppy-miR-502-3p_st",6.83208723152437,6.96369843984188,6.82715734752698,6.83208723152437,7.14895267900889,7.08442639327342,6.83208723152437,6.73309706218685,6.47511792723908
"ppy-miR-502-5p_st",1.9005305600207,1.29602543705933,0.786255102583316,1.29602543705933,1.15695348061009,1.94491810068959,1.29602543705933,1.27139254560332,1.06094514153749
"ppy-miR-503_st",7.11152455796876,6.99396293605765,7.18817037526543,7.0330413204396,7.1597454290419,7.28750738449355,7.1597454290419,6.98417062333819,7.1597454290419
"ppy-miR-504_st",1.38596572706003,0.791715016374555,1.178179055222,1.67528329496538,1.40332115903987,1.54939465967587,0.914387274433847,1.2187456790368,1.2187456790368
"ppy-miR-505_st",2.5131863021207,2.3551887957438,3.09189153448422,2.06977113545996,1.72073573111016,2.94550117099208,2.3551887957438,2.3551887957438,2.62399247467699
"ppy-miR-506_st",1.02901703090291,1.29602543705933,2.16482677140669,0.923540145867124,1.23922316506451,1.15695348061009,1.61081041742426,0.843645887897375,1.23922316506451
"ppy-miR-507_st",0.890479959307104,1.00770070182997,0.913072924553037,0.913072924553037,0.884516397381972,0.68812608494133,0.913072924553037,0.900509324333884,0.913072924553037
"ppy-miR-508-3p_st",0.937542374116145,0.937542374116145,1.04483809609669,0.913072924553037,1.01818766872131,0.885893157429817,0.847440864159337,0.980161078160827,0.808873748061115
"ppy-miR-508-5p_st",0.908618911528519,0.639033513366959,1.44389399773486,1.03143649322647,0.836358757953178,1.16842035379542,0.869239944108582,1.59586831447882,1.03143649322647
"ppy-miR-509-3p_st",2.21649157727076,2.22164337730415,1.90412725752054,3.29361245212586,1.93712558537391,2.21649157727076,2.50417906160781,2.50515981653181,2.21649157727076
"ppy-miR-509-5p_st",0.806042217454122,1.2006717430963,1.18366076331204,0.977375339764336,0.950668057062392,0.977375339764336,0.895947226810527,1.40079057920553,0.948818812593272
"ppy-miR-510_st",0.989079715228428,1.29707882902737,1.57043681302013,0.817190105251106,0.832818248347318,0.630572941672387,1.02931219435865,0.965538462348809,0.965647030039651
"ppy-miR-511_st",0.994356264330078,0.836358757953178,0.674880567596458,0.718816161745223,0.836358757953178,0.980302180153104,1.03470423125658,0.913072924553037,0.816967688783295
"ppy-miR-512-3p_st",1.40332115903987,1.32660699244001,1.06772920441485,1.29573396427385,1.40332115903987,1.29573473857387,1.59080787869917,1.51113102394239,1.51773306330695
"ppy-miR-513a-1-3p_st",0.977375339764336,0.95707035073264,0.893916708695839,0.805485729787015,0.95707035073264,0.816053768921482,0.65271194612969,1.3004037354446,0.95707035073264
"ppy-miR-513a-2-3p_st",0.904533771094433,0.994635281051242,1.13977372865854,0.950380703590399,0.881306136219634,0.723184608796875,0.807656781764449,0.914563136121212,0.869239944108582
"ppy-miR-513a-5p_st",1.093536304327,1.4883411671841,1.42347086786435,0.947586071941234,1.07200311704127,1.54939465967587,1.02385429917905,0.891983376574312,1.00733581550633
"ppy-miR-513b_st",1.01805848594207,0.887952330789365,1.01805848594207,0.977491862127275,1.15695348061009,1.01805848594207,1.32041027182922,0.825635438611488,1.01805848594207
"ppy-miR-513c_st",1.09168463887355,0.850720461525464,1.15331747300597,0.698585939931417,0.70430037863261,0.950668057062392,0.983549243217796,0.992790298276159,0.950668057062392
"ppy-miR-514_st",0.977375339764336,0.834867025452853,1.07200311704127,0.913072924553037,1.15546174810977,0.782297604491044,0.977375339764336,1.18013851269702,0.950668057062392
"ppy-miR-515-3p_st",0.751505510412018,0.751505510412018,0.751505510412018,0.913072924553037,0.73641116241625,0.751505510412018,0.876725084341995,0.913072924553037,0.529233184139374
"ppy-miR-515-5p_st",0.857891945238911,1.03597835358434,0.857891945238911,1.00437908089687,1.01571147273162,0.708000358088968,0.712949957904077,0.857891945238911,1.07200311704127
"ppy-miR-516a-3p_st",0.833732951055595,0.950668057062392,0.759638797291049,0.652051602525027,0.836358757953178,0.728669732329309,0.748974721361005,0.759638797291049,0.759638797291049
"ppy-miR-516a-5p_st",1.20111467752645,0.950668057062392,0.987732015949772,1.14870846207455,1.07963389470379,1.10866556343929,1.35969060137833,0.913072924553037,1.25232095978263
"ppy-miR-516b_st",0.984496711110069,0.84348012929891,0.611024857457739,0.945945289141863,1.07855386476877,0.966799215847879,0.945945289141863,0.626138008162738,0.869239944108582
"ppy-miR-517a_st",0.951542873839597,0.880354584616176,0.762811988408221,1.40836958657178,0.980302180153104,1.05701634675296,1.35969060137833,1.13035827065008,1.13035827065008
"ppy-miR-517b_st",0.748974721361005,1.00799694855464,0.950668057062392,1.11920329651675,0.950668057062392,0.950668057062392,1.10055964421233,0.950668057062392,0.576626880327091
"ppy-miR-517c_st",1.02112511665189,1.02112511665189,0.657214842014155,1.09783928325175,1.44166743484573,0.728669732329309,0.991069971551965,1.02112511665189,1.19276330725335
"ppy-miR-518a-3p_st",0.977375339764336,0.977375339764336,1.22458311821019,0.949934253513191,1.30802432040341,0.933396081934419,1.00408262246628,0.805737149162876,0.907692567631987
"ppy-miR-518a-5p_st",1.2006717430963,1.2006717430963,1.03143649322647,1.73940591876185,1.2006717430963,1.6505063004455,1.3238560475443,1.04174155060807,1.2006717430963
"ppy-miR-518b_st",0.748974721361005,0.777385525688286,1.45816107830495,1.27757339156682,0.703087312332314,1.03373629297138,0.991642420334428,1.08627019761136,0.991642420334428
"ppy-miR-518c_st",1.22297486254851,0.950668057062392,0.576626880327091,1.07588763099237,0.950668057062392,0.950668057062392,0.907037499400844,0.999182285959088,0.662847824038212
"ppy-miR-518d-3p_st",0.748974721361005,1.03749303454092,0.913072924553037,0.994013198237514,0.822971414596228,1.20089315757722,0.549432663129457,0.910542344718688,0.913072924553037
"ppy-miR-518d-5p_st",1.03829228926635,1.58265691637931,2.038508310142,1.71924101637393,1.2145902736085,1.01798730023465,1.52854073296985,0.697594703010103,1.40332115903987
"ppy-miR-518e_st",0.923893918210522,0.977375339764336,0.977375339764336,0.921363338376173,1.17620608170219,1.05701634675296,1.18516201160237,1.24545296173874,0.680829844988013
"ppy-miR-518f_st",0.985059323393295,0.73641116241625,0.817839275370059,0.89454462040334,0.817839275370059,1.06772920441485,0.622996001507494,0.817839275370059,0.73641116241625
"ppy-miR-519a_st",0.857891945238911,1.22517618038218,0.772041629549204,1.15291727604913,0.857891945238911,0.857891945238911,1.098856122587,0.93220292980184,0.635619618966268
"ppy-miR-519b-3p_st",1.10866556343929,1.04681124284318,0.91400561066437,1.30451841295179,1.20261909928677,1.08128403930789,0.977375339764337,1.07200311704127,1.08128403930789
"ppy-miR-519b-5p_st",1.25420993535281,1.13550591198698,1.40163881401963,1.26442616437186,1.07200311704127,0.785062599916502,1.16221319468892,0.876410478155016,1.05261204787139
"ppy-miR-519c-5p_st",0.836358757953178,1.00559400782301,1.02640786344691,0.81188930839007,0.836358757953178,1.14071716255613,1.20050723974926,0.583952131187639,0.766675985820828
"ppy-miR-519d_st",0.81238992663938,1.29602543705933,1.07272903372736,1.15349746989144,1.1673568110043,0.824023426292335,0.871035698025976,0.779029866460931,0.854992491254076
"ppy-miR-519e_st",1.23922316506451,1.18641362431864,0.868339991987697,1.50830672042891,1.15695348061009,1.15695348061009,0.99285527741806,1.06674340296244,1.15695348061009
"ppy-miR-519f_st",1.02137116642733,0.957068751216035,0.957068751216035,0.919473618706681,1.1837381418831,1.05701634675296,0.91323577077158,0.957068751216035,0.835015225303536
"ppy-miR-520a-3p_st",0.892089175612548,1.08339977424822,0.979473212204721,1.03143649322647,1.15695348061009,0.950668057062392,1.24844045442285,0.690536247859856,1.02003983601952
"ppy-miR-520a-5p_st",0.787848420771185,1.11891410807608,0.618868566208295,1.61128355266441,1.11891410807608,1.19855511506471,1.32165122884432,1.05482886587099,0.91262868452838
"ppy-miR-520b_st",0.928181055169913,0.898411670915216,1.35160614763246,1.22719913307947,0.997734199736124,0.88342490062691,0.983362034484039,1.55513897088925,0.983362034484039
"ppy-miR-520c-3p_st",1.07535664490498,1.10055964421233,0.73641116241625,1.10055964421233,1.15695348061009,1.00886752889075,1.16422480853133,1.10055964421233,1.10055964421233
"ppy-miR-520c-5p_st",0.682277254073079,1.22385764301721,0.905207545722221,1.04272733025285,1.28131703770146,0.905207545722221,0.880530781134964,0.65633901748622,0.950668057062392
"ppy-miR-520d-3p_st",0.818150872963731,0.836358757953178,0.618608814732183,0.795792134138378,0.821371987664871,0.82992647251586,0.821371987664871,0.821371987664871,0.821371987664871
"ppy-miR-520d-5p_st",0.977375339764336,1.87183667436974,1.04832736655607,1.03143649322647,0.977375339764336,1.05701634675296,0.977375339764336,0.884739635889552,1.09937946110275
"ppy-miR-520e_st",0.857891945238911,0.850720461525464,0.774000500863335,0.650105273400876,0.950668057062392,1.07137805032525,1.23922316506451,1.40079057920553,0.869239944108582
"ppy-miR-520f_st",1.67673063280855,1.18788299090655,1.2145902736085,1.1502878583972,1.18788299090655,1.2145902736085,1.13316216065469,1.2145902736085,1.30921805088543
"ppy-miR-520g_st",0.831184662536967,1.17396446039436,1.15695348061009,0.883579903454602,1.25460975499952,0.900307922930769,0.950668057062392,0.950668057062392,0.950668057062392
"ppy-miR-520h_st",0.748974721361005,0.852701772529811,0.852701772529811,0.907882751843937,0.831168585244077,0.719550890463978,0.907791366076788,1.43934200117373,0.869239944108582
"ppy-miR-521_st",1.10866556343929,0.713085431351851,0.715527514464167,0.977375339764336,1.28131703770146,1.12131876196426,0.813277136572304,0.977375339764336,0.963456809252138
"ppy-miR-522_st",0.984619080449097,0.73641116241625,1.11409698967822,1.14870846207455,0.843602498637938,1.28131703770146,1.13566828136027,0.923399036570929,1.07200311704127
"ppy-miR-523_st",0.4777248463991,0.821583058420343,0.972517462956505,0.768119638916109,0.94600010352038,0.728669732329309,0.898225794068818,0.821583058420343,0.91693675238337
"ppy-miR-524-3p_st",0.964798299595675,0.858450009905103,1.02212719108792,0.912392084143778,1.05218233618785,0.964798299595675,0.993354826766739,0.65633901748622,1.15111842835303
"ppy-miR-524-5p_st",0.950668057062392,0.950668057062392,1.15695348061009,1.0071790654884,0.950668057062392,1.15695348061009,0.869239944108582,0.858032353187607,0.950668057062392
"ppy-miR-525-3p_st",1.06809893962449,1.2006717430963,1.03143649322647,1.03143649322647,1.03143649322647,0.833396088214311,1.23922316506451,0.974107601734224,1.03143649322647
"ppy-miR-525-5p_st",0.98256908894019,1.18723992161055,0.921038494120399,0.955128002689045,1.17359834871153,0.757622249328484,0.869239944108582,1.02313571275499,1.35445375475359
"ppy-miR-526a_st",1.40332115903987,1.88724199011427,1.48796789427486,1.61318746820484,1.40332115903987,1.52854073296985,1.52854073296985,0.904249440390908,1.60997589642068
"ppy-miR-526b_st",1.05348458412517,1.18538552410142,0.762233887494095,1.10866556343929,1.40332115903987,1.74498729856212,1.09800148750925,1.40079057920553,1.10866556343929
"ppy-miR-527_st",1.91567682208211,1.14309110439298,1.34114033097172,1.26442616437186,1.01720246910347,1.14309110439298,0.975108596466511,1.34114033097172,1.85648616281095
"ppy-miR-532-3p_st",5.37245936288599,5.4971991779883,5.29453476807212,5.12209021201105,5.05243849525448,3.85334485675534,5.09928338106478,5.5086968621365,5.12209021201105
"ppy-miR-532-5p_st",7.50815119785304,7.89241075602213,7.66729325845049,7.66729325845049,7.84474359052665,7.82597335913401,7.37590814319755,7.66729325845049,7.58060689353481
"ppy-miR-539_st",1.29548945996414,1.22043308528733,0.646309652459441,1.23807526458346,0.891144724229954,1.22043308528733,1.17905459715898,1.24600659903826,0.901629220357516
"ppy-miR-541_st",0.964240234929483,1.05701634675296,1.26633026741315,1.25505675176512,1.18013851269702,1.05701634675296,0.977375339764336,1.05701634675296,1.20433332173774
"ppy-miR-542-3p_st",1.37326601393995,1.25216987283536,1.40332115903987,1.52279470054394,1.40332115903987,1.17902046809138,1.34692732264212,1.40332115903987,1.40332115903987
"ppy-miR-542-5p_st",2.18890376889271,2.32348218965719,1.55720094612209,2.76316932984412,3.37324670043257,2.32348218965719,1.83444024327196,2.32348218965719,3.19846225166467
"ppy-miR-543_st",1.1143912137883,1.1143912137883,1.35160614763246,1.1143912137883,0.868023535358518,1.20716732561178,1.26428280093824,1.10015131852434,1.03296310083449
"ppy-miR-544_st",0.649622815615422,0.913321275564343,0.936548910439142,0.685018293473194,0.936548910439142,1.12757817021049,1.23922316506451,0.936548910439142,1.01798407388997
"ppy-miR-545_st",0.950668057062392,0.950668057062392,0.950668057062392,0.913072924553037,0.991234680877192,0.988263189571746,0.906835076617937,1.18788299090655,0.988263189571746
"ppy-miR-549_st",1.18013851269702,1.19338035868494,1.07200311704127,0.756320097843888,0.849072825392129,1.07200311704127,1.07200311704127,0.787289162805628,1.29400144177435
"ppy-miR-551a_st",1.10055964421233,0.836637427666228,1.10055964421233,0.959789413129581,1.10055964421233,0.942985717356799,1.10055964421233,1.41292396396256,1.10055964421233
"ppy-miR-551b_st",0.748974721361005,0.869239944108582,0.556875624358361,0.953886679343573,0.869239944108582,1.17728156950054,0.897796471279647,0.831644811599228,0.869239944108582
"ppy-miR-553_st",0.977375339764336,0.944494153608932,0.977375339764336,0.977375339764336,1.15695348061009,0.944494153608932,0.977375339764336,1.2875468343757,0.938823917796131
"ppy-miR-554_st",0.833925084929827,1.15695348061009,1.06232570333316,1.40079057920553,0.836358757953178,1.01788152416086,1.23859403008764,1.28242701053209,1.26424920259064
"ppy-miR-555_st",0.822971414596228,0.913072924553037,0.596194590981006,0.913072924553037,0.913072924553037,1.48003532563973,0.939780207254982,0.833000779623008,0.836352963890908
"ppy-miR-556-3p_st",0.860656230059278,1.1719507125782,0.848092671114523,1.02475443325131,0.836358757953178,1.27936713021663,1.11526913624127,0.756286613023148,0.950668057062392
"ppy-miR-556-5p_st",1.17695581011852,1.52854073296985,1.77176298760841,1.27482967877261,1.16439225117377,1.66311915373434,1.52854073296985,1.04533231467914,1.69600033988974
"ppy-miR-557_st",1.50381210889736,1.29602543705933,1.29602543705933,1.29602543705933,0.773454983147514,1.42154242444295,1.27494250949813,1.1673568110043,1.29602543705933
"ppy-miR-558_st",0.748974721361005,0.908877026824266,0.86845811588643,1.14198176817768,1.17355032403858,0.791390699052862,0.841750833184485,0.779029866460931,0.762038696025356
"ppy-miR-559_st",0.857891945238911,0.950668057062392,1.48720951819449,0.886913842740824,1.30135593111113,1.16881041447202,0.830402834314814,0.994501037506847,0.837819953925895
"ppy-miR-562_st",1.09871039974321,1.07200311704127,0.957693817932056,1.19147665854533,1.07200311704127,0.957693817932056,1.11055453900948,1.07200311704127,0.779725619678968
"ppy-miR-563_st",0.977375339764336,1.29602543705933,0.961071387456596,0.900839423750042,1.04602175102542,0.758714277697399,0.964593638071609,0.874383560423958,0.964593638071609
"ppy-miR-564_st",8.32551753598188,8.40856750385592,7.57902884692964,8.13242603952015,8.0610393087239,8.14633061859298,8.21886146844858,8.7718981547915,8.32164215479182
"ppy-miR-566_st",0.935708755326211,0.909001472624266,1.06321771875855,1.08282711130921,1.03033653260314,0.728669732329309,1.05889305977421,1.26598089169124,1.03033653260314
"ppy-miR-567_st",2.78924966970747,3.39518161228575,2.45140099410169,2.78924966970747,2.94621497956743,3.38806561088889,1.40274090404994,1.76721215677127,3.67775735675888
"ppy-miR-568_st",0.935591884939724,0.88430219311949,1.17296797865059,0.805485729787015,0.836358757953178,1.28541696515629,0.813277136572304,1.09871039974321,1.2649741583076
"ppy-miR-569_st",1.50062530229762,1.19780680435341,1.07200311704127,0.878490356799584,1.12837090127457,1.12837090127457,1.35969060137833,1.07104200978233,1.05480756289654
"ppy-miR-571_st",1.12541768244516,0.881220207998332,1.16899950967422,1.02148132953039,1.07200311704127,1.08372362945491,1.09871039974321,1.28841445804075,1.22737902579825
"ppy-miR-573_st",1.10866556343929,1.08543792856449,1.16724220993252,1.39571638804681,1.11119614327364,1.09377775908166,1.10866556343929,1.10866556343929,1.07200311704127
"ppy-miR-575_st",1.51138003111633,1.72873041701531,1.87726364954942,1.62740719972908,1.63003995428103,1.51993451596732,1.54939465967587,1.22145482186609,1.54939465967587
"ppy-miR-576-3p_st",1.12519253566834,1.01991434960717,0.806355285867593,1.2200331857164,1.09481361178642,1.54012404904306,1.10055964421233,1.10055964421233,1.05471271171637
"ppy-miR-576-5p_st",0.616102526832075,0.950668057062392,1.18504382812499,1.27945551922665,0.950668057062392,0.836358757953178,0.979224584233456,0.950668057062392,0.873948096400263
"ppy-miR-577_st",1.0417187635038,1.09368204452555,1.5191103061384,1.49825637943238,0.890904876740024,1.61574035100123,0.993569945641588,0.913072924553037,0.93211761668627
"ppy-miR-578_st",1.40332115903987,1.62831976513019,1.62661756237184,1.62661756237184,1.83482186775575,1.82926697831541,1.62661756237184,1.49965113907516,2.0316984343838
"ppy-miR-579_st",1.20030563141348,0.836358757953178,0.869239944108582,0.74656768604929,0.73641116241625,0.836358757953178,0.895947226810527,1.07200311704127,0.869239944108582
"ppy-miR-580_st",0.857891945238911,0.973526514907506,0.731062717160618,1.34328824314984,0.81527324119423,0.757954811381782,0.570178408737401,0.857891945238911,1.08082223688805
"ppy-miR-581_st",0.786569853870359,0.873953890462532,0.836358757953178,0.836358757953178,0.873953890462532,0.918718837823046,0.836358757953178,0.718853486590681,0.832268647499437
"ppy-miR-582-3p_st",1.08372012218938,1.04705767579136,1.37499620949567,1.13778127565151,1.68268715093672,1.29192769361838,1.13778127565151,0.992680947881684,1.29602543705933
"ppy-miR-582-5p_st",0.715304788671683,0.587391608721715,0.869239944108582,0.950008380272661,0.900112972274745,0.869239944108582,0.957972487645106,1.07200311704127,0.759638797291049
"ppy-miR-583_st",1.12417039777432,0.924384949063751,1.04686141616317,1.00230343451426,0.877881561600284,0.935439512342945,0.869239944108582,0.84470333275727,1.01687467579377
"ppy-miR-584_st",6.39832283825322,6.94315310845167,6.42146502752342,6.93903201371822,6.73061393363585,6.59891112364374,6.64085633818824,5.85916684709019,6.68515305977334
"ppy-miR-586_st",1.09896275443692,1.30337356350295,1.51763045814909,1.22850149139878,1.40332115903987,1.84863159629651,1.40332115903987,1.86893671128737,1.40332115903987
"ppy-miR-587_st",0.96592422083875,0.944391033553016,1.21314791610714,1.00596711947401,0.96592422083875,0.96592422083875,0.923830348201795,0.929261774440728,0.759638797291049
"ppy-miR-588_st",1.20677159406827,1.07200311704127,1.09871039974321,0.939780207254982,0.836358757953178,0.977375339764336,0.967345974737557,0.576139945831402,1.07200311704127
"ppy-miR-589_st",2.31634865333505,1.87559623935832,1.59212033286853,2.86807991898432,1.97396659736631,3.57027400074534,2.08155301783232,1.31118822461738,2.77582452431822
"ppy-miR-590-3p_st",1.31142873637198,1.07200311704127,1.07200311704127,1.04473409654981,1.27828854058897,0.931432905261996,1.09871039974321,1.19333817702015,0.749783195231698
"ppy-miR-590-5p_st",1.09784277607816,1.72873041701531,0.836358757953178,1.1007156973255,0.85687859873007,1.26633026741315,1.35969060137833,1.42390419426869,2.02489089450779
"ppy-miR-591_st",0.748974721361005,0.748974721361005,0.748974721361005,0.724505271797897,0.579994866798115,1.23922295584784,0.658873211404196,0.984619080449097,0.907904913849237
"ppy-miR-592_st",0.818445147276104,0.913072924553037,1.20809825536326,0.811374404777108,1.01302052008997,1.05314810233064,0.748974721361005,0.913072924553037,0.968672636032548
"ppy-miR-593_st",0.842478553990237,0.944224294154696,1.04012112920707,1.15870245720974,0.829914995045482,0.829914995045482,0.748974721361005,0.829914995045482,0.753195034383353
"ppy-miR-595_st",2.89455476349433,3.03981231030971,2.7461912744842,3.05373084082191,3.7871926930955,3.21898245071146,3.50074479058893,3.05373084082191,3.19891316809728
"ppy-miR-596_st",2.09863528233042,1.2006717430963,1.10604396581937,0.773641080434057,1.2006717430963,1.15695348061009,1.77854441900376,0.78500764354125,1.30200321413965
"ppy-miR-597_st",1.1577950521107,0.754930644999368,0.754930644999368,0.643902617147726,1.16118674991989,0.754930644999368,0.869239944108582,1.13316216065469,1.21459732410552
"ppy-miR-598_st",0.857891945238911,0.836358757953178,1.43880181599696,0.805485729787015,0.73641116241625,0.857891945238911,1.10055964421233,1.42232376649126,0.972201244348125
"ppy-miR-599_st",0.869239944108582,0.959341454065391,1.35160614763246,1.18158964822996,0.869239944108582,0.869239944108582,0.787811831154773,0.945954110708442,0.761104548452828
"ppy-miR-600_st",0.748974721361005,0.829332997083513,1.58692972723799,1.09292729238484,1.05701634675296,1.05701634675296,1.58429779896433,0.885378156151503,0.950668057062392
"ppy-miR-601_st",1.51877410814058,2.00828136009138,1.39842905740842,1.78822327064196,1.86547166640106,1.37172177470647,1.1032931944518,1.49305683468535,1.71707915470341
"ppy-miR-602_st",4.11025632231017,3.05377340493832,3.05008689426549,3.62638085661949,3.55350746243253,3.20907444318731,3.6862259634158,3.77604444340883,3.99009508443238
"ppy-miR-603_st",0.748974721361005,1.69234697728852,0.869239944108582,0.913072924553037,1.15695348061009,0.950668057062392,2.19351727495361,0.860457979414741,1.07200311704127
"ppy-miR-604_st",2.14482751013677,2.01199872844444,1.64780206147272,2.14482751013677,2.24786128418879,2.33842212675352,1.18816945818005,2.7319427119343,2.32824541894601
"ppy-miR-605_st",1.23447102744835,1.2006717430963,1.2319748006238,1.61892721298665,1.38054452808434,1.35969060137833,1.64037730651233,1.02488621531096,1.40025722519313
"ppy-miR-606_st",1.03600042920666,1.57916386061659,0.817482058511224,1.11485960797314,1.15695348061009,1.11485960797314,0.927083205328757,1.09118140852079,1.84467658042447
"ppy-miR-608_st",0.977375339764336,1.15695348061009,1.10523846920268,1.13609955390408,1.50842123143317,1.31109989857696,1.10044247218408,1.11935834810074,1.1914865115667
"ppy-miR-609_st",1.28770307475839,1.60647095776826,1.35804368204515,1.40079057920553,1.44389399773486,1.44389399773486,1.73158148207192,1.19175289760657,2.0783470623685
"ppy-miR-610_st",0.767510250412222,1.23002185707011,0.923960774360447,0.94242303852685,0.980018171036204,0.923226970811246,0.977375339764336,1.13382183744442,0.991234680877192
"ppy-miR-611_st",1.13192744308396,0.848897318256156,1.13192744308396,1.04132036558674,1.18021536025476,1.04965775862955,0.942223384786419,0.964707395060723,1.29602543705933
"ppy-miR-612_st",1.20401925740232,1.29602543705933,1.15695348061009,1.35977985833488,1.64474835363889,1.33811930969628,1.29602543705933,1.38416257577487,1.04602175102542
"ppy-miR-613_st",0.913072924553037,0.913072924553037,0.934155852114234,0.913072924553037,0.870454220508356,0.913072924553037,0.913072924553037,0.913072924553037,0.595783096184289
"ppy-miR-614_st",1.09168463887355,0.950668057062392,0.991851407304256,0.913072924553037,0.991851407304256,0.842979031438523,0.582801688554194,0.779029866460931,0.950668057062392
"ppy-miR-615-3p_st",0.977375339764336,0.950668057062392,0.73641116241625,0.913072924553037,1.67257896412387,0.893031264063986,1.10055964421233,0.950668057062392,0.950668057062392
"ppy-miR-615-5p_st",1.34430992252738,0.99135782243611,1.07200311704127,1.20506660744694,1.54939465967587,1.45940344604689,1.07200311704127,1.07200311704127,0.946783543111293
"ppy-miR-616_st",1.23922316506451,1.02066409185302,1.02754867152182,1.10897678447563,1.10897678447563,1.10897678447563,1.23419635840561,1.23031184445451,0.935465850560664
"ppy-miR-617_st",0.897984461208215,0.859433248456674,1.06208266440025,1.26442616437186,1.48802848367579,0.877679472176519,0.992262030149006,1.06208266440025,1.22101285688848
"ppy-miR-618_st",0.668650321403816,2.06332078368012,0.69584453860145,1.03143649322647,1.12703217128269,0.858944176658574,1.04560405832889,1.35132248958148,0.950668057062392
"ppy-miR-619_st",1.51975080891576,0.73641116241625,0.903019619263693,1.31531691892199,0.836358757953178,0.76224938818094,1.27916097742422,0.616093524439972,0.779277473914102
"ppy-miR-621_st",1.39626536323656,1.15683974390585,1.15683974390585,1.26442616437186,1.02354725264499,1.23780414729113,0.833843194347453,0.931405087707345,1.15683974390585
"ppy-miR-622_st",1.16747228736916,0.98326320977875,1.15695348061009,1.39556050943705,0.991234680877192,1.19752010442489,1.11609199147108,1.54939465967587,1.4475237904588
"ppy-miR-623_st",1.40332115903987,1.07200311704127,1.2145902736085,0.85452886942037,0.73641116241625,0.834594442498516,1.34514787523371,1.46728248754851,0.975164654277789
"ppy-miR-624_st",0.788397330220376,0.725027601120409,0.913898135663472,0.913072924553037,1.17768070309789,1.29510220109019,1.05024515552055,0.733878395196514,0.883025107497309
"ppy-miR-626_st",0.839786167808085,0.570615860402774,0.783389628418875,0.951806372020121,1.35249256962144,0.960051390555663,1.00376965304187,1.16017022666489,1.00376965304187
"ppy-miR-628-3p_st",2.60801636662452,1.89758054860683,2.31213077235488,2.76786986300932,1.78381725295869,1.32575427491293,1.52854073296985,1.99285119250782,2.25241872834578
"ppy-miR-628-5p_st",1.15183912847233,1.21051402711192,1.67104456263283,1.28905905582786,1.55981788772142,1.23922316506451,1.23922316506451,1.23922316506451,1.3159371224477
"ppy-miR-630_st",1.07200311704127,1.07200311704127,1.05943955809652,1.26442616437186,1.07200311704127,1.05701634675296,1.35969060137833,1.03816082362692,0.837167231823872
"ppy-miR-631_st",0.857891945238911,1.01593689879893,1.15695348061009,1.15695348061009,1.51618730598866,1.15695348061009,0.928552862206761,1.54939465967587,0.950668057062392
"ppy-miR-632_st",0.977375339764336,1.07933668311742,0.950668057062392,0.805485729787015,0.950668057062392,0.950668057062392,0.962016055932063,0.88394129296943,1.00741940542894
"ppy-miR-633_st",0.977375339764336,0.949934253513191,1.22498239600073,0.977375339764336,0.908300772393571,0.836805127985063,0.977375339764336,0.977375339764336,1.05880345271815
"ppy-miR-634_st",1.20334228514432,1.21732476781609,0.979319965126261,1.49039310975184,1.15695348061009,1.94272389392559,1.29797006242125,2.04932513967222,1.08023351994796
"ppy-miR-636_st",4.26731680056384,2.2644379748717,1.85891223919597,3.4626583588017,4.25122750809098,2.74057523836155,4.1343204022469,4.92232676712948,3.86724545195152
"ppy-miR-637_st",3.50307992388814,1.6405691957443,1.49248991739671,1.38890345816747,1.7871455129973,1.28131703770146,1.76143068239111,1.69042080722293,1.63621110846113
"ppy-miR-638_st",12.8521052743349,12.5469141055486,12.6393588661582,12.8159444016402,12.9858910763629,13.0159273484218,12.4770112420528,13.2145841278028,12.8744640697867
"ppy-miR-639_st",1.85198756853467,2.32348218965719,1.43172814371328,1.48259246896163,1.81532512213665,1.77308111089267,2.10301260647371,2.14476404543597,2.14476404543597
"ppy-miR-640_st",1.38687204869333,1.2582034226383,1.12502422339316,1.71474103856688,1.5895214646369,1.01919433233193,1.38687204869333,1.40079057920553,1.38687204869333
"ppy-miR-645_st",0.950379857591436,1.15207319329282,1.12639634657817,0.928050873274765,1.09968906387623,0.836358757953178,0.617513396258814,0.993932684808713,0.928050873274765
"ppy-miR-646_st",2.45556607892032,2.49374101545138,1.406957166644,0.711941712853141,1.15695348061009,1.28173759271402,2.52245015340397,1.9249153330934,0.747656377782732
"ppy-miR-647_st",1.26442616437186,1.26442616437186,1.23979327291585,1.26442616437186,1.26442616437186,1.26442616437186,1.52854073296985,1.40079057920553,1.26442616437186
"ppy-miR-648_st",2.19984627652215,2.3592009810341,1.99708310358947,2.21308812251007,2.19984627652215,2.4577678539904,2.10254730656352,2.06403510546875,2.19984627652215
"ppy-miR-650_st",1.44642457756921,1.44389399773486,1.29400241058492,1.49204281559708,1.29400241058492,1.49457339543143,1.29400241058492,1.4153374705638,1.44389399773486
"ppy-miR-651_st",0.977375339764336,1.0702971744316,1.35160614763246,0.977375339764336,0.856040279785458,1.0702971744316,0.882747562487403,0.977375339764336,0.977375339764336
"ppy-miR-652_st",7.77297843233049,7.8230842123857,7.51710413201399,7.48741355438318,7.65470684773786,7.86499559987165,7.29154112505912,7.6134826695688,7.54383029849961
"ppy-miR-653_st",0.977375339764336,0.631772790055902,1.22814895796472,1.06906745508592,1.40332115903987,0.977375339764336,0.869239944108582,0.963867721385516,0.977375339764336
"ppy-miR-654-3p_st",1.01100582790892,1.2006717430963,1.1037819397324,0.853901395257413,1.3100673632801,1.1037819397324,1.28898443571891,0.944851747244171,1.17677487201925
"ppy-miR-654-5p_st",1.16516368640735,1.27627263556437,1.06385147905022,1.1903666857147,0.950522334218608,0.995288950441411,0.860420824261799,1.07200311704127,0.880839562086258
"ppy-miR-655_st",0.932310357180927,0.950668057062392,0.950668057062392,0.950668057062392,1.07267217840081,0.950668057062392,0.869727783377914,0.924212193736308,0.700664371028483
"ppy-miR-656_st",1.07200311704127,1.07200311704127,1.31522537167983,1.10480677156814,0.670767723108335,1.05701634675296,1.07200311704127,0.750966794763154,1.07200311704127
"ppy-miR-658_st",1.23922316506451,1.29602543705933,1.15208020300496,1.63926012225702,0.96077525216076,0.854025701707698,1.47446312262861,1.15208020300496,1.15208020300496
"ppy-miR-660_st",5.65111104107533,5.26909714610223,5.39914396610823,5.36479119001858,5.3335931589961,5.3154682216481,4.67904829533849,5.3666069872587,5.4389925947592
"ppy-miR-663b_st",2.43119641564053,4.10815457456161,1.66457349044473,4.04893290793807,3.35468802998447,3.40782655473287,3.35468802998447,2.37110556219332,3.37888112892695
"ppy-miR-664_st",2.83165675138746,3.18462098149874,1.84247420350355,2.7717182791745,2.70144009618853,3.18624588892429,2.39867858136099,3.05373084082191,2.7267909119009
"ppy-miR-668_st",1.92035044856774,0.950668057062392,1.35353246417372,1.35353246417372,1.43417775877888,1.70225538075329,1.47399990048754,1.16110941684313,1.54272805550149
"ppy-miR-671-3p_st",5.37089824251211,5.37089824251211,4.82685714071033,5.37089824251211,5.77677441301151,6.02095956034386,5.55906615991181,4.14818008866999,4.77924486098567
"ppy-miR-671-5p_st",6.49256048714589,6.476259031401,6.51774530473752,5.93322926565697,6.77468347561771,6.56381523317678,6.1945739473906,6.76830288851933,6.39683110413064
"ppy-miR-675a_st",3.99253501870326,3.58216631790943,2.7819632749214,3.32475804311721,2.504251382265,2.46136855226449,2.47909794445932,3.99095941024503,4.23538354518035
"ppy-miR-675b_st",1.76600105285373,1.66428201169758,1.52468645795284,1.72744963088553,1.9300990468291,3.03144512968931,1.50415322755356,1.50808641253303,2.21649157727076
"ppy-miR-7_st",0.856040279785458,0.988263189571746,0.774006294925604,1.26442616437186,0.950668057062392,0.873953890462532,0.977375339764336,0.770648316595434,1.06497735617161
"ppy-miR-708_st",7.11018369889253,7.7775794445412,7.62253662104579,7.49401484583437,7.59228341756775,7.52623739817066,7.26615006003301,7.42960382146926,7.27799098003012
"ppy-miR-720_st",1.82168188900964,1.68838939774879,1.68838939774879,1.65361623607007,1.68838939774879,1.75687676689504,1.97629927067781,1.40079057920553,1.68838939774879
"ppy-miR-744_st",8.73418663154202,8.77380549635098,8.6593566190182,8.94688329141819,9.06661889417803,9.21779369234787,8.71058530351499,9.10806824115158,8.61916655060666
"ppy-miR-758_st",1.05333312596396,0.950668057062392,1.82048753878116,0.923226970811246,0.836358757953178,1.17761653175391,1.17359834871153,0.783448009039156,0.783448009039156
"ppy-miR-760_st",3.29848725611534,3.93601670008704,3.07008511752607,2.46923169778076,3.64144868952229,3.82865620417402,3.31401273699149,2.88135423209469,3.02995831256503
"ppy-miR-765_st",0.984619080449097,2.01427294590668,1.68012923646341,1.49541835648246,0.836358757953178,1.07200311704127,0.881954011547533,1.10004829852534,0.995283156379141
"ppy-miR-766_st",3.36613076031118,2.68752544992078,1.70912615929724,3.55089756846352,3.59281703336911,2.37458678208389,3.01148836326655,1.72998008600325,3.01148836326655
"ppy-miR-767-3p_st",1.64914773888659,1.29602543705933,1.42072603362084,0.86417697735202,1.1673568110043,0.931712451916205,1.1673568110043,0.715030265051225,1.1673568110043
"ppy-miR-767-5p_st",0.646309652459441,1.05701634675296,1.17104697614913,1.14870846207455,0.90712475960302,1.18925626760005,1.05701634675296,0.779029866460931,0.903582219490975
"ppy-miR-770-5p_st",1.08558486217956,0.844620684831473,1.05887757947762,1.03143649322647,1.14897908943442,1.00851744534599,1.05887757947762,1.05887757947762,1.18021263945649
"ppy-miR-802_st",0.990575004087461,1.07200311704127,0.892321856139598,1.27762582869498,0.969041816801727,1.03886292125826,0.990575004087461,0.926272588876161,0.990575004087461
"ppy-miR-873_st",1.15992419155194,0.950668057062392,1.12052003335929,0.99610298825925,1.12052003335929,0.979949821580013,1.15329620446285,1.2145902736085,1.34454235337734
"ppy-miR-874_st",6.26559784640208,6.05964927390578,6.19619138296017,6.00856368980091,5.54666585166028,6.188521767605,5.99614421398456,5.57987232620882,5.68226724483542
"ppy-miR-875-3p_st",1.40332115903987,1.84145465086029,1.32743610644148,1.44916809153584,1.38009352416507,1.40332115903987,1.43620234519528,1.19042023241751,1.43620234519528
"ppy-miR-875-5p_st",0.746257247996369,0.836358757953178,0.838990686226837,0.78866167351527,0.975253752621196,0.836358757953178,0.869239944108582,1.19642016214131,0.836358757953178
"ppy-miR-876-3p_st",0.805665841453403,0.73641116241625,0.853953758624204,0.930667925224063,0.811335054579522,0.853953758624204,0.866517317568959,0.91159055162261,0.780390420246167
"ppy-miR-876-5p_st",0.703638543951687,0.618868566208295,0.73641116241625,0.769270604345388,0.886813200553342,0.886813200553342,0.999759786737401,0.800217728505854,1.13681688658725
"ppy-miR-877_st",6.24249505277229,5.58639531164599,5.50048084426131,5.07404685568216,5.66081340132528,5.58639531164599,5.50090752676211,5.58972770612227,5.55552967778738
"ppy-miR-885-3p_st",5.05584511150308,3.89664875543931,1.29849973819422,3.23188061058174,2.81997390555333,3.63836998594883,4.51846676433485,4.73099963832511,4.13355347567787
"ppy-miR-885-5p_st",4.07030591174303,2.6409169787853,2.69958034463134,3.08865000941484,3.62262869827701,3.61115941867926,3.46848228031014,3.5289168729478,3.44851975515498
"ppy-miR-886-3p_st",7.07767173303642,6.99092968505814,9.76912694374168,7.34573471927632,8.31306175545591,7.84150563058845,7.5198805463727,7.44093119180192,7.21855435107051
"ppy-miR-886-5p_st",9.60545546715896,9.96119712343176,10.0598727647247,10.0159819241314,10.279343508114,10.2923765023212,9.96119712343176,9.69253892926635,9.40536176760513
"ppy-miR-887_st",1.61817645255482,0.747681804020356,1.46589950295837,0.889743971378589,0.782271287616825,1.28131703770146,1.16357564536136,1.40079057920553,0.849048129635239
"ppy-miR-888_st",0.883862670930517,1.0031734108911,1.01452140976077,0.69045204733807,0.739251194344993,1.19190429632248,1.0031734108911,1.07200311704127,1.04680396855265
"ppy-miR-889_st",1.43050989059731,1.09589998811832,1.07200311704127,1.03143649322647,1.07200311704127,0.836358757953178,1.20210927219398,1.07200311704127,0.817196070956892
"ppy-miR-890_st",1.32105630310846,1.19242672456076,1.14870846207455,1.57677586849323,1.01587968038222,1.05701634675296,0.977375339764336,1.35111144820839,1.14870846207455
"ppy-miR-891a_st",1.5310369597944,1.6748870710015,1.44389399773486,1.73379342145233,1.44389399773486,1.31953044064349,1.44389399773486,1.2145902736085,1.41481395658937
"ppy-miR-891b_st",0.977375339764336,0.977375339764336,0.867774192946803,1.17894283297841,0.977375339764336,0.95707035073264,0.882747562487403,0.977375339764336,1.05880345271815
"ppy-miR-892a_st",0.967425469129085,0.73641116241625,1.23650121120317,0.759638797291049,0.73641116241625,0.890196398916263,0.73641116241625,0.65633901748622,0.759638797291049
"ppy-miR-892b_st",0.616958542999013,0.857756684074927,1.17835140673184,0.711941712853142,0.988956856513745,1.05701634675296,0.825060684038688,0.80042779258268,1.00047070316343
"ppy-miR-9_st",1.08578903780252,0.797233929800403,0.797233929800403,0.584460161784302,0.950668057062392,0.642096201083095,0.809797488745158,0.67715438533229,0.597442248173161
"ppy-miR-92_st",13.2940525240727,13.3332771753285,13.2194866845682,13.2540319869402,13.2728729711047,13.2509150222674,13.2973350928678,13.2368890723312,13.1683862904542
"ppy-miR-920_st",0.777246650633751,0.99135782243611,1.81743814170009,1.14870846207455,1.07200311704127,1.05701634675296,0.869239944108582,1.07200311704127,1.29518576338412
"ppy-miR-921_st",3.36929810371061,4.41179179071815,3.97767758056848,3.35156210157048,5.44154013621383,5.16198777819367,3.8725843976499,4.09616632445525,5.31778714605821
"ppy-miR-922_st",1.03143649322647,1.01498738287992,1.1740236497937,0.913893897018516,1.21101463407223,1.03143649322647,0.869239944108582,1.02890591339212,1.2006717430963
"ppy-miR-924_st",1.37597795057013,1.17143284632044,0.829796885672906,1.3419365809267,1.15695348061009,0.970349328566945,0.981383740826705,0.779029866460931,1.09471288565831
"ppy-miR-92b_st",7.47924832929804,7.41423378323212,7.15248681638052,6.98714356146793,7.39938877760759,7.24956634170197,7.29435424509238,7.03833981692504,7.11787283220881
"ppy-miR-93_st",12.1814983867031,12.0533940894671,12.1423173195582,12.1641565400062,12.3994390234242,12.4170043619809,12.2032997994519,12.2625148942545,11.9818106464824
"ppy-miR-933_st",3.58070133565757,2.35812582238608,1.10134337442615,2.7319427119343,3.39497803371976,3.25785423233579,2.79470903709358,1.960752185453,3.47868123696573
"ppy-miR-934_st",1.18406913503295,0.836358757953178,1.19648697113392,1.36220273576256,1.16253594774721,1.07515191115504,1.07515191115504,0.982516207280255,1.07200311704127
"ppy-miR-936_st",1.58289929988563,1.21375575260491,1.49269630281412,1.14870846207455,1.07200311704127,1.23659448759872,1.15695348061009,0.958608007306687,1.15695348061009
"ppy-miR-937_st",0.857891945238912,1.56300981103243,1.39303943931939,1.12760581240819,0.836358757953178,1.72517669230824,1.79638259359238,1.07200311704127,1.39303943931939
"ppy-miR-938_st",1.0606551181716,1.2006717430963,1.07200311704127,1.03143649322647,1.15343122999508,1.35971665354278,1.18013851269702,1.38290168562971,0.950668057062392
"ppy-miR-939_st",1.89347714996364,1.77779310458783,1.35239435123589,1.5240820503906,1.86932988718192,1.50652473760078,2.24901995202422,2.28396975174809,1.89347714996364
"ppy-miR-942_st",0.763074011553322,0.593300441484925,0.684789475901035,0.741540824267588,0.741540824267588,1.02936105729177,0.660112711313779,0.874261038269078,0.741540824267588
"ppy-miR-943_st",1.10866556343929,1.2006717430963,1.07200311704127,0.837640671421111,0.822646627429884,1.12131128679116,0.925311696331448,0.955366841431375,0.869239944108582
"ppy-miR-944_st",1.00408262246628,0.977375339764336,0.603334163029036,1.09464730861242,1.12344884040033,0.977375339764336,0.977375339764336,0.925220543688301,0.895947226810527
"ppy-miR-95_st",0.718414003303248,0.719348356958639,1.21957044657993,1.03143649322647,1.21957044657993,1.34561945291276,0.869239944108582,1.12936036893228,0.950668057062392
"ppy-miR-96_st",1.45264620839661,1.16764106428931,1.05127609516135,1.26442616437186,1.60320147143687,1.43409386066976,1.43156328083541,1.43156328083541,1.89347714996364
"ppy-miR-98_st",4.43613953502318,4.58066603955915,4.41347101119342,4.49672838469101,3.92385475977209,4.42337721682645,5.20942525784682,4.99010855711138,4.642801885327
"ppy-miR-99a_st",7.09970342931852,7.54449434148492,7.44701822738722,7.5245555018527,7.3952546093613,7.44701822738722,7.45428036603211,7.33701878515654,7.73604194943004
"pta-miR1309_st",1.40332115903987,0.836358757953178,1.44389399773486,1.07200311704127,1.37476463186881,0.836358757953178,1.07200311704127,0.873829209231102,0.950668057062392
"pta-miR1310_st",4.41640130975692,2.12227366648701,1.99342294306084,3.22016720676662,2.104864271009,1.87451351321348,3.1011744862633,4.58541930711452,2.71187477282127
"pta-miR1311_st",1.57539142895618,1.35399755732372,1.35160614763246,1.26442616437186,1.57539142895618,1.94161579364345,1.57539142895618,2.23425170019692,1.29602543705933
"pta-miR1312_st",1.07453369687562,1.09589998811832,1.1753028968461,1.07200311704127,1.03912193088587,1.15343122999508,0.910435702900251,1.07200311704127,1.07200311704127
"pta-miR1313_st",0.963231616007147,1.07200311704127,1.46099844086586,0.883579903454602,0.903689591059766,0.833125460854437,1.07588763099237,0.950668057062392,0.926917225934566
"pta-miR1314_st",1.10179238486437,0.743285611308331,0.73641116241625,0.806144790574752,0.836358757953178,0.960775803053214,0.728223362297424,1.26373250336081,0.638555881243642
"pta-miR1315_st",0.959341454065391,1.34229396657168,0.869239944108582,0.959341454065391,1.04429181763421,0.959341454065391,0.854242712140477,0.974328224353698,0.920790032097185
"pta-miR1316_st",0.868927443502785,0.975833797859549,0.961125398501682,1.03143649322647,1.36249551173694,0.858291201651594,1.20834909377007,0.975833797859549,0.759360448013255
"pta-miR156a_st",1.03143649322647,1.03143649322647,0.837450781881009,1.03143649322647,1.03143649322647,1.03143649322647,1.03143649322647,1.15277155320535,1.03143649322647
"pta-miR156b_st",0.96238856947603,1.05701634675296,1.141037640044,1.26442616437186,1.16431206873351,1.14196671032179,1.00295519329083,1.05701634675296,0.869239944108582
"pta-miR159a_st",1.03143649322647,1.07200311704127,1.03143649322647,1.04113008887511,1.12421260504995,0.998555307071066,0.74372295672496,1.07200311704127,1.03143649322647
"pta-miR159b_st",1.29602543705933,1.20198814852667,1.33912885558866,1.69205973642688,1.95047257026656,1.40332115903987,1.00126111385301,1.29602543705933,1.29602543705933
"pta-miR159c_st",1.3232593392587,0.836358757953178,1.18224275744754,1.05579071496943,1.28901185993066,1.12491386595529,1.12009313018073,1.10028097449928,1.12491386595529
"pta-miR166a_st",1.57329153075292,1.57329153075292,1.49186024810949,1.57329153075292,3.29622010832988,1.4512874094145,1.90116052062647,1.54939465967587,1.41529402437602
"pta-miR166b_st",1.98195505924397,1.77781636494162,1.62819588169564,2.1208724767987,2.58665519889129,2.31634865333505,1.85140278318731,2.20650321566863,1.69461767349292
"pta-miR166c_st",1.0936985342901,0.836358757953178,1.22302047183057,1.20193754426938,1.36082085967501,1.63912774809106,0.76048648069141,1.33989081147042,0.889348243880121
"pta-miR171_st",1.07200311704127,0.950522334218608,1.03116762882377,0.926820789765893,1.07200311704127,1.37106465241245,0.869239944108582,1.07200311704127,1.07200311704127
"pta-miR319_st",0.857891945238911,0.869239944108582,1.04116594995765,1.06728034912074,0.836358757953178,0.869239944108582,1.11961132200887,0.869239944108582,0.604348913791257
"pta-miR390_st",1.10866556343929,0.877818455493368,1.08713237615356,1.28221011142685,1.37484591265507,1.16677338314218,1.08713237615356,0.996922298505907,0.880740256083188
"pta-miR396_st",0.978600503354406,1.17766186838589,0.913072924553037,0.913072924553037,0.994501037506847,0.978894832844133,0.913072924553037,0.822862846905386,0.750876375435149
"pta-miR398_st",1.40332115903987,1.15695348061009,1.15695348061009,1.20078646105455,0.909729785341702,1.54939465967587,1.15695348061009,1.33361524274688,0.997169198520934
"pta-miR408_st",1.40079057920553,1.29602543705933,1.40079057920553,1.40079057920553,1.15982640185744,2.97626399217204,1.33366438556574,1.22910288005082,1.40079057920553
"pta-miR482a_st",1.37585011168831,1.54939465967587,1.534686260318,2.03567018777559,1.80276388229241,1.54939465967587,1.24663314484833,1.72873041701531,1.54939465967587
"pta-miR482b_st",1.76355225570493,1.43318703900682,1.13260929420126,1.52854073296985,1.70663088169869,1.68268715093672,1.7932408342425,0.910666477327909,1.20363972790825
"pta-miR482c_st",1.23922316506451,1.1193219857833,1.12368174774124,1.1193219857833,1.1193219857833,0.959160685530665,0.755681724359721,1.13871305495318,1.24132610712171
"pta-miR482d_st",1.45860239709273,1.07194068321533,1.44389399773486,1.26800445135186,1.45860239709273,1.45860239709273,1.87847756662329,1.75072741285896,1.45860239709273
"pta-miR783_st",0.857891945238911,0.857891945238911,1.04522357736801,0.727785790086202,0.945275981831085,1.09445336828284,1.22978185712194,0.765256241364127,0.888861010200652
"pta-miR946a-star_st",1.5310369597944,1.40981565680464,0.860893666072037,1.14870846207455,1.04550267166152,0.950148977698488,1.21940043962808,1.60993449291386,1.07838385781692
"pta-miR946a_st",0.995342399790787,1.42103586437262,0.995342399790787,1.18539150528452,1.40332115903987,1.18539150528452,1.73472521472677,1.26210567188438,1.18792208511887
"pta-miR946b_st",1.64396076362616,1.11054120195549,1.06256140292772,1.23922316506451,1.51624496287163,1.23922316506451,1.23922316506451,1.39815335755274,0.872562601122804
"pta-miR947_st",0.748974721361005,1.03061552076099,0.913072924553037,0.913072924553037,0.913072924553037,0.634846772925495,0.941629451724102,0.894531374442799,1.29602543705933
"pta-miR948_st",1.3963790999408,0.73641116241625,1.55789157118016,1.30610019291089,1.15695348061009,1.15695348061009,1.03389801653669,1.15695348061009,1.15695348061009
"pta-miR949_st",0.894782992629373,1.0565927672316,1.32051498377771,0.913072924553037,1.31820808509192,1.2145902736085,1.23922316506451,1.12438019596085,1.64137576655924
"pta-miR950a_st",1.35135212242598,0.689555106740157,0.575245807630943,0.584078221704367,0.592678117410173,0.689555106740157,0.689555106740157,1.05319536816374,0.662847824038212
"pta-miR950b_st",1.10694306666701,0.753234597731623,1.09883714744006,1.09883714744006,1.11572802076966,0.737307195746709,1.10055964421233,0.779029866460931,1.35344984440538
"pta-miR951_st",0.845851710690989,1.43032928869245,1.11524691105824,1.2741823969256,0.824059874782471,1.25655840498451,0.748974721361005,1.34889412524162,0.866102957984139
"pta-miR952a_st",1.51731355429791,1.19333817702015,1.07200311704127,1.14871728364113,0.836358757953178,1.07200311704127,0.670767723108335,1.14871728364113,1.07200311704127
"pta-miR952b_st",1.03472525184116,1.08513407899582,1.15420864636658,1.15420864636658,1.43917714167059,1.07739264890888,1.70736129325423,1.15420864636658,1.54939465967587
"ptc-miR1444a_st",0.936257956639969,1.25490805393496,1.09667988162853,1.14248390367834,1.11583609748573,0.821631739140983,1.11583609748573,1.56467111294926,1.07200311704127
"ptc-miR1444b_st",1.12491386595529,1.01497047227369,1.00481642601548,0.805485729787015,1.45920064451336,0.836358757953178,0.907939436685498,1.53226896193336,0.933542359319881
"ptc-miR1444c_st",0.857891945238911,1.05558540245982,1.07200311704127,0.833422495675803,1.07200311704127,0.728669732329309,0.857891945238911,0.670913445952119,0.857891945238911
"ptc-miR1445_st",1.10866556343929,1.42721803011693,1.40332115903987,1.69263872694522,1.40332115903987,1.40332115903987,1.22893078618687,1.11034790845954,1.4978116073902
"ptc-miR1446a_st",0.815807925623317,0.950668057062392,0.674880567596458,0.910101433247592,1.1490135303658,1.48408021063415,1.34896259212409,0.977375339764336,1.07200311704127
"ptc-miR1446b_st",0.884599227940856,0.977375339764336,0.977375339764336,1.42749786190747,0.848706713709306,1.18366076331204,0.977375339764336,0.805737149162876,0.977375339764336
"ptc-miR1446c_st",0.857891945238911,1.20084212313262,0.869405685717866,0.87353887892983,1.29734630510322,1.65799147176141,0.991081475137785,1.11241653511666,0.831297193048626
"ptc-miR1446d_st",1.07007467361987,1.07007467361987,0.698487421260114,0.805485729787015,1.66880127623335,1.07007467361987,1.07007467361987,1.07007467361987,1.07007467361987
"ptc-miR1446e_st",1.02035082919474,1.02035082919474,0.831619943763366,1.14870846207455,1.22966474985493,1.13353726084635,0.652484460686543,0.923473839864757,0.950668057062392
"ptc-miR1447_st",1.24175374489885,1.7253892553188,1.98770758680439,1.10285875023084,1.31594312572663,1.05701634675296,1.23922316506451,1.13592338525968,1.23922316506451
"ptc-miR1448_st",0.952085995913272,0.94269658596395,1.24185509333816,0.99802328812186,1.44845436035762,1.5533806198594,0.999619344894085,2.01174577847042,1.40332115903987
"ptc-miR1449_st",1.23922316506451,1.08122565868761,1.29585636517982,0.836732509874792,1.16860969527978,1.08122565868761,1.08122565868761,0.786896619111434,1.20149088143518
"ptc-miR1450_st",1.46762378346784,1.06475937635651,0.576626880327091,1.50579871999891,0.985205951697091,0.977375339764336,0.977375339764336,0.777833281532789,0.977375339764336
"ptc-miR156a_st",1.7829392833544,1.07200311704127,1.33592533358738,2.19110619543883,1.68268715093672,2.87049937075494,1.48102566135721,2.17744199862347,2.24112344333541
"ptc-miR156b_st",1.28643395666971,2.55122206643746,1.2145902736085,1.96848511938538,1.73626851401891,1.73626851401891,1.32828975476982,1.52695459335872,2.37072157865255
"ptc-miR156c_st",1.00433190809978,1.97844430802109,1.28131703770146,2.3851504961017,1.57449972972235,1.41231066734887,1.27055803178522,1.32736030378004,1.32736030378004
"ptc-miR156d_st",1.39785073165628,1.44389399773486,1.44652592600852,1.60546141187588,1.44389399773486,1.40332115903987,1.77176298760841,1.93865627500024,1.44389399773486
"ptc-miR156e_st",2.04313206907918,1.71384370802181,1.25417702891566,2.16396623016495,1.17638277230527,1.71384370802181,1.71155404224927,1.71384370802181,1.7868333192043
"ptc-miR156f_st",1.3936340587433,1.54239311548911,1.7082779750815,1.54939465967587,1.38217461165263,1.40332115903987,2.11616281693251,1.54939465967587,1.90883744054271
"ptc-miR156g_st",0.977375339764336,0.949934253513191,1.08414425635436,1.36702844785149,1.07200311704127,0.980311001719682,1.16251782003123,1.13396129286016,1.07200311704127
"ptc-miR156h_st",1.07200311704127,1.19333817702015,0.928749233187291,1.16173890433268,0.73641116241625,1.07200311704127,1.04732635245401,1.03440798453192,1.29602543705933
"ptc-miR156i_st",1.20947686809024,1.44389399773486,1.08799608526758,1.06352663570447,1.10055964421233,1.10055964421233,1.10055964421233,1.2145902736085,1.10055964421233
"ptc-miR156j_st",0.691785588898257,1.20140065005933,0.901991723059849,1.26084012466714,1.15695348061009,0.693771601385949,0.977375339764336,0.79869194325502,1.40332115903987
"ptc-miR156k_st",3.23780117024652,3.17897625990358,2.43243289765972,3.04334339032607,3.82113173802615,4.57856965705873,3.10610971548535,3.7563891779845,3.11375304106367
"ptc-miR159a_st",0.95783954077584,1.07200311704127,0.980921452806855,0.821991260318623,0.836358757953178,0.836358757953178,0.817492520191023,0.980921452806855,0.859586392827977
"ptc-miR159b_st",0.79779719891858,1.01091971178914,0.823941212502348,1.34896259212409,1.34561945291276,0.763092576082674,0.977375339764336,1.13630553225257,0.892424976195514
"ptc-miR159c_st",0.857891945238911,0.950668057062392,1.04381468832601,0.913072924553037,1.23848829008657,1.05701634675296,1.1490135303658,0.950668057062392,0.950668057062392
"ptc-miR159d_st",0.779029866460931,0.664720567351717,1.11120392529814,0.711941712853142,0.646309652459441,0.863980230029754,0.821886357392799,1.2145902736085,0.649449333844051
"ptc-miR159e_st",1.48003773499315,1.44389399773486,1.34674524373229,1.07860287956822,1.18596334373843,0.855314363099365,1.10604396581937,1.45404096571284,1.2006717430963
"ptc-miR159f_st",1.11895794231693,2.01132022655119,0.874133671785756,1.51869168303047,1.02764087228504,1.28131703770146,1.23922316506451,1.2145902736085,1.3852966657005
"ptc-miR160a_st",1.25026313507265,1.57329153075292,1.14759806617109,1.96024394311577,1.57329153075292,1.45195647077404,2.0298291466815,1.59501144548494,1.83403348719341
"ptc-miR160b_st",1.2006717430963,1.1867532125841,1.53547612916367,0.805485729787015,1.38024988394206,1.23417638330606,1.3238560475443,1.10379475376632,1.13098897096395
"ptc-miR160c_st",1.20324932523585,0.903622457199816,1.67425695271465,0.964225946205231,1.33362056956868,1.33362056956868,2.04455673588182,1.23869654556708,1.29602543705933
"ptc-miR160d_st",0.950668057062392,1.06497735617161,0.763689557775599,0.919795028896229,0.950668057062392,0.950668057062392,0.869239944108582,1.02738222366225,1.29602543705933
"ptc-miR160e_st",1.10866556343929,0.791431308695736,1.07200311704127,0.908475879393836,1.28131703770146,1.18099627828238,1.4824824529875,1.10866556343929,1.12702326332076
"ptc-miR160f_st",1.36055822504338,1.07200311704127,1.14870846207455,1.14870846207455,1.14870846207455,1.25196899289953,0.961729962787758,1.19132716611923,1.18927508588935
"ptc-miR160g_st",1.60723157861837,1.7018593558953,1.7018593558953,2.18621706139007,1.28131703770146,1.65581608981672,2.48148633862171,1.54523925424757,2.14110866864597
"ptc-miR160h_st",1.40332115903987,1.05771860933144,1.40332115903987,1.07717091852841,1.68268715093672,1.56741915301524,1.27203093536492,1.4661692509089,1.84405025527645
"ptc-miR162a_st",1.07200311704127,1.07200311704127,0.869649242675496,1.04753366747816,1.27828854058897,1.07200311704127,1.01560928064351,1.13501435430735,1.18667157284577
"ptc-miR162b_st",0.836358757953178,1.24683873926331,0.976627922748358,0.758613207027933,0.836358757953178,1.12270142338435,0.836358757953178,0.836358757953178,0.929574179096861
"ptc-miR162c_st",0.977375339764336,0.977375339764336,0.836358757953178,1.15403710190112,1.30392598605961,0.977375339764336,0.895947226810527,0.684402089183998,1.08697648658187
"ptc-miR164a_st",1.33123325093264,1.32873702410809,1.32873702410809,1.30426757454498,1.32873702410809,1.34739084560284,1.32873702410809,0.913072924553037,2.01668786840899
"ptc-miR164b_st",1.33457685902753,1.66337388991427,0.964593638071609,0.714222260171322,1.07200311704127,0.836358757953178,1.19591333817536,1.30994396757153,1.7868333192043
"ptc-miR164c_st",1.29602543705933,1.58362425560259,0.902432936887437,1.29602543705933,0.931712451916205,1.29602543705933,1.10055964421233,1.49614427316855,1.29602543705933
"ptc-miR164d_st",1.5310369597944,1.50289290227905,1.38155784230017,1.55673730966673,1.29357898161886,0.874845563331444,1.95012428864777,1.52374682898506,2.25937198637532
"ptc-miR164e_st",2.1539827460815,1.71387183409196,1.62296293879006,1.06690156438076,1.34065393939556,1.06690156438076,2.10254730656352,1.62296293879006,2.01033166085215
"ptc-miR164f_st",1.28131703770146,1.28131703770146,1.83691498098084,1.47935744271362,1.23527377162288,1.28131703770146,1.2249232013037,1.33895383069987,1.28131703770146
"ptc-miR166a_st",1.68268715093672,1.32717394083093,1.44389399773486,1.13964684408558,2.65860986390838,1.85523261474994,1.85523261474994,2.20392139137932,2.46022553567503
"ptc-miR166b_st",1.47159748518659,1.51385205614511,2.01033166085215,2.25005346835234,1.88832753951373,2.5245630937092,2.41623793991613,2.35753841332863,2.12351809250375
"ptc-miR166c_st",1.98649351312291,2.17612497027305,2.22943409731608,2.21308812251007,2.21308812251007,2.51418634578677,2.53577115711782,2.82974904511257,2.21308812251007
"ptc-miR166d_st",1.78072317161471,1.88695666945982,1.52854073296985,2.80188820233495,1.82048753878116,1.25352513769446,1.99138282499724,1.96656103941715,2.13915706123168
"ptc-miR166e_st",1.53481859026119,1.29602543705933,1.44881039411045,2.04883998863809,1.59868674824099,1.6424050107272,1.41910860739523,2.12532748045779,1.6424050107272
"ptc-miR166f_st",1.70185924695115,2.12173441648171,1.64953635797491,2.06977113545996,1.96424702900624,3.01150599183884,1.67988378516024,1.64434287384711,2.7078959925897
"ptc-miR166g_st",2.71119301162305,1.86873765590576,1.78604627813295,1.92356606266359,1.68268715093672,3.06409091131808,2.09936654561988,1.67115943589805,2.38956608432145
"ptc-miR166h_st",1.80922743810386,0.950668057062392,1.37400026653202,2.23548224140963,2.69320945056073,2.2674692179067,2.11399353912788,1.35019359535073,1.80922743810386
"ptc-miR166i_st",1.91939285393827,1.57329153075292,1.97846757106246,2.06977113545996,1.89808343630525,2.89241970252426,1.78982087369325,1.5483055884217,1.81125745828251
"ptc-miR166j_st",1.99229552143485,1.72873041701531,1.96590202492555,1.46622043950254,2.04932513967222,2.13529253461465,1.60454085852053,1.67166705216031,1.98061042428342
"ptc-miR166k_st",1.84863159629651,1.09468817376987,1.42533715440894,1.79027357140273,2.104864271009,2.04401585066078,1.80922743810386,1.79027357140273,1.79027357140273
"ptc-miR166l_st",2.01033166085215,1.89043048157094,1.32168323402081,2.07009659554127,2.18705508803361,2.17836511984542,1.97507721680593,1.94087704260407,2.2023567210823
"ptc-miR166m_st",0.857891945238911,1.16225034984186,1.89622898706944,1.87468261861861,1.82048753878116,1.84463480156288,2.44500322468291,1.89808343630525,1.66406311548037
"ptc-miR166n_st",0.977375339764336,0.987078859671183,1.30572241056321,0.769588667926301,0.977375339764336,1.01946921240129,0.996329206465464,0.683046300188165,0.938823917796131
"ptc-miR166o_st",1.02022538717845,1.06079201099325,0.974182121099865,1.52854073296985,0.618855273943187,0.992784300927304,1.47447537893134,1.07200311704127,0.939456951014371
"ptc-miR166p_st",0.98107624968691,0.967730862520002,1.04759051467803,1.10055964421233,1.49219296424183,1.06718562440945,1.10055964421233,1.04323075272009,1.3238560475443
"ptc-miR166q_st",0.820952026937781,1.00831190055782,0.846012309233783,0.83836691594242,1.54939465967587,0.869239944108582,0.977375339764336,1.10645487795274,0.869239944108582
"ptc-miR167a_st",0.852612496781733,1.23000062341817,0.994356264330078,0.907534351739396,1.13953859160545,1.14812750780259,1.35969060137833,0.81433652386312,1.10866556343929
"ptc-miR167b_st",1.05797082953996,0.739133788955873,0.856676385163827,0.832206935600719,0.597595020644129,0.869239944108582,0.869239944108582,1.35009584530619,0.869239944108582
"ptc-miR167c_st",1.1419804955313,1.2006717430963,1.10531804913327,1.06828504062541,1.09275449018852,1.21962734824249,0.914937227174057,1.10531804913327,0.796208995412195
"ptc-miR167d_st",0.748974721361005,0.836358757953178,0.916430902883207,0.985505470253973,0.950668057062392,0.582641490134725,0.836358757953178,0.836358757953178,0.662847824038212
"ptc-miR167e_st",1.10866556343929,1.19169794729473,1.2145902736085,1.13386856274664,1.03195139683943,1.03195139683943,0.927908169950166,1.3725877799854,0.764912454343986
"ptc-miR167f_st",0.690247597008183,0.708431586108792,1.65893423057563,0.946300663665741,0.845756630553893,0.803662757916939,0.803662757916939,0.779029866460931,0.722234644963129
"ptc-miR167g_st",1.0777983293354,0.600357355062277,1.44704279184863,0.882205690449144,0.836358757953178,1.02614911264907,0.945959904770711,0.626701318617703,0.740116479526459
"ptc-miR167h_st",0.764230885137363,0.96592422083875,0.759638797291049,1.07339690460051,0.968454800673099,0.86598708698162,1.01933575113838,0.96592422083875,0.96592422083875
"ptc-miR168a_st",2.14482751013677,1.53250464998905,0.911359780526181,2.15329351654206,1.40222232175136,2.0475473188562,1.89808343630525,2.80870893836839,2.19705936474744
"ptc-miR168b_st",1.87819829125291,1.68508734524896,1.2145902736085,1.50801741404988,1.2145902736085,1.52490828737948,1.46615501522877,2.04257741892651,2.439166235033
"ptc-miR169a_st",1.1183919215755,0.977375339764336,1.22842184318446,0.83219301248896,0.566668645470814,1.08372362945491,0.977375339764336,0.690449244940616,1.21301969885243
"ptc-miR169aa_st",1.12301589809631,0.865717693493569,0.881232153983553,0.950668057062392,0.923473839864758,1.20054860153738,0.950668057062392,0.913072924553037,1.33362056956868
"ptc-miR169ab_st",1.23922316506451,1.27369645274266,1.05943955809652,1.26442616437186,1.07200311704127,0.980311001719682,0.977375339764336,1.06549431048928,1.07200311704127
"ptc-miR169ac_st",1.40332115903987,0.98629170689124,0.968952717951239,1.40653661163144,1.40683402508508,1.08402716184009,1.59458059457529,0.799313207604447,1.28131703770146
"ptc-miR169ad_st",1.27790081330912,1.13000473225306,1.61098493600671,1.2006717430963,1.2006717430963,1.22625159662279,1.3881584627556,0.83703148167272,1.2006717430963
"ptc-miR169ae_st",1.40332115903987,0.986414848450158,1.10866556343929,1.13691752877473,1.40332115903987,1.2006717430963,1.10055964421233,1.39037580139384,1.2006717430963
"ptc-miR169af_st",0.774692409047493,0.854374025353974,1.45974489126301,1.14870846207455,1.86210830883219,1.28131703770146,1.17496874801089,0.987075648440046,1.1958226747169
"ptc-miR169b_st",1.2006717430963,1.12002644849114,1.2145902736085,1.2006717430963,1.28805577968847,1.32267586443471,0.972271124692969,1.29529952037323,1.2006717430963
"ptc-miR169c_st",0.913072924553037,0.913072924553037,0.843949773567172,0.913072924553037,0.891539737267304,0.892767935521341,0.913072924553037,0.713530866321489,1.11476626025442
"ptc-miR169d_st",1.07200311704127,0.96652623200548,1.07200311704127,1.03143649322647,1.6440224369528,0.931432905261996,1.07200311704127,1.07200311704127,0.962401970223737
"ptc-miR169e_st",1.1997189177958,1.10959824955062,0.893916708695839,1.41577734949383,1.07200311704127,1.07200311704127,0.767644712438319,1.07200311704127,1.07851192359326
"ptc-miR169f_st",0.977375339764336,0.782096982049041,0.689809131946642,0.6517497523637,0.869239944108582,0.836358757953178,0.781855907516409,1.58227584583127,0.869239944108582
"ptc-miR169g_st",0.934023188960951,1.48236273858553,1.15695348061009,1.09319926628853,1.43631947250694,1.15695348061009,1.23922316506451,1.15695348061009,1.07200311704127
"ptc-miR169h_st",0.735682134841798,1.13691752877473,0.740975807680855,0.913621125442769,1.15234746965202,1.13691752877473,0.977375339764336,1.00489802422696,0.83690116478064
"ptc-miR169i_st",1.07449934386582,1.32200680307518,1.18013851269702,0.926820789765893,1.07200311704127,1.07200311704127,1.07200311704127,0.670767723108335,1.07200311704127
"ptc-miR169j_st",1.23922316506451,0.907905123065902,1.02400998095951,1.2006717430963,1.33328031872321,0.892918352777595,1.29118644608626,1.40079057920553,1.21194525874433
"ptc-miR169k_st",0.972201244348125,0.73641116241625,0.950668057062392,0.913072924553037,0.873954099679197,1.28131703770146,0.786570063087023,0.65633901748622,0.976274121384563
"ptc-miR169l_st",0.977375339764336,0.618868566208295,0.977375339764336,1.03143649322647,1.07200311704127,0.85136058130402,1.35969060137833,0.779029866460931,1.2006717430963
"ptc-miR169m_st",1.10866556343929,1.03816269337262,1.52854073296985,0.726928483141448,0.837391202084679,1.03912193088587,1.10055964421233,0.909494067317585,1.07200311704127
"ptc-miR169n_st",0.919936370793529,1.54318243700726,1.05701634675296,1.0791124481211,1.39182073282033,1.05701634675296,0.942985717356799,0.913072924553037,1.00679579723898
"ptc-miR169o_st",0.950668057062392,1.10959824955062,0.618868566208295,0.950668057062392,0.950668057062392,0.950668057062392,1.15845472890043,1.07200311704127,0.906835076617937
"ptc-miR169p_st",0.897135660560846,0.875602473275113,1.12732981919918,1.24186038671729,0.798763625443823,0.905331494466096,0.903043559526258,0.913072924553037,0.91958173110503
"ptc-miR169q_st",0.857891945238911,1.07200311704127,1.44389399773486,1.32737241354568,1.61490345181934,1.12933200853352,0.869239944108582,1.07200311704127,1.07200311704127
"ptc-miR169r_st",0.884599227940856,1.20139765978239,1.13537284614124,1.42242367074876,0.977375339764336,0.869686314140467,0.977375339764336,1.13284226630689,0.776463832285102
"ptc-miR169s_st",0.977375339764336,1.02089400194542,0.939542527609142,1.38647278826162,1.07200311704127,0.775021465398563,0.977375339764336,0.637941489439128,1.11624769590845
"ptc-miR169t_st",0.836358757953178,0.836358757953178,0.836358757953178,0.799325749445315,0.733693689051614,0.840041978742185,0.869239944108582,1.22879993701895,0.766675985820828
"ptc-miR169u_st",1.2006717430963,1.28805577968847,1.09253634744055,1.2006717430963,1.2006717430963,1.2006717430963,1.2006717430963,1.16851823286693,1.2006717430963
"ptc-miR169v_st",1.05701634675296,1.22951729830036,0.869239944108582,0.966501643763008,0.980302180153104,1.05701634675296,1.30572195418799,1.05701634675296,1.01846492478476
"ptc-miR169w_st",1.11055453900948,0.922111529891327,1.07200311704127,0.711941712853142,0.861796982879678,1.27828854058897,1.07200311704127,1.1666308943182,1.07200311704127
"ptc-miR169x_st",1.68268715093672,0.950668057062392,0.838419832515493,1.13507124928612,1.00706189346015,0.950668057062392,0.890460684858012,0.886365641851092,1.37661387633793
"ptc-miR169y_st",0.936768923112881,0.91399074189165,0.797137078875676,1.41893105991082,0.892094371167822,0.746810213034598,0.869239944108582,1.23273075431379,0.833946117122732
"ptc-miR169z_st",0.977375339764337,1.13202312928898,0.734900579844169,1.29147392806203,1.13202312928898,1.94547033611712,1.13202312928898,1.37586022788441,1.05059501633517
"ptc-miR171a_st",0.992925266650093,1.07200311704127,1.04810624596422,1.04810624596422,1.07897927413038,1.04810624596422,1.04581658019168,1.04810624596422,0.693722111739064
"ptc-miR171b_st",1.04144286925496,0.918718837823046,1.35725206090247,0.918718837823046,0.836358757953178,0.918718837823046,0.798453615075468,0.846388122979957,0.918718837823046
"ptc-miR171c_st",1.17296797865059,1.18085035168714,1.10866556343929,0.93677595346197,1.15695348061009,0.891029377207411,1.06483258299484,1.04193879934633,1.23733418949432
"ptc-miR171d_st",1.17452115501545,1.2289627193931,0.857071838699506,1.26442616437186,1.0663857593597,1.0663857593597,1.10055964421233,0.976175681712046,0.981435395790874
"ptc-miR171e_st",1.09464730861242,1.18927508588935,1.16408321169126,1.14870846207455,1.1874234204359,1.07311412132668,1.21783161306042,0.965978682557387,0.844643622578509
"ptc-miR171f_st",1.22220493038203,1.2006717430963,1.22483685865569,1.14870846207455,0.902933611978695,1.09298271747243,1.12395178243417,0.956731734410936,1.26452199421345
"ptc-miR171g_st",0.843637021474199,0.950543375830962,0.9439459527192,0.913072924553037,0.950543375830962,1.07490693292233,1.33187459565656,1.64204609026792,0.869239944108582
"ptc-miR171h_st",0.596044119938742,1.07200311704127,0.950668057062392,1.26669290766968,0.977375339764336,0.977375339764336,0.977375339764336,1.07200311704127,1.2006717430963
"ptc-miR171i_st",0.889675304903534,1.07972441039727,1.18215647991744,1.10492740970462,1.15695348061009,0.862234218652389,1.07972441039727,0.976424630592442,1.07972441039727
"ptc-miR171j_st",0.996386803702112,1.08377084029428,1.46200235594961,1.61074264139635,0.977422550603713,1.08377084029428,0.996386803702112,1.26817403251801,0.869239944108582
"ptc-miR171k_st",1.48495902338784,0.942707047643749,1.29097331204238,1.05701634675296,1.05701634675296,0.858975941740804,0.96963231016079,1.05701634675296,1.40332115903987
"ptc-miR171l_st",1.1163000492273,0.977375339764336,1.10866556343929,1.22121243835977,0.844655125762846,0.977375339764336,0.977375339764336,0.92004644827209,0.789598937119956
"ptc-miR171m_st",0.870309781339883,1.07200311704127,0.901182809506046,0.736485799579183,0.926703617737641,0.740203626187174,0.870309781339883,0.889108485228286,0.784182884017091
"ptc-miR171n_st",0.87704816109611,1.00045696114521,1.15695348061009,0.913072924553037,0.900509365608282,1.23182740760689,0.748974721361005,0.73305318408608,0.739561990638072
"ptc-miR172a_st",0.668231880799692,1.22826188673397,1.35912706218625,1.14870846207455,1.19080233471151,1.27575269828033,1.14870846207455,1.12407557061854,0.950668057062392
"ptc-miR172b_st",0.977375339764336,1.03470423125658,1.0441021038573,0.594422827258047,1.13630553225257,1.60166663234328,0.977375339764336,0.977375339764336,0.861193297341618
"ptc-miR172c_st",0.977375339764336,0.913072924553037,0.913072924553037,1.07526947367093,0.913072924553037,0.728669732329309,0.753896847225463,0.913072924553037,0.877229068658766
"ptc-miR172d_st",0.922443155769707,1.07200311704127,1.09871039974321,1.14871728364113,1.07200311704127,1.07200311704127,1.04562746021771,1.07200311704127,1.07200311704127
"ptc-miR172e_st",1.13537284614124,1.09489422535943,1.07200311704127,0.711941712853142,0.836358757953178,0.618868566208295,1.15958215807588,1.0968488812684,0.622072485951469
"ptc-miR172f_st",1.25855715058924,1.2006717430963,0.768760153358239,0.962187992813782,1.25220983535466,1.18551000778116,1.01913153125853,0.806230604636163,1.29592809784086
"ptc-miR172g_st",0.951737894293692,1.03912193088587,1.07200311704127,1.13575753831683,0.969686027807027,1.15264841164643,1.08008757078713,1.08592164755347,1.07200311704127
"ptc-miR172h_st",1.10493048820431,1.26238882886163,1.25463317224376,1.14870846207455,0.769162888189156,1.33648486471893,1.05408068479762,1.14870846207455,1.44336405767513
"ptc-miR172i_st",0.977375339764336,1.20299674668868,1.15695348061009,1.06126290330966,1.25020437279235,1.17649974127839,1.10055964421233,1.29129561864178,1.01541597081369
"ptc-miR319a_st",0.966027340894666,0.977375339764336,0.836358757953178,0.927079434042672,1.68268715093672,1.0441021038573,0.977375339764336,0.563439172619092,1.23846748631667
"ptc-miR319b_st",1.10866556343929,1.28230415528539,1.26759575592752,1.1903666857147,1.27531704928353,1.1903666857147,1.34596931960439,1.07200311704127,1.1903666857147
"ptc-miR319c_st",1.03143649322647,1.0096603893264,0.901330338073761,1.03143649322647,1.50882803586107,1.10960798486333,1.1531512823227,1.07200311704127,1.0586307104241
"ptc-miR319d_st",0.727078088623519,0.931712451916205,1.23772191677417,1.03143649322647,1.03143649322647,1.33049802859765,1.19865654124971,1.03143649322647,1.29602543705933
"ptc-miR319e_st",0.6028859705819,1.10959824955062,1.03912193088587,0.821631739140983,1.03912193088587,1.15695348061009,1.07200311704127,1.13788492857522,1.07200311704127
"ptc-miR319f_st",0.994386319548599,0.994386319548599,1.16793086753616,0.966945233297454,0.994386319548599,0.950668057062392,0.994386319548599,1.06437741373065,0.655222120727594
"ptc-miR319g_st",0.917034044064376,1.21257332882054,0.869239944108582,0.83836691594242,0.582313849284861,0.81887980997696,1.10055964421233,0.779029866460931,1.00981015588786
"ptc-miR319h_st",1.27681829757386,0.827995799003099,0.977375339764336,0.855403620055921,0.950668057062392,0.950668057062392,0.836637427666228,0.950668057062392,0.994298614723939
"ptc-miR319i_st",1.32417352863333,1.406957166644,1.15695348061009,1.06012910476062,1.03376917616209,1.15695348061009,1.06232570333316,1.15510423614097,1.15695348061009
"ptc-miR390a_st",1.19296603360618,1.33203799005541,1.09357789177903,1.19296603360618,1.71869970393281,1.19296603360618,0.905252497104665,0.779029866460931,1.86812762804339
"ptc-miR390b_st",1.52511322408119,1.05701634675296,1.10866556343929,0.913072924553037,0.957068751216035,1.05701634675296,1.05701634675296,1.05701634675296,1.07787027345898
"ptc-miR390c_st",1.84863159629651,1.6797173076984,1.82048753878116,2.09228523471658,1.7923434812658,1.82048753878116,1.80982346285111,1.72873041701531,1.87777290986791
"ptc-miR390d_st",1.19361592700811,1.15695348061009,1.256276009431,0.796892076421964,1.15695348061009,1.14196671032179,1.23922316506451,0.99802328812186,1.67924967629362
"ptc-miR393a_st",0.861780823505356,0.834339737254211,1.09295613369004,1.0847111151545,1.2909965387022,1.05182992899909,1.09854062351337,0.913072924553037,1.33471480118841
"ptc-miR393b_st",1.09557603278033,1.09557603278033,1.13920659044188,1.26442616437186,0.764510345475436,0.974240972801453,1.29392150608374,1.09557603278033,0.694827573343086
"ptc-miR393c_st",1.23922316506451,1.23922316506451,1.00357880597641,1.18613302667298,1.11721904372609,1.23922316506451,1.23922316506451,1.2145902736085,1.24988724099455
"ptc-miR393d_st",0.989219479030597,0.950668057062392,0.759638797291049,0.711941712853142,1.10959824955062,0.766264864838663,0.850555958178426,0.950668057062392,0.988263189571746
"ptc-miR394a-3p_st",0.754445048115195,0.869016007635112,0.844546558072004,0.844546558072004,0.929496921640826,1.04623989377339,0.977375339764336,0.682037508348319,0.684762275982845
"ptc-miR394a-5p_st",1.11147301130018,1.02433004924064,1.52854073296985,1.40079057920553,2.03292210420135,2.17741905846077,2.10535475442441,1.00006095023362,1.54939465967587
"ptc-miR394b-3p_st",0.798033684789869,0.836358757953178,0.755414980745187,0.798033684789869,0.836358757953178,0.798033684789869,0.718392677801242,0.798033684789869,1.09100693537021
"ptc-miR394b-5p_st",1.64910869912903,0.971633719800813,1.64953635797491,1.91084153756191,2.32302435911629,1.68225949209084,0.79522020321861,1.54939465967587,1.69395425279615
"ptc-miR395a_st",0.743180976572149,1.03143649322647,1.15848710415912,0.819053253833917,1.15695348061009,1.01644972293816,0.743180976572149,1.07200311704127,1.1347362730313
"ptc-miR395b_st",1.20278285164255,1.36666492752204,0.869239944108582,1.03143649322647,1.03143649322647,1.03143649322647,1.03143649322647,0.744510398402749,1.07200311704127
"ptc-miR395c_st",1.10866556343929,1.19333817702015,1.2145902736085,1.02430603260336,1.22614953500814,0.950668057062392,1.07200311704127,0.902151140744375,1.07200311704127
"ptc-miR395d_st",1.42868172164462,1.34153875958508,1.01592083003425,0.766999423917045,1.40332115903987,0.857923323657352,1.09314966442851,0.766999423917045,1.09831650494652
"ptc-miR395e_st",0.787439745538457,1.07200311704127,0.997645879700049,0.913072924553037,0.836358757953178,0.950668057062392,0.70649947185398,0.779029866460931,0.514138836143606
"ptc-miR395f_st",1.40332115903987,0.73641116241625,1.44944706413894,1.03143649322647,0.790472315878383,0.896820605568955,1.17112976365687,0.833091019923065,1.35008659052146
"ptc-miR395g_st",1.09764056251191,0.956623980700755,0.869239944108582,0.988713485612647,0.779138434151774,0.792525777508723,0.869239944108582,0.776604240233798,0.869239944108582
"ptc-miR395h_st",0.984619080449097,1.07200311704127,1.44389399773486,1.29107755829668,1.0329069976199,1.02100589742588,0.977375339764336,1.07200311704127,1.18631241615048
"ptc-miR395i_st",1.2813737915491,0.911390570593178,0.519480424381147,1.22514867790264,0.911390570593178,0.878509384437774,1.23925956046673,0.873795438083824,0.876096743607328
"ptc-miR395j_st",1.02188221532133,0.87546213242848,0.89987809398292,0.76726951835601,0.775514536891552,0.618868566208295,1.06155194829329,0.63360927165841,0.833151329889958
"ptc-miR396a_st",0.910962614822805,0.950668057062392,0.99498845790143,0.805485729787015,1.07200311704127,0.89622190937269,0.910962614822805,1.56676539430664,0.950668057062392
"ptc-miR396b_st",0.909327939463261,0.950668057062392,0.873948096400263,0.994501037506847,0.917786870906987,1.33732977093979,1.01433322138139,0.77143098786254,0.777157123147426
"ptc-miR396c_st",1.05500060533709,1.06502997036386,0.943694910384986,1.26442616437186,1.85542054365195,1.40332115903987,0.885792901164012,0.772056719783525,1.17526582808466
"ptc-miR396d_st",0.737685707052482,1.20330830979699,1.20128431451202,0.901783910244514,0.775590849930191,0.857950929800059,0.869239944108582,0.795462885616574,0.593059899482734
"ptc-miR396e_st",0.857891945238911,1.15984632378053,0.73641116241625,1.07841821082672,0.950668057062392,0.935959657704525,1.07841821082672,0.950668057062392,0.874430116817683
"ptc-miR396f_st",1.23922316506451,0.91092890309218,1.08029297257627,1.00306390236345,0.776867254084655,1.04363052617825,1.56907002244392,1.04363052617825,1.04363052617825
"ptc-miR396g_st",0.907281446649822,0.819751396563723,0.842979031438523,0.826251011962356,0.950668057062392,0.842979031438523,0.832314955508478,0.842979031438523,0.842979031438523
"ptc-miR397a_st",0.748974721361005,1.14329334537784,1.09854254759477,0.908150798688579,0.939023826854742,0.862207829397035,1.09854254759477,0.759004086387784,0.603537476998337
"ptc-miR397b_st",1.10477211811527,0.725330730101535,1.35977260088388,0.950668057062392,0.66994102841267,0.950668057062392,1.34784611606606,0.913072924553037,0.686745840516285
"ptc-miR397c_st",0.852701772529811,0.747904884129704,0.869239944108582,0.805485729787015,0.831168585244077,0.869239944108582,0.902121130263987,0.909806567923382,0.869239944108582
"ptc-miR398a_st",0.948986107208908,1.06846950173433,1.44270030960246,1.03143649322647,1.06846950173433,1.75997221617129,1.06846950173433,1.06846950173433,1.02463652128988
"ptc-miR398b_st",1.06711933426261,1.16174711153954,0.911375733639255,1.36186594764877,1.36797305857791,1.9808715171436,1.16174711153954,0.990108920938082,1.1350398288376
"ptc-miR398c_st",1.40332115903987,0.944287316286742,1.40332115903987,1.69037198364739,1.72873990911832,2.00810590101517,1.23922316506451,1.40332115903987,1.49992608112469
"ptc-miR399a_st",1.09118385748794,1.38097580062815,0.978867072264661,1.11638685679529,0.906949794576184,1.03561842063121,1.48482247048364,1.40079057920553,1.15695348061009
"ptc-miR399b_st",1.07945458149183,1.21043177545769,1.36209242827981,1.27418619673324,1.11282860129471,0.836358757953178,1.39869206361722,1.5485717279512,1.69389153115904
"ptc-miR399c_st",1.1577950521107,1.09771044285676,1.11924363014249,1.18299805141805,1.09771044285676,1.32552905369019,1.22579786452947,1.13316216065469,0.869239944108582
"ptc-miR399d_st",1.27776711476947,0.724793276377502,1.63446544313906,1.2145902736085,1.15695348061009,1.28131703770146,1.2145902736085,1.18995738215249,0.983270573504746
"ptc-miR399e_st",1.14995193642333,1.04882942903109,1.40332115903987,1.66160422337553,1.29602543705933,1.42931792832018,0.992083739122203,1.86181292629071,1.29602543705933
"ptc-miR399f_st",0.757162521479831,0.877427744227408,0.977375339764336,0.811545932693461,0.862719344869542,0.950668057062392,0.877427744227408,0.982192886373606,1.0728935370744
"ptc-miR399g_st",0.857891945238911,0.952519722515845,0.952519722515845,1.31030210874984,1.13872002811287,0.937532952227538,0.991071144484051,1.2813071846801,0.782549350802801
"ptc-miR399h_st",0.942842308807734,1.38097580062815,1.15695348061009,1.01177115333472,1.27828854058897,1.15695348061009,1.51428848044602,1.15695348061009,1.42154242444295
"ptc-miR399i_st",1.10866556343929,1.17132564586218,0.86598708698162,1.05701634675296,1.05701634675296,1.05701634675296,1.05701634675296,1.05701634675296,0.83474402048032
"ptc-miR399j_st",1.17296797865059,0.900661173164477,1.2788926888198,0.977375339764336,0.950668057062392,1.10997509382467,0.977375339764336,0.977375339764336,0.933542359319881
"ptc-miR399k_st",0.977375339764336,1.01794817845932,0.977375339764336,0.664653976211307,0.836358757953178,0.977375339764336,0.977375339764336,1.0540895063642,0.746055639660584
"ptc-miR399l_st",0.936808715949537,1.03143649322647,0.982252061653407,1.20276961553668,0.941334983269661,1.18004057369681,0.869869079085451,1.07200311704127,0.828673320293782
"ptc-miR403a_st",1.40265209768034,1.38873356716814,1.40265209768034,1.30950546641672,1.44211404204363,1.54872559831633,1.6903395820174,1.40265209768034,1.07200311704127
"ptc-miR403b_st",1.00053016778354,1.00053016778354,1.00053016778354,1.13804995231417,1.00053016778354,1.15587125094693,0.869239944108582,1.17719192992033,1.00053016778354
"ptc-miR403c_st",1.0987290934219,0.78413470326125,1.29928920604443,0.879365875069397,0.841627505215519,1.49638212686507,1.08840336761598,0.756677141646696,1.06169608491403
"ptc-miR408_st",1.6010438763622,1.54939465967587,1.41231299093082,1.95831447370968,1.72315746314635,1.54939465967587,2.54228186875041,1.36871336737543,1.36161825703149
"ptc-miR472a_st",1.52808962078596,1.65529369454746,1.27357583482338,1.68385022171852,2.78341233265059,1.41964933545937,1.68385022171852,2.07802235716064,1.68385022171852
"ptc-miR472b_st",2.06133796408907,1.43626689641467,2.06133796408907,1.74319378175788,2.59531665295124,2.59831548349781,1.66160422337553,1.8726070786577,2.68326460498098
"ptc-miR473a_st",0.823628963043841,1.14665735872411,1.14665735872411,1.45900706284548,1.14665735872411,1.14665735872411,1.17521388589517,1.53909853778988,0.869239944108582
"ptc-miR473b_st",1.23922316506451,0.825286997919262,1.23922316506451,1.23922316506451,1.2786851094278,1.59069091588758,1.36697331882883,1.17492074985321,0.948036128788733
"ptc-miR474a_st",2.03381400497121,1.60766741894843,1.24384448391314,1.88622836331979,1.82048753878116,1.84863159629651,1.88718301826472,1.94325937357345,2.02269524318328
"ptc-miR474b_st",1.56837785182751,1.32958469862565,0.994356264330078,1.21204210241769,0.836358757953178,1.03712931430306,1.46241348031798,1.24951255369562,1.29519343229474
"ptc-miR474c_st",0.9711455430901,1.41533748743787,0.952529575537205,1.52219594942832,1.28131703770146,1.03747993910603,1.12666924817682,1.28131703770146,1.54939465967587
"ptc-miR475a_st",0.981793039393619,1.931493589948,1.50140812772634,1.37331272776692,1.26508887626585,0.878471712423189,1.18013851269702,0.981793039393619,1.07200311704127
"ptc-miR475b_st",1.23922316506451,1.53134818083074,1.44124667087393,1.40124202567803,1.76184139353085,1.76422911093324,1.66160422337553,1.38391777938168,1.74560507547688
"ptc-miR475c_st",0.857891945238911,0.945275981831085,1.2808679364561,0.82773338562313,1.03022634539991,0.853313239149623,0.945275981831085,0.887947090338838,0.968503616705884
"ptc-miR475d_st",1.4258848061305,1.5666956479891,1.27752172581342,1.18422359371889,1.34315378620712,1.34315378620712,1.60858741311831,1.40079057920553,1.01436632404286
"ptc-miR476a_st",0.558842620328575,1.02258533475087,0.893916708695839,0.662991919193047,0.893916708695839,1.16970419816177,0.926797894851243,0.893916708695839,0.978674938390429
"ptc-miR476b_st",0.646309652459441,0.836358757953178,1.43508536056665,0.711941712853142,0.924715480869243,0.920945217159844,1.0331547808595,1.10028097449928,0.662847824038212
"ptc-miR476c_st",0.873391766461041,0.648054439500184,0.950389387349341,0.880191738397633,0.770726697559477,0.836358757953178,0.836358757953178,0.903446911560967,0.750231860630385
"ptc-miR477a_st",1.10866556343929,0.979996937384261,1.10866556343929,1.10866556343929,1.10866556343929,1.29969482321063,1.53902635871777,1.72873041701531,0.950668057062392
"ptc-miR477b_st",1.13283215176729,0.857746222395128,1.13630553225257,1.03143649322647,1.21807661767726,1.21807661767726,0.977375339764336,1.19333817702015,1.01542720173369
"ptc-miR478a_st",0.950668057062392,0.950668057062392,1.78802931667019,1.10514154712826,1.33225744212097,0.987826508512317,0.950668057062392,1.17222970073605,1.16956010300694
"ptc-miR478b_st",0.597015198145709,0.88394129296943,1.2145902736085,0.88394129296943,0.798003362809211,0.88394129296943,0.88394129296943,0.88394129296943,0.807221332307301
"ptc-miR478c_st",0.857891945238911,0.836358757953178,1.24883559221996,1.2825710622715,0.637234356439126,0.895487077748266,0.591128673145315,1.15209630358365,0.788209173106562
"ptc-miR478d_st",0.944494153608932,0.836358757953178,1.05061565259932,1.00220174696308,0.836358757953178,1.24843585154606,0.7160935352056,0.746148680305527,0.836358757953178
"ptc-miR478e_st",0.666614641491137,0.789541345175805,0.918826697657899,0.748974721361005,0.748974721361005,0.748974721361005,0.748974721361005,0.762893251873203,0.748974721361005
"ptc-miR478f_st",0.857891945238911,0.857891945238911,1.45936706385382,0.857891945238911,0.757944349701983,0.640401753494029,0.869239944108582,0.820296812729557,0.890093870814598
"ptc-miR478h_st",0.977375339764336,0.964811780819581,0.977375339764336,1.09464730861242,1.00184478932744,1.05701634675296,0.814866290040652,0.859011771090904,1.09764056251191
"ptc-miR478i_st",1.30352558027581,1.08091321783001,0.977375339764336,0.867574173643323,0.880498350434352,1.05701634675296,0.798138270564485,1.07200311704127,0.91155343147324
"ptc-miR478j_st",0.857891945238911,0.950668057062392,1.00472921052453,0.809897825979638,0.923960774360447,0.950668057062392,1.31481653885848,0.89506536169547,0.950668057062392
"ptc-miR478k_st",0.857891945238911,0.950668057062392,0.950668057062392,1.03143649322647,0.836358757953178,1.05701634675296,0.830402834314814,1.07200311704127,0.950668057062392
"ptc-miR478l_st",0.989342620589516,1.07672665718169,1.03143649322647,0.925588406267948,0.966155030082748,0.962635337887571,0.989342620589516,0.964709729133508,1.03297317825106
"ptc-miR478m_st",0.91306763117391,0.780238849481577,0.833391218937662,0.856953016081436,0.886360348471965,0.950668057062392,1.02120302682966,1.07200311704127,0.950668057062392
"ptc-miR478n_st",0.977375339764336,0.950668057062392,0.619236258074674,0.950668057062392,0.950668057062392,0.950668057062392,1.10055964421233,0.950668057062392,0.950668057062392
"ptc-miR478o_st",0.977375339764336,0.977375339764336,1.00408262246628,0.939780207254982,1.15695348061009,0.772648013322081,0.805529199477485,0.977375339764336,1.2006717430963
"ptc-miR478p_st",0.857891945238911,1.07200311704127,0.937913395401041,0.805485729787015,0.977375339764336,1.09168463887355,0.977375339764336,1.0540895063642,0.977375339764336
"ptc-miR478q_st",0.902380139891591,0.84482218914893,0.902380139891591,1.03989992442222,0.902380139891591,0.950668057062392,0.930936667062656,0.805503150561607,0.843098283070961
"ptc-miR478r_st",1.43632885946456,1.19503155918472,0.674880567596458,0.882667239434494,0.882667239434494,0.758303682343126,0.882667239434494,0.948549050968442,0.838834258990039
"ptc-miR478s_st",0.977375339764336,1.2006717430963,0.759638797291049,0.836358757953178,0.631257368813418,0.836358757953178,0.869239944108582,0.551644803717536,1.07093327980997
"ptc-miR478u_st",0.902380139891591,0.950668057062392,1.399532671941,0.950668057062392,0.950668057062392,0.950668057062392,0.906835076617937,0.950668057062392,0.877104718684354
"ptc-miR479_st",0.879425132524645,0.950668057062392,1.05364455454487,0.733474900138875,0.757944349701983,0.858991887522498,0.857891945238911,0.65633901748622,0.685544104204998
"ptc-miR480a_st",1.49827757503256,1.04453962966838,0.897683424135516,1.14870846207455,1.07033489839768,1.34011952141707,1.14870846207455,0.754240644101319,1.18629691275791
"ptc-miR480b_st",1.05049207041647,1.04942223318517,1.17075729316404,1.51713686683191,1.47469899110117,1.25218540611785,1.17075729316404,1.2145902736085,0.798866412470453
"ptc-miR481a_st",1.23720302966859,0.836358757953178,0.885601749970752,1.08742394971268,1.04454850852216,0.931589929761325,1.07310503569323,0.779029866460931,0.923213448543283
"ptc-miR481b_st",0.913072924553037,0.913072924553037,0.701490631773567,0.968253903867163,0.891539737267304,0.750495964519637,0.995342609007451,0.913072924553037,1.07200311704127
"ptc-miR481c_st",0.885369160107328,1.18013851269702,0.7873262342706,0.977375339764336,0.874710270862773,0.977375339764336,1.10055964421233,0.884739635889552,1.30869338176294
"ptc-miR481d_st",0.977375339764337,1.13988438948802,0.947423101016027,0.970649139618191,1.48860730606759,1.22052968409318,1.74844008449558,1.40796201146243,1.02261242063994
"ptc-miR481e_st",1.23922316506451,0.911841816788634,1.07200311704127,0.83327677283202,1.07200311704127,1.07200311704127,0.869239944108582,1.34008073901568,1.16221319468892
"ptc-miR482.1_st",0.977375339764336,0.854703081705044,1.24413861185793,1.36250218053137,1.144191016321,1.63892628734638,2.10982533784228,1.31266628976801,1.11227708001654
"ptc-miR482.2_st",1.07776218352526,1.40835948968191,1.40079057920553,0.851779174776406,1.40332115903987,2.51227139842866,1.50057513539328,1.40079057920553,1.07538132123009
"ptc-miR530a_st",1.23922316506451,1.2006717430963,1.34970552202897,1.11097917781972,1.56109264307433,1.77257702540038,1.34970552202897,1.34970552202897,1.34970552202897
"ptc-miR530b_st",1.18376745983471,0.950668057062392,0.869239944108582,1.01187784985739,0.835896928129856,0.825260686278665,0.955366841431375,0.755824783199827,0.869239944108582
"ptc-miR827_st",0.832312091712418,1.07200311704127,1.01065163649734,1.18719709415903,1.03143649322647,1.67744532864587,0.869239944108582,0.839013445895884,0.967682071950914
"ptr-let-7a_st",13.3572067189785,13.3205917792865,13.3969065825007,13.3605615393053,12.9587028066672,12.8545601899819,13.384803882083,13.1560554915363,13.4812981760586
"ptr-let-7b_st",13.8044111626121,13.9367267267472,13.8834963962221,13.8856708060785,13.7862064192275,13.7910207338971,13.8260504927849,13.7780934383223,13.6288103191146
"ptr-let-7c_st",12.6143791870573,12.434914061311,12.5690375425487,12.4455068642724,12.0715155927862,11.9460110753512,12.6690432379295,12.3728234483435,12.4373888173037
"ptr-let-7d_st",12.2350532831354,12.3413896685737,12.3294120186991,12.3040812387528,12.1806146925799,12.0596234647319,12.2742265020326,12.2366618047038,12.2546349921883
"ptr-let-7e_st",11.9014847626568,12.1813034172607,12.0190699109947,12.0003827299344,11.9582221729814,11.9649195805281,11.9427035314506,11.9070069940677,11.7442422143101
"ptr-let-7f_st",9.37549262091377,9.4055431644385,9.21770491212768,9.17681886398132,8.77060786211849,8.29101200649708,9.37030700739756,8.72990546761541,9.4679037928377
"ptr-let-7g_st",8.64001561533225,8.90378142859018,8.7033357229852,8.77779040661419,8.06972982572641,8.35580585652971,8.86240987652525,8.27140891238718,9.01663065834952
"ptr-let-7i_st",9.97750719442161,10.0352158348541,10.0661326918408,9.83448189586493,9.81821453270416,9.69306385839841,10.0297651323191,9.81038072220548,10.0841979600553
"ptr-miR-1_st",0.820378972958907,1.04494122584084,1.16404506885338,1.03143649322647,0.753182251660275,0.835542331530143,0.950936574584121,0.795800955704956,0.912385152615915
"ptr-miR-100_st",11.6903446981647,11.7654369905389,11.641578036349,11.6011144758758,11.6151473732386,11.7049474284417,11.6143127460115,11.7468608755036,11.5557392538506
"ptr-miR-101_st",2.06422223340021,2.85340791958289,2.7267909119009,1.58884451717269,2.10254730656352,1.28131703770146,1.68410895417916,2.42795656453895,3.20710088487595
"ptr-miR-103_st",13.2594549307851,13.2628620023093,13.2263619398931,13.2808337914777,13.4253723488438,13.4445131248635,13.3434688838915,13.3618817910365,13.2299274904752
"ptr-miR-105_st",1.23922316506451,0.995288950441411,0.930464348729526,1.25862028061999,0.866341672178827,1.07200311704127,0.921626940277954,1.07200311704127,1.07200311704127
"ptr-miR-106a_st",12.6990907394092,12.6998719413029,12.6470193661357,12.689062003403,12.7298884255937,12.7189191785619,12.728051456988,12.7191510833922,12.560051751118
"ptr-miR-106b_st",11.7948848955478,11.6830398863189,11.7800686193726,11.7720374401295,11.7920866324508,11.6940713622253,11.7961590625617,11.7139716606162,11.6132133844084
"ptr-miR-107_st",12.9080889786223,12.7854099753849,12.8452017688591,12.7922324110017,12.847776422373,12.9249996181545,12.8951635200434,12.7922324110017,12.8211757000014
"ptr-miR-10a_st",1.75366846546869,2.26625940974611,1.79576233810565,1.46750822995379,1.54939465967587,1.79576233810565,1.3689768451549,1.98546639640319,1.94183583874164
"ptr-miR-10b_st",1.23733418949432,1.2006717430963,1.15695348061009,1.37683008984054,1.40332115903987,1.2006717430963,1.08664111370014,1.04174155060807,1.6079358822632
"ptr-miR-1178_st",0.646309652459441,0.587391608721715,1.4386152689569,0.869239944108582,0.836358757953178,0.869239944108582,0.869239944108582,0.976827138874604,0.869239944108582
"ptr-miR-1179_st",1.04317907970575,0.913072924553037,0.950668057062392,0.913072924553037,0.780352710551547,0.950668057062392,1.08496253453036,0.913072924553037,0.869239944108582
"ptr-miR-1181_st",2.16256823907523,2.17497387683482,1.79088010036787,2.93325801928959,2.13842097629351,2.21308812251007,2.39892599031251,3.05373084082191,2.12351809250375
"ptr-miR-1182_st",1.68268715093672,2.05098418638003,1.32414800855792,1.18936098760244,1.45239799533525,1.18432037336085,1.26659005781526,1.33796506807278,1.02716443848455
"ptr-miR-1183_st",1.8918007508921,1.72458070286887,1.27144615203589,1.72458070286887,2.02231769840989,1.45593032245513,1.80922743810386,1.43160745228853,2.17416385509765
"ptr-miR-1184_st",5.01218116407124,4.74493062810336,3.75492134819857,4.18899748703009,4.74493062810336,5.28082729337632,4.99698618146205,5.66964308340735,4.0333474639216
"ptr-miR-1185_st",1.07200311704127,1.12933200853352,0.853544519067583,1.23357053118229,1.07200311704127,0.836358757953178,0.977375339764336,1.2145902736085,0.86960013090743
"ptr-miR-1197_st",0.646309652459441,1.24450472354076,1.25842325405295,0.913072924553037,0.717995189279745,0.825546721659293,0.859011771090904,0.700171997930675,0.994501037506847
"ptr-miR-1201_st",1.34691219068837,1.17969214266514,1.47934154894149,0.811524819250054,1.50019547564751,0.836358757953178,1.6089782988081,0.913072924553037,1.2006717430963
"ptr-miR-1202_st",3.4703805073216,2.58738283753162,2.32564999909875,2.58738283753162,2.03333736905016,2.18567515612265,2.53577115711782,2.7319427119343,3.59345934415997
"ptr-miR-1203_st",1.21501385312986,0.861938611479671,0.965010167095955,1.25209408202626,1.18253333413659,1.05701634675296,0.855323011051576,1.44750894853741,1.15237004071599
"ptr-miR-1204_st",1.13153413944064,1.19454861311945,1.52519759375852,1.39303868743879,1.15695348061009,1.04926445498622,1.35969060137833,1.15695348061009,1.09919491915642
"ptr-miR-1205_st",0.868307977192524,1.07000131289391,0.730788192661892,0.868307977192524,1.11818852166751,0.950668057062392,0.868307977192524,0.786872813741695,0.802486068901428
"ptr-miR-1206_st",0.977375339764336,0.836358757953178,0.797944527602396,1.24148457389803,0.950668057062392,0.93871781300087,0.748974721361005,1.07200311704127,0.950668057062392
"ptr-miR-1207_st",1.02723745048548,0.751697347900628,0.706730894384898,0.869239944108582,0.869239944108582,0.885967963584749,0.897796471279647,0.702019896085346,0.869239944108582
"ptr-miR-1208_st",1.5310369597944,1.5310369597944,1.5310369597944,1.5310369597944,1.60775692045653,2.85900482110441,1.43640918251747,1.20174859873703,1.43424598654157
"ptr-miR-122_st",0.977375339764336,1.03160923552051,1.28131703770146,1.11269017229039,0.896190196934431,0.713174453505179,0.950181122566702,1.2875468343757,1.03417761175916
"ptr-miR-1224-3p_st",1.23922316506451,1.33199927688799,1.15462921751426,1.79027357140273,2.10406424143139,1.65049033206815,1.70367875234181,1.19519584132906,1.96197133857626
"ptr-miR-1224-5p_st",6.8533901580628,7.19904981759548,6.00357536498338,6.78924996085389,6.42333397503719,6.8239187329218,6.82717323219848,7.0062636314276,6.40660839392849
"ptr-miR-1225_st",2.31634865333505,2.04545278230703,2.01798017243199,2.24557161841625,2.24557161841625,2.24557161841625,2.46499412219902,2.24557161841625,2.12351809250375
"ptr-miR-1226_st",2.75319038357887,1.85381653436867,1.31196149684222,2.7319427119343,1.60112432042866,2.09698543498255,1.73076107029527,1.85381653436867,1.02965283549024
"ptr-miR-1227_st",0.857891945238912,1.42371569005053,1.04187837272214,1.67650239699615,1.94117589523998,1.26634857160584,1.3590483885156,1.65927932350879,1.3590483885156
"ptr-miR-1233_st",1.53673296985797,1.04693597262697,1.0663857593597,1.26442616437186,1.26442616437186,1.26442616437186,1.34279972804872,1.26442616437186,1.25050763385966
"ptr-miR-1234_st",2.06025031758105,1.07200311704127,1.56438920302716,1.54353527632115,2.24786128418879,1.491949570201,1.81853001164583,2.33648969534992,2.00128701486616
"ptr-miR-1236_st",1.11996249633156,1.1733469747439,0.633676011778936,0.844232117057063,1.84791672817977,1.15695348061009,1.12859617696083,1.32878586100629,1.74844980811092
"ptr-miR-1237_st",1.72831745532899,1.26669450019764,1.55918925117351,1.93107391698692,2.96610689936228,2.43848230831281,1.93107391698692,2.12362107242586,2.32824541894601
"ptr-miR-1244_st",1.61107077049997,1.19497367737851,5.65804544390282,2.37571510098298,1.92406924724118,1.52458647081233,1.45917456363767,1.6460247045387,2.68742134826014
"ptr-miR-1245_st",0.872461058809722,1.05943955809652,1.3004037354446,1.29507142449182,0.77143098786254,0.950668057062392,1.13287487537393,1.13507124928612,0.899655276007356
"ptr-miR-1246_st",2.97806421011682,2.4236356359934,4.92527664835861,1.37285434240634,6.29651704870698,5.80663080087639,6.35528825708391,3.30420382998182,3.65322580455404
"ptr-miR-1247_st",1.20257339717045,1.08230817442287,0.960973114443989,0.913072924553037,1.43103109100243,1.43103109100243,0.842882555092158,1.08230817442287,1.55969971705746
"ptr-miR-1248_st",1.05880345271815,0.950668057062392,0.873948096400263,0.913072924553037,1.16492495170853,0.950668057062392,0.950668057062392,0.950668057062392,0.965654827350699
"ptr-miR-1249_st",1.53547612916367,1.54139269514401,1.36624087929384,1.01751796271427,1.71655234773835,1.63218274051422,1.17481619396971,1.54939465967587,1.53547612916367
"ptr-miR-124a_st",0.857891945238911,1.38623551470698,0.740571318053552,0.805485729787015,0.740571318053552,0.945959904770711,0.869239944108582,0.869239944108582,0.869239944108582
"ptr-miR-1250_st",0.876631231484856,1.14734571147738,0.977375339764336,0.977375339764336,0.73641116241625,0.792972147540608,0.977375339764336,1.54939465967587,0.977375339764336
"ptr-miR-1251_st",1.17171715649443,1.07200311704127,0.995283156379141,0.941896961888561,1.07200311704127,1.3166828485216,1.16860803912609,1.07200311704127,1.07200311704127
"ptr-miR-1253_st",0.642594689244611,1.53417890662895,0.962401970223737,0.913072924553037,0.929520784068332,1.37447906381661,1.45285262749348,1.30775229972365,0.759638797291049
"ptr-miR-1254_st",1.63306104097729,1.49204445916613,1.45147162047114,1.60635375827534,1.44377679824194,1.65387136532782,1.68807467598129,1.94163568623004,1.89347714996364
"ptr-miR-1255b_st",1.17455894296092,1.81912034438589,1.17455894296092,0.806527312532086,1.05322388298204,1.05701634675296,1.07993116568398,1.2171776470056,1.01477466087176
"ptr-miR-1256_st",1.49197158426994,1.07390884725571,1.12052003335929,1.26301776118376,0.950668057062392,1.07390884725571,1.11788810508563,1.5103292841514,1.11788810508563
"ptr-miR-1258_st",0.811234136621763,1.04189342651646,0.856997042549304,0.931499359369341,0.979787276540142,1.05701634675296,1.05098275389477,0.813135790695908,0.736455238168642
"ptr-miR-1259_st",1.23922316506451,1.37414714859473,1.10323062935603,1.01720246910347,1.28131703770146,1.40332115903987,1.28131703770146,1.30217096440748,1.28131703770146
"ptr-miR-125a_st",5.82564217816132,6.55019823416279,6.60529819001253,6.42885118356908,6.81430610563141,6.66301787767858,6.08126472769926,6.29975473495819,6.11771301759793
"ptr-miR-125b_st",11.21703882764,11.0932289522142,11.26732318964,11.1786512001839,11.003810083159,11.0233485160084,11.17113712158,11.17113712158,11.2574210449588
"ptr-miR-126_st",2.69675230395367,2.83197552341121,1.67259920356616,3.47034495361305,1.68268715093672,1.87038771560956,2.9162380012239,2.76673834590439,3.53320906789691
"ptr-miR-1262_st",0.72773776541325,1.28589649135796,1.03589280532405,1.10642865799496,0.91400561066437,0.950668057062392,0.830402834314814,0.950668057062392,0.950668057062392
"ptr-miR-1263_st",0.992614464746352,0.836358757953178,2.17293538542356,1.74709539149244,2.0396428941627,1.40332115903987,1.21554475639549,1.40332115903987,0.965609338865752
"ptr-miR-1264_st",0.998317868730527,1.2006717430963,1.15695348061009,1.26630380349,1.2006717430963,1.34674524373229,1.03668825786251,1.2006717430963,1.02166884452793
"ptr-miR-1265_st",1.03281306028538,1.33742102681286,0.950543375830962,0.913072924553037,0.950543375830962,0.950543375830962,0.682624602859692,1.08326358983245,0.876980037452925
"ptr-miR-1266_st",1.66406311548037,1.66406311548037,1.87945940084889,1.61209983445862,1.71807669998473,1.66406311548037,1.22059912960815,2.07317975272117,1.66406311548037
"ptr-miR-1267_st",1.10866556343929,1.20329334071623,1.10866556343929,1.56959804371852,1.10866556343929,1.57676244076752,1.10866556343929,1.01178857410931,1.09474703292709
"ptr-miR-127_st",1.06756558561209,1.29061603400756,1.20051452405075,1.35969060137833,1.54939465967587,1.84863159629651,1.35969060137833,1.35969060137833,1.50829468184867
"ptr-miR-1271_st",7.29709891596578,7.44885438417318,7.09670690468721,7.3121315750543,7.29709891596578,7.38117711481299,7.33566049890284,7.20115797450423,7.02661088188221
"ptr-miR-1272_st",1.20916801996458,1.26119753363241,1.463523856013,1.4864468603329,1.00962596173303,1.23922316506451,1.23922316506451,1.23922316506451,1.02990924440432
"ptr-miR-1273_st",0.977375339764336,1.32542313313443,1.07200311704127,1.10793294138955,1.15002681402651,1.10793294138955,1.17691739799588,1.10793294138955,0.893680457401123
"ptr-miR-1274b_st",4.07795647384769,2.01033166085215,2.23086802959903,2.75726435553789,4.26838126552823,3.68191132365709,4.49957120759665,4.46771509041747,4.21120754946288
"ptr-miR-1275_st",8.24073290863673,8.7620790325099,8.64041737625593,8.82109110052866,9.07930490059115,9.0169411149414,8.59468562118944,8.37411553816231,7.98386241010649
"ptr-miR-1276_st",0.977375339764336,1.10055964421233,1.2215552692174,1.33961298434337,0.954486143576342,1.23385213547319,1.10055964421233,1.10055964421233,1.10055964421233
"ptr-miR-1278_st",0.977375339764336,0.962607496857466,1.31684786063504,1.52854073296985,1.07200311704127,1.26205222253501,0.977375339764336,1.1020582621412,1.00232034490892
"ptr-miR-128_st",6.38662914762551,6.60279948675035,6.37006592068306,6.29243257452814,5.74424855474461,6.13483527041434,6.21794543943612,5.89622026698637,6.43526842638235
"ptr-miR-1280_st",7.84259808681908,6.81503427423648,7.01672070171511,6.99927710867966,7.12748338631324,7.28392492551299,7.71442308165032,7.59314006840911,7.28392492551299
"ptr-miR-1281_st",4.43753966430457,4.75245892852042,4.10622728759137,4.91913919757048,5.08758299979632,5.28455388224664,2.78258148615229,3.51563028759578,4.61916537454734
"ptr-miR-1282_st",0.829743157525083,1.03143649322647,1.48638796954392,1.03143649322647,1.03143649322647,0.84481932964775,1.23922316506451,1.03143649322647,1.03143649322647
"ptr-miR-1283_st",0.915374711015428,0.809897825979638,1.26303237681261,0.791737864574159,0.950668057062392,1.15695348061009,0.842779012135043,1.40561953337984,0.950668057062392
"ptr-miR-1284_st",1.03143649322647,1.07200311704127,0.947977862157972,1.03143649322647,1.17033148789449,0.836358757953178,1.10055964421233,0.65633901748622,1.07200311704127
"ptr-miR-1285_st",5.3759924299043,5.80285162962875,5.85916684709019,5.42444327394834,6.16073947648836,5.5457942608586,5.86090363752175,5.03560442160758,5.00720549768012
"ptr-miR-1286_st",1.33916029892164,1.04755786042629,1.03143649322647,1.24652351061641,1.4446670171116,1.15695348061009,1.15695348061009,1.10661514082751,0.859575931148178
"ptr-miR-1288_st",1.15190392954029,1.11335250757209,1.33148207038605,0.846884986272953,0.852666992919646,1.15190392954029,1.35969060137833,1.00796050734037,1.04376853388454
"ptr-miR-1289_st",1.78256757676035,1.08861561944043,1.37266448928221,1.05701634675296,1.05701634675296,0.84960652913407,1.08164923820897,0.913072924553037,1.05701634675296
"ptr-miR-129_st",1.49400420484061,1.2006717430963,0.971968052699206,1.45404096571284,1.45404096571284,1.45404096571284,0.919959750781548,1.54634920129041,2.25371542845267
"ptr-miR-1290_st",0.970241803442191,0.977375339764336,0.977375339764336,1.03143649322647,1.1914865115667,0.618868566208295,0.977375339764336,0.977375339764336,1.44163592044439
"ptr-miR-1291_st",1.68268715093672,0.826304499971024,1.01358608095303,0.913072924553037,1.30302698124609,1.15695348061009,0.977375339764336,1.2145902736085,1.49715664875922
"ptr-miR-1292_st",4.19924077579523,2.65151184539959,4.64673853989525,3.7280123246258,3.48654171399405,3.08588435105128,2.58361815043655,3.64148229433066,3.64148229433066
"ptr-miR-1293_st",2.0932045899818,1.93107391698692,2.24002440943618,1.93107391698692,1.8167646178777,1.84863159629651,1.72938058128553,1.96295820939293,2.20629295609523
"ptr-miR-1294_st",1.10866556343929,1.38097580062815,1.15695348061009,0.99802328812186,1.15695348061009,1.15695348061009,1.15695348061009,1.12839695343903,1.18352580376775
"ptr-miR-1295_st",1.15331747300597,0.836358757953178,1.10866556343929,1.0191218639563,1.00799694855464,0.950668057062392,0.970973046094088,0.950668057062392,0.869239944108582
"ptr-miR-1296_st",3.60489648560714,3.08588435105128,3.60489648560714,4.09970219327623,4.43536370773688,4.18018204050276,2.72554508448322,3.35497311531998,3.79533640277761
"ptr-miR-1297_st",1.14459538778757,1.07200311704127,0.84677017757378,0.977375339764336,1.18668926042453,0.782297604491044,0.977375339764336,0.977375339764336,0.950668057062392
"ptr-miR-1298_st",0.76700860705995,1.01815061923522,1.63667612862561,0.751633231980969,0.754445048115195,1.05880345271815,0.977375339764336,0.675505683283903,1.02120811099213
"ptr-miR-1299_st",0.948818812593272,1.07200311704127,0.963867721385516,1.66160422337553,1.07200311704127,1.05701634675296,1.07200311704127,1.14871728364113,1.07200311704127
"ptr-miR-1302_st",0.918107348394862,0.715753474029088,1.03143649322647,1.03143649322647,0.836358757953178,1.1670608698258,1.10055964421233,1.54939465967587,1.03143649322647
"ptr-miR-1303_st",1.67205035435385,1.69490976632758,1.74543116410434,1.82048753878116,1.57326384351277,1.65051716706811,2.53751842422756,2.7319427119343,3.01873771771221
"ptr-miR-1306_st",1.34556548439927,1.65360710979123,1.68268715093672,2.06004208770213,1.17834543637603,1.65360710979123,1.53966283908399,1.65360710979123,1.91317464562919
"ptr-miR-1307_st",8.94399009014995,8.85740397073432,8.78766644389181,8.99272930929566,9.28936040490841,9.26531908665697,8.98969046981255,9.03868836409589,8.70621115682142
"ptr-miR-130a_st",9.30819471414628,9.20798990018126,9.35807307860043,9.38955468138904,9.18523128060577,9.23700648789324,9.34747976504688,9.26604682684786,9.54314226111917
"ptr-miR-130b_st",9.03884846085615,9.15931632964125,9.02680904686535,9.14198107882964,9.19701132259258,9.23409391919581,9.04793849216858,8.99257770427211,8.83203109994079
"ptr-miR-1322_st",0.977375339764336,1.33329504942976,1.15695348061009,1.13957188888222,1.38945243335721,0.836805127985063,0.977375339764336,0.847128959175459,0.977375339764336
"ptr-miR-1323_st",1.79947013013983,0.950668057062392,0.950668057062392,0.913072924553037,0.848002988160828,0.950668057062392,0.950668057062392,0.994501037506847,0.950668057062392
"ptr-miR-1324_st",0.82267248746901,0.845647803786038,0.97847658547837,0.882404928036585,0.73641116241625,1.24861830674455,0.755546293829229,0.742600342538981,0.818650506761029
"ptr-miR-133a_st",1.07385236151039,1.07272949405278,1.43055068987998,0.866065689672354,0.649577857445456,0.912152296954755,1.10055964421234,0.68032651419327,1.187038793162
"ptr-miR-133b_st",1.1490135303658,0.950668057062392,0.950668057062392,0.913072924553037,0.788159007338707,0.950668057062392,0.977375339764336,0.950668057062392,0.950668057062392
"ptr-miR-134_st",1.80120434143669,3.14256211539918,1.96901661564924,2.61532458177723,2.9038133704974,4.09857068276151,2.11890820279918,2.84978563849788,2.85679355820495
"ptr-miR-135a_st",0.646309652459441,0.703668034791587,0.931063829438619,0.985175789785943,0.549432663129457,0.73641116241625,0.818680846870663,0.773881613694174,0.694169476535045
"ptr-miR-135b_st",1.01497047227369,0.950668057062392,0.77143098786254,0.994501037506847,1.60501449474126,0.810097845283118,0.569776836533286,0.779029866460931,1.07200311704127
"ptr-miR-136_st",0.950668057062392,0.950668057062392,0.920715818314082,1.00472921052453,0.950668057062392,0.950668057062392,0.950668057062392,0.950668057062392,0.950668057062392
"ptr-miR-137_st",1.07200311704127,1.08698988732958,0.812453674961486,1.00491496343348,1.12933200853352,1.12933200853352,1.12554130929778,1.1271840963554,0.759638797291049
"ptr-miR-138_st",4.93470504638687,4.27238783469097,3.94418078778235,4.7999798868369,5.08108015342062,5.37089824251211,3.7135058319658,4.09476779442892,4.58144165047464
"ptr-miR-139_st",2.3391191230164,1.29139495902172,1.13658969294637,1.78787456372876,1.13658969294637,1.19000058017861,1.40079057920553,1.40079057920553,1.40079057920553
"ptr-miR-140_st",0.95533894219344,1.43430356748234,1.27514622317257,2.02852091394144,1.46962077626605,0.950668057062392,1.31547435829918,1.29444228951495,2.62239785633474
"ptr-miR-141_st",8.02452355378022,7.42138811153289,7.98945475625899,7.94959384559577,8.47408812418758,8.32464039645127,8.3584945529333,8.60050320368584,8.39279063528261
"ptr-miR-142_st",0.825688887960864,0.970401816045284,1.08292490084993,1.26442616437186,0.840970059320131,1.09230999375289,0.825688887960864,0.913072924553037,0.710309751620349
"ptr-miR-143_st",0.977375339764336,0.977375339764336,0.977375339764336,1.05814377592841,0.977375339764336,0.977375339764336,0.895015259894469,0.977375339764336,0.977375339764336
"ptr-miR-144_st",1.09045900709001,1.00820885835167,1.03143649322647,1.03143649322647,1.27003714793577,1.32881404268838,1.23922316506451,1.00498062990039,0.742881385224356
"ptr-miR-145_st",1.44483015922581,0.843005603173267,1.07393039267606,1.54775828715415,1.28131703770146,1.1480245464406,1.1480245464406,1.25352520838161,1.06307418287178
"ptr-miR-146a_st",1.40332115903987,0.760121112522036,0.934403142845554,0.971735844366549,2.69595973415519,1.90096775473921,2.10254730656352,1.16267857065573,1.40332115903987
"ptr-miR-146b_st",3.12007097918164,1.83267430751222,1.55504951679318,2.17739770964841,2.11404724604723,1.68268715093672,2.90453873374882,2.64923139742406,3.88355631933467
"ptr-miR-147a_st",1.39112733530476,0.87343898684957,1.03143649322647,1.18719709415903,1.00472921052453,0.817153729544808,1.14979431370157,0.835843854340216,1.04604998850181
"ptr-miR-147b_st",0.977375339764336,0.686549051695104,0.977375339764336,1.05814377592841,0.763118445118194,0.977375339764336,0.977375339764336,1.02214100632012,0.819377833387436
"ptr-miR-148a_st",4.06359718235813,3.21073483241663,2.24393147586697,2.52082650494571,2.46470419514124,2.32278609993355,2.92921574492597,2.44412115991243,3.28454341466752
"ptr-miR-148b_st",4.97983798662284,4.1347526926009,4.04926514342458,4.20667784864527,3.35202732051765,3.32283020679216,5.16495045675049,3.74026261588047,5.19298554080267
"ptr-miR-149_st",8.51763844090145,8.44259282382488,8.42013758191184,8.63253744783469,8.49959312526423,8.51763844090145,8.38866924302469,8.56642127127568,8.60770710465138
"ptr-miR-150_st",0.791068593997959,1.62758558307324,1.28131703770146,1.68702505768105,2.26128764195091,1.28131703770146,1.21901127063284,1.56615345698191,1.28131703770146
"ptr-miR-151_st",8.87812277289665,9.1937588163194,9.02912247339906,9.07694301306388,9.03622194422801,9.02270253732686,8.82162867152009,8.96300011564338,8.94611017311164
"ptr-miR-152_st",6.36008819556839,6.58086005192848,6.30961580034867,6.43475113602631,6.17532331383341,5.83577043158553,6.49972055524145,6.15520058279968,6.41739174544822
"ptr-miR-153_st",1.11644729621357,1.29602543705933,1.25326606215512,1.26093230151029,1.40332115903987,1.28577856283192,1.43704201887049,1.37273960365919,1.29602543705933
"ptr-miR-154_st",1.08396054832325,0.950668057062392,1.1900936763931,0.80206397659205,0.950668057062392,0.950668057062392,1.35139768603429,0.950668057062392,0.869239944108582
"ptr-miR-155_st",9.45367787717237,9.56344963934298,9.44183517667717,9.4911144584234,9.68808995172094,9.68234192909607,9.6532553739714,9.31062569245186,9.41161202365983
"ptr-miR-15a_st",8.64050266301902,8.36109034327791,8.60122636213046,8.49215782798388,8.08388068181292,8.12650480762833,8.83590615477462,8.65468919609695,8.85178698247306
"ptr-miR-15b_st",11.0562936883893,11.1058552646266,10.7790288668913,10.9795815934119,10.1927339803949,10.3242334468092,11.0848552229919,10.7181985807048,11.0515779162121
"ptr-miR-16_st",12.8288925088131,12.8891476846919,12.968955312244,12.9887325952512,12.8091475077373,12.883729925421,12.8686242865947,12.8464016809984,13.0508457594741
"ptr-miR-17-3p_st",6.62279628180769,6.59399981217868,6.40160828849457,6.66995468634622,6.66995468634622,6.85313630568342,6.93241939642349,6.61818153647915,6.71642584199863
"ptr-miR-17-5p_st",12.9033523417827,12.962136975924,12.9286094454313,12.9560120398482,13.0708410672385,13.0835929653045,12.953470492835,12.9560120398482,12.8852654741176
"ptr-miR-181a-star_st",5.36220095095113,5.17831232854828,4.77019051414065,5.95530568512963,6.17068369182368,5.96931198901753,5.94119478810041,5.83049441030204,5.69387113096984
"ptr-miR-181a_st",10.6385831853057,10.7152826966707,10.4865858973953,10.6996259950845,10.6655756796399,10.8155552730512,10.7273938319212,10.6450665630242,10.6655756796399
"ptr-miR-181b_st",10.4481038040073,10.4806988967523,10.5978900450718,10.4400247086021,10.7646369030921,10.6506825416079,10.365570380787,10.5101608981169,10.3412159204064
"ptr-miR-181c_st",5.25394679458596,3.88577911126581,3.49426261851939,2.46621403970961,2.10979068251223,1.88876636967432,4.27762783314994,5.1072622031211,1.85884055398693
"ptr-miR-181d_st",4.40764287225267,4.24351632068118,4.42490845559741,4.06462111047622,3.63836249875761,4.48051233937684,5.28817508890612,2.10740804704133,5.30754857996275
"ptr-miR-182_st",10.0706001563416,10.2930154889927,10.1509581768874,10.2047188897862,10.2023728033984,10.087496860478,10.1007461398096,10.1338702817933,9.98115362672868
"ptr-miR-1825_st",2.10818856272234,1.515099899019,1.65553546074486,2.23340813665232,2.48622487353542,3.02121605701751,2.38755455461919,2.19556867652271,2.38755455461919
"ptr-miR-1827_st",1.27465253298484,1.07200311704127,1.02828485455506,0.846665790080414,0.969338048139706,1.18010907820954,1.21301969885243,1.54939465967587,1.09868096525573
"ptr-miR-183_st",7.6899430452455,7.61133867551112,7.67838656876756,7.62321433133728,7.20533661842053,7.3046740110757,7.72841425607542,7.45639946547656,7.94367373514315
"ptr-miR-184_st",1.44389399773486,2.29941417396821,1.19584713292727,1.66160422337553,1.19667030246647,1.28131703770146,1.27254763931879,1.48446062154966,1.64932340444395
"ptr-miR-185_st",10.0408705517847,10.2770050940294,10.3694629247678,10.2021822332469,10.2613021693941,10.4064462522947,10.1547378508868,10.1036294028618,9.92461169018074
"ptr-miR-186_st",1.57938737113189,1.40079057920553,1.44389399773486,1.26002034812277,1.37756294433073,1.40079057920553,1.52854073296985,1.2974907994007,1.40079057920553
"ptr-miR-188_st",3.59243058699401,3.9256781646592,2.3504972281596,3.34826524657828,3.52929921365882,3.59484276445337,3.22861839976609,3.05373084082191,3.90047481215146
"ptr-miR-18a_st",10.3511514155376,10.0505412069389,10.2004172515351,10.2706599259743,10.268658280342,10.2976689235812,10.3358102116167,10.2794079994829,10.3070215714873
"ptr-miR-18b_st",8.10927256713153,7.62501230052916,7.47461176676874,7.72712660329926,7.36964992516703,7.408587957727,8.09594155405574,7.87453824814948,7.77831584316474
"ptr-miR-190a_st",1.09168463887355,1.16928597571059,1.25578263284892,0.977123920388476,0.950668057062392,0.911333816745537,0.869239944108582,0.841897913666698,0.803129530871436
"ptr-miR-190b_st",0.886468025369343,0.967896138323152,0.646309652459441,1.1425210920269,0.750242483585738,0.745897813590069,0.886468025369343,0.688122552065938,0.967896138323152
"ptr-miR-191_st",12.1180482975342,12.2195833712032,12.2429248328806,12.1539161374191,12.2413525663753,12.2820997241493,12.1095197865455,12.104709468889,12.0901839653399
"ptr-miR-192_st",6.79656322492771,6.94436291851847,6.6738843393395,6.95908781302565,6.71642584199863,6.75996841528945,7.01256679977761,6.6722487985494,7.04872332274706
"ptr-miR-193a_st",1.7273741840408,1.33561805239113,1.1653312248662,1.50731609459138,1.44111871433214,1.44111871433214,1.35969060137833,1.96490380737744,1.7273741840408
"ptr-miR-193b_st",7.99530176436861,8.19060895907451,8.14106267838651,8.10346904970936,8.30394587212282,8.13467116665087,8.10120488692089,7.97725687387523,8.12414124386155
"ptr-miR-194_st",7.65457973939508,7.72517997746793,7.21379549097625,7.74219365569139,7.65457973939508,7.35227591931687,7.65457973939508,7.7562348095857,7.84267665706511
"ptr-miR-195_st",4.4404241753026,4.27823190151137,3.44524274166134,4.27823190151137,4.16857485831795,3.06905343231105,4.74356477236665,4.27823190151137,4.92871000862549
"ptr-miR-196a_st",0.923963809464706,0.68494043043409,0.654043612675331,1.03143649322647,0.923963809464706,0.923963809464706,0.923963809464706,0.981600602463113,0.881722123583502
"ptr-miR-196b_st",0.646309652459441,0.938868193282346,0.938868193282346,0.913072924553037,1.38907054167326,0.938868193282346,0.685150925463893,1.46143864719416,0.97174937943775
"ptr-miR-197_st",6.19342970452982,6.16737777607728,6.26510187345662,6.41024805990023,6.59114294516204,6.37775197398316,6.06472299507695,5.92950610767695,6.14496033128985
"ptr-miR-198_st",1.17929883902182,1.14074741705361,1.60524465829735,1.40079057920553,0.890743731019703,1.17929883902182,1.17929883902182,1.74186171072257,1.07200311704127
"ptr-miR-199a-3p_st",0.977375339764336,0.944494153608932,0.950668057062392,1.20726883837285,0.844546558072004,0.999859020753954,0.977375339764336,1.01484579104226,1.07200311704127
"ptr-miR-199a-5p_st",1.23922316506451,1.18810818415155,1.20503150505424,1.29328431852664,1.00112968486475,1.07545216916632,1.2006717430963,1.2006717430963,1.2006717430963
"ptr-miR-199b_st",0.972201244348125,0.850720461525464,1.06497735617161,1.02738222366225,1.39926688947566,0.950668057062392,1.09650537464812,1.02738222366225,0.983549243217796
"ptr-miR-19a_st",6.6809326110867,6.49638195905502,6.62483822543697,6.46384992093738,6.47298254437251,6.13585441006138,6.74591956632224,6.29072580039384,6.66322526206395
"ptr-miR-19b_st",11.2084328046688,11.2792072973581,11.1295195060607,11.1049741197228,10.749763141912,10.7491028094646,11.2229809279688,11.039629671018,11.2801457241167
"ptr-miR-200a_st",6.61752568480401,6.14212973359733,6.59408966989278,6.62843216472762,6.46546163106845,6.38588382548312,6.76218526531872,6.59408966989278,6.93560376371262
"ptr-miR-202_st",1.23922316506451,1.23922316506451,1.04562854844776,1.19865654124971,1.5622197146229,0.767221154297514,1.23922316506451,1.23922316506451,1.57054120706311
"ptr-miR-203_st",1.11627033443235,0.977375339764336,0.863066040655122,0.977375339764336,0.856040279785458,0.856040279785458,0.977375339764336,1.32272566926425,0.869239944108582
"ptr-miR-204_st",1.81208468395478,1.85812795003336,1.36882766049465,1.57329153075292,1.57329153075292,1.57329153075292,1.57329153075292,1.40079057920553,1.36422137415304
"ptr-miR-205_st",13.079361687537,13.1340713336959,13.2859212101848,13.1687753349714,13.1719218290459,13.1742951136539,13.159055898213,13.0408287311801,13.2277465075246
"ptr-miR-206_st",0.857891945238911,1.07200311704127,1.19722269097125,1.07200311704127,1.2309333095295,0.995288950441411,1.02990924440432,1.07200311704127,1.07200311704127
"ptr-miR-208a_st",1.36773910188716,1.12831348255645,1.29432805471693,1.03143649322647,1.09165103615843,1.41602701905796,0.646309652459441,1.47366381205637,0.869239944108582
"ptr-miR-208b_st",0.960067759768905,1.26442616437186,1.26442616437186,1.28358238022905,1.32117751273841,1.25553202299642,1.35969060137833,1.18880525890346,1.27913456372972
"ptr-miR-20a_st",10.3542359229649,10.1158282022912,9.90384127387621,9.94912772386732,10.0151147801124,9.95676512462188,10.4475548398121,10.1865860130679,10.4554483678676
"ptr-miR-20b_st",9.92961219975419,9.75641281848625,9.65014009781386,9.75641281848625,9.62304568988383,9.60192926998929,9.99897103113389,9.63473997582495,10.0120811053706
"ptr-miR-21_st",8.82686874067169,8.87598112108891,8.54323213973268,8.30349118822343,8.33186653141857,8.5717228349459,8.86042888181875,8.3649514969931,8.59049422125901
"ptr-miR-210_st",7.79183522581669,7.90551781518335,8.04475236967604,8.19501480930562,8.68579715584586,8.72317400562962,8.35901572565471,7.7743683723239,7.51695083522734
"ptr-miR-211_st",1.01403778616236,1.10866556343929,1.03143649322647,0.949735370951059,1.68268715093672,1.03195139683943,2.01054112690651,1.10866556343929,0.958773976289349
"ptr-miR-214_st",1.8079067248667,1.82751666141204,1.52854073296985,1.52854073296985,1.44777229680577,1.52854073296985,1.23922316506451,2.24786128418879,1.27517151035331
"ptr-miR-215_st",0.994634934043128,0.836358757953178,1.0820189706353,1.54757359397936,1.15788853570458,1.4784832583615,1.09245372498538,1.10055964421233,1.66447304489691
"ptr-miR-216a_st",0.893865785067571,0.755590321789099,0.6618406990367,0.913072924553037,0.948052168726328,1.11376769511952,0.977375339764336,1.05543319920859,1.18013851269702
"ptr-miR-216b_st",1.25855715058924,1.43236406860632,0.769241602213731,1.22577921814231,1.10055964421233,1.09281821412539,1.10055964421233,1.06296451170298,1.10055964421233
"ptr-miR-217_st",1.10866556343929,1.08664111370014,1.10055964421233,1.41290934833371,0.979224584233456,1.21486894332155,1.10055964421233,1.47879115986766,0.938363095094447
"ptr-miR-218_st",0.977375339764336,0.700296679162105,0.848671732018716,0.684150669808137,1.01595016066223,1.03561842063121,1.10055964421233,0.950668057062392,0.950668057062392
"ptr-miR-219-1-3p_st",1.28131703770146,0.960711853364747,1.28131703770146,1.59576033329234,1.17496874801089,1.46089517854722,1.28131703770146,0.960280715423344,1.83620439159669
"ptr-miR-219-2-3p_st",0.977375339764337,1.40181777998199,0.942151100875845,1.68287889959958,0.806163148844242,0.778722062593097,1.38096527760239,1.42206525542958,1.13722883614914
"ptr-miR-219-5p_st",0.874710270862773,0.763118445118194,1.00408262246628,0.936808715949537,1.46762357425117,1.28541696515629,1.23565840409999,0.913072924553037,0.950668057062392
"ptr-miR-22_st",11.5705724346453,11.3441522533812,11.7576144436147,11.7106834897195,11.7356260715913,11.7833772847361,11.6808987285158,11.6295267129772,11.6747282615592
"ptr-miR-220a_st",0.977375339764336,0.856040279785458,0.893916708695839,0.925114847156223,1.3004037354446,1.13152175773121,0.977375339764336,0.977375339764336,0.792520737709776
"ptr-miR-220b_st",1.30880713875205,1.00055290698708,1.2006717430963,1.30814442685806,1.09231002875292,1.2006717430963,1.2006717430963,1.25830853609471,1.2006717430963
"ptr-miR-221_st",12.3796115087027,12.3093320027349,12.3880111911318,12.3002258313665,12.3421707881415,12.2692055681156,12.4746734517672,12.3833033054934,12.410806247534
"ptr-miR-223_st",2.24786128418879,1.79704737715643,1.80817414400186,2.24786128418879,2.24786128418879,2.77172386709219,1.56331389464857,2.10795291439989,2.923022878626
"ptr-miR-224_st",6.09605783558639,6.30197858137633,5.90318628214656,6.50662416758933,5.72869738010916,5.76107064441419,6.53472090996482,5.62912748101192,6.86493011698996
"ptr-miR-23a_st",13.5736046853768,13.5834739852319,13.4978801088725,13.4857894835149,13.3995958361759,13.4091118130837,13.6237475678359,13.5219404227249,13.7402379516738
"ptr-miR-23b_st",12.5698795291227,12.6440759537429,12.5356432268526,12.5715664557043,12.568125796061,12.5731940086713,12.5123956089366,12.5590486324474,12.6097061961996
"ptr-miR-24_st",13.4698122024746,13.440651900013,13.4441182635802,13.475049737619,13.6123826827592,13.5521177301132,13.506658359249,13.507647620322,13.3990708927809
"ptr-miR-25_st",0.857891945238911,0.73641116241625,0.983549243217796,1.14574579233568,1.07200311704127,1.17132564586218,1.35969060137833,0.65633901748622,0.950668057062392
"ptr-miR-26a_st",12.1832245915105,12.3560286294534,12.2604673136352,12.3075138090875,12.1638756899698,12.1528734161414,12.2391817847889,12.2417906764645,12.2720928453476
"ptr-miR-26b_st",2.08989691081043,1.58169438557929,1.82048753878116,1.93107391698692,1.82048753878116,1.61562005408434,2.05572749634526,1.69273738501683,1.82048753878116
"ptr-miR-27a_st",11.0856236902065,10.4566315461998,10.5024372703798,10.7382375144057,11.2896285369536,11.2699337471534,11.2208953645946,11.1411454882645,11.2183353698561
"ptr-miR-27b_st",10.2911969103447,10.0328084575791,9.93157551380296,10.2675578074322,9.75820446483113,9.84254263869692,10.1828397537299,10.0790823360407,10.2500258626573
"ptr-miR-28_st",7.56908201034431,7.3591092184081,7.45914927216867,7.4709033616798,7.77633480486945,7.82083791548735,7.56938635497438,7.56908201034431,7.69306504930584
"ptr-miR-296_st",3.71074539413931,4.43870501802084,3.37073165829543,3.13465603107224,4.52531685246144,3.42387018304383,3.1887111699695,3.55013904563088,3.42387018304383
"ptr-miR-297_st",1.40332115903987,1.44807195682294,1.46095795203828,1.40332115903987,0.865860223323335,1.40332115903987,1.23922316506451,1.54542699477413,1.40332115903987
"ptr-miR-298_st",1.11306972668903,1.08636244398709,0.9467355643675,1.08636244398709,1.27696038972795,0.836358757953178,1.54166049100061,1.72001971592048,0.814564748051665
"ptr-miR-299_st",1.41802955839774,1.29602543705933,1.29602543705933,1.19059356762638,1.41802955839774,1.56247823343978,1.04524037168293,1.55994765360543,1.04121839097495
"ptr-miR-29a_st",11.5481819450666,11.3192907852767,11.4169915496419,11.3982347550117,11.3690804213945,11.4714636347836,11.7024799353744,11.4406615423116,11.7489150262437
"ptr-miR-29b_st",1.07200311704127,1.07200311704127,1.07200311704127,1.15277155320535,0.987052753472448,1.09036081692273,0.870309781339883,0.777674077465098,1.07200311704127
"ptr-miR-29c_st",4.34523287515866,2.4873427877041,3.25138639088014,2.88183263634966,3.03063602791898,3.56289547790324,4.47803713605254,4.11229280205829,4.36431722470647
"ptr-miR-300_st",0.977375339764336,0.950668057062392,1.13957188888222,0.92496912431244,1.32715318764788,0.900661173164477,0.977375339764336,0.977375339764336,1.41441546986356
"ptr-miR-301a_st",5.69813479656044,5.74172418622931,5.88809042961899,6.20430305822218,5.78122522127827,5.74958046521183,6.15297037718231,5.98800329426734,6.46835447180023
"ptr-miR-301b_st",0.977375339764336,1.18631241615048,0.842532661406638,1.14870846207455,0.656768438519618,0.950668057062392,0.842532661406638,0.886365641851092,1.06497735617161
"ptr-miR-302a_st",1.10866556343929,0.967648981628133,0.663290577025182,0.71303628466281,0.867701386091205,0.967648981628133,1.00053016778354,1.23157119817424,0.890929020966004
"ptr-miR-302b_st",0.895487077748266,0.950668057062392,1.12052003335929,1.03143649322647,0.950668057062392,0.935681286774085,0.977375339764336,0.913072924553037,0.988263189571746
"ptr-miR-302c_st",1.14626069594865,0.741354136402201,0.950668057062392,1.14870846207455,0.718318019313766,0.950668057062392,1.09168463887355,0.893339165570145,1.07200311704127
"ptr-miR-302d_st",0.870455504183666,0.857891945238911,0.915449895981572,0.733474900138875,0.950668057062392,0.728669732329309,0.847227869308867,0.820296812729557,0.857891945238911
"ptr-miR-302e_st",1.19865654124971,1.2006717430963,1.6780632857309,0.967660943764664,0.965027384008208,1.1601051192815,0.970056013787764,1.10277622778925,1.1601051192815
"ptr-miR-302f_st",0.806042217454122,0.896606903600258,1.097917144145,0.977375339764336,0.841227266792773,0.733538241168904,1.20869503986809,0.913072924553037,0.977375339764336
"ptr-miR-30a-3p_st",8.04701481017723,8.15197337962866,7.92386273315702,8.00708423426899,7.88903354747626,7.81796687895308,8.02816960346437,7.66724833591282,7.99682134739595
"ptr-miR-30a-5p_st",8.90803536220787,8.65510669330053,8.90803536220787,8.87872161021506,8.94905499426539,8.87950899075387,9.06227230818788,8.7479800623549,9.04907812581048
"ptr-miR-30b_st",6.16829564411137,6.02625497272782,5.52505707487682,5.7189608857192,5.84250188923145,5.5108476074614,6.23197390528686,5.17774346027325,6.14760595963807
"ptr-miR-30c_st",9.98316123557786,10.0240543630908,9.6512473161258,9.96825546643887,9.55350754325222,9.73181909022564,10.1172124746691,9.93839684838685,10.1297869330007
"ptr-miR-30d_st",7.90200873572965,7.96274036630877,7.78821387279361,7.96419052809342,7.73299270594127,7.71755817873733,7.77955072967547,7.58140952268753,7.81562374070751
"ptr-miR-30e_st",4.92056989102103,4.43003537396576,4.67650510446648,4.85753907154702,4.50323415378864,4.93840585138832,4.15277240329662,4.85753907154702,5.0828670924541
"ptr-miR-31_st",13.875806270075,13.7545574735216,13.7805224013234,13.7384374680022,13.8908371079176,13.8629477568163,13.915228335609,13.8550933729518,13.7417134823421
"ptr-miR-32_st",1.23922316506451,0.73641116241625,1.03143649322647,1.60930916913393,1.54939465967587,1.40332115903987,1.23922316506451,1.38223697161338,1.2095229015719
"ptr-miR-320a_st",11.0147757542616,11.3867622992995,11.3224801027537,11.2340945662281,11.4635487383932,11.5057249656223,11.0478132601719,11.2517080521764,10.8242915376651
"ptr-miR-320b_st",11.0154482924315,11.2282049038741,11.2540120253219,11.1835197988852,11.3396453692816,11.4289180432407,10.9234705462882,11.2124578860493,10.7789832529198
"ptr-miR-320c_st",10.8645432570812,11.150081744381,11.0829419700219,10.9316834363837,11.1687079497157,11.1545670389126,10.8937911943187,11.1008184061645,10.6710956223576
"ptr-miR-320d_st",8.91076542749452,9.29367507604108,9.07477487561163,9.23338900833581,8.87461571775191,8.72320666311317,8.95205680439376,8.75651232321367,9.19075314478818
"ptr-miR-323_st",1.5269054310718,1.37752589031057,1.50019814836986,1.57691231496972,1.40332115903987,1.50019814836986,1.50019814836986,1.48302655225157,1.53307933452526
"ptr-miR-324_st",7.0557130411063,7.36387525390083,6.97452118191091,7.10608209587362,7.00510252747193,7.03526966164633,7.06779793286721,7.07486954980371,6.57057971800607
"ptr-miR-326_st",1.10866556343929,0.736411162416249,0.919125123944512,1.22906514474003,1.26031575458161,1.0651986245805,1.76137558332089,0.821318068523449,1.01935169208454
"ptr-miR-328_st",2.58235495443595,0.950668057062392,2.20122047428437,1.93107391698692,2.68538872848797,1.9100334380086,2.31593971707258,2.45476616913931,2.98121695594977
"ptr-miR-329_st",0.855323011051576,0.742052870656294,1.10055964421233,1.27189276652255,1.2646576381877,1.05701634675296,1.24565997198216,1.10055964421233,1.29274669322856
"ptr-miR-330_st",5.74723593969052,5.74229397080019,6.07988911058,5.91009432677606,5.77677441301151,6.37200260831862,5.77091490308537,5.68665220935591,5.72068856685482
"ptr-miR-331_st",5.63881156722664,5.74647596287007,4.71284900137992,5.68240385446291,5.96635644434066,5.65188459465221,5.62670764065285,5.02084036585444,6.04467630672103
"ptr-miR-335_st",1.11870558940891,2.80044492429606,2.03099932294857,1.66160422337553,1.07200311704127,1.84863159629651,1.54777603618732,1.28696239201732,1.48114577957815
"ptr-miR-337_st",0.988281198320527,1.10931922347804,1.00993108165089,1.20239237012289,1.35653260847714,1.40332115903987,1.35969060137833,1.55944174562117,1.14220040963344
"ptr-miR-338_st",0.967648981628133,0.960775803053214,1.14119300586588,0.890419911415311,0.809651475251233,0.836358757953178,0.770726697559477,0.779029866460931,0.772604336677622
"ptr-miR-339_st",7.69451541417985,7.71211552643859,7.44385345632123,7.64662295396634,7.94945398512007,7.88937162431023,7.80107038999506,7.84483679643549,7.38158545340193
"ptr-miR-33a_st",0.836358757953178,0.597335378922562,0.73641116241625,0.836358757953178,1.14653025256454,0.836358757953178,0.672260554761145,0.930986535230111,0.869239944108582
"ptr-miR-33b_st",1.01025652591974,0.73641116241625,0.609508066482496,1.29730735052726,0.950668057062392,0.761550918484713,0.977375339764336,0.945954110708442,0.709455662019424
"ptr-miR-340_st",0.893230675882327,1.01901363111433,1.07200311704127,1.07200311704127,0.991234680877192,1.22404596904349,1.16251782003123,1.85006547699419,1.07200311704127
"ptr-miR-342_st",8.26284092973053,8.56665841587223,8.35099773798335,8.39831673952301,8.28077042140868,8.41879880051365,8.33498943335125,8.38486970960646,8.38486970960646
"ptr-miR-345_st",7.43151853892783,7.4866924115194,7.57187010295672,7.57106093171057,7.62852784448741,7.67668524721702,7.07427672324074,7.21653482703359,7.12423620057233
"ptr-miR-346_st",5.39776252167342,3.03755944326617,4.29661475654427,4.11705066716758,4.29661475654427,4.66411130573652,3.67387183190706,4.25107111690398,4.98334126081843
"ptr-miR-34a_st",1.76894201724429,1.72873041701531,2.24557161841625,2.52730533836854,1.76894201724429,1.93488646260408,1.56294176286795,0.915053521333873,2.46356918716687
"ptr-miR-34b_st",1.40332115903987,1.39075760009512,1.69316691563646,1.52854073296985,1.40332115903987,1.4829621660285,1.40332115903987,0.956307209272847,1.52358638178745
"ptr-miR-34c_st",1.94248453705142,1.80146795524026,2.87752215743599,1.40079057920553,2.03711231432835,2.39105395344534,2.59026496121601,2.03711231432835,1.83434914139567
"ptr-miR-361_st",0.988927604467173,1.20719085800124,1.20719085800124,1.18420584638311,0.886262535565609,1.38769459512023,1.31195600014744,1.31195600014744,1.54939465967587
"ptr-miR-362_st",0.849072825392129,1.07200311704127,1.64953635797491,1.24866487917806,0.939174335348937,1.07200311704127,1.07200311704127,1.07200311704127,1.18631241615048
"ptr-miR-365_st",1.40805267464988,1.55759731400857,0.977375339764336,0.977575359067816,1.26508887626585,0.836805127985063,0.977575359067816,1.14167356225985,0.977575359067816
"ptr-miR-367_st",1.14467601276637,1.07200311704127,0.832994026734906,0.805485729787015,0.950668057062392,1.05701634675296,1.01338578909142,1.25977951968565,1.05701634675296
"ptr-miR-369_st",1.08558365140828,1.02221392230831,1.04892120501025,0.809897825979638,1.1562169269908,0.798917518976345,1.04892120501025,1.10410218432438,0.950668057062392
"ptr-miR-370_st",1.40332115903987,1.40332115903987,1.04252585616264,1.3759541995482,1.49794893631681,1.58289929988563,1.10055964421233,1.49794893631681,1.29518576338412
"ptr-miR-371_st",1.10866556343929,0.950668057062392,1.50935176104061,1.13386856274664,0.654415571686398,0.969561102821797,1.21826671025683,1.36074768057027,0.910625158427132
"ptr-miR-372_st",0.730971062511991,0.836358757953178,0.953901354161132,1.09142113869176,0.917949561798783,0.953901354161132,0.869239944108582,0.996520058205814,0.819623442756342
"ptr-miR-373_st",1.66523928930958,0.704660316836595,1.47529481235143,1.1713531144143,0.787840954249882,0.728669732329309,2.07342280560111,0.906762290643295,1.40332115903987
"ptr-miR-374a_st",1.10866556343929,0.954147704889537,1.39454171950562,1.10259491369431,0.977375339764336,0.946406274802596,0.900619210644595,0.910648575671375,1.07015145158782
"ptr-miR-374b_st",2.43516670904323,2.23806860988778,1.95788413407919,3.16654158243659,1.50905398673709,0.842927869906572,2.24557161841625,1.95788413407919,2.97940287061626
"ptr-miR-375_st",1.18366076331204,1.24825558662666,0.786209171621391,1.2909965387022,1.0242332666086,1.15695348061009,1.26916304430975,1.15695348061009,0.96592422083875
"ptr-miR-376a_st",1.08802463608311,0.950668057062392,1.03561842063121,1.03561842063121,1.05136218968509,0.643215440771703,1.29981930689037,1.30213580788547,0.989771488135248
"ptr-miR-376b_st",0.933542359319881,1.02817013659681,1.12164657087412,1.13630000996128,0.869239944108582,0.792525777508723,0.869239944108582,0.869239944108582,0.787811831154773
"ptr-miR-376c_st",1.23922316506451,1.0655251296694,1.43569959350446,1.17492074985321,1.05291662851479,1.17492074985321,1.29440414437863,1.17492074985321,0.979876628652508
"ptr-miR-377_st",0.977375339764336,1.17211521592524,1.15277155320535,1.26442616437186,1.37476463186881,1.0284598195819,0.990575004087461,0.913072924553037,1.07200311704127
"ptr-miR-378_st",10.0245131884766,10.0449968138299,10.0245131884766,10.008693962667,10.1283592809343,10.1511442746705,9.94570602722825,10.0959497380814,9.79429157145481
"ptr-miR-379_st",1.05701634675296,0.99508941642361,1.05701634675296,1.05701634675296,0.942707047643749,1.05701634675296,1.20690793390291,1.54939465967587,1.05701634675296
"ptr-miR-380_st",0.977375339764336,0.847269184611627,1.10289232714796,0.977375339764336,1.06475937635651,1.08372362945491,0.977375339764336,1.07200311704127,0.938823917796131
"ptr-miR-381_st",0.748974721361005,1.33362056956868,0.836358757953178,0.850584880369552,0.950668057062392,0.988263189571746,1.01497047227369,0.980723202162318,0.888180012878907
"ptr-miR-382_st",1.07453369687562,1.2006717430963,1.01178501033847,1.22857487238996,0.854279464058883,1.15695348061009,0.946113100524493,1.07200311704127,1.03213954960017
"ptr-miR-383_st",1.46122148979759,0.950668057062392,1.19937366449742,0.711644678031776,0.73641116241625,0.788091097028991,0.950668057062392,0.950668057062392,0.962016055932063
"ptr-miR-409_st",1.36815254944658,1.44389399773486,1.44389399773486,1.47573896991259,1.50595293729102,1.30332378595559,1.32362877498728,1.48772697817932,1.5789425484735
"ptr-miR-410_st",1.31142873637198,1.88695666945982,0.911841816788634,0.911841816788634,0.93928290303978,1.12933200853352,1.16221319468892,1.07200311704127,1.05261204787139
"ptr-miR-411_st",0.907791366076788,0.836358757953178,0.949885238713742,0.831769492830658,1.07188936005216,0.848497512306825,0.869239944108582,0.869239944108582,0.875748750660575
"ptr-miR-412_st",1.02755197927537,1.07200311704127,1.19885209804226,1.15277155320535,0.984401100634001,1.05701634675296,1.58116735965625,0.804381360167043,1.09871039974321
"ptr-miR-421_st",6.46413426260974,7.16893882859715,6.81517351663308,7.13282042987877,6.27597804896036,6.71490068017139,6.52688304457396,6.62690700290038,6.71490068017139
"ptr-miR-422a_st",7.25591710596478,7.44885438417318,7.44917060383677,7.45697680850714,7.12560625659394,7.34716389194015,7.38874792318034,7.02295021656551,7.44407309918583
"ptr-miR-423_st",9.83278969076051,9.79664581200238,9.81816899911896,9.86330284206229,10.1262250329537,10.1267602612096,9.77154176229311,9.87991706575341,9.65220473114734
"ptr-miR-424_st",1.10866556343929,1.90111079330208,1.46013331426237,1.05862792501407,0.989192021935227,1.10866556343929,1.38685604174875,0.850329499715018,0.953898194949376
"ptr-miR-425_st",9.9257412578079,9.88305549737343,10.0409638327221,9.88178173373882,9.96850136201464,10.0056991226673,9.97344693063435,10.0088278829201,9.94318026631341
"ptr-miR-431_st",1.49601620640009,1.77792591489068,1.19755061944612,1.36591005124739,1.40332115903987,1.63427051854735,1.66160422337553,1.49032709634742,1.84616068722317
"ptr-miR-432_st",1.29602543705933,1.29602543705933,1.28131703770146,1.4212450109893,1.5942098032662,0.985959491649073,1.28863374627444,1.10729455162795,1.40332115903987
"ptr-miR-433_st",1.32341441818274,1.07078913452891,1.10866556343929,1.61553943394898,1.19212419450779,1.49515474823039,1.19212419450779,1.26972009203188,1.15357277253958
"ptr-miR-448_st",0.708533520917032,0.77796942399587,0.895512020203824,0.96458658757459,1.43268346490281,1.01453698934221,1.00161959608245,1.07217378234061,0.950668057062392
"ptr-miR-449a_st",0.6715124063303,0.766140183607233,1.2184667295603,1.09492764577149,0.728669732329309,0.728669732329309,0.979041110229596,0.473684799284651,0.951076341919247
"ptr-miR-449b_st",1.14644705324103,0.804902459311969,1.26730562147764,1.86144117533354,1.00296721480062,0.534691957679342,0.977459864881057,0.580880139293912,0.776463832285102
"ptr-miR-450a_st",0.869239944108582,0.923410287829745,0.869239944108582,0.925750952534593,1.07200311704127,0.629591884986363,0.869239944108582,0.841975124378916,0.78311304678579
"ptr-miR-450b_st",0.977375339764336,0.836358757953178,0.856676385163827,0.832206935600719,0.869239944108582,0.65495718042692,0.869239944108582,0.869239944108582,1.19226833978885
"ptr-miR-451_st",1.08921164534266,1.56022632331848,0.967730862520002,1.30850512118025,0.780752363233209,1.06767845805693,1.10055964421233,1.04323075272009,1.10055964421233
"ptr-miR-452_st",3.47620785613329,2.85897928796654,2.50027803082212,3.71575427380716,2.104864271009,2.439166235033,4.41969629448823,3.5933624489796,3.90511750655618
"ptr-miR-453_st",1.30533494241837,1.08661782168313,0.853791067732408,1.04191724369709,0.950668057062392,1.03302813693226,0.953387129943633,0.831475209179568,1.04437613580193
"ptr-miR-454_st",2.79215008413868,2.2545511692997,2.16796440298454,2.7319427119343,2.70650174409932,2.51730141213826,3.48107088463321,2.88307999361998,4.13994911964354
"ptr-miR-455_st",10.2287676652288,10.5191778649799,9.96006726103595,10.3472078026594,10.5257961281466,10.4896545196412,10.4417593828563,10.3484741006004,10.0334886562319
"ptr-miR-484_st",3.05607699575396,2.28410370108115,2.17315106406811,3.76745917375747,2.83631326665433,2.90153648549423,2.83631326665433,2.85618141993881,2.56522038754904
"ptr-miR-485_st",1.07200311704127,1.07200311704127,1.10866556343929,1.05511224371167,1.04529583433933,1.07200311704127,1.02990924440432,1.07200311704127,1.19333817702015
"ptr-miR-486_st",2.01033166085215,1.29602543705933,1.29602543705933,1.66160422337553,1.06038107797123,1.0806291516908,0.773454983147514,2.76313615058798,1.29602543705933
"ptr-miR-487a_st",1.17902046809138,1.05701634675296,0.950668057062392,1.01942121424361,1.05701634675296,1.05701634675296,1.05701634675296,1.05701634675296,1.05947523885781
"ptr-miR-487b_st",1.00029101677213,1.03143649322647,1.1591866469908,0.892226063588406,0.918021332317715,1.40332115903987,0.950008380272661,0.85979830262501,1.03143649322647
"ptr-miR-488_st",1.10866556343929,1.25598253842407,1.09610200449454,1.07163255493143,1.31035889914068,0.81446120509455,1.06483258299484,1.40079057920553,0.829197045473323
"ptr-miR-489_st",0.995914238244697,1.2006717430963,1.42160770282653,1.5662505294125,1.18849392357278,1.18596334373843,0.998186941094053,1.18596334373843,1.01245240982347
"ptr-miR-490_st",0.650657908307195,1.04404104244431,0.853011782672968,0.853011782672968,1.15695348061009,1.05213618418702,0.73968263784136,1.2787052472548,1.06712295447533
"ptr-miR-491_st",1.10866556343929,0.836358757953178,1.23628356486254,0.989236860846512,1.16599445493154,1.08713237615356,1.35969060137833,1.02980348466131,1.19887564108694
"ptr-miR-492_st",0.977375339764336,1.18204617243469,0.314779055026921,0.977375339764336,1.40332115903987,0.85477567411539,0.869239944108582,0.776604240233798,1.10114335254517
"ptr-miR-494_st",4.77605296094219,5.72986812621956,7.66600065746614,5.31752278130761,5.65405480260868,5.29729069129965,3.61159929519797,3.96240287764293,5.30754857996275
"ptr-miR-495_st",1.62531948377296,0.870022762457232,1.58264694519192,1.33095524273646,1.06228575184249,0.950668057062392,1.16421876275264,0.913072924553037,1.07200311704127
"ptr-miR-496_st",1.23003404895924,1.27607731503782,0.759638797291049,1.03143649322647,0.836358757953178,0.950668057062392,1.07588763099237,0.779029866460931,0.843372335081845
"ptr-miR-497_st",1.9702848438843,0.825321355630043,1.45974154328822,1.40079057920553,1.12867585598332,1.43303426058627,1.35160614763246,1.13025337973253,1.66642073023366
"ptr-miR-498_st",2.80206452271463,1.9821614780178,0.958302610394342,1.4032289154768,1.68268715093672,1.6530949222639,2.35796232594636,2.21826905551597,1.89347714996364
"ptr-miR-499_st",0.823029729621136,0.951535680727449,1.28389637677269,1.01307883511487,0.898769536005659,1.01307883511487,1.23922316506451,1.2145902736085,0.936358874452744
"ptr-miR-500_st",6.73309706218685,6.78270855425269,6.5879534880091,6.96050743298607,6.99071234801758,6.99060570889922,6.55372438989245,6.73309706218685,6.72554310808517
"ptr-miR-501_st",5.44352581603734,5.39355123265377,5.46593322797441,5.66859713176531,5.77677441301151,5.800032117833,5.17406647347859,4.46138795861377,5.39355123265377
"ptr-miR-502_st",2.95495415586343,2.8675755815118,2.48918026318095,3.4171556876203,2.88555253243571,3.16415918209525,3.18386822999122,3.10102765649943,2.42087294093214
"ptr-miR-503_st",7.11414359677863,7.23058894291717,7.01738018126953,7.10453927425606,7.07029824080467,7.21465243831075,6.85632780244838,6.98417062333819,6.95228172443847
"ptr-miR-504_st",0.977375339764336,0.925526857034698,0.73641116241625,0.913072924553037,1.73851035429431,0.950668057062392,1.66160422337553,0.913072924553037,0.950668057062392
"ptr-miR-505_st",3.42661040626463,3.90064740958938,4.33316530135416,3.225693136185,3.16850994214951,2.439166235033,3.225693136185,2.85822983859656,3.64591873599771
"ptr-miR-506_st",1.63339168777926,1.38495618456274,0.797934982233264,1.05701634675296,1.05701634675296,1.05701634675296,1.21603520503499,0.885378156151503,1.05701634675296
"ptr-miR-507_st",0.950668057062392,0.950668057062392,1.20103943496268,1.03143649322647,1.04529583433933,0.84481932964775,0.881232153983553,0.775755268947763,1.2006717430963
"ptr-miR-508_st",0.922194360450211,0.73641116241625,0.998229266470352,0.946502311598174,1.26932214557564,1.19994184426744,0.977375339764336,0.666975259337411,0.869239944108582
"ptr-miR-509a_st",0.857891945238911,0.836358757953178,0.62493991796013,1.14196357350343,1.15695348061009,0.839196812606272,0.893916708695839,1.10311902915238,0.975344821649648
"ptr-miR-509b_st",0.788967992506757,0.695870586392987,1.05822378737781,0.854119759746054,1.17279674538947,0.987934677446805,0.468877129180096,0.879823494809128,0.950668057062392
"ptr-miR-510_st",1.23922316506451,1.83857637778176,0.901051341532564,1.10032817039649,0.992855486634724,1.0086360550749,0.93623017642112,1.24640167103248,0.662847824038212
"ptr-miR-511_st",0.857891945238911,0.836358757953178,0.977375339764336,1.03143649322647,0.826621240063901,1.04264418150088,0.977375339764336,0.869239944108582,0.869239944108582
"ptr-miR-512_st",1.42266881368746,1.29528991726452,1.96809802748842,1.92116705498961,1.15356688393713,1.40079057920553,1.21108652090799,1.40079057920553,1.54939465967587
"ptr-miR-513a_st",0.958599011262512,1.05060519091952,1.15695348061009,0.998641909897772,1.05060519091952,1.15695348061009,1.20049677806946,0.878967000318061,0.800601504885612
"ptr-miR-513b_st",1.07200311704127,1.05808458652907,0.879686350590326,0.618868566208295,1.07200311704127,1.07200311704127,1.09663600849728,1.5208381325048,0.963867721385516
"ptr-miR-514_st",0.767688342413994,1.04294501649342,0.519480424381147,0.730655333906131,0.755124783469239,0.462669399146657,0.996088960817326,1.10381356009862,0.755124783469239
"ptr-miR-515_st",0.774638218996102,0.950668057062392,1.24185509333816,1.40079057920553,1.11323521812388,1.36323890415779,1.23922316506451,1.17245789271827,1.15695348061009
"ptr-miR-516a_st",0.780401822319613,0.950668057062392,1.44298630503806,1.17983619664663,0.73641116241625,0.791737864574159,0.869239944108582,1.05566008112027,0.913072924553037
"ptr-miR-516b_st",1.10866556343929,1.72873041701531,1.08372362945491,1.34406717136048,0.950668057062392,1.05701634675296,1.0227709222953,1.01942121424361,0.950668057062392
"ptr-miR-517a_st",1.02723745048548,0.841798857857437,0.869239944108582,0.950008380272661,1.05928904960232,0.618868566208295,0.679190838614845,0.869239944108582,0.869239944108582
"ptr-miR-517b_st",0.873021204351199,1.02738801772452,0.836358757953178,0.989792885215166,1.09939552986743,0.836358757953178,0.646309652459441,0.626152623791586,0.662847824038212
"ptr-miR-518a_st",0.869239944108582,0.956623980700755,0.869239944108582,0.888396159965781,0.811681993365921,0.983549243217796,0.869239944108582,0.869239944108582,0.787811831154773
"ptr-miR-518b_st",0.747778136432862,0.885802811444243,0.675675271199956,1.34234042737282,0.844655125762846,1.03470423125658,1.10055964421233,1.2145902736085,0.977375339764336
"ptr-miR-518c_st",1.00349757979212,0.882016796969463,0.981964392506391,1.26442616437186,0.782422334274843,0.981964392506391,1.12298097431755,0.924635501014144,1.0148455786618
"ptr-miR-518d_st",0.856040279785458,0.615076102437371,1.13564331037665,0.715270048702704,1.27946537224801,0.839687093802741,0.856040279785458,0.782358202310494,0.950668057062392
"ptr-miR-518e_st",1.07107043092994,0.950668057062392,0.869239944108582,1.00197254286939,1.2361013202333,0.913072924553037,0.913072924553037,0.913072924553037,0.780902108237203
"ptr-miR-518f_st",0.646309652459441,0.748974721361005,0.748974721361005,0.748974721361005,0.907904913849237,0.748974721361005,0.881803503053337,0.676644006517916,0.662847824038212
"ptr-miR-519a_st",0.934923141081836,1.07200311704127,1.36921237059928,1.07200311704127,1.40332115903987,1.52465621901875,0.990575004087461,1.03440798453192,1.04825228591344
"ptr-miR-519b_st",0.927568922911107,1.04320780013354,1.46930318473147,1.14870846207455,1.10714706375686,1.47935744271362,1.29860004922449,1.22542262867441,1.14870846207455
"ptr-miR-519c_st",0.950668057062392,0.817839275370059,0.876573903297845,1.0071790654884,0.950668057062392,1.04344416888587,0.950668057062392,0.860457979414741,1.2006717430963
"ptr-miR-519d_st",0.977375339764336,0.977375339764336,1.27034859034468,1.26950035553057,0.836358757953178,0.759885148019454,1.1183919215755,0.952742448308329,0.957984270594454
"ptr-miR-519e_st",1.31495098698699,1.02628520145589,0.690693246830871,1.14870846207455,1.15695348061009,1.11935834810074,1.18366076331204,1.11935834810074,0.91659517516805
"ptr-miR-520a_st",0.799233988634626,0.950668057062392,0.979589073373472,1.03143649322647,0.942926626975451,0.916219344273506,0.799233988634626,1.59965392694949,0.821591566996572
"ptr-miR-520b_st",0.972616228277727,0.869239944108582,0.755824783199827,0.723129414420073,0.869239944108582,0.831065007577513,0.869239944108582,1.01537422527961,1.07200311704127
"ptr-miR-520c_st",1.29597451343106,1.63004287911947,0.950668057062392,1.32117751273841,0.926650969264866,1.00741940542894,1.00741940542894,1.17999680648178,1.2720083492618
"ptr-miR-520d_st",0.912183483755838,1.2006717430963,0.813930335807975,0.875150475247975,0.75234382507962,1.15695348061009,0.999567520348011,0.795388785697737,1.3645039373418
"ptr-miR-520e_st",0.748974721361005,1.07200311704127,1.15695348061009,1.14870846207455,0.606761554621703,0.836358757953178,0.836358757953178,0.836358757953178,0.720176715530459
"ptr-miR-520f_st",1.04194797194134,1.2006717430963,1.33743674395246,0.911841816788634,1.07200311704127,1.07200311704127,0.828553793633108,1.07200311704127,1.25533928658385
"ptr-miR-520g_st",1.33492997998072,1.0959066009501,1.2006717430963,1.14870846207455,1.28131703770146,1.2006717430963,1.75000545253854,1.40343491602899,1.00450082761956
"ptr-miR-520h_st",0.748974721361005,0.950668057062392,0.77143098786254,0.805485729787015,1.54939465967587,0.950668057062392,0.989219479030597,1.07200311704127,0.798625205060174
"ptr-miR-521_st",1.15655281344797,0.836358757953178,0.886915889293979,0.865163913095507,0.950781413694117,1.28901185993066,0.799531852701806,1.03846225409613,0.917127194117256
"ptr-miR-522_st",1.06878200234013,1.27047533804152,0.869239944108582,1.52531961826871,1.06878200234013,0.894819797635075,1.06878200234013,1.23859403008764,0.947446942361252
"ptr-miR-523_st",0.684672306149705,0.950668057062392,0.960051390555663,0.711941712853142,0.970401816045284,0.989792885215166,0.913072924553037,0.913072924553037,0.839509586175
"ptr-miR-524_st",0.950668057062392,1.35784415746248,0.950668057062392,0.724717293622937,0.950668057062392,0.869899620898313,0.950668057062392,1.13382183744442,1.07200311704127
"ptr-miR-525_st",1.2006717430963,1.39596257091646,1.2006717430963,0.818343245376449,1.28131703770146,1.15695348061009,1.23922316506451,1.10803603922152,1.2006717430963
"ptr-miR-526a_st",1.02371519987047,1.07200311704127,1.15690472976934,1.06947253720692,1.07200311704127,1.27828854058897,0.881954011547533,0.670767723108335,0.987052753472448
"ptr-miR-526b_st",0.950668057062392,1.10959824955062,0.636717597701039,0.950668057062392,0.844100188040119,0.836358757953178,0.950668057062392,0.950668057062392,1.70165824798972
"ptr-miR-527_st",1.04400005217123,1.24569338787261,1.03143649322647,1.41702651018283,1.34032116514955,1.4978344880009,1.40071365474573,1.04734791456921,1.66131633182067
"ptr-miR-532_st",5.11221072525258,5.28352677563311,5.77677441301151,5.38822208957678,4.9472376868557,5.38107046195346,5.38822208957678,5.38822208957678,5.64804183768371
"ptr-miR-539_st",0.977375339764336,1.13000381440183,0.950668057062392,0.73789428904629,0.950668057062392,1.05701634675296,0.682749284091122,1.0083048500608,0.950668057062392
"ptr-miR-543_st",0.977375339764336,1.2649741583076,1.24185509333816,0.883770299834873,0.900661173164477,0.855371218425923,0.813277345788968,0.977375339764336,0.977375339764336
"ptr-miR-544_st",0.977375339764336,1.10604396581937,1.05460440997716,0.818445147276104,1.15695348061009,0.881000698937545,0.850472617632299,0.977375339764336,0.815178790646449
"ptr-miR-545_st",0.885167346093496,0.523637394400148,1.03143649322647,0.885167346093496,0.724783367731054,0.80835134863579,0.948921560415064,0.381197453568503,0.948921560415064
"ptr-miR-548a_st",1.59763910155448,1.88695666945982,2.3029355967275,1.88695666945982,2.17192516476383,2.33961335107908,1.55288830377141,1.50527741214877,2.02585166412784
"ptr-miR-548b_st",1.10352877813981,0.950668057062392,1.20627280529744,1.06497735617161,1.36773887099914,0.921321959828268,1.06497735617161,1.06497735617161,0.911543228909617
"ptr-miR-548c_st",1.10055964421233,1.35056333024624,1.77272066242291,1.2563202451449,0.950668057062392,1.10055964421233,1.10055964421233,0.806230604636163,1.11190764308201
"ptr-miR-548f_st",1.10055964421233,1.07733200933754,0.890353510050743,1.10055964421233,1.07733200933754,0.875612804600628,1.10055964421233,1.20836950911485,1.14552141724583
"ptr-miR-548h_st",1.093536304327,1.07200311704127,1.01903398750697,1.15277155320535,1.10287614520743,1.21718544431665,1.07200311704127,1.04554725371519,0.934626437628197
"ptr-miR-548i_st",1.1077724897139,1.82317207522791,0.898629758379929,1.02923492057049,1.41392561332837,1.28131703770146,1.23922316506451,1.28131703770146,1.34018055214874
"ptr-miR-548j_st",1.23922316506451,1.28562210666512,1.15695348061009,1.15695348061009,1.15695348061009,0.950668057062392,1.27478898865025,1.15695348061009,0.954190307677405
"ptr-miR-548k_st",1.34557145475508,0.836358757953178,1.05701634675296,1.37077445406243,1.17835140673184,1.05701634675296,1.18088198656619,1.17835140673184,1.18088198656619
"ptr-miR-548l_st",0.977375339764336,1.40343491602899,0.950668057062392,1.07200311704127,1.07200311704127,1.29954063717732,0.971891018157305,1.2145902736085,0.950668057062392
"ptr-miR-548n_st",0.657282606039417,1.29602543705933,1.00026499838641,0.932599301652927,1.05701634675296,1.05701634675296,0.962388569476029,1.10305961283155,0.980296386090834
"ptr-miR-548p_st",0.864050082443518,0.957693817932056,0.957693817932056,1.14389412352908,0.836358757953178,0.836358757953178,1.24538130226911,0.957693817932056,0.957693817932056
"ptr-miR-549_st",1.07200311704127,0.955384986884209,1.28131703770146,1.14870846207455,1.07200311704127,1.23794756240106,0.842405913709796,1.07200311704127,1.2006717430963
"ptr-miR-550_st",4.55389281213975,5.80034737007216,4.59789643178515,4.92703019337551,4.92703019337551,5.65798687728401,5.04651283977383,5.08021799831453,4.70755347497858
"ptr-miR-551a_st",1.83255190260905,1.57070407730889,1.60736652370691,1.57070407730889,1.10856371810884,1.54939465967587,1.57070407730889,1.60207378422692,1.57070407730889
"ptr-miR-551b_st",1.07200311704127,1.07200311704127,0.995283156379141,1.19722269097125,1.07200311704127,1.24364130764273,0.958673972209662,1.07200311704127,1.07200311704127
"ptr-miR-552_st",0.900146269551515,0.794024770561127,0.977375339764336,0.970686532697915,0.900146269551515,0.697792395185741,0.92685355225346,0.762162859338347,0.900146269551515
"ptr-miR-553_st",1.01403778616236,0.977375339764336,1.06475937635651,0.776244128064441,1.06232570333316,0.886045294185454,0.977375339764336,1.45476688239893,0.891248442441544
"ptr-miR-554_st",1.20864140046715,1.29602543705933,1.12187328942543,1.34417425492154,1.23658783445554,1.50231086060703,1.49541951269901,1.05514652533246,1.41033473616854
"ptr-miR-555_st",0.710063866781008,0.800165376737817,1.17241977776086,0.517772193285505,0.869239944108582,1.11560762253836,0.869239944108582,0.65633901748622,0.869239944108582
"ptr-miR-556_st",0.836358757953178,1.0404574193597,0.880147860028109,0.916040374259659,0.850408313865958,0.836358757953178,1.09137249121405,1.46440609690078,1.13015154606202
"ptr-miR-557_st",1.5310369597944,1.53050916362291,1.4404076536661,1.70841736533079,1.5459083156071,1.38833438875157,2.03537943392104,1.5459083156071,1.40332115903987
"ptr-miR-558_st",0.778250938250285,1.09168463887355,0.977375339764336,1.03143649322647,0.836358757953178,0.977375339764336,1.50070718318949,0.977375339764336,0.789598937119956
"ptr-miR-559_st",1.55866593402878,1.2006717430963,1.44389399773486,1.03143649322647,1.15695348061009,1.05701634675296,0.855321413596384,1.22734789203017,1.2006717430963
"ptr-miR-561_st",1.5310369597944,1.52821841516612,1.31947872834574,1.44262303860076,1.9808715171436,1.15413493598181,1.80640889347557,1.52821841516612,1.52821841516612
"ptr-miR-562_st",1.01300580689729,1.29602543705933,1.02435380576696,0.936808715949537,0.977375339764336,1.06232570333316,0.977375339764336,1.11996249633156,0.917199323398877
"ptr-miR-564_st",1.46229964676081,1.16884585524732,1.44389399773486,1.25349259048231,1.02977021887931,1.12827301655233,1.55451529247218,1.2387970778523,1.81280787870662
"ptr-miR-566_st",0.857891945238911,0.892424976195514,1.54939465967587,0.913072924553037,0.908300772393571,1.5752107690172,0.977375339764336,1.24389272701859,0.892424976195514
"ptr-miR-567_st",1.01403778616236,1.10604396581937,0.823941212502348,1.40535642852185,0.948818812593272,0.884045641086284,0.977375339764336,0.977375339764336,1.07200311704127
"ptr-miR-568_st",1.18943399960337,1.03143649322647,0.755649003760537,1.03143649322647,1.03143649322647,1.03143649322647,1.11489512429497,0.839013445895884,1.39574947836959
"ptr-miR-569_st",1.15343122999508,1.03588863378712,1.15695348061009,1.33973772184589,1.21106802299349,1.15343122999508,0.688497569081672,1.21106802299349,0.950668057062392
"ptr-miR-570_st",0.977375339764336,0.819377833387436,1.27643687513552,0.919017314870555,1.37660502765662,0.955842152478603,0.96926942053738,1.01999404380902,0.903812001386299
"ptr-miR-571_st",1.08983151603651,1.03692076712249,0.922611468013276,0.899731171918516,0.950668057062392,1.25392951001188,0.735632968726484,1.40079057920553,0.749100534098311
"ptr-miR-572_st",4.73078070899103,4.73078070899103,3.70773530481944,4.00268435180591,4.97599588417352,4.73078070899103,2.75401494641773,4.36556278663065,5.03679808499724
"ptr-miR-575_st",1.10866556343929,1.31333639610965,1.10866556343929,1.10866556343929,1.10866556343929,0.968095351660018,1.65983095664481,1.07107043092994,1.10866556343929
"ptr-miR-576_st",0.646309652459441,0.969338048139706,1.26052508441548,1.42587566406829,0.969338048139706,1.1786519687999,0.996045330841651,0.969338048139706,0.969338048139706
"ptr-miR-577_st",1.07200311704127,1.07200311704127,1.07200311704127,0.978856485777656,1.07200311704127,1.15695348061009,1.06950689021672,1.2145902736085,0.990575004087461
"ptr-miR-579_st",0.977375339764336,0.847269184611627,1.11445531572377,1.04300740015804,0.673016935161386,0.730151644495946,0.977375339764336,1.08330004993354,1.22737902579825
"ptr-miR-580_st",0.977375339764336,0.950668057062392,1.17906867546572,0.950668057062392,1.18631241615048,0.950668057062392,0.950668057062392,0.913072924553037,0.715832171844993
"ptr-miR-581_st",0.902408848622993,1.13709524457109,0.934332071638407,0.913072924553037,0.99802328812186,0.882103859591297,0.869239944108582,0.913072924553037,0.913072924553037
"ptr-miR-582_st",0.789541345175805,0.953639548367837,1.07200311704127,0.953639548367837,1.18928390745593,1.24829514396842,1.20466458630687,0.794709355879604,0.750876375435149
"ptr-miR-583_st",0.927908169950166,0.923897882075547,1.92447768074584,1.05286255977443,0.856722545616902,1.10055964421233,1.10055964421233,1.10055964421233,1.36383218048718
"ptr-miR-584_st",6.62901728174498,6.65167069204541,6.71500171662252,6.70897476535602,6.3147554177443,6.49972055524145,6.80575821825837,6.60966147720621,6.62901728174498
"ptr-miR-586_st",1.21246267639612,0.994752450755453,1.07963389470379,1.14870846207455,1.624539769989,1.31975839837667,1.21246267639612,1.34518289039761,1.14870825512056
"ptr-miR-587_st",0.939023826854742,0.836358757953178,0.759638797291049,1.00045696114521,0.739481768623194,0.836358757953178,0.836358757953178,0.779029866460931,1.00110549090151
"ptr-miR-588_st",1.02260143969509,1.07200311704127,1.16431206873351,1.0791124481211,1.05701634675296,1.05701634675296,1.00021407475814,0.994460092436615,1.05701634675296
"ptr-miR-589_st",1.2427086215314,0.913072924553037,0.791592141730375,0.860666709101141,0.73641116241625,0.950668057062392,0.80415570067513,0.889176053475985,0.950668057062392
"ptr-miR-590_st",0.854869969099196,1.04589922887054,0.854869969099196,0.618868566208295,0.928978510829695,1.03444810994495,0.95753503800076,0.850510207141252,0.702827117096978
"ptr-miR-591_st",1.01403778616236,0.977375339764336,1.27836583479748,1.48202608252977,0.73641116241625,0.72659027438794,0.977375339764336,0.977375339764336,0.957984270594454
"ptr-miR-592_st",0.977375339764336,1.26487073351787,1.02614963989778,1.16951703955485,1.15695348061009,1.37883096021504,1.16951703955485,1.16951703955485,1.16951703955485
"ptr-miR-593_st",0.913072924553037,0.913072924553037,0.783389628418875,1.11319176066226,0.950668057062392,0.992713931541664,0.748974721361005,0.913072924553037,0.913072924553037
"ptr-miR-595_st",1.63484581248175,1.39983428974667,1.30065724685886,1.35066944377285,1.86986256918261,1.38826457628221,1.43838571171488,1.43838571171488,1.86433153099042
"ptr-miR-596_st",1.72765556660991,1.23570601174957,1.03143649322647,1.7050739918988,1.20192189628328,1.32197137631885,1.53622386030728,1.69978078427138,1.5652409195605
"ptr-miR-597_st",0.939780207254982,0.994501037506847,1.20425996082881,0.663192380078047,1.0847111151545,0.89808615426473,0.818445147276104,0.913072924553037,0.893681855383155
"ptr-miR-598_st",1.29969482321063,0.950668057062392,1.03143649322647,0.714666654171491,0.981184041425746,0.728669732329309,1.32065127801832,0.822253848937513,0.950668057062392
"ptr-miR-599_st",1.10866556343929,0.820561901909682,1.04087813471004,0.995474690024311,0.938104498117637,1.15236139276378,0.812004536210221,0.950668057062392,0.950668057062392
"ptr-miR-600_st",0.857891945238911,1.00747032905721,0.950668057062392,0.752174067015282,0.646309652459441,1.39413204293461,0.977375339764336,1.11223547120341,1.11223547120341
"ptr-miR-601_st",1.2309333095295,0.900568092831401,1.84472385987187,1.2309333095295,1.31588367309833,1.56225135152811,0.907904913849237,1.07200311704127,2.20685602250116
"ptr-miR-602_st",1.66406311548037,1.25354156553206,1.758428599225,1.62768990302218,2.20763931934759,1.84863159629651,2.04128600924741,1.66406311548037,1.60226448211163
"ptr-miR-604_st",1.42274342764001,1.20573468475062,1.20836661302428,1.20573468475062,1.09142538564141,0.818782272387767,1.35969060137833,1.14906217863982,1.24630130856542
"ptr-miR-605_st",1.19000983199347,1.20836753187494,1.16780090806014,1.40079057920553,0.87771855123587,1.20836753187494,1.588654717549,1.03672934127348,1.00560435894225
"ptr-miR-606_st",0.855323011051576,2.6005155156591,0.942707047643749,1.05701634675296,0.950668057062392,1.07390722008257,0.977375339764336,1.13373051335282,1.17132564586218
"ptr-miR-609_st",0.93866038140299,0.795435090335569,1.03143649322647,1.45411182441384,0.946486129657648,1.36208547386554,1.1765368209963,0.821230359064878,1.14035371710438
"ptr-miR-610_st",1.15086519581925,1.0846224493607,0.967853818176797,1.25245872667805,1.54758300557985,1.2549893065124,1.2549893065124,1.07200311704127,1.2549893065124
"ptr-miR-612_st",0.948818812593272,0.991234680877192,1.31922681230966,1.07200311704127,1.07200311704127,1.07200311704127,1.07200311704127,1.07200311704127,1.07200311704127
"ptr-miR-613_st",1.10866556343929,1.10866556343929,1.05110761269663,1.08669119487139,1.11119614327364,1.21771242534211,1.31530849895579,1.04436314822799,1.08195828073735
"ptr-miR-614_st",0.977375339764336,0.819377833387436,0.977375339764336,0.977375339764336,1.15695348061009,0.977375339764336,1.10793294138955,0.720641432697519,0.91155343147324
"ptr-miR-615_st",1.74386645415031,1.29602543705933,1.29602543705933,1.13709524457109,1.50533935771952,0.775565292877746,1.95012428864777,1.05214488100227,1.29602543705933
"ptr-miR-616_st",1.54939465967587,1.86804475697086,1.54939465967587,1.29092037618981,1.54939465967587,2.18343598236388,1.4492825607919,0.913072924553037,1.54939465967587
"ptr-miR-617_st",0.980582794213623,0.859102011390961,1.231356412414,1.15412734220118,1.07932516026325,0.728669732329309,0.991930793083293,0.779029866460931,0.991930793083293
"ptr-miR-618_st",0.977375339764336,0.977375339764336,0.887273829807528,0.805485729787015,0.977375339764336,1.17906867546572,0.977375339764336,1.15403710190112,0.817591057675178
"ptr-miR-619_st",0.915796191979942,1.0242704814277,0.609581934337956,0.972307200405953,0.73641116241625,0.91147349762168,1.21414775224704,0.926460267909986,0.964055400419341
"ptr-miR-621_st",0.905902390506604,0.840683416937517,1.11545514304362,0.800116793122718,0.63359558502049,0.836358757953178,0.878240209199459,1.01182710067581,0.662847824038212
"ptr-miR-622_st",1.0386586468715,1.27127324139911,1.05701634675296,1.14870846207455,1.05701634675296,1.05701634675296,0.725584547765245,0.779029866460931,1.37682362773209
"ptr-miR-623_st",2.05089828466695,0.972055521504342,0.990575004087461,1.07200311704127,1.07200311704127,0.902032745328226,1.916784156252,0.90036492643981,1.33527565331611
"ptr-miR-624_st",0.944159250510399,0.86744508391054,0.998879146599966,0.944159250510399,1.07200311704127,0.944159250510399,0.944159250510399,0.944159250510399,0.950668057062392
"ptr-miR-626_st",1.10866556343929,0.98718478061663,0.846278997870499,1.30108861076988,1.10866556343929,0.978820403630292,1.51457184250328,1.27276376663132,1.0225386661165
"ptr-miR-627_st",1.07200311704127,0.651460798847427,1.07200311704127,1.26442616437186,1.07200311704127,0.751408394384355,1.10055964421233,1.07200311704127,1.40332115903987
"ptr-miR-628_st",1.946953553762,2.04106199750737,2.06977113545996,2.37431014428861,1.94776701412154,2.26594865196858,1.41542469778109,2.06977113545996,2.15252832763104
"ptr-miR-630_st",1.32339977359346,1.07200311704127,1.09871039974321,1.11561310175542,0.857746222395128,0.618868566208295,1.7829392833544,1.33592533358738,1.07200311704127
"ptr-miR-631_st",1.18282932866675,1.19518742148927,1.10055964421233,1.52854073296985,1.10055964421233,0.766254349393803,1.10055964421233,1.91354314147195,1.0269963058343
"ptr-miR-632_st",1.00307427251429,1.04529583433933,0.950668057062392,0.950668057062392,1.13024619790815,1.03030906405102,0.869239944108582,0.886365641851092,0.822952256307863
"ptr-miR-633_st",0.76096461645725,0.924715480869243,1.758428599225,0.711941712853142,1.16220001039018,0.786243051188407,1.07569326950837,1.10137724300603,1.08077189743637
"ptr-miR-634_st",1.10298264912253,1.07200311704127,1.09014626697717,1.26708085231456,1.44419891645256,1.58999510993464,1.35689835938954,1.32915448218846,1.33690319447202
"ptr-miR-635_st",0.764673221132874,1.03143649322647,1.03143649322647,1.28817040029329,0.924530138869707,1.2121938867156,1.03143649322647,1.03143649322647,1.03794529977846
"ptr-miR-637_st",1.56379517701607,1.44389399773486,1.46041889284692,1.05818243357976,0.833791988166337,1.60588904965302,2.06439306217543,1.60983844309465,2.12732888947055
"ptr-miR-640_st",1.52854073296985,1.04652532512943,1.22604596080197,1.64075029666951,2.22700735748278,1.96001759043758,1.52854073296985,1.52854073296985,1.46387343143491
"ptr-miR-641_st",1.5310369597944,2.36850698019392,1.3319417214728,3.21649411539517,1.43586954935341,2.06849316817603,2.25858679526093,1.45155446692722,3.42245089386917
"ptr-miR-642_st",0.699882991685995,0.950668057062392,0.950668057062392,0.950668057062392,0.950668057062392,0.869899620898313,1.66160422337553,1.21323300561027,1.07200311704127
"ptr-miR-643_st",1.10866556343929,1.07200311704127,1.07200311704127,1.01065715340409,1.40265209768034,0.828166018445837,1.0375882099834,1.07200311704127,1.04825228591344
"ptr-miR-645_st",0.990505175920049,0.836358757953178,0.928115879719027,0.805485729787015,0.826329392926399,0.870479086720621,0.748974721361005,0.836358757953178,1.00110549090151
"ptr-miR-646_st",0.981901607084461,1.07200311704127,0.623028721845598,1.41838269070914,0.981901607084461,1.54939465967587,0.867332284370915,1.14599981027649,1.2048318987336
"ptr-miR-649_st",1.07200311704127,1.2412383669111,1.07200311704127,0.805485729787015,0.950522334218608,1.07200311704127,1.23922316506451,1.07200311704127,1.07200311704127
"ptr-miR-650_st",0.831184662536967,1.26931815435738,1.41718671503292,0.886365641851092,0.950668057062392,0.950668057062392,0.950668057062392,1.07200311704127,1.44091629154923
"ptr-miR-651_st",0.977375339764336,0.859278210705382,1.07267217840081,1.03143649322647,0.950668057062392,0.950668057062392,0.950668057062392,0.946308295104448,0.869239944108582
"ptr-miR-652_st",7.52178216488088,7.68953570146037,7.35885882765937,7.40150432749216,7.67988432154418,7.70384917415043,7.23761954157324,7.37738334904922,7.23761954157324
"ptr-miR-653_st",0.845851710690989,0.922571671353117,0.845851710690989,0.845851710690989,0.822624075816189,0.705081479608235,0.71982218505835,0.901032690005114,0.984746705359007
"ptr-miR-654_st",0.857891945238911,1.29327872957599,0.691118614982607,1.10642865799496,1.06497735617161,0.950668057062392,0.869239944108582,0.913072924553037,1.13802793068243
"ptr-miR-656_st",0.818389904108456,1.16736920209043,1.18478409109506,1.13649617392426,1.0674216065535,1.38037672998132,1.00520595024931,1.24408336869029,1.2006717430963
"ptr-miR-657_st",0.977375339764336,1.06475937635651,1.17906867546572,0.784072671222503,1.3004037354446,1.06475937635651,1.06475937635651,1.40079057920553,0.891248442441544
"ptr-miR-658_st",0.883094944546262,0.957619086223862,1.5177953869884,1.26442616437186,1.0404038443538,1.28131703770146,1.26442616437186,1.2518234445686,1.29602543705933
"ptr-miR-660_st",5.55868520216045,5.51037962168391,5.06099118393971,6.00817712508897,5.27624623281716,5.40406986469741,5.8105308799473,5.80142850947483,5.55868520216045
"ptr-miR-661_st",1.20038797915533,1.02095716699339,0.92632938971646,1.88002796693904,0.806700272347251,0.950668057062392,1.13776595965215,0.849318976391933,1.352275208992
"ptr-miR-663a_st",10.8690667068229,10.4035164281568,10.2942062552671,10.3695647080289,10.7531173010886,10.5767923271244,10.3577310013798,11.1203047928655,10.7167952141041
"ptr-miR-663b_st",1.72389291450284,3.88533996789805,1.80993931640496,2.72862711182625,2.104864271009,2.7700055999546,2.72862711182625,1.85050594021976,3.83457981893245
"ptr-miR-664_st",2.57714964524617,2.4798188814116,2.72575372571651,2.97210265349095,2.4798188814116,2.57714964524617,2.83698242367416,2.57714964524617,2.72547259173399
"ptr-miR-664b_st",1.51343240335579,1.41100033383562,1.28131703770146,1.43620333314297,0.975257207179136,1.85446431970784,1.64399000498101,1.41100033383562,1.18697801381757
"ptr-miR-665_st",2.42948671397479,2.61532458177723,1.97763686096467,2.61532458177723,2.80923255232185,2.66284218882971,2.35481956775823,2.7319427119343,2.98409215840824
"ptr-miR-668_st",1.68268715093672,1.69592899692464,1.53026413302097,1.48709451205047,1.68268715093672,1.52468964455982,1.95012428864777,1.45866483091867,1.68268715093672
"ptr-miR-670_st",0.899267576298971,0.981600602463113,0.930095380851354,1.03143649322647,0.981600602463113,1.26931099543032,1.2225647798112,0.981600602463113,0.962976567006758
"ptr-miR-671_st",4.65045554791134,5.24226615409745,4.92527664835861,5.4065982240648,5.61918195512864,5.54535296028947,5.14491524409461,5.14491524409461,4.88417012003956
"ptr-miR-7_st",1.35351157157898,1.97357642515499,1.02823563655856,1.31684912518095,1.31684912518095,1.05701634675296,1.31684912518095,1.12936240552166,2.32407954932892
"ptr-miR-708_st",7.17500653093976,7.44885438417318,7.60414830650412,7.52184148809496,7.44885438417318,7.60589411143312,7.27363203473955,7.35362209896843,7.37263176214339
"ptr-miR-711_st",1.35969060137833,1.24538130226911,1.25155520572257,1.14870846207455,1.63905659327518,1.35969060137833,1.90649373098622,1.35969060137833,1.9667011031906
"ptr-miR-718_st",2.24922245969527,1.66160422337553,0.607754373956677,1.66160422337553,1.79854349694322,1.15695348061009,1.497737703216,2.5274789276556,1.60450529900392
"ptr-miR-720_st",6.64558497418469,6.63437495949112,6.58581817599229,6.05498224206674,7.15135964851536,6.89071453295504,6.88186748700822,6.7673447065271,6.54141153349033
"ptr-miR-744_st",8.74056826542279,8.87123272201942,8.65281679374787,9.02066947126352,8.9752214243329,9.10059984678443,8.7624903802646,9.06093794934,8.65520442060165
"ptr-miR-758_st",1.10866556343929,1.20401925740232,1.10866556343929,0.986529065657436,1.10866556343929,1.06494730095308,1.02128152684712,1.34430992252738,1.1415467495947
"ptr-miR-759_st",1.13537284614124,1.01497047227369,0.701587850298403,0.977375339764336,0.977375339764336,0.755377015031253,0.977375339764336,1.06574629629074,0.869239944108582
"ptr-miR-760_st",2.57714964524617,3.34492682462722,2.28249404964558,3.52749884446689,1.34985661880507,3.27863031623089,2.15120382597063,3.06375155752742,2.89714245532663
"ptr-miR-761_st",1.6590130652006,1.44389399773486,0.849220678590142,1.15092074715452,1.06101145485114,0.85664583773551,0.787280485730942,1.15092074715452,1.67332790198696
"ptr-miR-762_st",11.0070607007561,10.6675740784411,10.6651465712335,10.55830397316,10.981571822106,10.9231978239735,10.7820361804964,11.2801928636069,10.7436590672821
"ptr-miR-764_st",1.19248707691616,1.65165243815036,2.12904398078496,1.66160422337553,1.91315892390505,1.65165243815036,1.49750602018349,1.65625872449197,1.48168206643732
"ptr-miR-765_st",1.61119293676808,1.49129175748688,1.3041904580958,1.83233247593153,1.54939465967587,1.22725799127232,0.801312171996787,1.83574109319274,1.54939465967587
"ptr-miR-766_st",3.31944477310416,3.61432820804115,1.59522894383901,2.9513059302868,3.42854748025234,3.23999022076482,2.53577115711782,3.21625851279171,2.09344806623082
"ptr-miR-770_st",1.10866556343929,0.873021204351199,1.4399836054379,1.15850145420265,0.999325376875075,1.25473906407528,1.2385999906674,1.10866556343929,1.10866556343929
"ptr-miR-802_st",0.857110117016759,0.977375339764336,1.2145902736085,0.772343001835176,1.18013851269702,0.706282460659047,0.977375339764336,0.887165262116685,0.856040279785458
"ptr-miR-873_st",1.23922295584784,1.40332115903987,0.948661635754805,1.35135787801812,1.40332115903987,1.6293992715628,1.46648877822782,1.68979159144996,1.54358136045079
"ptr-miR-874_st",5.99068873811544,6.02095956034386,5.84124269421583,5.90134761194317,6.38356845327665,6.20449181306246,5.99913766707663,5.89665780132415,5.73253288535849
"ptr-miR-875_st",0.977375339764336,1.18013851269702,0.944494153608932,1.0174182383996,1.36626243874295,0.728669732329309,0.977375339764336,0.859102190418908,1.07200311704127
"ptr-miR-876_st",0.7404619229008,0.950668057062392,1.03556966979046,0.950668057062392,0.837338912230784,0.950668057062392,1.0807742122151,1.07200311704127,0.994386319548599
"ptr-miR-885_st",3.4856382970028,4.15378705506928,2.27391462514345,3.35692155479741,3.73986589666662,3.5432804593201,4.32398800399396,4.98376171403093,3.99633256695819
"ptr-miR-886_st",6.91709009045551,6.8876705715058,9.68689493272179,7.7780116729347,8.37924016463083,8.18400982143382,7.69485857200223,7.34648087238485,7.38976592604965
"ptr-miR-887_st",1.21542994728371,0.856923173727665,1.12418542495756,1.10729455162795,0.966277969816793,0.856923173727665,0.943196348435919,1.45264488112787,1.29602543705933
"ptr-miR-889_st",1.10866556343929,0.928176578761726,0.818575431944193,0.928176578761726,0.950668057062392,1.05701634675296,1.01838665640938,0.779029866460931,0.846748465807917
"ptr-miR-890_st",1.01546587209445,1.35366223005773,1.1663023564377,1.55940632987625,1.2145902736085,1.17956386606981,1.28371342459436,1.2145902736085,1.29602543705933
"ptr-miR-891a_st",1.13019875072503,1.00871796790236,1.08824864844897,0.736780897625888,1.10866556343929,1.68068488335082,0.944567569463924,1.2145902736085,1.41393776847692
"ptr-miR-891b_st",1.56585427237499,1.12881414227576,1.44701053630482,1.52854073296985,0.95587022233408,0.836358757953178,1.26983072408692,0.969883949787527,1.15204177715056
"ptr-miR-892a_st",1.10866556343929,0.734129412241539,0.936483286607313,0.787858452354872,1.02658479656412,1.24389020109601,0.7363065174725,1.2145902736085,0.866800514474963
"ptr-miR-892b_st",1.38114537264446,0.950668057062392,0.527516420455066,1.11453457722191,1.27126277971931,0.90712475960302,0.985411335838256,0.922111529891327,0.662847824038212
"ptr-miR-9_st",0.836358757953178,0.798888306675253,0.963409368885833,1.00769188026339,0.836358757953178,0.888218338759327,0.748974721361005,0.836358757953178,1.04925968457554
"ptr-miR-92_st",13.2681267317373,13.3355831050789,13.1984412295872,13.1952599121522,13.2902660007867,13.2429088917755,13.267310694215,13.2429088917755,13.1445958780659
"ptr-miR-920_st",1.10866556343929,1.11372248226413,1.60844138670665,1.25473906407528,1.55868076201241,1.25473906407528,1.25473906407528,1.49195399791945,0.995072131439523
"ptr-miR-922_st",1.20725074417384,1.25133887438071,0.939174335348937,1.35147163500724,0.73641116241625,1.14630051116844,1.07200311704127,0.65633901748622,0.759638797291049
"ptr-miR-924_st",0.950668057062392,0.950668057062392,0.938104498117637,1.00472921052453,0.82918727423973,0.873953890462532,0.950668057062392,0.950668057062392,0.988263189571746
"ptr-miR-93_st",12.184146663243,12.0385162509895,12.1457597663278,12.1594751359992,12.4073262821156,12.3560809782162,12.2051048807124,12.1824360330863,11.9620456090227
"ptr-miR-933_st",2.63396248522977,2.00808534750467,2.11358600944568,2.63396248522977,2.22256620463601,2.9063158278256,3.15433305435996,2.11358600944568,2.7267909119009
"ptr-miR-934_st",0.634004883587404,0.836358757953178,1.15695348061009,0.687754677482836,1.26783561542091,0.836358757953178,0.7554184842687,0.846388122979957,0.836358757953178
"ptr-miR-935_st",2.08268353295229,1.99374551085321,2.10104123283375,3.28358928509218,2.49721366837478,2.41863586933586,1.80922743810386,2.10104123283375,2.84469019641722
"ptr-miR-936_st",1.18480935607212,1.18480935607212,1.32739651263934,1.12050694086082,1.18480935607212,1.27220372325208,1.10055964421233,1.18480935607212,1.18480935607212
"ptr-miR-937_st",1.54939465967587,2.10748938250482,1.90148912812848,1.26016744463226,1.54939465967587,1.54939465967587,1.46796654672206,0.890488849018636,1.54939465967587
"ptr-miR-938_st",0.977375339764336,0.977375339764336,1.09168463887355,1.22121243835977,0.977375339764336,0.727655417671394,0.977375339764336,1.17506879698524,0.771089916216636
"ptr-miR-939_st",5.00238903461498,4.08179040517937,3.25106530523343,2.90166497362949,4.38650442398638,4.35131950109933,4.2083119167367,4.82290132878222,4.21579850882528
"ptr-miR-940_st",2.57714964524617,1.58187740794803,2.20775454567312,3.08928934049996,2.64403371972982,3.87456567731498,2.67375456733098,2.54453501439379,3.00990751310961
"ptr-miR-942_st",1.03505629662972,0.662431333496839,0.99802328812186,1.07472863315514,1.07945140107567,1.18579969076624,0.754573964713698,0.913072924553037,0.99802328812186
"ptr-miR-943_st",1.79866281753749,2.8675755815118,1.9730085626905,2.9807620131634,3.2937006810003,2.9807620131634,2.72021831580731,4.14515902528494,3.34259906039948
"ptr-miR-944_st",1.35960289655367,1.13024619790815,1.01463882020005,0.913072924553037,1.15695348061009,0.906949794576184,1.52854073296985,1.07200311704127,1.15695348061009
"ptr-miR-95_st",0.61000684937725,1.13000381440183,0.929814130356376,1.06287762076205,0.706883838707234,0.950668057062392,0.929814130356376,0.913072924553037,0.744442987350837
"ptr-miR-96_st",1.21301969885243,1.30467598482392,1.27521203446684,1.14574579233568,1.11256828682563,0.950668057062392,1.35353246417372,1.49060831983537,1.18631241615048
"ptr-miR-98_st",2.64403371972982,2.99677869911569,2.64403371972982,2.62295079216862,2.21255686226209,2.64403371972982,2.95187328645952,2.56103125998765,2.7267909119009
"ptr-miR-99a_st",7.08916580122998,7.33928512834098,7.47251416708776,7.34667453252824,7.08360897759803,7.28698050979583,7.1328283937602,7.06628316391653,7.66668516176685
"ptr-miR-99b_st",10.7126032077336,10.9765022932023,10.9586837055503,10.968295436907,11.0881111383436,11.1910047134817,10.7386548740263,10.8414271252852,10.6388677615784
"pvu-miR1514a_st",1.35326818195309,1.24450406858866,0.918568989779282,1.07200311704127,1.07200311704127,1.03006819439352,0.869239944108582,1.2145902736085,1.00951507285779
"pvu-miR159a.1_st",0.950668057062392,0.950668057062392,0.732931514589104,1.03143649322647,0.809651475251233,0.992761929699346,1.32255796894542,0.783448009039156,1.11476605103776
"pvu-miR159a.2_st",0.882747562487403,0.944494153608932,0.977375339764336,0.946502311598174,1.42233361951262,0.977375339764336,0.977375339764336,0.887165262116685,0.977375339764336
"pvu-miR166a_st",1.31313635841606,1.72873041701531,1.31144830233788,1.94644064265597,2.50893019106261,2.42726039764989,1.68509985935376,1.60006179096028,2.01033166085215
"pvu-miR2118_st",0.831190747249378,0.91064221520642,0.647097565394005,0.99528895044141,1.31588367309833,1.01614287714743,0.70836285561769,1.07200311704127,0.951455969996955
"pvu-miR2119_st",1.45963149195623,0.989252946647642,1.33370500656734,1.47287333794415,1.1246710670182,1.00030750992684,1.05049227963313,1.06734217552596,1.28045029061356
"pvu-miR319c_st",1.1419348071684,1.55793167762804,1.06470573695557,1.06470573695557,1.06470573695557,1.45136745083297,0.869239944108582,1.06470573695557,0.902509187837687
"pvu-miR399a_st",1.11836167841769,1.11836167841769,0.74432050168239,1.07314619578856,1.11836167841769,1.20873472182716,1.23922316506451,1.28245988160972,1.07256691670859
"pvu-miR482-star_st",2.09336380520979,1.54627762944021,1.29762241796614,1.45531879982782,0.950668057062392,0.872132787279017,1.32225530942215,1.65019514723193,0.826879072707971
"pvu-miR482_st",0.981114038526809,1.44389399773486,1.54939465967587,1.70515526060843,2.41501897225128,1.54939465967587,1.23922316506451,1.8415196754421,1.29602543705933
"rco-miR156a_st",0.683904784968795,0.950668057062392,0.820984760928229,0.843080862296369,0.950668057062392,1.08337758313725,0.906835076617937,1.12598704361481,1.32238667344362
"rco-miR156b_st",1.24139614589585,1.51061051584798,1.27496615675989,1.49562374555968,1.44037542242737,1.54939465967587,1.10055964421233,1.71394322449022,1.12373286486608
"rco-miR156c_st",1.09800667419474,1.2006717430963,1.09800667419474,1.2006717430963,1.2006717430963,1.53200690226499,1.2006717430963,1.34674524373229,1.29602543705933
"rco-miR156d_st",1.45476688239893,1.6780632857309,1.50882803586107,1.93107391698692,1.54939465967587,1.16251700869397,1.75846481627575,1.65489532161687,1.54939465967587
"rco-miR156e_st",0.624611164269637,1.17166187996796,0.804407867233538,0.907072936135102,1.15695348061009,0.907072936135102,0.827431929146475,1.25242326563502,1.09302135585593
"rco-miR156f_st",0.857891945238911,1.2006717430963,0.977375339764336,1.14870846207455,0.950668057062392,0.950668057062392,0.832433352429502,1.02120832020879,0.977375339764336
"rco-miR156g_st",1.36853577338956,1.44389399773486,1.26629894874774,0.904871363479118,1.15695348061009,1.15695348061009,1.15695348061009,1.19957218465477,1.02478266429426
"rco-miR156h_st",0.977375339764336,0.977375339764336,0.949934253513191,0.951580071035028,0.91973854676593,1.0441021038573,1.00200823122034,0.977375339764336,0.786346079992994
"rco-miR159_st",0.869239944108582,0.956211458132017,0.869239944108582,0.843444675379274,0.950668057062392,0.942926626975451,0.869239944108582,0.870595912132362,0.869239944108582
"rco-miR160a_st",1.50110674250507,1.54939465967587,1.61369707488717,1.54939465967587,1.54939465967587,1.77428131413708,1.28263138758227,1.81212331952144,1.05758817040238
"rco-miR160b_st",0.86518774057528,0.933710051832214,0.869239944108582,1.70745575023284,1.38299290030014,1.38299290030014,1.36634418385196,1.15981025395729,0.838356357869188
"rco-miR160c_st",1.31340654261335,1.40079057920553,1.42749786190747,1.40079057920553,1.40079057920553,1.40332115903987,1.40079057920553,1.5221256391844,1.37408329650358
"rco-miR162_st",1.49979898483054,1.06747684972115,0.826512672373058,1.13655141709191,1.06747684972115,0.95707035073264,0.977375339764336,1.17366060020708,1.09070448459594
"rco-miR164a_st",1.60695932901424,0.950668057062392,1.03143649322647,1.18869834244937,1.07200311704127,0.740203626187174,1.12230059020819,1.77411644805271,2.25251759702352
"rco-miR164b_st",1.58458054506144,1.29602543705933,1.17655189555526,1.48574094277435,1.15695348061009,1.29602543705933,1.09326226412664,1.77341697969392,2.32824541894601
"rco-miR164c_st",1.32160576080531,1.23922316506451,0.80348003840802,0.913072924553037,1.1955049025783,0.975300948518399,1.39824202334653,1.64291828189214,1.96132642285765
"rco-miR164d_st",1.84863159629651,1.81551781241889,1.1201910048531,1.68453360232114,1.65165241616574,1.5023267840096,1.68453360232114,1.84610101646216,1.68453360232114
"rco-miR166a_st",2.45895686864275,1.23729684852325,1.35160614763246,1.98294806577458,3.03367326630591,1.76180852661113,2.10558454495045,2.12966850758538,2.49863568969396
"rco-miR166b_st",1.68268715093672,1.24998217098074,1.63350271936366,1.68268715093672,2.95403214368268,1.54939465967587,3.07660560882477,1.68268715093672,2.32037487174929
"rco-miR166c_st",1.00725778569666,1.26681654788708,1.28131703770146,1.34353071448694,2.07877060311681,2.12351809250375,3.35202732051765,2.439166235033,2.21649157727076
"rco-miR166d_st",1.50935176104061,1.09565671431168,1.54939465967587,1.54939465967587,1.52268737697392,1.68200323530278,1.81124248497604,2.12941661461662,2.1214139795874
"rco-miR166e_st",1.68268715093672,1.57329153075292,1.70104485081819,1.68268715093672,1.55497135018219,2.40974133567238,1.96087762924618,1.22365330818359,2.32824541894601
"rco-miR167a_st",0.869442157674825,1.04264418150088,0.665106200540932,1.38489360068568,1.15695348061009,1.05701634675296,1.35969060137833,1.25977951968565,1.19247055335509
"rco-miR167b_st",0.731723762255479,0.913072924553037,0.7125886308425,0.807596039517247,1.28131703770146,0.982508827631876,0.913072924553037,1.08973468668982,0.744384357189909
"rco-miR167c_st",0.747563795249442,0.886913635786836,1.34310923612817,0.950668057062392,1.21718544431665,1.0320961700162,0.950668057062392,0.924212193736308,0.721809207602468
"rco-miR168_st",3.94039520613367,2.42593700504009,1.64953635797491,2.79564649249873,2.86220359752783,2.17506403670652,3.32639245276516,3.28970854237566,2.85458401330366
"rco-miR169a_st",0.801664201866127,0.950668057062392,0.963231616007147,1.03230618337791,1.96672779338641,1.40332115903987,1.36609602311847,0.913072924553037,0.869239944108582
"rco-miR169b_st",0.950668057062392,0.950668057062392,0.901483625489328,0.950668057062392,1.15998197772258,1.03561842063121,1.10055964421233,1.07200311704127,0.950668057062392
"rco-miR169c_st",1.0606551181716,1.2006717430963,1.07200311704127,1.0082489027197,1.15343122999508,0.821631739140983,1.07200311704127,1.07200311704127,1.07200311704127
"rco-miR171a_st",0.866517317568959,0.73641116241625,0.707581831701598,0.866517317568959,0.844984130283225,0.869047897403308,1.09491793597229,0.866517317568959,0.694169476535045
"rco-miR171b_st",1.18847986446499,1.09022671651713,1.09847173505267,1.41082143917405,1.07200311704127,1.15695348061009,1.04207789865491,1.02349995242417,1.09022671651713
"rco-miR171c_st",1.40236833373937,0.939174335348937,1.19400723837968,1.07200311704127,1.07200311704127,1.07200311704127,1.05092018948007,0.938710625780414,1.07200311704127
"rco-miR171d_st",1.10425962366869,1.1962658033257,1.50233823782261,0.707535773082543,1.40332115903987,0.901905749302919,1.02283151071488,1.22044166609141,0.897815638849178
"rco-miR171e_st",1.24656076629309,1.31520717755417,0.778820537785891,0.913072924553037,1.10554418448193,1.37498679368126,1.13842537063733,1.04821529298968,0.888421684603424
"rco-miR171f_st",0.864077332417914,1.15721189407653,1.10866556343929,0.849452606767751,0.973101746757394,1.19375933555718,0.994634934043128,0.970002042587121,1.07200311704127
"rco-miR171g_st",1.38766327989678,1.07200311704127,1.86413268759487,1.31857924127759,1.28388275803423,0.820700878810084,1.54216582236988,1.1989323944654,0.996169221532717
"rco-miR172_st",1.05187808068685,0.913072924553037,0.93039729786419,1.22542262867441,0.646309652459441,0.885631838301892,0.913072924553037,0.913072924553037,0.791737864574159
"rco-miR319a_st",0.877677146281484,0.649478891418335,1.43060503380575,1.14870846207455,0.904871363479118,0.797284943013111,0.904871363479118,1.01268122838164,0.904871363479118
"rco-miR319b_st",0.856663746984874,1.05942691991756,0.976928969732451,0.804257531532977,0.988886656771162,0.836358757953178,0.856663746984874,0.951291524261807,0.650271626914504
"rco-miR319c_st",0.950668057062392,0.950668057062392,1.19360864125556,0.950668057062392,1.40332115903987,0.836358757953178,1.1151594540021,0.970059126232274,0.950668057062392
"rco-miR319d_st",0.820296812729557,1.24599027731139,0.957376788688991,0.787516538196318,0.913072924553037,0.728669732329309,1.23435627249471,0.913072924553037,0.710423508609463
"rco-miR390a_st",1.10866556343929,1.15656575333024,1.10866556343929,1.10866556343929,1.31797948409948,1.09367879315098,1.27588561146253,0.815692312858953,1.02789712727521
"rco-miR390b_st",1.10659755267394,0.950668057062392,0.920623991397784,1.14870846207455,0.950668057062392,0.977375339764336,0.646726359125268,0.798138270564485,0.977375339764336
"rco-miR393_st",0.977375339764336,0.753353019746279,1.21680095909505,0.977375339764336,1.06232570333316,0.967609914392421,0.977375339764336,0.779029866460931,0.977375339764336
"rco-miR395a_st",1.01497047227369,0.774006294925604,0.841066910244858,0.805485729787015,0.893489689451029,0.950668057062392,1.10055964421233,0.908573766115856,1.0320961700162
"rco-miR395b_st",0.993286761107073,1.17812461603166,1.08349683875472,0.865536607342748,0.950668057062392,0.590422353995745,0.993286761107073,1.19347644515253,1.07933668311742
"rco-miR395c_st",0.659851540226752,1.14071716255613,0.950668057062392,0.950668057062392,0.950668057062392,0.950668057062392,0.856040279785458,1.20275017419337,1.00263133808414
"rco-miR395d_st",0.913072924553037,1.1271840963554,0.877180410321487,0.913072924553037,0.877180410321487,0.851345528241485,1.03333814730061,0.928059694841344,0.831644811599228
"rco-miR395e_st",0.977375339764336,0.764050893483672,0.950668057062392,1.07014159856646,0.950668057062392,0.748948852325484,1.08349683875472,1.2145902736085,0.904821124566425
"rco-miR396_st",0.888324093100582,0.89165753145438,1.08744849461463,1.03143649322647,0.981100204924062,1.33132905067169,1.05887757947762,1.32879847083734,1.36323598408057
"rco-miR397_st",1.19703573549217,1.02628896253079,1.03143649322647,0.950668057062392,0.726645737044335,0.950668057062392,0.977375339764336,0.950668057062392,1.03105219181961
"rco-miR398a_st",1.40332115903987,1.43630728061781,1.40332115903987,1.14870846207455,1.28256897417333,1.15461555160485,1.40332115903987,1.71978968485692,1.40332115903987
"rco-miR398b_st",1.43762317918836,1.43762317918836,1.67722896382418,1.43762317918836,1.43762317918836,1.43762317918836,1.8148460729554,1.41116731586228,1.07200311704127
"rco-miR399a_st",1.26455378928177,1.03878613361615,0.933235747283162,0.694509403073912,0.836358757953178,0.821618052503063,0.851807634329352,0.933235747283162,0.933235747283162
"rco-miR399b_st",1.09711837390183,1.44067999998137,1.20950135646979,1.27144475011154,0.789440920014531,1.07636701483825,1.66160422337553,1.40079057920553,1.00091024680312
"rco-miR399c_st",0.907904913849237,1.26746890988826,1.19050251522178,1.00095152263401,1.22365330818359,1.10959824955062,1.07200311704127,1.01467422554902,1.07200311704127
"rco-miR399d_st",1.23922316506451,1.23922316506451,1.23922316506451,1.11480611996447,1.36356635674955,1.05701634675296,1.23922316506451,1.57481511968953,1.01695083879186
"rco-miR399e_st",1.00150390346186,1.00150390346186,1.00150390346186,0.893916708695839,1.08645426703068,1.32210908779857,1.4105264477778,1.00150390346186,0.950668057062392
"rco-miR399f_st",0.950668057062392,0.950668057062392,1.35160614763246,0.742881385224356,1.04529583433933,0.950668057062392,0.950668057062392,1.02738222366225,0.950668057062392
"rco-miR403a_st",1.28303942405583,1.04926445498622,1.10020213224354,1.52633927468864,1.15695348061009,0.93495515587701,1.29022863233431,0.862624441033921,1.07552536765628
"rco-miR403b_st",1.07200311704127,1.27369645274266,1.35971665354278,1.03143649322647,1.27828854058897,1.12029103421207,0.752195836062145,1.03440798453192,1.07200311704127
"rco-miR408_st",1.35726423302651,1.26073400247265,1.2145902736085,1.38246723233386,2.00921842421253,1.40332115903987,2.29928311327515,1.40332115903987,1.40332115903987
"rco-miR535_st",0.977375339764336,0.950668057062392,0.977375339764336,1.09573890843777,0.977375339764336,0.907086229833335,0.977375339764336,1.54939465967587,0.727150239249512
"rlcv-miR-rL1-1_st",1.77717815225535,1.29602543705933,1.28131703770146,0.978137204049184,1.01022415859617,1.28131703770146,1.07340164105565,1.38724174787067,1.29602543705933
"rlcv-miR-rL1-10_st",0.977375339764336,0.934756635719655,0.928190908191273,0.977375339764336,0.950668057062392,0.927015205632714,1.19511188223762,0.977375339764336,0.977375339764336
"rlcv-miR-rL1-11_st",1.11268369861762,1.18928130076954,1.27004352205343,1.14870846207455,1.14870846207455,1.15695348061009,1.105077904413,0.97707027147309,1.14870846207455
"rlcv-miR-rL1-12-3p_st",0.869239944108582,0.997908570163613,0.869239944108582,0.74824431910352,0.836358757953178,0.647241619375499,1.01025652591974,1.2145902736085,0.869239944108582
"rlcv-miR-rL1-12-5p_st",1.0134590619086,0.847114719188949,1.14474928558356,0.711941712853141,1.43688415437115,0.79917629822694,1.15855938967843,0.777823524387089,1.21515239760999
"rlcv-miR-rL1-13_st",0.99890852705007,0.877427744227408,1.22459903503273,1.0540895063642,1.24545296173874,0.977375339764336,0.7873262342706,1.0540895063642,0.869239944108582
"rlcv-miR-rL1-14-3p_st",1.49994579367615,0.836358757953178,1.12956106778393,1.13048486259869,1.07200311704127,1.13872988113423,0.990575004087461,1.07200311704127,1.07200311704127
"rlcv-miR-rL1-14-5p_st",1.80030566986116,0.950668057062392,0.519480424381147,0.867262510861639,0.999485420647927,1.06828657598683,1.02619270334987,1.11895896215199,1.1896216359657
"rlcv-miR-rL1-15_st",1.10866556343929,1.11257595573626,1.07200311704127,1.07200311704127,1.07200311704127,1.49026410360614,1.22189470419121,1.01467422554902,1.07200311704127
"rlcv-miR-rL1-16-3p_st",1.40079057920553,1.40079057920553,1.40079057920553,1.33648816399423,1.53408307046638,1.44288445184248,1.23669258523016,1.48892771792106,1.20276502846778
"rlcv-miR-rL1-16-5p_st",0.936808715949537,0.523637394400148,1.11638685679529,1.07582023298049,1.11638685679529,0.613608728389967,1.03143649322647,0.934559503896486,1.11638685679529
"rlcv-miR-rL1-17_st",1.44695171670142,0.937984244120924,1.40332115903987,1.40079057920553,1.72631770859827,1.76547969147801,1.2646576381877,1.2145902736085,1.03333793808395
"rlcv-miR-rL1-18_st",0.861965924411494,1.70658402201377,1.09918085825566,1.65591761270154,1.68268715093672,1.10738810904754,1.52724826467433,0.937647158340079,1.6913462586497
"rlcv-miR-rL1-19_st",2.51995589988048,2.22941213141923,1.71598388276669,2.21308812251007,2.39247257782641,2.79230924247631,2.34615161291575,2.51995589988048,2.77851531782518
"rlcv-miR-rL1-2_st",3.90678770830336,3.67775735675888,2.63506350376526,3.23984026767899,2.31072353240965,2.18294806764972,3.1330124882162,4.1581469329155,3.71366046401588
"rlcv-miR-rL1-20-3p_st",1.01497047227369,0.965376456420258,0.950668057062392,0.811457627424327,0.848002988160828,0.950668057062392,0.950668057062392,0.779029866460931,1.10959824955062
"rlcv-miR-rL1-20-5p_st",1.5310369597944,1.23922316506451,0.925775184123673,1.54922124080757,0.836358757953178,1.23922316506451,1.23922316506451,1.35869670656857,1.03910432895528
"rlcv-miR-rL1-21_st",1.22666603478072,1.10305058771945,0.970221806027114,1.26442616437186,1.2205931839274,0.938110926778601,1.35320632194785,1.13038310627975,1.28346830677554
"rlcv-miR-rL1-22_st",1.40332115903987,0.917098584729305,1.27560535828535,1.36391805090795,1.1056349865723,1.38500097846915,1.08590129998781,1.69902059772653,1.27560535828535
"rlcv-miR-rL1-23-3p_st",0.860920442351401,0.975084018616831,0.975084018616831,1.40381907631801,1.07503161415376,1.28131703770146,1.07503161415376,1.01770272266151,1.07503161415376
"rlcv-miR-rL1-23-5p_st",1.24175374489885,1.11580967398856,0.987141047933532,1.14870846207455,0.819920999910296,0.987141047933532,0.871770523942931,1.14292786882388,0.835098195931314
"rlcv-miR-rL1-24-3p_st",1.10866556343929,0.750158789883251,0.691153535763151,0.805485729787015,0.869239944108582,0.869239944108582,0.869239944108582,0.869239944108582,0.869239944108582
"rlcv-miR-rL1-24-5p_st",0.829355430245234,1.2006717430963,0.912058254473905,0.747537192263326,0.877643347416035,0.965027384008208,0.621590280758477,1.18605375861482,0.877643347416035
"rlcv-miR-rL1-25_st",0.923301097570716,1.37071447688456,0.614841815461261,1.0405730664188,0.901767910284982,0.923301097570716,0.869239944108582,0.942457313427915,0.980052445937269
"rlcv-miR-rL1-26_st",0.818457858914532,0.946076170042523,0.988116912186284,0.614233414909892,0.906688799232475,0.906688799232475,0.91925235817723,0.813742843972092,0.950668057062392
"rlcv-miR-rL1-27_st",1.44215121833662,1.35875236743313,1.68694996480869,1.18625141588573,1.16763544833284,0.944362894571627,0.869239944108582,1.33485549635608,1.33485549635608
"rlcv-miR-rL1-28_st",0.867338290034438,0.917127194117256,1.03143649322647,1.03143649322647,1.03143649322647,0.923747467602601,1.31912397756353,1.03143649322647,1.1705084496757
"rlcv-miR-rL1-29_st",0.779167118334573,1.56588858600047,1.44119920527409,0.940734532475592,0.943265112309941,0.943265112309941,1.27433079961484,0.65633901748622,0.866545151647812
"rlcv-miR-rL1-3_st",1.54939465967587,1.55652819599801,1.27360717020993,1.21615013857484,2.13065903339252,1.54939465967587,2.28741285632014,1.49905631989329,1.89347714996364
"rlcv-miR-rL1-30_st",1.00498062990039,1.00498062990039,0.878151401822092,1.03143649322647,1.14924428092738,0.961262367414178,1.09519070754804,1.00498062990039,0.665816431079381
"rlcv-miR-rL1-31-3p_st",1.36789179111954,1.16212032112809,0.828787077282896,1.35410587035829,1.2006717430963,1.40332115903987,1.35969060137833,1.03345169507306,1.2006717430963
"rlcv-miR-rL1-31-5p_st",0.777084972521434,1.4336527359857,1.03143649322647,0.821951750739794,0.967134078015171,0.967134078015171,0.923503520353623,0.967134078015171,0.923301097570716
"rlcv-miR-rL1-32-3p_st",1.69622923625703,1.6440224369528,1.47267469901374,1.5493888656136,1.54939465967587,1.54939465967587,1.54939465967587,1.97280989911706,1.75049888242416
"rlcv-miR-rL1-32-5p_st",2.70388699523576,3.45782312622439,1.35314675765208,2.51060207702698,1.84082780889356,2.12351809250375,2.25126824626808,1.99429853956656,2.04208997954994
"rlcv-miR-rL1-33_st",0.977375339764336,0.863066040655122,0.977375339764336,1.02120832020879,0.863066040655122,0.977375339764336,0.977375339764336,0.8101552917411,0.977375339764336
"rlcv-miR-rL1-34-3p_st",0.807642463531714,0.836358757953178,1.5964652187631,1.09845898036735,0.941859419894184,1.15695348061009,1.05406898359384,1.31452740746563,1.07200311704127
"rlcv-miR-rL1-34-5p_st",1.23922316506451,2.1392981376318,1.59986194339724,2.17735755592596,1.56225156074477,1.74593544403323,1.79027357140273,2.19605796617636,1.85774658337953
"rlcv-miR-rL1-35-3p_st",6.17807845871335,5.38055023517758,3.83991185548409,3.90861614339447,4.52180893323705,4.642801885327,5.4682549177586,6.11248167542758,4.65936885183072
"rlcv-miR-rL1-35-5p_st",0.857891945238912,0.898464783933898,1.4131890694695,1.14870846207455,0.993252097720608,1.50339206654101,1.18330120321434,1.09887257131119,1.41894556230244
"rlcv-miR-rL1-4-3p_st",1.10629858602359,1.2006717430963,1.29602543705933,1.14870846207455,1.67321020756028,1.18135698125483,1.52854073296985,1.29602543705933,1.29602543705933
"rlcv-miR-rL1-4-5p_st",0.748974721361005,0.626302463301712,1.54867940733716,0.748974721361005,0.748974721361005,0.741233291274064,0.748974721361005,1.17466818594283,0.759638797291049
"rlcv-miR-rL1-5-3p_st",0.924160305649891,1.01587968038222,0.746599733711062,1.14870846207455,1.56078555566743,1.22834946906318,1.83293734568574,1.14870846207455,1.23013657502836
"rlcv-miR-rL1-5-5p_st",0.869239944108582,1.08335111591094,0.686228027144624,0.81311650744953,0.73641116241625,0.948880951097209,0.869239944108582,1.40079057920553,0.869239944108582
"rlcv-miR-rL1-6-5p_st",1.10866556343929,1.10866556343929,1.10866556343929,0.984248518339256,1.14812750780259,0.979443350529689,1.77931435117023,1.26760104930665,1.07200311704127
"rlcv-miR-rL1-6_st",0.977375339764336,1.03470423125658,0.798039582424896,0.841872562869351,1.26508887626585,1.28131703770146,0.869239944108582,0.779029866460931,0.977375339764336
"rlcv-miR-rL1-7_st",1.10866556343929,0.819742763570799,1.202722717098,1.07011414147109,1.04615969318629,1.15695348061009,0.767615148228068,0.874521502584832,1.07011414147109
"rlcv-miR-rL1-8_st",1.45315704980323,1.26442616437186,0.892541498558452,1.26442616437186,1.26442616437186,1.26442616437186,1.55298127237397,1.07569527894048,1.54939465967587
"rlcv-miR-rL1-9_st",1.14870846207455,1.12291319334524,0.869239944108582,1.07147939186173,1.72273004957198,1.43563455689827,0.845946947247012,1.14870846207455,1.73487003818255
"rno-let-7a_st",13.3828635261336,13.3815296807084,13.4553761605386,13.372599520745,12.9965787341152,12.8647494056178,13.502525279398,13.274060024571,13.4921562639415
"rno-let-7b-star_st",1.5310369597944,2.32348218965719,1.61319441533281,1.66160422337553,2.32348218965719,2.439166235033,1.80922743810386,2.56252846354735,3.19564531912927
"rno-let-7b_st",13.8593075805685,13.9743046520924,13.9638637139531,13.964346405028,13.8145926787738,13.847917171577,13.8690666008989,13.8081221648811,13.7407488966107
"rno-let-7c_st",12.5991217702498,12.4899407130223,12.6244261429624,12.4858971952817,12.1181986747363,12.0721190887864,12.732127276929,12.3359273725787,12.483871492632
"rno-let-7d-star_st",2.5412766300494,2.61532458177723,1.07995642548671,2.61532458177723,2.26191063815255,2.94791330546204,3.48164827533098,2.07317975272117,3.43056493373987
"rno-let-7d_st",12.2171264376604,12.2795084481715,12.2234190684244,12.2180142199891,12.1321937088995,12.0838693858647,12.251547998527,12.1794056219926,12.2247628962281
"rno-let-7e-star_st",0.818125425425657,1.60809101959856,1.12121569592142,1.40079057920553,1.97755621279458,2.47676136754235,1.0963515770532,1.22907179105469,1.66406311548037
"rno-let-7e_st",11.8629643731262,12.1476440999494,12.0229733762893,11.9648190997216,11.9798788391142,11.989736430923,12.0101918065786,11.9558384015654,11.8494449705017
"rno-let-7f_st",9.4296227621931,9.51195459454459,9.3749380746977,9.34019273603762,8.72055970723324,8.55693071420026,9.41220033329213,8.9088991863257,9.55555234087855
"rno-let-7i-star_st",1.37124005366192,1.13221048924565,1.03143649322647,1.14870846207455,1.07200311704127,0.910212164512567,1.07200311704127,0.737198730973902,1.07200311704127
"rno-let-7i_st",9.95653023835833,10.0601598863175,10.0769357190892,9.9911347743144,9.81469419737486,9.6580954319342,10.1673085579715,9.74693980539283,10.0730509260533
"rno-miR-1-star_st",1.15277155320535,1.07200311704127,1.18943399960337,1.22947689823863,1.3323496940511,0.917127194117256,1.411054617541,1.33592533358738,0.743616260202291
"rno-miR-1_st",1.04337138213619,1.44196555431346,1.5945367753417,0.805485729787015,1.28131703770146,0.534691957679342,1.10055964421233,1.1171452327071,1.07007467361987
"rno-miR-100_st",11.6229887606324,11.7484458230283,11.6759181645788,11.5346773295092,11.562313425918,11.6436552574332,11.5344938835651,11.6314900346179,11.663482901741
"rno-miR-101a-star_st",1.49794893631681,1.07200311704127,1.47749945242626,0.806569490130075,1.08024813557681,1.08024813557681,1.07200311704127,0.971861418742224,0.82878086240271
"rno-miR-101a_st",1.10866556343929,0.950668057062392,1.09853661773793,0.833125460854437,0.950668057062392,1.07182933503598,0.423401988980897,0.913072924553037,1.06497735617161
"rno-miR-101b_st",1.07989026997199,0.736411162416249,1.28131703770146,1.13763517743497,1.19333817702015,0.950668057062392,1.66160422337553,1.54939465967587,1.04529583433933
"rno-miR-103_st",13.2704583374488,13.2120035710857,13.2242425030029,13.2581186034401,13.3746837418816,13.3857260918302,13.3098416596498,13.3542322291476,13.1789461109845
"rno-miR-105_st",0.869239944108582,0.769292348571654,0.707761753751863,0.83836691594242,1.24583348515488,1.01784402457892,0.869239944108582,0.749817745673828,0.950668057062392
"rno-miR-106b-star_st",7.84634815503463,8.5346293414356,8.3074110086913,8.48661406382176,8.52801543841833,8.50736861469573,8.2486809585563,8.50035103116115,8.01583579314613
"rno-miR-106b_st",11.7455748673344,11.6769575406625,11.7240604169755,11.7240604169755,11.7705786398835,11.6847941444474,11.770032280022,11.7151066999089,11.6664856636398
"rno-miR-107_st",13.0390476923881,12.8027167085731,12.8524260823093,12.8267451446569,12.8571553759227,12.8966458252694,12.9921013562346,12.8822184454121,12.8402178954874
"rno-miR-10a-3p_st",0.627886165160244,0.869239944108582,1.24185509333816,1.03143649322647,0.836358757953178,1.05701634675296,0.977375339764336,0.65903380994699,0.869239944108582
"rno-miR-10a-5p_st",3.22820035204783,2.58024049884762,1.22699591136809,2.61532458177723,2.52642496346088,2.228240597254,2.89601128691124,2.45157187279259,2.45157187279259
"rno-miR-10b_st",0.894790043126392,1.29602543705933,1.66424475733278,1.29602543705933,1.29855601689368,1.29602543705933,1.31187396611716,1.12438724645787,1.29855601689368
"rno-miR-122_st",1.23922316506451,1.42232192223163,1.2060723721027,1.25036979880285,1.02901703090291,0.836358757953178,0.847667868605356,1.31132603029741,1.68869600693638
"rno-miR-1224_st",7.11018369889253,6.91545350313701,6.06967578754457,6.49972055524145,6.91545350313701,6.87707928490608,6.99710973058304,7.37157786673776,6.98244150605354
"rno-miR-124-star_st",1.23922316506451,0.748974721361005,0.748974721361005,0.63143212515305,0.513330362272912,0.836358757953178,0.748974721361005,0.71137958885165,0.759638797291049
"rno-miR-124_st",1.07200311704127,0.950668057062392,0.857746222395128,0.903593154891094,1.07200311704127,0.836358757953178,1.92508712322236,1.14871728364113,0.898492183126305
"rno-miR-125a-3p_st",5.97296429118808,6.35336887590037,6.39504231372489,6.57132204223866,6.44636557041835,6.66617485726272,6.35336887590037,6.32337014479809,5.73836347119576
"rno-miR-125a-5p_st",11.2408190678185,11.7091996529516,11.1141442749186,11.5759924787372,11.2066797916634,11.2985435049077,11.1973014097829,11.0806272608327,11.414144502136
"rno-miR-125b-3p_st",4.74772627211713,5.21465961486648,4.672588095284,4.9147175134201,5.25209559710574,4.9147175134201,5.19533815148665,4.28467451854822,4.9147175134201
"rno-miR-125b-5p_st",11.2149728722554,11.1688558220668,11.265072121314,11.1531951661154,11.054749706431,11.0567794422665,11.1956311233723,11.0610546101893,11.1531951661154
"rno-miR-125b-star_st",3.51906337721538,4.68750974059979,3.54547928706317,3.54805779507161,3.1674223386909,4.18018204050276,4.12232077163421,3.19799110495216,3.3831234819865
"rno-miR-126-star_st",1.06483258299484,0.739133788955873,0.825406963664127,0.869239944108582,1.19226833978885,0.956623980700755,0.869239944108582,0.779029866460931,0.98256908894019
"rno-miR-126_st",2.9513059302868,2.87873099239948,2.86939837325257,3.35774090819769,2.14309021872163,2.9513059302868,2.90671729779939,3.85763181217577,3.22275897410298
"rno-miR-127_st",1.24185509333816,1.16514092673831,1.24185509333816,0.975244297915619,1.39145184652124,1.87817682846099,1.38913488207576,1.10781203524606,1.03899851223719
"rno-miR-128_st",6.11415702081158,6.42804752510074,6.11415702081158,6.3170004955293,6.11415702081158,5.79965051354872,5.9475343288407,5.65968989108338,6.5898084326052
"rno-miR-129-star_st",1.54939465967587,1.4571790139645,1.6972632203514,1.54939465967587,2.41501897225128,1.54939465967587,1.10593067380365,1.65415980182206,1.54939465967587
"rno-miR-129_st",1.10866556343929,1.15998197772258,1.65320791839505,0.964271015164091,1.06003438218565,1.64314128594285,1.30987356487253,1.4299211181718,1.54939465967587
"rno-miR-130a_st",9.24553402073268,9.14545855506537,9.2556657557376,9.41475790833354,9.18843203896232,9.15108928211596,9.3951944650597,9.21250002669397,9.38072059417712
"rno-miR-130b_st",8.85197950879913,8.93514029837317,9.03056915550587,8.97311671028582,9.06760062193112,9.05018103779872,8.97371628068501,8.97311671028582,8.78768655463062
"rno-miR-132_st",6.63206057520843,6.44924816002172,6.44273649028871,6.44924816002172,5.99338593312496,6.82975662157501,6.6235632853916,6.42333397503719,6.44924816002172
"rno-miR-133a_st",0.755718086677158,1.15695348061009,1.24115687696663,1.15695348061009,1.55763967821141,1.15695348061009,1.15695348061009,1.37234976597862,1.02366098934924
"rno-miR-133b_st",1.07625377938085,0.950668057062392,1.30089690281002,1.05701634675296,1.05701634675296,1.09461147926232,1.10055964421233,0.972065983184141,1.05701634675296
"rno-miR-134_st",2.58273075813733,2.8675755815118,2.1268972214917,2.74429817227835,2.48463123964259,3.71058895484082,1.83609761517359,2.09877705905314,3.01710755410423
"rno-miR-135a-star_st",1.00996326530492,1.15322635431602,1.27791157820356,0.913072924553037,0.983255982602976,0.770939886274305,1.06902295795949,0.945660850093622,0.662847824038212
"rno-miR-135a_st",0.96175372109412,0.971107983016592,0.576626880327091,1.15979412610628,1.29240270173319,0.96175372109412,0.953647801867163,1.20745233816437,0.532379444625464
"rno-miR-135b_st",1.15695348061009,1.2006717430963,1.15695348061009,1.15695348061009,0.828797548719628,1.30213580788547,1.06685197065328,1.15695348061009,1.18018111548489
"rno-miR-136-star_st",0.801675675726146,0.86697457268121,0.803580345426346,0.893681855383155,0.893681855383155,1.26192596853158,0.793569756499189,0.913072924553037,0.893681855383155
"rno-miR-136_st",0.763264167961978,0.953313273455715,1.07200311704127,0.733474900138875,0.857891945238911,0.939320058192721,1.22947919759867,1.18895763254381,0.857891945238911
"rno-miR-137_st",1.10866556343929,0.987052753472448,1.24185509333816,0.828122560984215,1.07200311704127,1.07200311704127,1.07200311704127,1.07200311704127,1.07200311704127
"rno-miR-138-star_st",1.34551982529971,1.65107000106244,0.94572508307644,1.24883354179528,1.36626740127028,1.28131703770146,1.28131703770146,0.988343787121122,1.55571630709942
"rno-miR-138_st",4.87518295995233,4.69210675218121,4.86384665357579,4.86384665357579,5.37520332249812,5.35214633376586,4.81607283600484,5.00837365285524,4.46400130902814
"rno-miR-139-3p_st",2.07243732616738,1.27781152878923,2.09079502604885,1.16026893258128,1.45302424119272,2.439166235033,1.80922743810386,3.61280582925659,2.43487751633662
"rno-miR-139-5p_st",3.82812783207462,3.38075575584578,2.7267909119009,2.76005746775714,2.82843304845438,2.98740467351407,2.8350534745129,3.22826971310428,3.87802768205097
"rno-miR-140-star_st",7.96599712360216,8.04948870342187,8.09652731796423,8.03613040413879,8.4309012270493,8.3776586290643,8.0482926516606,8.26445549790907,7.97564371560929
"rno-miR-140_st",3.96152086478389,2.43404301740448,2.18007237309144,3.43261243112698,3.62652040167159,4.642801885327,2.89669572292845,2.6027231589971,4.95948954838023
"rno-miR-141_st",8.15142653956919,7.49489541530941,8.03182904024994,7.95319255637931,8.32913817303972,8.56807391206626,8.16905046138597,8.42545566981035,8.35531646382894
"rno-miR-142-3p_st",1.10866556343929,1.00799694855464,0.836358757953178,0.711941712853142,0.950668057062392,0.950668057062392,0.856040279785458,0.950668057062392,1.2006717430963
"rno-miR-142-5p_st",1.40332115903987,1.31617819698033,1.03732329512593,1.23536370013809,1.24360871867363,1.03732329512593,0.791110896903371,1.08768342925755,0.801774972833415
"rno-miR-143_st",1.07200311704127,0.836358757953178,1.07200311704127,0.926820789765893,1.2527605105304,1.0284598195819,0.726652787541354,1.07200311704127,1.19333817702015
"rno-miR-144_st",1.07200311704127,0.836358757953178,1.35160614763246,1.17947580080303,0.825635438611488,1.05701634675296,1.07200311704127,1.2145902736085,0.950668057062392
"rno-miR-145_st",1.81135577699175,0.755713463348018,1.20753349655118,1.36329409748374,1.2006717430963,1.34325889966353,1.15704118543475,1.01194085766492,1.2006717430963
"rno-miR-146a_st",1.30102144215672,0.863096351706915,0.984431411685794,0.856894667344654,2.53577115711782,2.52968093802295,3.26896239219691,0.757219334967493,1.15845472890043
"rno-miR-146b_st",6.46229366087721,6.28731066640914,5.95356125884142,6.35871872601548,6.13385087168783,6.19890389519268,6.06504003361435,6.65808727917018,7.06254311940929
"rno-miR-147_st",1.07200311704127,1.07200311704127,1.34430992252738,1.23357053118229,1.40265209768034,0.534691957679342,0.767644712438319,0.913072924553037,1.2006717430963
"rno-miR-148b-3p_st",4.99899383118982,5.21039890887476,4.05878615614311,5.38244271243581,4.8535342787789,3.80991762790711,4.59727925433209,5.18512103148506,5.14491524409461
"rno-miR-148b-5p_st",0.765885765581903,0.857891945238911,0.857891945238911,1.14870846207455,0.885333031490057,0.814173682752704,0.549432663129457,0.779029866460931,1.32024785621876
"rno-miR-150_st",1.10866556343929,0.987330503460413,1.10866556343929,1.57687780878644,1.15075943607625,1.10866556343929,1.10866556343929,1.81910138145698,0.950668057062392
"rno-miR-151-star_st",2.1256947369941,2.71515821759469,3.84510780478514,2.01786429380586,2.37530525728805,2.14283608936114,3.8725843976499,2.12316415715975,3.20185044734791
"rno-miR-151_st",11.2144155431402,11.4682514516349,11.3095616845756,11.3135890463716,11.2739238611523,11.2243420346632,11.2733432328334,11.1942390192176,11.0080729036769
"rno-miR-152_st",6.27529894199311,6.18844999244814,6.12586386761262,6.43078564739172,6.27529894199311,6.67953040156939,6.34903615217329,5.99234808907731,6.24802738251796
"rno-miR-153_st",0.920917674483715,1.44389399773486,0.851234902351365,1.45818238456985,1.22527607908667,1.43156150263437,1.30224889430931,1.01849524438292,1.22527607908667
"rno-miR-154_st",0.96918753964551,0.847706756822849,0.980535538515181,1.26000405648115,0.836358757953178,1.6744993508179,0.96918753964551,0.96918753964551,0.815753412383522
"rno-miR-15b_st",11.1335321698767,11.1163749553575,10.7394600670732,11.0062688465448,10.2474793207025,10.248643047264,11.0854494834962,10.8467263162422,11.0920146102681
"rno-miR-16_st",12.8318217925187,12.8670137129312,12.9368968497404,12.9601120108306,12.7906698668591,12.8469306145351,12.8921667655175,12.8803515973161,13.0390604870856
"rno-miR-17-3p_st",6.24211067147745,5.4463640311756,5.98344777707563,5.70935012437426,5.89015388693735,6.0922312828704,5.99437374686925,5.96332018916788,6.31561854734971
"rno-miR-17-5p_st",13.1983115097014,13.138629891677,13.0636090959775,13.1228110310797,13.3108148606029,13.3038804090793,13.1954500969628,13.2262154170228,13.1027383780277
"rno-miR-181a-star_st",5.06637103488997,5.35002702927195,6.22407795029296,5.79709729053289,6.27501498121158,6.30759224591023,5.79709729053289,5.61165702689314,5.70969764593138
"rno-miR-181a_st",10.6807921249987,10.7447774933072,10.5645554150564,10.6892663261515,10.8030190635007,10.871910201159,10.638198453876,10.5982442307678,10.6892663261515
"rno-miR-181b_st",10.3219126089668,10.4694994674124,10.5143083280704,10.4424170423643,10.729593365333,10.6261293503298,10.3287111420927,10.3736420788672,10.2992135194317
"rno-miR-181c_st",4.5482863416237,5.07953036189255,3.52755069702238,3.26472147254363,3.83042603049453,3.10004628743301,5.79709729053289,4.69333419936611,3.36282047516498
"rno-miR-181d_st",4.955102026433,4.09857068276151,3.52219867673272,4.66820982413752,4.12735249865629,3.9075157899787,4.48421712875215,3.22113331273493,4.78140469997903
"rno-miR-182_st",9.90227633048327,10.151458529166,10.055452491771,9.93865134742443,10.0737591387569,10.0615245029837,9.90747841066048,10.0446391014444,9.82905852963199
"rno-miR-183_st",7.08837044920944,6.94046596860196,6.73179400069657,7.03126080583482,6.31171942664423,6.16979518663928,7.13206181467895,6.59760656156678,7.01425311391639
"rno-miR-184_st",1.07200311704127,1.57329153075292,1.32074889581066,1.11204601567653,1.03534067064325,0.828166018445837,0.977375339764336,1.07200311704127,1.07200311704127
"rno-miR-185_st",10.0601598863175,10.3215094040092,10.3515277838617,10.2323166031832,10.2853847579754,10.3341433400646,10.2173843453963,10.1429113744522,9.94795007546881
"rno-miR-186_st",1.19555273290521,1.53484056958466,1.3757508633664,1.20690073177488,1.1301953867416,0.936106959667204,1.20690073177488,1.20690073177488,1.20943131160923
"rno-miR-187_st",1.10866556343929,0.750158789883251,1.09996296051514,0.834917019577841,0.867701386091205,0.890929020966004,0.890929020966004,0.85333388845665,0.890929020966004
"rno-miR-188_st",3.05607699575396,3.03053990891199,3.27549949953673,3.27549949953673,4.29735860019178,3.84408881273057,3.27549949953673,3.27549949953673,3.89159438532824
"rno-miR-18a_st",11.0160436003001,10.8983855039599,10.9521185580094,10.9375723820415,11.3937717206291,11.3159627360228,11.0337366163802,11.1526366238753,10.8878499386797
"rno-miR-190_st",1.08933157791456,0.950668057062392,0.763689557775599,1.30949183593198,1.07200311704127,0.873953890462532,0.950668057062392,0.950668057062392,0.863273689882432
"rno-miR-190b_st",0.897502002825206,1.29602543705933,0.902845283087425,1.03143649322647,1.27531704928353,0.979862082695074,0.869239944108582,1.2145902736085,0.987603512782015
"rno-miR-191_st",12.2192634744394,12.2215830194652,12.3383243826266,12.2011991730991,12.2688158298602,12.261178486288,12.1870118770426,12.1402747265464,12.092705001861
"rno-miR-192_st",6.70150073052881,6.92214657993714,6.29799359801714,6.81936907350922,6.66995468634622,6.5129569687698,7.28817758050485,6.85623243586813,7.03643322451701
"rno-miR-193-star_st",3.68860815882925,3.93462060902626,2.86611065544483,4.14218823690285,3.15186604290933,3.35930422049945,4.32940896770529,3.91644189773463,3.77749351911216
"rno-miR-193_st",1.3711858501165,1.44389399773486,1.53528384409187,1.35948336113557,1.48924057801329,2.38370307232273,1.3711858501165,2.05441471126536,2.57425564034314
"rno-miR-194_st",7.61342462277369,7.79914724064856,7.54196470595489,7.60454860290044,7.54590544281583,7.47063669984273,7.61342462277369,7.67607480607248,7.94579289288383
"rno-miR-195_st",3.81732642986022,4.43542918673605,3.73557262581511,5.36441955708959,3.73107610248838,4.43542918673605,4.50931977884284,2.52578961780253,4.642801885327
"rno-miR-196a-star_st",0.869239944108582,0.869239944108582,1.44711262001604,0.711941712853142,0.950668057062392,1.35774928000458,0.825406963664127,0.869239944108582,0.836071039594172
"rno-miR-196a_st",0.747705929189133,0.671833651927364,0.840401112532195,0.805485729787015,1.04421207399627,0.838442108774808,0.853182814224922,1.2145902736085,1.17183291151991
"rno-miR-196b_st",0.558265077202881,0.950668057062392,1.15695348061009,1.35452874146861,0.862623481805832,0.950668057062392,0.950668057062392,0.965654827350699,0.776656065561146
"rno-miR-196c_st",0.945275981831085,0.836358757953178,0.630073334405477,0.819630738477011,1.03912193088587,0.836358757953178,0.576181415068849,0.8867188920848,0.836358757953178
"rno-miR-199a-3p_st",1.00637105664757,1.24364130764273,1.05261204787139,1.07200311704127,0.646309652459441,0.661056751412237,1.07200311704127,1.07200311704127,1.2309333095295
"rno-miR-199a-5p_st",1.06242087045324,1.21112382433125,1.15695348061009,1.15695348061009,1.15695348061009,1.15695348061009,1.74037960014185,1.12526896232227,1.41156617757542
"rno-miR-19a_st",7.0436053282636,6.64035871152911,6.65876678213721,6.64149296889542,6.01494365194279,6.65713648773448,6.9789245376764,6.340803060658,7.03761314001475
"rno-miR-19b_st",11.273370137269,11.3153361477321,11.1497962366758,11.0896890599832,10.8117861161887,10.8128097398724,11.2708165530746,11.0021987775713,11.2797382407357
"rno-miR-200a_st",6.75706415639851,6.10945803594297,6.25828700929854,6.55892801084782,6.54840146607777,6.46483113832497,6.87696601788911,6.49732391421423,7.01672070171511
"rno-miR-200b_st",10.9583346786812,10.9856387221684,10.9621674087544,10.8621576918946,11.124921754048,11.1062345170779,11.0465239334166,10.8798749961375,10.9542533726612
"rno-miR-200c_st",13.4243073397414,13.5762197355244,13.594178654268,13.4028848511306,13.4691953431771,13.3897423025507,13.3343575493965,13.3032315890892,13.4101880103267
"rno-miR-201_st",1.04754504639238,0.886420164809679,1.25383046994008,1.1031477417593,0.950668057062392,1.11987576123546,0.940297620389708,1.04754504639238,0.939409650736622
"rno-miR-202_st",0.857891945238911,0.767129896617716,1.0595852809403,1.30797204699049,0.956920212038735,1.0595852809403,1.07214883988505,1.18092034091918,1.04096124548394
"rno-miR-203_st",0.744510398402749,1.01751796271427,1.09816325731943,1.03143649322647,1.03143649322647,1.03143649322647,1.08545298721163,1.03143649322647,1.03143649322647
"rno-miR-204-star_st",1.91351014132115,1.7253367929175,1.75204407561944,2.30046255368401,1.84667185289637,1.75204407561944,1.25916370364228,1.72477925588977,1.40332115903987
"rno-miR-204_st",1.66183322423071,1.17981781639028,1.34234042737282,1.52854073296985,1.95071785304213,1.52854073296985,1.78935437713985,1.40079057920553,1.17981781639028
"rno-miR-205_st",13.1102219308434,13.1202746743529,13.2654237489563,13.1251555209682,13.1535518528698,13.2323879087147,13.1575902522295,13.1215052640099,13.2307299450011
"rno-miR-206_st",0.885831026362464,0.78631313271055,0.893916708695839,1.66160422337553,1.0758801318562,1.15695348061009,0.91641928786326,1.15259429845606,0.950668057062392
"rno-miR-207_st",2.03134140527938,1.85268191924065,2.03134140527938,2.03134140527938,2.84888931068828,2.2574195178023,2.10254730656352,1.43182640334867,1.79046249355251
"rno-miR-208_st",1.27537216188,1.24866487917806,1.34042200094391,1.30272603264019,1.03440798453192,1.24866487917806,1.05896082088052,1.03935095851787,1.56731497647305
"rno-miR-20a-star_st",1.08725658218754,1.2006717430963,1.07933668311742,1.22587474240365,1.2006717430963,1.6780632857309,1.2006717430963,1.31685378551902,1.34331831845645
"rno-miR-20a_st",13.0196420345705,12.9323849612479,12.8544204154393,12.9587035759733,13.1458866805563,13.0931860365747,12.9824280749492,12.9753221602293,12.953687016944
"rno-miR-20b-3p_st",0.966027340894666,0.631772790055902,0.977375339764336,0.944494153608932,0.944494153608932,0.944494153608932,0.977375339764336,0.918038290282848,0.944494153608932
"rno-miR-20b-5p_st",4.6830233400661,4.12734528712121,3.5036695592957,3.89340255627771,3.39864177414077,3.0680074926109,3.21671174738376,3.63638806027897,3.86724545195152
"rno-miR-21-star_st",2.86378062507682,1.97872752285561,1.0788975880354,1.93107391698692,3.15905590318252,2.52830348888537,1.91705748297872,2.14482751013677,2.73513988538506
"rno-miR-21_st",8.86562423250436,8.67025758568639,8.47818188537242,8.24167802802168,8.17238819428309,8.49666462323681,8.74073008313012,8.21641747484465,8.68528111678816
"rno-miR-210_st",7.65884505260487,7.70034136245727,7.92250347888608,8.22767121999904,8.69881371910129,8.83479731628698,8.46979784257794,7.83886299548831,7.55078018064869
"rno-miR-211_st",1.05460440997716,1.65052060096574,0.697719197810259,1.10866556343929,0.938813587142397,1.88529404269453,0.736050414209709,1.10866556343929,1.08927449426941
"rno-miR-212_st",2.35211030435242,2.02175270839868,1.88376929818552,1.92506961034159,2.47038627147443,2.22095870356406,1.95012428864777,1.47396054698093,2.34914179690134
"rno-miR-214_st",2.26919106722814,2.09614379597531,1.07503161415376,1.56025857011633,1.47918171815454,1.28131703770146,1.32503530018767,1.19636667413264,1.57140297861745
"rno-miR-215_st",1.2063362395217,0.73641116241625,0.780390420246167,0.931488897689542,0.743980328541854,1.30337356350295,0.647670206244676,0.780390420246167,0.703670459584038
"rno-miR-216a_st",0.815544902329271,1.2006717430963,1.2006717430963,1.58235100040735,1.07200311704127,1.2006717430963,1.33030849296291,1.08230817442287,1.45404096571284
"rno-miR-217_st",1.10866556343929,1.44389399773486,1.01989935867642,1.40079057920553,1.10830204310984,1.53968557387354,1.40079057920553,1.60892020708354,1.60248391490691
"rno-miR-218-star_st",0.748974721361005,1.24866487917806,1.3007848029494,0.913072924553037,0.969466760950795,0.836358757953178,0.748974721361005,0.886617061226953,0.969466760950795
"rno-miR-218_st",0.950527649113696,0.73641116241625,0.674880567596458,0.748974721361005,1.16463882091605,0.641285695737136,0.869239944108582,0.65633901748622,0.641285695737136
"rno-miR-219-1-3p_st",0.986987998125289,0.774604758732736,0.854267784123798,1.26442616437186,1.28131703770146,0.966683009093593,1.18533347142869,0.986987998125289,1.09248866006629
"rno-miR-219-2-3p_st",1.38392838449675,1.30890936503992,1.18558291119334,1.03143649322647,1.24291180268559,1.18558291119334,1.16449998363214,0.755420928552583,1.09818854401338
"rno-miR-219-5p_st",0.652172491807335,1.24299915447232,0.744948603630815,0.825717039794894,0.646309652459441,1.20364065394405,1.28155057644052,0.913072924553037,0.544451974883073
"rno-miR-22-star_st",4.89812646024387,5.16814497519535,3.65589311649524,4.89812646024387,4.2479746184106,5.09205773743887,5.24513663361297,3.3464999123975,4.97701840376833
"rno-miR-22_st",11.5012221856247,11.4064979533614,11.7860091626061,11.7255647150325,11.8438089439243,11.8049484737633,11.7236796557998,11.7048704069664,11.7831832399213
"rno-miR-220_st",1.62734347905793,1.42469406311436,1.41533980119189,1.07961942921454,1.52463119697149,1.87734716509184,1.58371292139638,1.387098930605,1.29602543705933
"rno-miR-221_st",12.4006161013808,12.3832671596297,12.4780981496617,12.3759925915855,12.3233578990721,12.3453374610921,12.5019990983367,12.3003744305554,12.3984298640567
"rno-miR-222_st",12.6840490499201,12.7000294726432,12.4732695477813,12.6077815955239,12.5705786002999,12.6117354886842,12.6342555403101,12.6117354886842,12.6357634664153
"rno-miR-223_st",2.33380539782152,1.6194991740287,1.67507988460184,1.52854073296985,1.88784185846142,3.08718141743424,1.56269690203388,1.53806401057787,2.76915836637532
"rno-miR-224_st",5.82564217816132,6.3987174619978,6.17157448709335,6.43671825178526,5.78263507567528,5.92660369653126,6.13140941212241,5.34391925058557,6.82460208117981
"rno-miR-23a-star_st",8.54716437308224,8.67266429882185,8.29420032188563,8.61406737656148,9.03620860522869,9.06731289083623,8.59179814602581,8.81779846583134,8.46516033051759
"rno-miR-23a_st",13.6171507284707,13.5216062907055,13.4718916965659,13.5216062907055,13.3885469724613,13.4156862811944,13.6171507284707,13.5561393592257,13.6171507284707
"rno-miR-23b_st",12.5950743026934,12.5701523908785,12.3987468015014,12.5163125552212,12.4035749337862,12.4318191971253,12.5231083114912,12.5540713595534,12.5418728975391
"rno-miR-24-1-star_st",1.94112542809888,1.21759516882177,1.54939465967587,1.66160422337553,1.54939465967587,1.54939465967587,1.52854073296985,1.54939465967587,1.46200029249591
"rno-miR-24-2-star_st",2.79817395808407,2.79817395808407,2.0976120834195,3.15811934997304,2.3258885838469,2.97662244341462,2.45242887101404,2.6601905478709,3.13234011405107
"rno-miR-24_st",13.5230330336785,13.4426747237294,13.4266845216431,13.507515045535,13.6077082683805,13.6133302141583,13.5113407062877,13.521577954127,13.3976518133453
"rno-miR-25-star_st",7.73488246483267,8.62529468161071,8.34129852332056,8.47907052185827,8.003083246754,7.74708122158841,8.14716491719522,7.63030501215306,7.98199902254716
"rno-miR-25_st",10.2597535171762,10.3195100367171,10.2128699200867,10.1631551614512,9.63260167419457,9.69452620207992,10.3008683569263,9.85926372624587,10.1006341256827
"rno-miR-26a_st",12.2632019206591,12.3946764655861,12.242899412288,12.309126698396,12.1595671577602,12.1294323395607,12.2910204205853,12.2185573737377,12.2336503360224
"rno-miR-26b-star_st",1.22614953500814,0.836358757953178,1.52402329063313,1.13988438948802,1.24465729873628,1.05726241159116,0.977375339764336,1.07200311704127,0.792004196758797
"rno-miR-26b_st",2.12351809250375,2.12351809250375,1.92442285418215,1.80342722917709,1.59778442217712,2.12351809250375,2.79579818016708,2.00361691322255,2.439166235033
"rno-miR-27a-star_st",8.95888121217263,8.47006194621553,8.26422277683513,8.64324022402804,9.42255542613752,9.16007271958995,9.01111049359401,8.91596247360516,8.91596247360516
"rno-miR-27a_st",11.98470204269,11.504416067934,11.5519447530563,11.8924295630096,12.3587631346782,12.3779462168414,12.2652057509916,12.1330745638038,12.2302015868905
"rno-miR-27b_st",10.1849424903388,9.99552051744453,9.91006445163731,10.1430996389373,9.6991858544212,9.73816162845749,10.2867833918718,10.0586325816535,10.3203282025672
"rno-miR-28-star_st",7.16371032263727,7.38382163188955,7.0424853480206,6.88632224496668,7.34487297585326,7.18755830422318,7.16371032263727,6.97330341051653,7.21454541741221
"rno-miR-28_st",7.73348713768332,7.58732614623947,7.63272500948527,7.63272500948527,7.52209943817222,7.63272500948527,7.47710634683837,7.46436807785035,7.77605796570695
"rno-miR-290_st",1.48127023622862,0.999254828388194,1.19937366449742,1.19937366449742,1.45398636146274,0.950668057062392,1.19937366449742,1.3659827666982,1.09460852235122
"rno-miR-291a-3p_st",1.59109756168426,0.92418756506063,1.29644196608367,1.10084932719742,0.950668057062392,1.30089690281002,0.963231616007147,1.05701634675296,0.720570302527017
"rno-miR-291a-5p_st",0.889991303172163,0.977375339764336,0.61834637970771,0.977375339764336,1.32261191227514,0.950668057062392,0.977375339764336,0.991293870276535,1.07200311704127
"rno-miR-292-3p_st",1.34767465374566,1.29602543705933,1.29602543705933,0.859233922147357,1.30204236096244,1.15695348061009,1.60602351280239,1.1534382804921,1.95475095027901
"rno-miR-292-5p_st",1.26247002018852,1.29602543705933,1.18953313773851,1.05729909285008,1.06408523327151,1.18953313773851,0.942379156861856,1.6616997080808,1.2006717430963
"rno-miR-293_st",0.950668057062392,1.28209985605011,0.476840162584299,0.950668057062392,0.643395846505414,1.28131703770146,1.04118276005235,0.863051820671663,0.950668057062392
"rno-miR-294_st",1.26953179849325,1.2006717430963,1.31010463718824,1.51399806801093,1.47581722204095,1.26953179849325,0.748974721361005,1.54939465967587,1.14790808807035
"rno-miR-295_st",0.983153038637176,1.35291697399682,1.01535496421286,0.994501037506847,0.913732601342768,1.48474927199368,0.805866258298494,0.738447970849288,0.950668057062392
"rno-miR-296-star_st",0.977375339764336,1.67705866075319,0.969575825434578,1.08278984901834,1.21054000278266,1.28131703770146,1.21054000278266,1.65126909901924,1.35318657814282
"rno-miR-296_st",3.55013904563088,4.51673806470005,3.61444252971189,4.23469153324712,4.027253355657,3.8549051466549,3.8549051466549,3.48108825710669,3.12181379000435
"rno-miR-297_st",0.889062647141729,0.889062647141729,0.869239944108582,0.889062647141729,1.21099774424106,0.856181460986325,0.977375339764336,0.889062647141729,0.9004106460114
"rno-miR-298_st",1.0600636772462,0.950668057062392,1.2873994024098,0.740203626187174,1.5977367873679,1.52465621901875,0.870309781339883,0.727519071474888,1.40332115903987
"rno-miR-299_st",1.0405882163455,0.73641116241625,0.998400995989828,1.29887128068115,1.73042008986416,1.20468641953753,1.26898883474883,1.36599747432093,1.34375837598676
"rno-miR-29a-star_st",0.825010759083507,0.789380291950552,0.836358757953178,0.998555307071066,0.836358757953178,0.803477571797773,1.05341137748684,0.942283468122385,0.816967688783295
"rno-miR-29a_st",10.9021028969235,10.6471721333489,10.7574760596079,10.681894657538,10.6372204678289,10.655175818929,11.1282951323274,10.7487606852427,11.0310494779173
"rno-miR-29b-1-star_st",1.00408262246628,0.972055521504342,0.977375339764336,1.14870846207455,1.07200311704127,1.37469002308338,0.966711263834292,0.874075559959508,0.689555106740157
"rno-miR-29b-2-star_st",3.73986589666662,4.72170554035946,2.63471990670958,2.95205797630143,3.73986589666662,4.04904501125637,3.73986589666662,2.88838739329137,4.14173489385628
"rno-miR-29b_st",4.98396094124676,4.90876403715423,4.87913418869136,4.94101741431384,4.70769700055574,5.11389868304152,6.0871907340882,4.60244346342234,5.93451611201083
"rno-miR-29c-star_st",1.2006717430963,1.2006717430963,1.2006717430963,1.2006717430963,1.406957166644,0.978673418363217,0.998978407394913,1.17603885164029,2.02816439854073
"rno-miR-29c_st",4.10789752709546,1.91950698679334,3.72556756794731,3.33654723253858,3.03063602791898,2.11662118876692,4.58588442737694,2.439166235033,4.4463751407926
"rno-miR-300-3p_st",1.5310369597944,1.21699970856247,0.814425311164596,0.92402645798213,0.92402645798213,1.06292145265015,0.636608048150135,0.779029866460931,0.592708415983525
"rno-miR-300-5p_st",1.16031478012562,1.1236523337276,1.12258409395149,1.20035767876088,0.836358757953178,1.10866556343929,1.19093524789371,1.10866556343929,0.869239944108582
"rno-miR-301a_st",5.3712054764614,5.84349701199654,5.37499645612735,6.15979402635111,5.03679808499724,5.43807236515817,5.94416688311392,5.71402946514198,6.55056677757439
"rno-miR-301b_st",0.922194360450211,0.863066040655122,1.70939443363867,0.83219301248896,0.613735078340756,1.05701634675296,1.11654708098901,0.977375339764336,0.977375339764336
"rno-miR-30a-star_st",7.81776292008688,8.15618380133767,7.9831587656197,7.96862151488385,7.78068199352852,7.66026846815291,8.14016564935219,7.94544363460637,7.98304748516956
"rno-miR-30a_st",8.87692091215108,8.78869605142552,8.87324902093813,8.87324902093813,8.81562804999968,8.78895708864648,8.99982129408176,8.87324902093813,9.00326154909718
"rno-miR-30b-3p_st",0.761550918484713,0.792525777508723,1.4847077525254,0.869239944108582,0.879904020038627,0.848934955076886,0.869239944108582,0.735196886016476,0.879904020038627
"rno-miR-30b-5p_st",8.04290711527641,7.65551872398883,7.5287182450368,7.67391892173997,7.45966585438169,7.4837510206165,7.95606379541792,7.56029996063413,8.11171555923122
"rno-miR-30c-1-star_st",4.15026040782502,4.51891966435724,4.38275185923866,4.22265014554917,5.22145561963077,3.72877031362332,5.10759244586671,2.14907939861104,4.38275185923866
"rno-miR-30c-2-star_st",6.12134641843767,6.53472090996482,6.50029579705143,6.4515027611758,6.42116640592928,6.68742248057168,6.45005271317484,6.20755647636758,5.95956308320106
"rno-miR-30c_st",10.0140870139306,10.0319342052178,9.74878338922639,9.92556941681431,9.54640963841086,9.72320662628791,10.0939750557271,9.87327398496362,10.0826221623028
"rno-miR-30d-star_st",0.898668563164693,0.836358757953178,0.898668563164693,1.02835185929886,0.898668563164693,0.898668563164693,0.829232660085854,0.829232660085854,0.94264782099461
"rno-miR-30d_st",7.94855171663167,7.92637826775194,7.98997562121914,7.90888746382124,7.66002344416657,7.79077669673314,7.70124762233562,7.40081232206426,7.84996399529538
"rno-miR-30e-star_st",5.25813315189552,5.09889031086042,5.34192704739137,5.47712803586503,3.44868468779134,4.2004857660764,5.57264096180938,4.26850317962085,5.30402414256213
"rno-miR-30e_st",4.03550375907294,4.01359848660994,4.74980115534633,4.37230576279141,4.26267397884693,4.35365601738361,4.95653078873633,3.31266641533684,5.1698028480422
"rno-miR-31_st",14.1856123026031,13.8535895830944,13.8860792427474,13.8898896388324,14.1039184330076,14.0288694411184,14.1130395432182,13.9893489531382,13.9786620076686
"rno-miR-32_st",0.977375339764336,1.10055964421233,1.10055964421233,0.719704923040041,1.10309022404668,0.959989432433061,1.7598604330736,1.30332281714502,1.2006717430963
"rno-miR-320_st",11.0709982186481,11.3733966533714,11.2911727582914,11.1923694268355,11.4200628444285,11.5112042687392,11.0459817617446,11.2730107344321,10.8237592163489
"rno-miR-322-star_st",1.38316658726443,1.0284598195819,1.35853369580842,1.05701634675296,1.09461147926232,1.05701634675296,1.05701634675296,1.0284598195819,0.864185785921669
"rno-miR-322_st",1.09814590597771,0.978886973177041,0.742286693630176,0.644407960613524,1.28131703770146,0.655462523892718,1.14303515306742,1.07873273785612,0.990010510321958
"rno-miR-323-star_st",2.17755170887538,1.07200311704127,0.959164968566688,0.913072924553037,1.01520084504645,1.15695348061009,1.69576078099309,2.03108588008422,1.23922316506451
"rno-miR-323_st",1.1643113662758,0.900389149729695,1.1643113662758,1.22082237470181,0.911619152335786,1.10675341553314,0.977375339764336,1.40079057920553,1.24574652972663
"rno-miR-324-3p_st",7.32335930433535,7.45714391976476,7.43960535014829,7.3282144004916,7.32335930433535,7.36530298482251,7.14303338725565,7.27087189173036,6.80594963508228
"rno-miR-324-5p_st",8.07736718570339,8.07736718570339,8.2183786751369,8.08198046312675,8.29984920628415,8.07736718570339,7.71506628462289,8.09956806208814,7.8415552075727
"rno-miR-325-3p_st",0.740937429736374,1.39065321433626,1.53440627920694,1.1260642705034,0.847980797023213,1.26615171080024,1.07200311704127,1.07200311704127,0.759638797291049
"rno-miR-325-5p_st",1.08082223688805,0.959341454065391,1.03728898502976,0.98256908894019,0.858205531848822,1.00814894246668,0.858205531848822,0.910238374097102,0.97153467668043
"rno-miR-326_st",0.884599227940856,0.977375339764336,1.09871039974321,0.83343191756441,0.934756635719655,0.977375339764336,1.17572081306774,0.977375339764336,1.29602543705933
"rno-miR-327_st",1.62531948377296,1.62531948377296,1.65113451949121,2.14127904512378,1.6965253850571,1.40332115903987,1.6965253850571,1.72873041701531,1.33749925074878
"rno-miR-328_st",2.54793504590378,1.12576437347832,2.58610998243485,1.55746043788312,2.29416317662354,2.5791476395973,2.48662502356077,2.07317975272117,2.90453873374882
"rno-miR-329_st",1.10866556343929,0.973626096260412,1.44389399773486,1.42281107017366,1.91990208478088,1.2145902736085,1.29685995806291,1.2145902736085,0.900062757882375
"rno-miR-33_st",0.852595076007142,0.950668057062392,1.2309333095295,0.935638702207601,1.05943955809652,1.15695348061009,1.07200311704127,1.4824830983514,1.07200311704127
"rno-miR-330-star_st",2.43827043353345,3.48933620701616,3.2676462861129,2.79470903709358,1.97975548467503,2.79470903709358,2.79470903709358,2.76466122003785,3.22846341548837
"rno-miR-330_st",1.23922316506451,1.21251588236256,1.54316486300163,0.83853696746319,1.15695348061009,1.23922316506451,1.23922316506451,0.996054264450632,1.84249598446166
"rno-miR-331_st",5.71402946514198,5.55264095087727,5.55341898580985,5.73142526195108,5.70475891361033,6.31308773505565,4.77090804559203,5.43601025207525,5.54583962996248
"rno-miR-335_st",1.03398722226015,1.68418644603011,1.36505290956504,1.55412734039722,1.03375086461313,1.61563527481395,1.01289693790711,1.2145902736085,1.09325521362962
"rno-miR-336_st",0.977490326631627,0.913735905356071,1.22370552556667,1.52854073296985,0.818314249304053,1.25685631852848,0.977490326631627,0.646172284633023,0.977490326631627
"rno-miR-337_st",1.40332115903987,1.40332115903987,1.40332115903987,1.26442616437186,1.42076862689074,1.58289929988563,1.40332115903987,1.40079057920553,1.46707537336144
"rno-miR-338-star_st",1.1786519687999,1.37800013575855,1.1786519687999,1.2442840291936,1.42770740119359,1.28131703770146,1.4485370857247,1.09258615227008,1.29602543705933
"rno-miR-338_st",1.05567517273871,0.688740589975659,0.588792994438731,1.26442616437186,1.16826550512081,1.10396308990951,0.84487627521305,0.924384949063751,0.816249553407997
"rno-miR-339-3p_st",7.3110624271046,7.51826147288099,7.55197403715999,7.4778188053133,7.90712178285267,7.89993770383816,7.33034849434221,7.51826147288099,7.3307702883277
"rno-miR-339-5p_st",8.38388989436393,8.3432605643546,8.34532124171527,8.71783985249221,8.71520248144284,8.72275186246315,8.45004948388612,8.50422469365005,8.33903515844879
"rno-miR-340-3p_st",0.977375339764336,0.661692320566954,1.05460440997716,1.0540895063642,0.977375339764336,0.977375339764336,0.923314186302203,0.977375339764336,1.09871039974321
"rno-miR-340-5p_st",1.34651888704505,1.5578732623595,0.976535666089129,1.37379232509464,1.23922316506451,0.904675178635266,1.23922316506451,1.3439883072107,1.23922316506451
"rno-miR-341_st",5.44862799303621,5.310313093195,5.13188067214533,5.70809164740538,5.74424855474461,6.19972010352213,5.42217785379011,6.06711580548438,6.03202550408166
"rno-miR-342-3p_st",8.3580142281608,8.62461808638948,8.33459013908728,8.62791046593908,8.31384970314043,8.36555900873409,8.07705937427374,8.30146024512415,8.36555900873409
"rno-miR-342-5p_st",4.16841763538931,4.69732606904622,3.12067499569924,3.90720189685124,4.34252657851134,3.98036635649973,4.34252657851134,4.82883402986568,4.34252657851134
"rno-miR-343_st",1.08135496776337,1.24545296173874,1.0661172043993,1.22459903503273,1.72746836957917,1.54939465967587,1.24545296173874,1.0968488812684,0.995449275704834
"rno-miR-344-3p_st",1.52840663655515,1.07200311704127,1.42072603362084,1.2617958411326,2.10223394776974,1.47674071560292,1.35969060137833,1.35683953632172,1.90459135930567
"rno-miR-344-5p_st",0.786879864238714,1.13575733136284,1.00242947400746,0.711941712853142,1.2110750734905,0.869239944108582,0.786879864238714,0.813637248741661,1.00831190055782
"rno-miR-345-3p_st",1.23922316506451,1.03143649322647,1.03143649322647,0.967682278904903,1.11638685679529,0.910101433247592,1.39558497502256,0.844457993939677,1.2006717430963
"rno-miR-345-5p_st",1.40332115903987,1.60993518835583,0.977208012548699,1.93504563369363,2.24852352383497,1.67450193633754,1.67450193633754,1.71674441389289,1.41466915790954
"rno-miR-346_st",2.16593576935289,2.90551423832328,1.20812510879785,2.08482699760505,3.25106530523343,3.24017406229284,2.7093426835068,3.05373084082191,2.38099020677663
"rno-miR-347_st",1.54700255077541,1.19827511329879,0.893916708695839,1.56573841088723,1.59444754883981,1.64323339304707,1.11089107670662,1.19827511329879,1.04838352614885
"rno-miR-349_st",0.857891945238912,1.22902143641917,1.18148048646065,0.933835900758857,1.27033502744625,1.39469858453762,1.14481804006263,0.964798299595675,1.36884036008069
"rno-miR-34a_st",2.94577613363917,2.7319427119343,1.71582949634297,2.52913835450299,2.60846845213517,2.4728410029234,2.60846845213517,1.5313703360843,3.15186604290933
"rno-miR-34b_st",0.861558036534685,0.869239944108582,1.09764056251191,1.03333814730061,0.692578181971795,0.618868566208295,0.869239944108582,0.913072924553037,0.98256908894019
"rno-miR-34c-star_st",3.75339579995056,3.24246673933469,1.9808715171436,3.65427052010127,3.65427052010127,3.79664849266143,3.65427052010127,5.57412990961158,3.99367846712199
"rno-miR-34c_st",1.5310369597944,1.5310369597944,1.5310369597944,1.26442616437186,2.26305605366873,1.20038797915533,2.22721391853479,1.2145902736085,1.96194384590322
"rno-miR-350_st",1.23922316506451,0.918628442407591,1.23922316506451,1.03143649322647,2.01487161304341,0.836358757953178,1.61081041742426,1.29685995806291,1.2006717430963
"rno-miR-351_st",0.935219811908982,1.1966086519655,0.935219811908982,1.27737708812958,1.08129331254497,0.780632552582453,1.64860076082787,1.06794002591047,0.827924089928435
"rno-miR-352_st",4.92527664835861,4.11705066716758,3.49136398283129,4.11705066716758,3.09875378714848,3.1126187677894,4.11705066716758,4.11705066716758,4.76459920192072
"rno-miR-361_st",9.79976745893269,10.1435708627979,10.0083397923811,9.86341042060441,10.0282701907128,10.0356058255928,9.80450858286653,9.9757891601499,9.7114622583991
"rno-miR-362_st",5.05448629917643,5.3222718762605,4.54071001132055,5.18658963503516,5.29131623168734,5.05448629917643,4.31721392733449,4.75128151119915,5.18512103148506
"rno-miR-363-star_st",0.922214133678852,1.32042102042338,0.716056142105801,0.950668057062392,0.950668057062392,1.05701634675296,0.950668057062392,0.770648316595434,0.950668057062392
"rno-miR-363_st",0.7873262342706,0.984097444107528,0.977375339764336,0.946502311598174,0.984097444107528,1.83955795378782,0.973209594300119,0.689768404531357,0.803864405849371
"rno-miR-365_st",0.957839540775839,1.30061933863323,0.836358757953178,1.34328383488841,1.38126463323839,1.14524342987625,0.991193319089072,1.1719507125782,1.30061933863323
"rno-miR-369-3p_st",1.0728566452345,0.791592141730375,1.20604617513338,0.968253903867163,0.646309652459441,0.913072924553037,0.883017779453111,0.913072924553037,1.03619419883648
"rno-miR-369-5p_st",0.950668057062392,0.950668057062392,1.07267217840081,1.02738222366225,1.04344416888587,0.950668057062392,0.950668057062392,0.913072924553037,0.950668057062392
"rno-miR-370_st",2.22068884163016,1.04671593873119,0.972301148605623,1.26442616437186,1.34937652794068,0.93262667351776,1.26442616437186,1.42494745438651,1.23586963720079
"rno-miR-374_st",1.81040295169125,2.289697652749,1.68268715093672,1.40079057920553,1.54939465967587,1.14693071889418,2.38755455461919,1.49395626550535,1.94740648680808
"rno-miR-375_st",1.7663619118421,1.44389399773486,1.14438992166534,1.32105168380213,1.15695348061009,1.15695348061009,1.05428841170853,1.40079057920553,0.869239944108582
"rno-miR-376a-star_st",0.780352710551547,0.913072924553037,1.07107043092994,0.767890597277661,0.836358757953178,0.836358757953178,0.993227924238517,0.913072924553037,0.886365641851092
"rno-miR-376a_st",0.920889160794911,1.07200311704127,0.869239944108582,0.869239944108582,0.945959904770711,0.869239944108582,1.31585762093387,0.779029866460931,0.869239944108582
"rno-miR-376b-3p_st",0.882568709826168,0.931511841205193,0.605361600693724,0.913072924553037,0.893975089316119,0.893916708695839,0.893916708695839,0.803706631048188,0.931511841205193
"rno-miR-376b-5p_st",1.40332115903987,1.27476628997396,1.07200311704127,1.00491496343348,1.07200311704127,0.957693817932056,1.04194797194134,1.07200311704127,1.07200311704127
"rno-miR-376c_st",0.733715829712544,0.857891945238911,0.788209173106562,0.857891945238911,0.895487077748266,0.836358757953178,0.922194360450211,1.00047910180614,0.759638797291049
"rno-miR-377_st",1.11530977524536,0.855454023347335,1.02267407137057,1.21509711870116,0.922726475833643,1.02267407137057,1.01264470634379,1.02267407137057,0.869239944108582
"rno-miR-378-star_st",5.62215327317557,5.95368359994302,6.08138992061921,6.21177392112092,6.12985929385918,5.95929595830839,5.68316383128337,5.87701647454536,5.94235560918727
"rno-miR-378_st",9.87023281042598,10.0571703721785,10.0573236680268,9.96681452110517,10.1235822278116,10.0493144367518,9.80886217380682,9.94103169184837,9.72073207654623
"rno-miR-379-star_st",0.977375339764336,0.664653976211307,1.2145902736085,0.711941712853142,0.864046194932728,0.95707035073264,1.1183919215755,1.35560685541966,1.2006717430963
"rno-miR-379_st",0.857891945238911,1.23826687560565,1.17496874801089,0.805485729787015,0.950668057062392,0.950668057062392,0.748974721361005,1.2145902736085,0.84431976737182
"rno-miR-380_st",1.08921164534266,1.10055964421233,1.19834791680681,1.17726498924562,1.29026370250987,0.959543062401176,1.10055964421233,0.941629451724102,1.10055964421233
"rno-miR-381_st",0.7404619229008,0.836358757953178,1.08195828073735,1.10410218432438,0.950668057062392,1.03030906405102,0.950668057062392,0.629631734784275,0.950668057062392
"rno-miR-382-star_st",0.856663746984874,1.49204184678651,1.33280164392992,1.14870846207455,1.38900606332533,0.836358757953178,1.23922316506451,1.14870846207455,0.869239944108582
"rno-miR-382_st",1.07594221272064,1.2992386160526,0.831498387545406,0.908203732578687,0.860756399281027,1.04923493001869,1.04923493001869,1.28644986386286,0.950668057062392
"rno-miR-383_st",1.44824682477613,1.2006717430963,0.920622238259564,1.03143649322647,1.33875228942468,0.920458825139757,1.27600162720034,1.58258938802011,1.21323530204106
"rno-miR-384-3p_st",0.977375339764336,1.2006717430963,0.912904371812016,0.958751304307982,0.958751304307982,0.927782239346242,1.31725807786402,0.956737352256471,0.958751304307982
"rno-miR-384-5p_st",0.869239944108582,0.843780754762479,0.962016055932063,1.04278449209614,0.869239944108582,0.847706756822849,0.869239944108582,0.786451863270232,0.823393011612616
"rno-miR-409-3p_st",1.69916142859121,1.42382136304762,1.35160614763246,2.42167319134683,3.3483583834846,2.2896960673277,2.47145716947383,1.99537651455643,2.23808438691389
"rno-miR-409-5p_st",1.13722209061036,1.01341668215279,0.971891018157305,1.10055964421233,1.46880375736076,0.684351164529179,1.10055964421233,1.25948983670057,1.29602543705933
"rno-miR-410_st",1.10866556343929,1.10866556343929,0.820052074816897,0.949735370951059,0.987330503460413,1.31797948409948,1.39635304777635,1.10866556343929,1.08195828073735
"rno-miR-411_st",0.748974721361005,0.950668057062392,0.809897825979638,0.618868566208295,1.02738801772452,0.919698992100651,0.985294145087566,0.847368277257563,1.06026920387993
"rno-miR-412_st",1.19030883801382,1.02308878999058,1.05701634675296,1.1110775002151,1.17835140673184,1.05701634675296,1.35969060137833,1.01942121424361,0.910942846116971
"rno-miR-421_st",0.921178843779994,0.836358757953178,1.0271035539492,0.885631838301892,1.09383031804216,0.836358757953178,0.913072924553037,0.913072924553037,0.913072924553037
"rno-miR-423_st",9.80061759515753,9.80061759515753,9.79142145131411,9.88060909312093,10.1085141831555,10.151358984248,9.77420446691007,9.76514662627862,9.60977331014554
"rno-miR-425_st",9.7970182475049,9.78335337753201,9.88520068966607,9.91895187900575,9.95228682908477,9.98636772745917,9.80043784088874,9.95264892156484,9.84321476001798
"rno-miR-429_st",0.85494150423085,1.43982775726698,1.01304226431623,0.913072924553037,0.980161078160827,1.42511935790911,0.9501059330609,0.980161078160827,1.07436400801362
"rno-miR-431_st",1.10866556343929,1.31333639610965,0.916213846664835,1.48376303917954,1.09610200449454,1.18538552410142,1.23922316506451,1.10866556343929,1.10866556343929
"rno-miR-433_st",1.23922316506451,1.19454861311945,1.15695348061009,0.805485729787015,1.19454861311945,1.15695348061009,1.21971980576937,1.07200311704127,1.15695348061009
"rno-miR-434_st",1.23922316506451,0.849787634911617,1.533812965944,1.23922316506451,1.49259238768105,1.1091170099118,0.795759179192289,1.58791194169389,1.74633279993478
"rno-miR-448_st",1.51798261565744,0.917786870906987,1.14626069594865,0.975871056369742,0.549432663129457,0.950668057062392,0.688820231762222,0.770648316595434,0.950668057062392
"rno-miR-449a_st",0.803830791776778,0.836358757953178,0.857891945238911,0.857891945238911,0.995692333083345,1.15695348061009,0.720811969279477,1.07328823060744,0.950668057062392
"rno-miR-450a_st",1.12491386595529,1.06538284355593,0.981444649059882,1.11345441886462,0.747487683770464,0.836358757953178,0.949587898705099,0.957693817932056,0.957693817932056
"rno-miR-451_st",1.15695348061009,1.21375575260491,1.32105147458546,1.33361524274688,1.15695348061009,1.14921205052315,0.869239944108582,1.07809140183211,1.15695348061009
"rno-miR-455_st",4.6468345357685,2.70078316340584,4.45680409313306,3.71911971436224,4.24936591554295,3.12359789315857,4.9147175134201,4.32591395245623,4.91121684331493
"rno-miR-463_st",0.987330503460413,0.950668057062392,1.1900936763931,1.03143649322647,0.715685579995959,1.0320961700162,0.646309652459441,0.913072924553037,0.950668057062392
"rno-miR-465_st",1.74996674217437,2.46865418907001,2.58433823444581,1.90075332161485,2.92465825609643,1.60797684471355,2.10254730656352,3.55013904563088,2.94916205513765
"rno-miR-466b_st",1.48499369371582,1.68268715093672,1.68268715093672,1.52854073296985,1.44704279184863,1.68268715093672,1.76318417202527,1.71815682939932,2.42859264741701
"rno-miR-466c_st",0.798810612124362,1.05814074082416,1.26442616437186,1.26442616437186,1.45939736521743,1.18365772820778,1.26442616437186,1.26442616437186,1.35905394164879
"rno-miR-471_st",1.05701634675296,1.3386175905898,1.01439764270828,1.221114549945,1.22865453735442,1.05701634675296,0.989890153113182,1.05701634675296,1.08989753290837
"rno-miR-483_st",1.23922316506451,1.22530463455231,1.00178450553608,1.11399406923574,2.04806199901418,1.23922316506451,1.00200823122034,1.40079057920553,1.23922316506451
"rno-miR-484_st",2.68105738512292,2.9148350682115,2.10342522199004,2.98081676006955,3.58258318800058,2.04610010817117,3.160224147405,3.160224147405,3.98861848777333
"rno-miR-485_st",0.977375339764336,0.977375339764336,0.977375339764336,0.949934253513191,1.0110295593412,0.977375339764336,1.30524432963789,1.40079057920553,0.895947226810527
"rno-miR-487b_st",1.0739972713187,0.850530444185801,0.836358757953178,0.915999764941804,0.915999764941804,0.949252050457859,1.05701634675296,1.34169322952363,0.8737580790606
"rno-miR-488_st",1.10866556343929,1.44009736242701,1.10729694402712,1.15249854388375,1.10729694402712,1.19604960003146,1.21680095909505,1.27276376663132,1.07200311704127
"rno-miR-489_st",1.1754157447765,1.07200311704127,1.35499388562225,1.12423901251144,1.14870846207455,1.15695348061009,1.0174182383996,1.14870846207455,1.07514512369651
"rno-miR-490_st",1.01586946992563,1.40079057920553,1.00366802976071,1.40079057920553,1.9347692680677,1.08844087508415,1.85732819513411,1.72873041701531,1.40079057920553
"rno-miR-493_st",1.05701634675296,0.851984008823803,1.05701634675296,1.11219732606709,0.97474666229855,1.05701634675296,0.877779277553111,1.2145902736085,1.19758655853224
"rno-miR-494_st",0.894078300236801,1.72843508912095,2.20448427631916,1.58698383430553,1.40079057920553,1.56673502456531,1.10055964421233,1.40079057920553,1.05543319920859
"rno-miR-495_st",1.19212419450779,1.16541691180584,1.10866556343929,1.19212419450779,1.40332115903987,1.49606589244491,1.322681796133,1.06187781391891,1.32515035019376
"rno-miR-496_st",1.07200311704127,1.28611428884363,1.03534067064325,1.44359036940103,1.19333817702015,0.957693817932056,1.39303943931939,0.779029866460931,0.930610940578559
"rno-miR-497_st",1.68268715093672,1.07200311704127,1.2145902736085,0.970709717551443,1.46095795203828,1.2145902736085,0.914359338615308,1.2145902736085,1.05239372449061
"rno-miR-499_st",1.05623741854232,1.03470423125658,0.951424714860888,1.26442616437186,0.844655125762846,1.28131703770146,0.94732019466441,0.880639708434717,0.808837558293659
"rno-miR-500_st",5.42413590765698,5.42413590765698,5.42413590765698,5.37197580104103,5.35922997460709,5.42413590765698,5.69180134162336,5.42413590765698,5.42413590765698
"rno-miR-501_st",2.4205164997395,2.81750572757822,2.6732506705798,2.52810292020551,2.71870086594638,2.33824681528509,2.45474855132906,2.71870086594638,2.82128136025123
"rno-miR-503_st",4.20410969669161,4.69419806353743,4.86701578337561,5.12686016650207,4.57784483304706,3.85424049367652,4.33209485097115,4.71081929887144,4.80385510673085
"rno-miR-504_st",1.21301969885243,1.07200311704127,1.07200311704127,1.03143649322647,1.15695348061009,0.836358757953178,1.07200311704127,1.54939465967587,1.07200311704127
"rno-miR-505_st",1.10866556343929,1.08122447718815,1.38097580062815,1.4212450109893,1.41033473616854,1.06038107797123,1.56291555519219,0.82196921204421,1.29602543705933
"rno-miR-511_st",0.748974721361005,0.64992062680006,0.862303866192613,1.14476563805808,1.31683062342368,0.862303866192613,1.0800404086659,0.862303866192613,0.971905013010146
"rno-miR-513_st",0.748974721361005,0.91067478591664,0.748974721361005,0.748974721361005,0.676871856128099,0.774554574887498,0.567625559063446,0.933377913584733,0.639407725871474
"rno-miR-532-3p_st",5.63735910232254,5.52157170731038,4.0333474639216,5.65687409319145,4.70321804241331,5.36234642407388,5.50170832148504,5.17344629022429,5.19193091022693
"rno-miR-532-5p_st",3.80921110043788,2.81483839685369,3.21097641857542,3.91334257490826,3.05724601289106,2.18635108507433,2.2439388041518,2.02564327902347,3.78098605720447
"rno-miR-539_st",0.857891945238911,1.36707703146659,1.10055964421233,1.10055964421233,1.19518742148927,0.836637427666228,1.12519253566834,1.10367195259417,0.957972487645106
"rno-miR-540_st",0.904154935619026,0.813640232629071,1.10866556343929,0.678117850118554,0.744204329550233,0.923441398750084,1.39151290853653,1.10784459097381,0.813640232629071
"rno-miR-541_st",1.02076195017691,1.20812182379694,0.67433027423171,1.02076195017691,0.984099503778885,0.836358757953178,1.24916256858024,1.02076195017691,1.16807892516168
"rno-miR-542-3p_st",0.960557014140475,1.08038226722497,0.773627232824509,1.30137999077155,0.785255503989549,1.25961854951166,0.748974721361005,1.09903649079994,1.05333312596396
"rno-miR-542-5p_st",2.56028860810856,2.12155133991599,1.73129719462778,2.21308812251007,2.30762073266692,1.8513062712966,2.9320776875334,1.97564946298164,2.21308812251007
"rno-miR-543-star_st",1.13537284614124,1.16180408818769,1.02723745048548,1.14870846207455,1.10866556343929,1.19361592700811,0.906972227737905,1.10866556343929,0.995274334812563
"rno-miR-543_st",1.07200311704127,0.950522334218608,1.45023463269659,0.947586071941234,1.07200311704127,1.36665871264185,1.20256071866648,1.69206797061729,0.973749969093407
"rno-miR-544_st",0.87555331739389,0.965654827350699,1.24525785794189,0.965654827350699,1.20953538340775,0.950668057062392,1.0888391317987,0.678056008807435,1.20129918643879
"rno-miR-547_st",1.20170018318114,0.993913511343108,0.977375339764336,0.993913511343108,1.03150864385246,0.91314507517903,0.977375339764336,1.54565596091339,0.993913511343108
"rno-miR-551b_st",0.843602498637938,1.2006717430963,1.07200311704127,0.711941712853142,0.950668057062392,1.0013243755936,1.07200311704127,1.34008073901568,1.11563367470282
"rno-miR-568_st",1.02371519987047,0.854512925296388,1.07200311704127,1.14167674740383,1.07200311704127,1.07200311704127,1.2747402378095,1.12963991003968,0.987052753472448
"rno-miR-582_st",1.1472169854075,1.10866556343929,1.10866556343929,1.30878439954852,1.15695348061009,1.18931085804445,1.00855346455533,0.979996937384261,0.853858517354914
"rno-miR-592_st",0.977375339764336,1.03143649322647,0.921835346408937,1.34640922985882,1.41438083509568,0.917127194117256,1.06998791519468,1.23419966615916,1.03143649322647
"rno-miR-598-3p_st",1.20860269729642,0.906949794576184,1.09022671651713,1.67907250389679,1.15695348061009,1.15695348061009,1.23532704428696,1.01301005841017,1.15695348061009
"rno-miR-598-5p_st",3.6875694518224,2.38885281865249,2.07307355324941,2.40548600954879,2.7532282688167,3.12821352284702,3.76366665452878,3.45863585943204,2.61532458177723
"rno-miR-615_st",1.5310369597944,1.07866762175789,0.930595655733072,1.28131703770146,1.28131703770146,0.987112679356719,1.67849509670513,1.25126922064573,1.6493547161225
"rno-miR-628_st",0.977375339764336,1.43631610218439,0.712974156984643,0.913072924553037,1.07200311704127,1.65044281143766,1.07200311704127,1.19735480835465,1.24487241540713
"rno-miR-632_st",1.40332115903987,0.822952256307863,1.09653258813846,0.943598255472115,1.26230457722872,1.14870846207455,1.52854073296985,0.913072924553037,0.975197528159586
"rno-miR-652_st",7.41544061298729,7.82149640856148,7.28212612632082,7.30271067884048,7.43875835634824,7.55963562404362,7.41544061298729,6.9840773609179,7.31280905861571
"rno-miR-653_st",0.711139184023201,0.836358757953178,0.836358757953178,0.691176430677801,0.836358757953178,0.950668057062392,0.863066040655122,0.708608604188852,0.836358757953178
"rno-miR-664_st",1.6067743240563,1.57329153075292,0.893667848039377,2.27277208028357,1.57329153075292,1.43772701374302,1.66160422337553,1.57329153075292,1.71236348720215
"rno-miR-665_st",1.6710326109167,1.12833325100464,1.03583059503638,1.57329153075292,1.57329153075292,1.65824189432174,1.47866375347598,2.04776200262512,1.66406311548037
"rno-miR-666_st",3.17963644372992,2.40348711190612,1.60971015280551,1.24325048492599,2.25825229392013,1.40696644634636,3.08179847486879,3.27757450897936,2.82128136025123
"rno-miR-667_st",5.21239539802593,2.84343704238353,2.53577115711782,3.00718975136817,4.5283309638199,4.12855280211075,4.19569200193018,5.75317144075973,3.63836998594883
"rno-miR-668_st",1.46324548508256,1.12617346076243,1.29602543705933,2.02439334937674,1.6308298231267,1.54939465967587,0.870331972477498,0.967243268274199,1.29602543705933
"rno-miR-671_st",5.28633446752947,5.41750598456199,3.60462691206312,5.80738037730897,5.84227900886123,5.65798687728401,5.28805315005541,4.60149080305523,5.28805315005541
"rno-miR-672_st",1.23922316506451,1.26988684462,0.808035532383261,1.14870846207455,1.20256071866648,1.23922316506451,1.38023974687566,1.36055822504338,1.23922316506451
"rno-miR-673_st",1.14806972163195,1.10866556343929,1.16622351418195,1.18943399960337,0.950668057062392,1.10866556343929,0.906972227737905,1.34430992252738,1.10866556343929
"rno-miR-674-3p_st",1.00102819119401,1.17602912030056,1.09123826884167,1.39706249056157,1.00102819119401,0.950668057062392,0.892110967316107,0.916077827625192,1.04474645368022
"rno-miR-674-5p_st",1.17468613239429,1.13613471042608,1.15695348061009,1.13613471042608,0.97695863309851,1.28131703770146,1.50171349674228,1.13613471042608,0.79086880804604
"rno-miR-675_st",1.86138315570889,1.88695666945982,1.67269977481368,1.74177434218444,2.37711266038359,1.76490314354732,1.88695666945982,1.62956477848479,2.37711266038359
"rno-miR-678_st",2.97440522951994,2.81814840919522,1.96584802563691,2.33635748131293,2.4424197201149,2.58913389558432,1.66160422337553,2.80066173395638,2.47187986382344
"rno-miR-708-star_st",1.60960658258757,0.921309121522,1.46843025629058,0.99802328812186,0.94269658596395,1.15695348061009,0.869239944108582,1.2145902736085,1.15695348061009
"rno-miR-708_st",7.24121722558355,7.65310426835545,7.34767475448513,7.46616639303271,7.45001710555986,7.59133434716291,7.30794179912821,7.26202095397298,7.13363646785161
"rno-miR-711_st",1.22523475069444,0.893916708695839,0.893916708695839,1.02166686246016,0.841646985725028,0.534691957679342,1.15473035286584,0.744769996395044,0.812488595742029
"rno-miR-742_st",1.10866556343929,1.03900817389675,0.777233764451574,1.09709235935951,1.38206085466352,1.04518207735021,1.07188936005216,1.01984850770964,1.40332115903987
"rno-miR-743a_st",1.07200311704127,1.07200311704127,1.2145902736085,1.07200311704127,1.07200311704127,0.791425864746159,1.31922681230966,0.913072924553037,0.99135782243611
"rno-miR-743b_st",1.22722138169951,1.28342428838969,1.24185509333816,2.26717514769203,0.954914576213397,0.954914576213397,1.06746145113387,1.26159976667785,1.16208922841081
"rno-miR-758_st",1.23922316506451,0.877427744227408,0.977375339764336,1.06202207499933,1.0441021038573,0.950668057062392,1.06202207499933,0.797355599297379,0.771089916216636
"rno-miR-759_st",1.00570862842782,1.00570862842782,0.533842351493543,0.968675619919959,1.09309266502,1.09309266502,0.903043559526258,0.913072924553037,1.01760539403878
"rno-miR-760-3p_st",2.61950150589281,2.15568627852295,2.3979975033355,2.53577115711782,2.53577115711782,2.3868964415524,2.90958804666603,1.8691589090385,2.70051789006615
"rno-miR-760-5p_st",2.43358489285325,1.95156948501283,1.32363717697865,2.46921405208873,2.26962889986008,1.79694173482196,2.43009287908005,1.72845436567571,1.12702834083256
"rno-miR-761_st",0.972201244348125,1.07200311704127,0.759638797291049,1.01442247833795,0.836358757953178,0.810097845283118,0.920612911962465,1.09674155769838,0.950668057062392
"rno-miR-764_st",0.988985950182262,0.733539428737612,1.67359419362508,1.20060089516007,2.08890563976683,1.68048866461922,1.16081691841137,1.40079057920553,0.874309659820365
"rno-miR-770_st",0.933913374638246,0.997090141904443,1.28131703770146,0.999420465970263,0.912380187352512,1.02668948646173,1.31524459446384,1.1480245464406,1.37204686645866
"rno-miR-7a-star_st",5.4315833029385,5.30245947834894,4.53468472622963,5.12040311085458,3.9159988083859,5.03679808499724,5.4315833029385,4.71081929887144,5.36732826119165
"rno-miR-7a_st",1.57262157663782,2.32348218965719,1.3180088796725,0.815360318917145,1.32290165454488,0.917070789102431,1.01895995660776,1.12241624078625,2.61192494345215
"rno-miR-7b_st",1.44370490976579,1.07200311704127,1.02817013659681,0.913072924553037,0.636259990384784,0.792525777508723,0.999644436553261,1.07200311704127,0.781907894079974
"rno-miR-802_st",0.966464913105887,0.836358757953178,1.40055408149848,1.13056311629792,0.836112407224773,1.28131703770146,0.868211765158024,1.00281296253359,1.01769561285073
"rno-miR-871_st",0.847440864159337,1.24714129024145,0.798763625443823,0.913072924553037,1.27313432874117,1.11935834810074,0.831644811599228,0.913072924553037,0.863979035738108
"rno-miR-872-star_st",1.15695348061009,1.08734259826469,1.15695348061009,1.52854073296985,1.04362433577848,1.28131703770146,1.03668825786251,1.35971665354278,1.15695348061009
"rno-miR-872_st",0.913072924553037,1.2361013202333,0.838978770788491,0.913072924553037,1.00584903637652,0.966819881596834,0.869239944108582,1.07717112774507,0.869239944108582
"rno-miR-873_st",1.34812545356144,1.46131188521304,1.46131188521304,1.46131188521304,1.15695348061009,1.46131188521304,1.06007649128011,1.4039829937208,1.46131188521304
"rno-miR-874_st",6.38740322153031,6.15522132039568,6.03798687475304,6.17128079228671,5.61937672081098,5.97503273884353,6.07129008555004,5.76833501734353,5.7796952676657
"rno-miR-875_st",0.886259080511196,1.16640969596174,1.78934408772762,0.679584335418782,1.15695348061009,1.15695348061009,1.10918937216034,0.904669995403472,0.918310679628032
"rno-miR-876_st",1.54503667099748,1.11909085172194,1.35160614763246,0.996418593662646,0.683347725065452,1.04237668512208,0.800440754426948,1.12912021674872,1.23241999655355
"rno-miR-877_st",6.00856368980091,5.45684754848815,5.34242912998397,5.75367761148976,5.55126332974328,5.66132557466867,5.95505374636115,6.25072449319673,5.52505707487682
"rno-miR-878_st",1.15609746377148,1.60896154761688,1.03143649322647,1.28131703770146,1.85333635761299,1.28131703770146,1.28131703770146,1.28131703770146,1.28131703770146
"rno-miR-879_st",0.922194360450211,0.950668057062392,1.30615750854946,0.949934253513191,0.874710270862773,1.22205507124466,0.977375339764336,1.00743048486426,1.13630553225257
"rno-miR-880_st",0.949735370951059,1.02738222366225,0.780352710551547,1.20809825536326,1.01302052008997,0.995433004422905,0.748974721361005,0.816195935223053,0.913072924553037
"rno-miR-881_st",0.857891945238911,1.28131703770146,1.94795823327194,1.52527293345129,1.29979702210753,1.1691074740018,1.28131703770146,1.2527605105304,1.73015205316499
"rno-miR-883_st",1.03143649322647,1.06903162573582,0.764673221132874,1.03143649322647,1.03143649322647,1.30632298943371,1.31999160122858,0.964709729133508,0.878002365964482
"rno-miR-9-star_st",1.08029297257627,1.21802416838254,1.54314007012666,1.1580298765236,1.33385094234144,0.939276390765114,1.23922316506451,1.17492074985321,1.00506877355631
"rno-miR-9_st",0.836358757953178,0.836358757953178,1.00799694855464,0.890419911415311,1.1403004558903,0.836358757953178,0.766922854874339,0.836358757953178,0.838889337787527
"rno-miR-92a_st",12.6280766230975,12.3801013781387,12.3143449859075,12.2841078873765,12.2988203513322,12.3179800076166,12.5813628625874,12.3933344839248,12.3686020121105
"rno-miR-92b_st",7.34915022552476,7.26319176660799,7.29913600364383,7.29913600364383,7.41115932974529,7.21896166362279,7.46595416639254,7.16875395759226,7.1362802856423
"rno-miR-93_st",12.2939626782018,12.1880647646173,12.2357947578366,12.2776303365813,12.5338794575073,12.4996917025654,12.2982990590342,12.3205635401141,12.0779709707894
"rno-miR-935_st",2.44057839897149,2.54472456723906,1.78932774126123,2.9513059302868,1.38687536990752,2.66954445258941,1.81355304237309,2.52082769616201,3.1744771595056
"rno-miR-96_st",1.24787321794969,1.3398793976067,1.29752977182568,1.49531828386909,1.49531828386909,1.57115649015977,1.49531828386909,1.72873041701531,1.89010595935753
"rno-miR-98_st",4.49451863121256,3.50831537709413,2.90267574533577,3.70962141182414,2.35776987005056,2.71870086594638,3.57148299628208,2.40038857409524,4.33539558107756
"rno-miR-99a-star_st",0.944052456634297,1.26708085231456,0.954716532564341,1.03143649322647,0.949076413356602,1.03143649322647,1.06705068199913,1.10815065982633,1.26708085231456
"rno-miR-99a_st",7.39748853068529,7.43980892300675,7.47532416416333,7.53663603959241,7.35861686921943,7.28988958507109,7.15248681638052,7.30193805251672,7.63511079197737
"rno-miR-99b-star_st",6.63738462155985,6.78379612890307,6.82885383971259,6.98964086766024,7.17319508884064,7.11134348762228,6.35159905734375,6.628003873962,6.6241613202489
"rno-miR-99b_st",10.8361256948688,11.0384182900317,10.9971529802288,11.0575061758257,11.1977803700132,11.2144155431402,10.8376655325096,10.9273057590687,10.662888920415
"rrv-miR-rR1-1-star_st",1.25440340265594,1.29379077346599,0.732219022406582,1.27030393680838,1.27030393680838,0.728669732329309,1.27030393680838,1.95855999521845,2.18640574700768
"rrv-miR-rR1-1_st",1.38371998480963,1.29602543705933,0.961348588454515,1.14870846207455,1.14870846207455,0.695573911241576,1.05408068479762,1.14870846207455,1.14870846207455
"rrv-miR-rR1-2_st",2.14384770178765,1.40079057920553,1.06935414179077,1.26442616437186,1.2726711829074,1.51018619938933,2.47153276818242,1.40079057920553,1.40079057920553
"rrv-miR-rR1-3_st",1.10866556343929,1.07200311704127,1.07200311704127,1.23093860290863,0.821999431007361,1.40265209768034,1.07200311704127,0.784404298498007,1.07200311704127
"rrv-miR-rR1-4-star_st",0.857891945238911,1.72873041701531,1.15695348061009,1.15695348061009,1.45971499543763,1.40332115903987,0.91350415720193,1.29954063717732,0.92563378050634
"rrv-miR-rR1-4_st",11.2268396520806,10.7305027111183,10.7972927041991,10.9528508411258,11.2847231783731,11.1355501382653,10.8434787423159,11.6531650009759,11.2441359717515
"rrv-miR-rR1-5_st",1.85541165215877,1.33513776502972,1.54939465967587,1.28480571584301,1.54939465967587,1.93605637355326,1.66160422337553,1.76479094504439,1.76018465870278
"rrv-miR-rR1-6-star_st",1.07200311704127,0.972055521504342,0.815652276440425,1.50007052345995,1.11139048785132,0.950668057062392,1.44582000658948,1.22957704389681,1.11139048785132
"rrv-miR-rR1-6_st",1.0227709222953,0.771762948644856,0.950668057062392,1.07683207575743,0.864773415918398,1.10241192928392,1.0227709222953,0.917294037259508,1.17469037708045
"rrv-miR-rR1-7-3p_st",0.820296812729557,0.913072924553037,0.947487831610908,0.913072924553037,0.913072924553037,0.567715544556102,0.818445147276104,0.913072924553037,1.07200311704127
"rrv-miR-rR1-7-5p_st",1.34427957077951,1.44135720302033,1.40079057920553,1.40079057920553,1.3158402156367,1.40332115903987,1.40079057920553,1.37615768774952,1.49892578129295
"sbi-miR1432_st",1.14061259686624,1.07200311704127,1.07200311704127,1.37021864602811,1.07200311704127,1.54939465967587,1.00256721396243,1.04561740546893,1.07200311704127
"sbi-miR1435a_st",1.2671147432483,0.950668057062392,0.841066910244858,1.14870846207455,0.700664371028483,1.13844445970677,0.950668057062392,0.805567729292563,0.700664371028483
"sbi-miR1435b_st",1.51763045814909,0.950668057062392,0.950668057062392,0.950668057062392,0.950668057062392,0.950668057062392,1.08373154746807,0.822917903298066,0.908426371181187
"sbi-miR156a_st",1.52854073296985,1.94290133549594,1.44389399773486,2.21308812251007,1.52854073296985,1.29289637388176,1.29088719117875,2.43999590612299,1.40720567299097
"sbi-miR156b_st",1.45860239709273,2.22813809480896,1.44389399773486,1.46933582582767,1.38625720473645,1.45860239709273,1.64080921540427,1.13707261934132,1.95098071001563
"sbi-miR156c_st",1.50110674250507,2.46955569029319,1.22879993701895,3.27428176959241,1.54939465967587,1.54939465967587,1.60931898571856,1.54686407984152,1.44209893769532
"sbi-miR156d_st",1.1900936763931,0.700296679162105,0.950668057062392,1.02805828903765,1.07200311704127,1.68268715093672,1.05880345271815,1.3974123750167,0.950668057062392
"sbi-miR156e_st",1.69951707288013,2.82232751944102,1.740700423122,2.02738606275368,1.90580249642783,1.40332115903987,1.59940497399617,1.41191825433687,1.69951707288013
"sbi-miR156f_st",2.33831440215438,2.06297433661079,1.92223712318297,1.52111929908434,1.68268715093672,2.06297433661079,2.58348996383685,2.38776624216312,1.6035193595874
"sbi-miR156g_st",0.875410758637477,2.15418177205924,1.1017388968557,1.14870846207455,2.104864271009,1.28131703770146,1.28131703770146,1.2145902736085,1.41198099834939
"sbi-miR156h_st",2.00627470282382,2.61532458177723,1.72467345898698,2.21308812251007,1.53462435349325,1.56709953213145,1.3880545305175,1.72467345898698,2.55237781651417
"sbi-miR156i_st",2.00109421438067,2.02551242403204,1.76941408827804,1.66160422337553,2.24786128418879,1.32400611379816,1.21903197594728,1.38313017913931,1.22807058128556
"sbi-miR159_st",0.857891945238911,0.988263189571746,0.950668057062392,0.714666654171491,1.28131703770146,1.28131703770146,0.856040279785458,0.950668057062392,0.950668057062392
"sbi-miR159b_st",0.951509628562996,0.841798857857437,0.869239944108582,0.618868566208295,0.869239944108582,1.05701634675296,0.869239944108582,0.913072924553037,0.869239944108582
"sbi-miR160a_st",1.28467743818966,1.24407338695757,1.32070220164658,1.33985841750378,1.57539142895618,1.29602543705933,1.94381546490112,0.964707395060723,1.29602543705933
"sbi-miR160b_st",1.29539260070631,1.30674875640102,1.16767679995178,1.14209694642529,0.836358757953178,1.16767679995178,1.56840642892368,0.732116392804214,1.16767679995178
"sbi-miR160c_st",1.07200311704127,0.876925381767978,1.07200311704127,1.07200311704127,0.957693817932056,1.32537233965781,1.22930134829671,1.07200311704127,1.07200311704127
"sbi-miR160d_st",0.68773926592996,1.52407020076599,0.856651763980826,1.66160422337553,1.40332115903987,1.43113461109562,1.98428725798327,1.69637738505425,1.08241169451605
"sbi-miR160e_st",0.942960432706466,0.896606903600258,0.977375339764336,0.977375339764336,1.22725588423933,1.10289232714796,1.23922316506451,0.850324728831682,0.896730045159176
"sbi-miR160f_st",1.48128071266887,1.15690472976934,1.24185509333816,1.26013991495665,1.24185509333816,1.28394896597512,1.24185509333816,1.15164501569051,1.24185509333816
"sbi-miR162_st",0.840666836682592,1.16369523236286,1.14870846207455,1.14870846207455,1.14870846207455,1.14870846207455,1.19225175953392,1.14870846207455,0.950668057062392
"sbi-miR164_st",2.01033166085215,1.04164488723749,1.54708881815941,0.924102291029538,1.29358380533392,1.05793944624583,1.40579336903358,1.72873041701531,1.8677072381618
"sbi-miR164b_st",1.02926542610816,1.31801223768557,0.889937910808577,0.859931877476717,1.10029200533401,0.950668057062392,1.19706684996841,0.990072399875792,0.992602979710141
"sbi-miR164c_st",1.10866556343929,1.32474679040058,1.10866556343929,1.5392485334637,0.98718478061663,1.09367879315098,1.10866556343929,1.10866556343929,1.01041241549143
"sbi-miR164d_st",1.68268715093672,1.49502976160436,1.42847089678742,1.6903990451405,1.40332115903987,2.04525632335519,1.75952219612636,1.99491798357261,2.5690414164005
"sbi-miR164e_st",1.28550909193305,1.39309479042689,0.867303614927045,1.26442616437186,1.26442616437186,1.02878180528376,1.35969060137833,1.26442616437186,1.36919791934983
"sbi-miR166a_st",0.888764973405074,0.822610892740322,1.29905339290433,0.913072924553037,1.10287614520743,1.02889631628802,1.11116600074244,0.886617061226953,0.9439459527192
"sbi-miR166b_st",1.49794893631681,1.17496874801089,1.28131703770146,1.03143649322647,1.37594481497839,1.28131703770146,1.09354063505708,1.28131703770146,1.29602543705933
"sbi-miR166c_st",1.05333312596396,1.65812023834733,0.836358757953178,1.17169669463739,1.35727482390108,1.35727482390108,0.748974721361005,1.05333312596396,0.899898998701967
"sbi-miR166d_st",1.22876418487856,0.883949688607205,1.23922316506451,1.09820658325335,1.10788608425409,1.20455487294392,1.23922316506451,0.729962470104924,0.820172547752575
"sbi-miR166e_st",1.02454116811476,1.2145902736085,1.79467121154657,1.18371724544234,1.32889957271771,1.28131703770146,1.21230060783596,1.2145902736085,1.13787031294637
"sbi-miR166f_st",0.977375339764336,0.713174453505179,1.4313921524432,0.977375339764336,1.28131703770146,0.674608578867175,0.977375339764336,1.07200311704127,1.35960193558453
"sbi-miR166g_st",1.18943399960337,1.03143649322647,1.11220492939055,1.03143649322647,1.36275453522507,0.829082618860696,0.936808715949537,0.791487486351342,1.03143649322647
"sbi-miR166h_st",1.68125658023481,0.73641116241625,1.00205899358993,1.26625105828251,1.36620747538601,0.98707222330162,1.03061552076099,1.03061552076099,1.24487241540713
"sbi-miR166i_st",1.19269633130628,0.913218042106718,1.12400637742805,1.32551534176502,1.48439865717065,1.05701634675296,1.28547244312976,1.54939465967587,1.28547244312976
"sbi-miR166j_st",1.2145902736085,0.996880047967834,1.5459083156071,1.2145902736085,1.07200311704127,1.40161764652948,1.15819643721074,1.2145902736085,1.78930667127166
"sbi-miR166k_st",1.15695348061009,1.27828854058897,1.15695348061009,1.15695348061009,1.29659774720484,1.15695348061009,1.11332292294855,0.689076929724205,1.15695348061009
"sbi-miR167a_st",1.36055822504338,1.07200311704127,1.03912193088587,1.07200311704127,1.1719507125782,0.836358757953178,1.08456667598603,0.99193097211124,1.15343122999508
"sbi-miR167b_st",1.44960884684059,0.846012309233783,0.983549243217796,0.711941712853142,1.07552536765628,1.28131703770146,0.869239944108582,0.689220203641625,0.803770623352579
"sbi-miR167c_st",0.885024617754477,1.07200311704127,1.33592533358738,1.07200311704127,0.857746222395128,1.05701634675296,0.981901607084461,1.11256974085607,1.07200311704127
"sbi-miR167d_st",1.03143649322647,0.998555307071066,1.25108847760758,1.03143649322647,1.0167280938686,0.964552418742818,1.03143649322647,1.13620163537267,0.8250443731561
"sbi-miR167e_st",0.953123117047059,0.869239944108582,0.609725422809342,0.618868566208295,0.73641116241625,0.954190307677405,0.869239944108582,1.11659929331903,0.666476771175895
"sbi-miR167f_st",0.977375339764336,0.950668057062392,0.950668057062392,0.833125460854437,1.28131703770146,1.05701634675296,0.682749284091122,0.860223126102057,0.816390145657602
"sbi-miR167g_st",1.05964502421875,1.22737902579825,1.03143649322647,0.977375339764336,0.896606903600258,0.896606903600258,0.869239944108582,1.07200311704127,0.91314507517903
"sbi-miR167h_st",1.05409530042647,0.950668057062392,1.05409530042647,0.795792134138378,1.05409530042647,0.715023697974299,0.792525777508723,0.833625755335921,0.836358757953178
"sbi-miR167i_st",1.23000062341817,1.07200311704127,1.07200311704127,0.981488414051315,1.35136910893812,1.07200311704127,0.951737894293692,1.03440798453192,1.07200311704127
"sbi-miR168_st",1.23014634626195,0.73641116241625,1.13189319831409,0.816210179116709,1.10866556343929,1.17849712957563,1.0198095652379,1.10866556343929,1.92164906069891
"sbi-miR169a_st",1.03519845990412,0.950668057062392,1.10138079294202,0.983549243217796,0.950668057062392,1.06849960678662,0.983549243217796,0.83960582101787,1.13086621820257
"sbi-miR169b_st",0.950668057062392,0.938104498117637,1.32476621199503,1.00185891939319,0.716056142105801,1.15695348061009,0.869239944108582,1.60248391490691,0.864541159739599
"sbi-miR169c_st",1.0113260725009,1.09584972051229,0.808923625688564,0.913072924553037,0.870454220508356,0.913072924553037,0.883017779453111,1.2361013202333,0.913072924553037
"sbi-miR169d_st",1.23922316506451,1.11655090700521,1.23922316506451,1.23922316506451,0.950668057062392,1.23922316506451,1.31042906634865,1.23922316506451,1.23922316506451
"sbi-miR169e_st",1.15857787045935,1.31498104220551,1.2006717430963,1.20306321617792,1.28131703770146,1.21884452989384,0.913745648272579,0.913072924553037,1.2335529292517
"sbi-miR169f_st",0.951509628562996,0.836358757953178,1.03909192040548,0.895695807434666,0.836358757953178,0.954190307677405,0.869239944108582,0.869239944108582,0.686228027144624
"sbi-miR169g_st",0.748974721361005,0.844546558072004,1.23588844533516,1.14870846207455,1.03470423125658,1.15695348061009,0.977375339764336,0.913072924553037,1.084954040799
"sbi-miR169h_st",0.961662438578954,0.825153989755996,0.93495515587701,0.910485706313901,1.15695348061009,0.739877420603717,0.998709370198577,0.975521779691809,0.854186719712931
"sbi-miR169i_st",0.935953220647797,0.796725709427898,1.10461480295474,1.02738573274192,0.73641116241625,1.0030111329756,0.946617296577842,0.856407218930191,1.06795235655672
"sbi-miR169j_st",0.977375339764336,0.950668057062392,0.950668057062392,0.950668057062392,0.950668057062392,1.0320961700162,0.950668057062392,0.779029866460931,0.923960774360447
"sbi-miR169k_st",0.748974721361005,0.645078258248093,1.18316317264989,0.881645823594429,0.804931656994569,0.881645823594429,0.9251891210538,1.22542005604699,1.24408601376366
"sbi-miR169l_st",1.37950263124324,0.950668057062392,1.0101075316702,0.561232526909503,0.988263189571746,1.42805959969699,0.950668057062392,0.950668057062392,0.906835076617937
"sbi-miR169m_st",1.5310369597944,1.10055964421233,1.26940977580386,1.03143649322647,1.10055964421233,1.10055964421233,0.898866308510948,1.31595592958086,0.950668057062392
"sbi-miR169n_st",0.549432663129457,1.07200311704127,1.01903398750697,1.07200311704127,1.40332115903987,1.05701634675296,1.07200311704127,1.18603374643743,0.918568989779282
"sbi-miR169o_st",0.895947226810527,1.01439764270828,0.671889505985934,1.07130473358795,1.22865453735442,1.05701634675296,1.264803018591,1.07200311704127,0.869239944108582
"sbi-miR169p_st",1.35511262898615,0.950668057062392,1.39075760009512,0.964811780819581,0.952248221874826,1.05701634675296,0.977375339764336,0.704332117911388,0.856676385163827
"sbi-miR169q_st",0.80714821438383,0.913072924553037,0.913072924553037,0.848770509341738,1.33361524274688,1.09265106539879,0.977375339764336,0.913072924553037,0.886365641851092
"sbi-miR171a_st",0.984619080449097,1.07200311704127,1.07200311704127,0.71745571098699,1.07200311704127,1.15436319691114,1.18208021286338,1.07200311704127,1.10488430319667
"sbi-miR171b_st",1.19361592700811,1.03143649322647,0.978467363692167,1.09519091450203,1.15695348061009,1.03561842063121,0.879198315955407,0.913072924553037,0.989194807345266
"sbi-miR171c_st",2.439166235033,1.39413204293461,1.51003567667455,1.1133118260884,1.68268715093672,2.1907794689828,1.95012428864777,1.84726659376758,1.66406311548037
"sbi-miR171d_st",0.736556885260033,0.950668057062392,0.955027819020335,0.977123920388476,1.05796377904294,1.05796377904294,1.11788810508563,0.913072924553037,0.950668057062392
"sbi-miR171e_st",1.10180380998441,0.889143805113682,1.03858991193666,1.22702338391439,0.717995189279745,0.979799688645999,0.799042295156874,0.913072924553037,0.759638797291049
"sbi-miR171f_st",0.934617070894454,1.05328949598828,0.836358757953178,0.975255851432084,0.963187986031472,0.886473819431612,1.18611827768061,1.17729915783383,0.950668057062392
"sbi-miR171g_st",1.2006717430963,1.2006717430963,0.91940667818448,1.40079057920553,1.29344785491978,1.0714495301867,1.44333944206972,0.72837450526704,0.950668057062392
"sbi-miR171h_st",0.733835855353185,0.791737864574159,0.913072924553037,1.62400909086617,0.913072924553037,0.913072924553037,1.08029297257627,0.913072924553037,1.03333814730061
"sbi-miR171i_st",0.950668057062392,0.950668057062392,0.950668057062392,0.950668057062392,0.950668057062392,0.842979031438523,1.40720567299097,0.950668057062392,0.967206228641163
"sbi-miR171j_st",0.748974721361005,0.695275585001609,1.25303244113031,1.03143649322647,0.817947843060901,0.736385293380729,0.950668057062392,1.66998860828133,1.04087813471004
"sbi-miR171k_st",0.779556485958357,0.836358757953178,1.10028097449928,1.14870846207455,0.754089073498764,0.873953890462532,0.748974721361005,0.779029866460931,0.836358757953178
"sbi-miR172a_st",0.995342609007451,0.913072924553037,1.18537973003915,0.989787091152897,1.08658232281229,0.883928811415381,0.692675672612934,0.913072924553037,0.69533638207975
"sbi-miR172b_st",1.15695348061009,1.42976286243597,1.0954228857903,1.84913545562677,1.15695348061009,1.15695348061009,1.08228633439353,1.0514765955743,1.04738648512056
"sbi-miR172c_st",1.05023761825968,0.839328586011522,1.10755758308928,1.08029276335961,1.40332115903987,0.939722551580335,1.08029276335961,1.08029276335961,1.09095683928965
"sbi-miR172d_st",1.40332115903987,0.90036492643981,1.03999607496765,0.865798291042945,1.28131703770146,1.1096788471,1.1096788471,1.54686994547734,0.993496804677281
"sbi-miR172e_st",0.710719050187263,1.32553042906143,0.758926506586166,0.913072924553037,1.05087331239747,0.913072924553037,0.7230238190593,0.913072924553037,0.945954110708442
"sbi-miR172f_st",1.29590595275468,1.06934842909856,0.968261442839252,1.26442616437186,1.18365772820778,1.62712171407999,1.18365772820778,1.15902483675177,0.813674507251854
"sbi-miR319_st",1.44389399773486,0.876931596648164,1.44389399773486,1.44389399773486,1.90148171052092,1.42918559837699,1.27256087542465,1.81343670107026,1.44389399773486
"sbi-miR319b_st",1.14549076378217,1.2006717430963,1.2006717430963,1.17981781639028,1.2006717430963,1.67380099062643,1.2006717430963,1.2006717430963,1.04450298386423
"sbi-miR390_st",0.977375339764336,0.977375339764336,0.977375339764336,0.913621125442769,1.28131703770146,1.08372362945491,0.977375339764336,0.775021465398563,0.977375339764336
"sbi-miR393_st",1.48185265057367,1.28626001168741,1.07200311704127,1.45511014327894,1.20954584508755,0.870283912304363,1.39439540734317,1.07335908506505,1.28626001168741
"sbi-miR393b_st",0.962212990329267,0.840732207506605,1.35160614763246,1.13575753831683,0.707690131898147,1.07200311704127,1.07200311704127,1.40079057920553,1.07200311704127
"sbi-miR394a_st",1.25653412411483,1.38911314246682,1.3947095661618,1.11595415992508,2.35919730044937,2.12351809250375,1.37676780409508,1.44389399773486,1.34854030377183
"sbi-miR394b_st",1.02052129281157,1.90668812737927,1.10921754618717,1.28728456490516,2.30490377508923,2.03226589983284,1.58880191396063,1.58880191396063,1.29602543705933
"sbi-miR395a_st",1.15778800161368,1.2145902736085,1.2145902736085,1.2145902736085,1.2145902736085,1.52476176821986,1.01182710067581,1.80084733442177,1.0447382973116
"sbi-miR395b_st",0.863284020470219,0.965376456420258,1.10866556343929,1.28669925991141,0.73641116241625,0.728669732329309,0.869239944108582,0.779029866460931,0.950668057062392
"sbi-miR395c_st",1.0733589060371,0.848021579076247,0.996235004974912,1.27347774214633,1.1216468232079,1.05305391700541,1.5636073497406,0.779029866460931,1.16871260000013
"sbi-miR395d_st",1.0540895063642,0.889845289678238,0.978954736086985,0.913072924553037,0.913072924553037,0.68812608494133,0.945954110708442,0.913072924553037,0.869239944108582
"sbi-miR395e_st",1.40488514015083,1.09065693853602,1.29997085919622,1.29997085919622,1.28131703770146,1.58186743092741,0.97694246351595,0.872028182561336,1.29997085919622
"sbi-miR395f_st",1.04193879934633,1.12336691230014,1.2145902736085,0.978184585024763,1.04193879934633,0.710139308492234,1.10645487795274,0.951728721698679,1.18788299090655
"sbi-miR395g_st",0.754459042968036,1.2006717430963,1.2006717430963,1.39871214810846,1.2006717430963,1.2006717430963,0.877643347416035,1.38000750043574,1.2006717430963
"sbi-miR395h_st",0.653335413329105,0.836358757953178,1.00539090236996,0.920098685422702,0.957693817932056,0.735695493198973,1.24624892593417,0.957693817932056,1.43508536056665
"sbi-miR395i_st",0.857891945238911,0.783369272026235,0.836358757953178,0.711941712853142,0.926460267909986,0.811596100613157,0.836358757953178,0.739481768623194,0.950668057062392
"sbi-miR395j_st",0.68226144482179,0.643902617147726,0.774612166831649,1.26442616437186,0.869239944108582,0.854253173820275,0.902121130263987,0.899295089208509,1.07200311704127
"sbi-miR395k_st",0.977375339764336,0.977375339764336,0.977375339764336,1.03143649322647,1.07015145158782,0.817214039511701,0.977375339764336,1.03255631907846,0.638211140943331
"sbi-miR395l_st",0.977375339764336,1.02047875829367,0.977375339764336,1.39975639807536,0.648587877600081,0.977375339764336,0.817107234067847,0.884739635889552,1.24389272701859
"sbi-miR396a_st",1.15695348061009,0.917127194117256,1.10761576162146,1.03143649322647,1.15695348061009,0.807526047299723,0.948542629110881,1.29535870977258,0.840407233455127
"sbi-miR396b_st",1.10866556343929,0.614982258719869,0.869753466321087,0.93677595346197,0.950668057062392,0.720369954161056,0.747811040412202,0.910320090135886,0.910320090135886
"sbi-miR396c_st",0.89935089812432,0.821841265779226,0.984252510852393,1.14318799671975,0.89935089812432,1.40332115903987,0.748974721361005,0.814400534555498,0.943330155954237
"sbi-miR396d_st",0.977375339764336,0.863066040655122,1.15827693777619,1.14147354295637,1.01890202145562,0.672356396496999,1.09764056251191,0.775021465398563,0.812926608276272
"sbi-miR396e_st",1.02789712727521,0.950668057062392,0.823838828984098,1.0071790654884,0.755590321789099,1.14071716255613,0.766049301975044,0.888815496814969,0.950668057062392
"sbi-miR397_st",0.537358077459024,1.0280284190283,1.15823488236019,0.761511031774043,0.862694647937011,1.08803897635188,1.08290746622152,0.872432165826288,0.90669335904942
"sbi-miR398_st",1.04821165798165,1.2006717430963,1.5041074197341,1.98059328414547,2.71425590887192,1.84863159629651,1.51382721022914,1.47045320015724,1.47045320015724
"sbi-miR399a_st",1.41454088025619,1.04265621444279,0.770858518507366,1.04265621444279,1.48170205773678,0.91829265735142,1.32755563976991,0.871018023841327,1.29602543705933
"sbi-miR399b_st",1.707262856977,1.37594481497839,1.1017388968557,0.799625959697421,0.827067045948566,1.28131703770146,1.28131703770146,1.08297156439806,1.37594481497839
"sbi-miR399c_st",1.22893078618687,1.07795904067963,0.956623980700755,0.925750952534593,0.956623980700755,0.950668057062392,0.869239944108582,0.704217353935216,1.03043256295165
"sbi-miR399d_st",1.07200311704127,1.36005730545386,1.18603374643743,1.21274033046909,1.07480494844283,1.02833713824536,0.782157360444684,0.928059694841344,1.07200311704127
"sbi-miR399e_st",1.12255766703971,0.950668057062392,0.950668057062392,0.910101433247592,0.950668057062392,1.05061565259932,0.791491979734817,1.09325521362962,1.07200311704127
"sbi-miR399f_st",0.942533068261586,0.836358757953178,0.776214331447964,0.989787091152897,0.913072924553037,0.913072924553037,0.646309652459441,1.00538116013061,0.91958173110503
"sbi-miR399g_st",0.857891945238912,1.25247407644956,2.33551561022271,1.03143649322647,1.02198993921428,1.16806343985027,1.16806343985027,1.34615358857911,1.2006717430963
"sbi-miR399h_st",1.38820019435267,0.836358757953178,1.1263523690525,0.991122967231338,0.802605732916968,0.991122967231338,1.35969060137833,1.02859341850926,1.46951572954059
"sbi-miR399i_st",1.03143649322647,1.03143649322647,1.03143649322647,1.00696704366336,1.03143649322647,1.15695348061009,1.10055964421233,1.23419966615916,0.738823429444979
"sbi-miR399j_st",1.25903048996226,0.836358757953178,0.986152801351563,1.03922694593771,1.48408021063415,1.16474393332133,1.07200311704127,1.22238072631974,1.07200311704127
"sbi-miR399k_st",1.03747008608467,1.15695348061009,1.07200311704127,1.15695348061009,1.36626740127028,1.21701573998644,0.869239944108582,1.15695348061009,1.38024988394206
"sbi-miR408_st",1.38952921593889,1.2006717430963,1.62854683139246,1.52854073296985,3.0068202689954,1.74062849998293,1.81706079824209,1.3252268007276,1.56910735678465
"sbi-miR437a_st",1.11134842682926,1.01447143749927,1.50732378672788,0.764174186358456,0.683405750194378,0.542469426732282,1.01447143749927,1.2145902736085,0.796734895025986
"sbi-miR437b_st",1.1467259510905,1.02333006194514,0.576626880327091,1.58776188319749,0.979505903067267,1.05701634675296,1.05621124810055,1.05621124810055,1.05621124810055
"sbi-miR437c_st",0.979996937384261,1.07200311704127,1.07200311704127,1.07200311704127,1.11256974085607,0.836358757953178,1.52854073296985,0.825189149077744,1.07200311704127
"sbi-miR437d_st",0.885024617754477,1.07200311704127,1.07200311704127,1.14107768441204,0.957693817932056,1.07200311704127,1.39815335755274,1.34008073901568,0.880973857269927
"sbi-miR437e_st",0.977375339764336,0.977375339764336,0.977375339764336,0.977375339764336,0.838303383315102,0.977375339764336,1.38023974687566,1.24545296173874,0.768061419104146
"sbi-miR437f_st",0.836358757953178,0.730858096012172,0.759644591353318,0.805485729787015,0.754089073498764,1.40332115903987,1.05928904960232,0.913072924553037,0.893161029947999
"sbi-miR437g_st",0.962708291610314,0.950668057062392,0.841227508787653,0.998095311922215,0.751125998830844,0.736385293380729,0.977375339764336,1.09325521362962,0.869239944108582
"sbi-miR437i_st",0.987330503460413,0.950668057062392,0.950668057062392,0.826251011962356,0.848002988160828,0.730460391952874,1.09168463887355,0.950668057062392,0.950668057062392
"sbi-miR437j_st",0.785077022217549,0.972055521504342,0.977375339764336,1.04473409654981,1.19333817702015,1.07200311704127,1.23922316506451,0.913072924553037,1.2006717430963
"sbi-miR437k_st",1.11246528595741,0.950507192829737,1.36323890415779,0.904678614119377,0.931372061416758,1.15695348061009,1.11246528595741,1.1318563551273,1.27656327993278
"sbi-miR437l_st",1.345078078173,0.953167550611931,0.893916708695839,1.09046538120767,0.863066040655122,1.16742444525807,1.10055964421233,0.977375339764336,0.793383268522773
"sbi-miR437m_st",1.15427280149568,1.04877548216647,1.52695459335872,1.11785004953724,1.07200311704127,1.05365370080526,1.15427280149568,0.968703337236441,1.07200311704127
"sbi-miR437n_st",1.28604919019179,0.967682071950914,0.944454437076115,1.03143649322647,0.967682071950914,0.732037712862822,1.07728321876845,1.11026922851814,0.967682071950914
"sbi-miR437o_st",0.950668057062392,0.98012820077094,0.950668057062392,0.833125460854437,0.950668057062392,0.942926626975451,0.977375339764336,1.00584903637652,0.700442956547567
"sbi-miR437p_st",0.886448472409976,1.2006717430963,0.837522872298081,1.26442616437186,0.910510538718598,1.10055964421233,1.10055964421233,1.14660291029092,1.10055964421233
"sbi-miR437q_st",0.977375339764336,1.16473521338437,0.836358757953178,0.805485729787015,1.15695348061009,0.819377833387436,1.35969060137833,0.977375339764336,1.14661058963417
"sbi-miR437r_st",1.38621342320252,1.12754932527686,0.892990775236408,0.915086876604549,0.849926465166996,1.08697648658187,1.19918605028153,1.00084057697812,0.869239944108582
"sbi-miR437s_st",0.896606903600258,1.04344416888587,0.932543433312186,0.804717824676622,0.950668057062392,1.04344416888587,1.01609029812568,0.751125998830844,1.11990330693222
"sbi-miR437t_st",0.857891945238911,1.39065321433626,0.674880567596458,1.07200311704127,1.1666308943182,0.887599924817541,1.10055964421233,1.17959031180729,1.0261561845453
"sbi-miR437u_st",0.857891945238911,1.11583609748573,0.703883616604876,0.875477792043683,1.40332115903987,0.913072924553037,1.44098332495543,0.913072924553037,0.913072924553037
"sbi-miR437v_st",1.2568438577303,0.836358757953178,1.35912706218625,1.14870846207455,1.06794002591047,0.83229566682238,1.14870846207455,1.2105271824777,1.23013657502836
"sbi-miR437w_st",1.26295933782,1.42918559837699,0.763358871252064,1.28131703770146,1.28131703770146,1.28131703770146,1.28131703770146,1.4606527950409,1.28131703770146
"sbi-miR528_st",1.5310369597944,1.73570779246476,1.44389399773486,1.38887181053213,1.40201355918667,2.22103486560118,1.69513495376977,1.89315591743861,1.79381069465375
"sbi-miR529_st",1.22333190635131,0.950668057062392,1.18666945995329,1.34855148028129,1.43303713838307,1.18666945995329,0.876497965341932,1.18666945995329,1.00365754298933
"sbi-miR821a_st",1.07200311704127,0.957693817932056,0.759638797291049,1.24333623935148,1.28131703770146,0.836358757953178,0.990575004087461,1.19333817702015,1.07200311704127
"sbi-miR821b_st",0.977375339764336,0.836605108681583,0.846817738139122,1.0232222722603,0.711963275963161,1.09168463887355,0.977375339764336,1.01847531759153,1.4022152901802
"sbi-miR821c_st",1.23922316506451,1.4238716840602,1.06752810648006,0.798786000756948,1.11150736430998,1.11150736430998,1.09496919273121,1.2276894067327,1.11150736430998
"sbi-miR821d_st",1.27837937597043,2.01033166085215,0.83754731837187,1.27837937597043,1.27837937597043,1.01039344121095,1.44559942399366,1.27837937597043,1.54939465967587
"sbi-miR821e_st",0.857891945238911,1.86565232654247,1.32350749748641,1.98227045669953,1.07081528354639,1.5733880419614,1.22887972020947,1.20514392881297,1.49274274735624
"sja-bantam_st",1.29584847527811,0.840866890941378,1.36985440723245,1.15695348061009,1.15695348061009,0.950668057062392,1.24160021584508,1.20078646105455,1.17266638179547
"sja-let-7_st",2.07406234544622,1.88695666945982,1.09356112303024,1.4645212637996,1.75132550941707,1.54939465967587,1.35969060137833,1.54939465967587,1.54939465967587
"sja-miR-1_st",1.29602543705933,1.33435051022264,0.661984114371314,1.55656913441543,1.29602543705933,1.29602543705933,1.25662127886667,1.07200311704127,1.36633215661744
"sja-miR-10-3p_st",1.40332115903987,1.87817175240055,1.04676523340986,1.273074778451,1.15695348061009,1.53556107988696,1.533888422621,1.77014466518458,1.40332115903987
"sja-miR-10-5p_st",1.6358364549504,1.07200311704127,1.03143649322647,1.86638674386371,1.46513095046027,1.54939465967587,1.89411951928605,1.30620075797204,1.7868333192043
"sja-miR-124-3p_st",1.68268715093672,1.92677082202747,1.30763865456278,1.14870846207455,0.817390420075947,0.846034207449187,1.05408068479762,1.14870846207455,1.1048754816301
"sja-miR-124-5p_st",0.786569853870359,0.963073694821984,0.797233929800403,1.15549674215257,0.873953890462532,1.01789151860019,1.39728573388768,0.950668057062392,0.950668057062392
"sja-miR-125a_st",1.68268715093672,1.0925706189876,1.40568059479283,1.57063460560681,1.28131703770146,1.09911021938992,1.28131703770146,1.24372190519211,1.28131703770146
"sja-miR-125b_st",1.11563367470282,1.07200311704127,1.40332115903987,0.861020977737494,0.932931160592035,1.1516441240299,1.07200311704127,1.2145902736085,0.702019896085346
"sja-miR-133_st",1.10639438337217,1.33174682945647,1.10639438337217,0.910801744485919,0.919415884085381,1.10639438337217,1.23922316506451,1.06973193697415,1.27803257397363
"sja-miR-190-3p_st",1.13537284614124,0.741730980676244,0.977375339764336,0.83219301248896,1.09871039974321,1.18366076331204,1.12726692691428,0.939780207254982,0.895947226810527
"sja-miR-190-5p_st",1.06038107797123,1.29602543705933,1.33217877390666,1.13708642300452,1.15500885524817,0.835434238359528,0.831980459567903,0.974989114781211,1.06038107797123
"sja-miR-2162-3p_st",0.920379989422396,1.23986465466409,0.768585632143352,0.8679737739705,0.8679737739705,0.737867618817791,0.8679737739705,0.775338070095715,0.576626880327091
"sja-miR-2162-5p_st",0.740729702825463,1.26330015673728,0.869239944108582,1.14870846207455,1.30478909097642,1.14870846207455,1.12403169748729,1.64108677499745,1.19242672456076
"sja-miR-219-3p_st",0.920864331338326,0.866468772737164,0.977375339764336,1.27190956442326,1.07200311704127,0.863066040655122,0.977375339764336,0.977375339764336,0.950668057062392
"sja-miR-219-5p_st",0.951737894293692,1.2006717430963,0.655677521449428,0.912152399796233,1.03143027834628,1.54939465967587,1.07200311704127,1.60355375213821,1.29950790032069
"sja-miR-277_st",1.09219745364854,0.950668057062392,1.14870846207455,1.14870846207455,1.16815824880727,1.1923390197361,1.09219745364854,1.24487241540713,1.33841252037209
"sja-miR-2a-3p_st",0.857891945238911,0.73641116241625,1.34700258610383,0.805485729787015,1.02640786344691,0.808917671702032,0.836358757953178,0.880191738397633,0.836358757953178
"sja-miR-2a-5p_st",3.63836998594883,4.9690363788339,4.71845686715385,4.35590922526587,3.36157295904686,3.65934307578462,4.35590922526587,2.90318630034367,4.62265674587322
"sja-miR-2b-3p_st",0.922097141925374,1.13620831372773,1.26520265855253,0.907564638533056,0.865717693493569,0.857976263406628,0.977375339764336,1.05825525182841,0.994386319548599
"sja-miR-2b-5p_st",1.05500537723861,1.3736502979954,1.14963315451555,1.7392342608498,1.54939465967587,0.957312247852573,1.05500537723861,1.27830178057058,1.35973694402141
"sja-miR-2c-3p_st",0.868697963955771,1.24406926897577,0.961474075779251,1.31271408154266,1.15695348061009,1.33697322107705,1.0554575698923,1.15695348061009,1.17940196744083
"sja-miR-2c-5p_st",0.977375339764337,1.05895087046261,1.01783277332011,1.1997532708056,1.17929883902182,0.964314091417401,0.727519071474888,1.07200311704127,1.32200680307518
"sja-miR-2d-3p_st",1.40332115903987,1.2006717430963,1.2006717430963,1.05548941582092,1.2217546706575,1.08636244398709,1.2006717430963,1.2006717430963,1.32200680307518
"sja-miR-2d-5p_st",0.950668057062392,0.950668057062392,0.962700800620638,0.950668057062392,0.73641116241625,1.09675253707117,1.32893781850143,0.950668057062392,0.906835076617937
"sja-miR-2e-3p_st",1.10866556343929,0.733177865317509,1.36312556157078,0.950668057062392,0.663741962238671,0.829332997083513,0.983549243217796,0.860457979414741,1.17469037708045
"sja-miR-2e-5p_st",1.10055964421233,1.13815477672169,1.13815477672169,1.07311855796119,1.40332115903987,1.08984657743736,0.910510538718598,1.10055964421233,0.947125516950347
"sja-miR-307_st",1.01856405348248,0.796301243689071,1.10866556343929,1.23665834046029,1.11718479895622,1.32292245808543,0.977375339764336,1.28532732557608,1.13189319831409
"sja-miR-31-3p_st",1.03143649322647,0.908764235167178,1.21627523981167,1.03143649322647,0.86245663866358,1.03143649322647,1.17245307503763,1.10815065982633,0.843660090582089
"sja-miR-31-5p_st",1.44187258100808,2.34164970285075,1.20933544769441,1.62996913393681,1.03900817389675,0.728669732329309,1.40332115903987,1.40079057920553,1.40578005114472
"sja-miR-310_st",1.36299952898755,1.48852004538025,1.06488102930318,1.22393110154739,1.47322676840001,1.66940428490864,1.7477778485855,1.30116017176021,1.2006717430963
"sja-miR-3479-3p_st",2.15119306258938,2.01790057132853,1.25297973542416,2.16363243376006,2.39403442532222,2.55487809073726,2.10254730656352,1.64600969063494,2.01790057132853
"sja-miR-3479-5p_st",0.748974721361005,0.950668057062392,0.869239944108582,1.37873546348107,0.950668057062392,1.1128349383382,0.840669028971565,0.950668057062392,0.950668057062392
"sja-miR-3480-3p_st",1.03062131482326,1.25896829382566,0.953901354161132,1.00615186526015,1.26626567391135,0.836358757953178,1.06350250097867,1.03062131482326,1.04897901470473
"sja-miR-3480-5p_st",0.937323953570795,1.28626001168741,1.26508445704249,0.993286761107073,0.950668057062392,0.993286761107073,0.829188557915041,0.889986981302244,0.993286761107073
"sja-miR-3481-3p_st",1.17507269791192,1.04496654275921,1.64953635797491,0.805485729787015,0.835426071841845,0.949735370951059,1.01885852193692,0.913072924553037,1.04174155060807
"sja-miR-3481-5p_st",1.03333793808395,1.25611759509048,0.879904020038627,0.711941712853142,0.702019896085346,0.869239944108582,0.799804041029744,1.19226833978885,0.764510214043893
"sja-miR-3482-3p_st",0.760618951568655,1.07200311704127,0.950668057062392,1.14574579233568,0.760618951568655,0.788091097028991,0.711990003272587,0.893339165570145,1.29217223478678
"sja-miR-3482-5p_st",1.10866556343929,0.941445515416056,0.919423079380208,1.26442616437186,1.41142707826683,1.55212954931151,1.10866556343929,0.913072924553037,0.759638797291049
"sja-miR-3483-3p_st",1.2643158568891,1.44389399773486,1.44389399773486,1.55871415448387,1.44389399773486,1.28589649135796,1.6466311185031,1.44389399773486,1.20446837840415
"sja-miR-3483-5p_st",1.02058225172566,0.950668057062392,1.12208893688238,0.826251011962356,0.917917182824096,0.956841960515851,0.767137902218311,1.34361064740592,0.983549243217796
"sja-miR-3484-3p_st",1.23922316506451,0.957374829677639,0.977375339764336,1.35143272876416,1.23922316506451,1.1624071676068,1.24467685206121,1.21276730173842,1.51501065453044
"sja-miR-3484-5p_st",0.763689557775599,0.950668057062392,0.973895691937191,1.14574579233568,0.850720461525464,0.836358757953178,0.98661984942474,1.28626001168741,1.0426742367194
"sja-miR-3485-3p_st",1.0606551181716,1.21932009202605,1.10866556343929,1.03497010853341,1.05943955809652,1.03912193088587,1.07200311704127,1.23357053118229,1.07200311704127
"sja-miR-3485-5p_st",1.57509625801294,1.32872857958316,1.24377821601433,1.26442616437186,1.32872857958316,1.31455525093313,1.28509802192161,1.32872857958316,1.57509625801294
"sja-miR-3486-3p_st",1.19595755543705,1.31700452242222,1.19595755543705,1.03143649322647,1.238051428074,1.19595755543705,0.787978796187962,1.12430979802145,1.25616492764143
"sja-miR-3486-5p_st",0.713174453505179,0.836358757953178,0.413207121345852,0.711941712853142,1.07200311704127,0.836358757953178,0.836358757953178,0.913072924553037,0.807802230782113
"sja-miR-3487_st",0.818199262436762,0.977375339764336,0.818199262436762,0.977375339764336,0.827483752614393,0.977375339764336,0.977375339764336,1.08496253453036,1.22374301819412
"sja-miR-3488_st",0.977375339764336,0.977375339764336,0.977375339764336,1.195085565405,1.1017388968557,0.741730980676244,0.775682004062949,1.04980306862357,1.0203107839019
"sja-miR-3489_st",1.15183912847233,1.33385094234144,0.847313018852475,1.52627398967203,1.23922316506451,1.78060501641075,1.23922316506451,1.14901308741685,1.23922316506451
"sja-miR-3490_st",1.15695348061009,1.23866065014208,1.07200311704127,1.15695348061009,1.07618504444601,1.15695348061009,1.15445725378554,1.54939465967587,1.1277499710836
"sja-miR-3491_st",0.916561502145998,1.64665508641118,1.24762718945089,1.40079057920553,0.747581647583108,0.998921582015866,0.860258061163695,0.902044592685882,0.998921582015866
"sja-miR-3492_st",0.977375339764336,1.09871039974321,0.81009691112082,1.12001324551314,0.863066040655122,0.618868566208295,1.10055964421233,1.24129755631044,0.977375339764336
"sja-miR-3493_st",1.52403275181934,0.857122755195712,1.15695348061009,0.625270859878544,0.95707035073264,0.95707035073264,0.977375339764336,1.82801538506639,0.875642237778831
"sja-miR-3494_st",2.30664820725363,2.01033166085215,2.70552451088782,2.06726913849964,2.104864271009,2.10269275909188,2.12940004179382,2.61257855562744,2.26526971912528
"sja-miR-3495_st",1.4924855378262,1.2006717430963,1.11422013123714,1.14870846207455,1.15695348061009,0.912116635094186,1.2006717430963,1.36223915723732,1.03345169507306
"sja-miR-3496_st",0.857891945238912,1.1124071746196,1.21505366198497,0.894884007578974,1.10535135853142,0.839947222084161,0.660710152884309,1.0204009949626,1.43606509451765
"sja-miR-3497_st",1.16225034984186,0.827995799003099,0.944001145380059,0.826251011962356,1.07200311704127,0.950668057062392,0.977375339764336,0.853791067732408,0.950668057062392
"sja-miR-3498_st",0.7873262342706,0.977375339764336,0.869239944108582,1.0968488812684,0.977375339764336,0.977375339764336,1.12726692691428,0.977375339764336,0.950668057062392
"sja-miR-3499_st",0.648998884333142,0.836358757953178,0.552121895003158,0.728771563187156,1.08972798056972,0.836358757953178,0.977375339764336,0.913072924553037,0.759638797291049
"sja-miR-3500_st",1.50322274679521,1.36220616498405,1.02137163572393,1.79027357140273,1.4695018869646,1.11836906638862,1.07974439311859,1.70665550068992,1.28548620432192
"sja-miR-3501_st",1.12209283149807,1.0229759215319,1.29024597187095,0.805485729787015,1.10055964421233,1.15695348061009,1.10055964421233,1.09969008813176,1.27895760194851
"sja-miR-3502_st",1.07416631301717,1.07416631301717,1.07416631301717,0.722698562194096,1.07416631301717,1.24011075837696,1.10087359571912,1.07416631301717,0.759638797291049
"sja-miR-3503_st",1.28478546046177,1.13988064032811,1.68172548258151,1.24538130226911,0.836358757953178,1.24538130226911,1.24538130226911,1.54689865132457,1.21867401956717
"sja-miR-3504_st",3.4480445730629,3.89997981746843,2.0890132818831,3.06024631105501,3.15186604290933,3.30720712607272,3.12529371975167,3.88072372828898,3.04296370105093
"sja-miR-3505_st",0.776463832285102,1.07200311704127,0.869239944108582,1.06728034912074,0.836358757953178,1.12897182173467,0.842045726910948,0.869239944108582,0.869239944108582
"sja-miR-3506_st",0.609047678179985,0.977375339764336,1.03143649322647,0.977375339764336,0.790396840477544,1.0441021038573,0.977375339764336,1.24129755631044,1.08467106174488
"sja-miR-3507_st",1.34288165337024,1.34556359615475,2.24939936926631,0.913072924553037,0.949998995702856,0.931432905261996,1.07200311704127,1.07200311704127,1.05432654536813
"sja-miR-36-3p_st",1.10866556343929,0.836358757953178,1.77085448734145,1.04779948415862,1.3296898762772,1.17554963792294,1.36303635758224,0.913072924553037,1.33447983041118
"sja-miR-36-5p_st",1.23922316506451,1.46324548508256,0.893916708695839,1.20900919768608,1.15695348061009,1.23922316506451,1.52128293284687,2.03108588008422,1.19865032636952
"sja-miR-61_st",1.10866556343929,1.76539286341333,0.89440866879315,1.06809893962449,1.10866556343929,1.28131703770146,0.869239944108582,1.15249854388375,0.987330503460413
"sja-miR-7-3p_st",0.913072924553037,1.05672832089637,0.848685046236509,1.12048274217193,1.68268715093672,0.913072924553037,0.869239944108582,0.913072924553037,0.576626880327091
"sja-miR-7-5p_st",0.883017779453111,0.870454220508356,1.14693999599922,0.881506369088023,0.547250179437958,1.00743482455315,0.869239944108582,0.913072924553037,0.832412480273094
"sja-miR-71_st",0.841387387732733,0.917127194117256,1.03143649322647,1.10410218432438,1.02738801772452,0.873953890462532,1.10055964421233,0.913072924553037,0.857925559311505
"sja-miR-71b-3p_st",0.883471798765404,1.05701634675296,0.976247910588885,1.05701634675296,1.30879446401678,1.05701634675296,0.869239944108582,0.681918871012713,1.15237004071599
"sja-miR-71b-5p_st",0.844743346893185,0.950668057062392,0.73641116241625,0.711941712853142,0.950668057062392,0.950668057062392,1.23835554139945,0.950668057062392,0.950668057062392
"sja-miR-8-3p_st",0.874910179921383,0.836358757953178,0.814262656585038,0.836358757953178,0.580305691295619,0.611411918341471,1.10055964421233,0.766922854874339,0.928364937610186
"sja-miR-8-5p_st",0.748974721361005,0.836358757953178,1.07200311704127,0.836358757953178,0.715023697974299,0.821371987664871,0.977375339764336,0.836358757953178,0.869239944108582
"sko-let-7_st",13.3945747764235,13.3918567780602,13.4430863793179,13.337129814716,13.0050192352011,12.8499338134193,13.4644561634989,13.2768276555097,13.4799686883943
"sko-miR-1_st",1.0785495340387,1.27974165497936,1.03201139749825,1.48249811663728,1.08989753290837,1.05701634675296,1.37195730069073,0.876996606286006,1.14161254431578
"sko-miR-10_st",1.5310369597944,1.24334947545735,1.28001192185537,1.58087285055776,1.5310369597944,1.22836270516904,1.5310369597944,1.2145902736085,1.58264864020821
"sko-miR-100_st",11.6260411224673,11.7243047161672,11.6266226914043,11.6007868520643,11.5859515701925,11.6291112206662,11.5591608583405,11.5681406254625,11.5734637706248
"sko-miR-124-star_st",1.28604919019179,0.817179598580328,0.852427273636801,1.03143649322647,0.788304597086102,1.03143649322647,1.45711184803241,1.03143649322647,0.950008380272661
"sko-miR-124_st",0.967730862520002,1.01144912500621,1.64953635797491,0.641580622008533,1.18184203432236,0.892896943999666,1.10055964421233,0.888868783742022,0.807946580430844
"sko-miR-125_st",11.2580764552027,11.1712761468478,11.2319927832731,11.1719604840283,11.0189646508942,11.0254802156664,11.3381147216271,11.1719604840283,11.1719604840283
"sko-miR-133_st",1.00408262246628,0.756717750964551,1.13537284614124,1.11141839785644,1.04617649510324,0.977375339764336,0.895947226810527,0.977375339764336,1.07200311704127
"sko-miR-137_st",1.03143649322647,1.01887293428172,0.978467363692167,1.0854976466886,0.950668057062392,1.03143649322647,1.04642326351478,1.26865142707063,1.04642326351478
"sko-miR-153_st",0.894070183458659,1.17906294616085,0.923747467602601,0.611541007662533,1.29563213341601,0.728669732329309,1.00097653781542,1.00097653781542,1.00748534436741
"sko-miR-182_st",0.952407164869892,0.880191738397633,0.791737864574159,0.913072924553037,0.891539737267304,0.994501037506847,0.7230238190593,1.44462355964998,0.924420923422708
"sko-miR-183_st",1.24409644266963,1.15695348061009,1.15695348061009,1.15695348061009,1.07618504444601,1.2624541425511,0.667911534224863,1.2145902736085,1.29602543705933
"sko-miR-184-star_st",0.857891945238911,1.10891221847021,0.977375339764336,1.27240067057456,1.4955739323476,1.4955739323476,1.21833951711242,1.01999404380902,1.19163223441048
"sko-miR-184_st",1.48171771183776,2.99894386524821,1.44505526543974,1.29444228951495,0.850381946295021,0.950668057062392,1.51706623587141,1.1520820148594,1.08491200522256
"sko-miR-190_st",0.977375339764336,0.913072924553037,0.674049545522421,0.888603474989929,1.09265106539879,1.09265106539879,0.913072924553037,1.25842325405295,0.913072924553037
"sko-miR-193_st",0.887273829807528,0.836358757953178,0.746257247996369,0.81188930839007,0.836358757953178,0.936306353490106,0.848922316897933,0.779029866460931,0.950668057062392
"sko-miR-193b_st",0.863799844204323,0.923742794545351,0.817202542095979,1.13658969294637,0.766922854874339,1.13068779752935,0.836358757953178,0.836358757953178,0.662847824038212
"sko-miR-200_st",1.10305587103689,0.970227089344554,1.33044751046749,1.14688885148134,1.20300346657381,1.10305587103689,1.10055964421233,0.923818801837034,1.43864782566191
"sko-miR-2001_st",0.890653954743712,1.07200311704127,1.07200311704127,1.14143902012011,1.0125620272737,1.15695348061009,1.07200311704127,1.07200311704127,1.03670929005542
"sko-miR-2008_st",1.15695348061009,1.15695348061009,1.17087201112229,1.15695348061009,0.849562832542792,1.16519849914563,1.39962117958352,1.17087201112229,1.07200311704127
"sko-miR-2011_st",0.950668057062392,0.765742099277937,0.646309652459441,1.40079057920553,0.950668057062392,0.831194515558327,0.979224584233456,0.950668057062392,0.961332132992436
"sko-miR-2012_st",0.981964392506391,1.43366141424169,1.16052912014636,1.26442616437186,1.7904459488478,1.54939465967587,0.954311944252164,1.18454868367514,1.21807661767726
"sko-miR-2013_st",1.08040652034872,1.41427267247089,1.2006717430963,1.2006717430963,1.28131703770146,1.48838527959781,1.2006717430963,1.02903355249484,1.2006717430963
"sko-miR-210_st",0.857891945238911,1.47494957879079,1.56727715203305,1.40332115903987,1.20528075402772,1.40332115903987,1.40332115903987,1.40332115903987,1.38940262852768
"sko-miR-242_st",1.32172303913421,1.19582467238157,1.02817013659681,1.07200311704127,0.892766047841418,1.05701634675296,1.25948983670057,1.256406309265,1.07200311704127
"sko-miR-252a_st",1.32417352863333,1.15695348061009,1.0880754999245,1.11992047210223,1.03561842063121,1.15695348061009,1.23922316506451,1.2145902736085,1.16761755654014
"sko-miR-252b_st",1.16979838709492,1.26442616437186,1.52854073296985,1.44108792650864,1.53250378634626,1.15695348061009,1.2223322917349,1.2145902736085,1.26442616437186
"sko-miR-278_st",1.10748149491705,1.03705594972889,0.977375339764336,0.685220507039437,0.748974721361005,0.705256458874797,0.748974721361005,0.620306095305974,0.748974721361005
"sko-miR-281_st",0.879641477836544,0.842979031438523,0.781448436618731,0.842979031438523,0.842979031438523,0.728669732329309,0.90673324576009,0.65600053215173,1.0893467098683
"sko-miR-29a_st",1.21874512183491,1.44389399773486,1.40851899128826,1.38125417155859,1.1340304762902,1.28131703770146,1.88590491432402,1.38125417155859,1.77369535062436
"sko-miR-29b_st",3.81144983233314,2.84829137159298,2.36650044371068,3.10910081541027,3.00743897900006,4.07605631592818,3.23984026767899,2.3873543704167,4.01500108632062
"sko-miR-31_st",11.1018611117092,10.7030226083299,10.7718039123661,10.6689141542091,10.5058557944082,10.5183314486811,11.1720912316536,10.9116027222141,10.843254501461
"sko-miR-315_st",1.32322070333283,0.742851800600816,1.33820581613464,0.929468964179535,1.15695348061009,1.03494935927168,0.992855486634724,0.600452506775214,0.992855486634724
"sko-miR-33-star_st",1.33067342984712,1.21145623369343,1.55548834313098,1.08703918859339,0.836358757953178,0.836358757953178,1.02140712819969,0.913072924553037,1.03143649322647
"sko-miR-34_st",0.657614823139942,0.896195444505408,0.73641116241625,1.06414904227289,1.08330828772177,1.05950239758668,0.989852154150607,0.709216945218615,0.822632106127371
"sko-miR-365_st",1.22684496996497,0.724032967316714,1.03143649322647,0.938289861962856,0.975884994472211,0.979787276540142,0.766956739652642,0.908385457452911,0.828673320293782
"sko-miR-375_st",1.17848666789583,1.46250365637282,1.11297422278018,0.918227136400842,1.15695348061009,1.26330177030066,1.11754932241744,1.32031249535013,1.15695348061009
"sko-miR-7_st",1.42261602280064,1.75784445709621,1.52854073296985,1.50296087944336,1.26046311099544,1.52854073296985,1.34076433032547,1.54939465967587,2.02091904589275
"sko-miR-71_st",1.28131703770146,1.44389399773486,0.968952717951239,1.28131703770146,1.37594481497839,1.07200311704127,1.40653661163144,1.51853197154562,1.07200311704127
"sko-miR-79_st",1.04892120501025,1.09117577596877,0.774006294925604,0.94242303852685,0.835536889745395,0.950668057062392,0.950668057062392,0.950668057062392,0.609747210141106
"sko-miR-9_st",0.748974721361005,0.950668057062392,1.17661882050185,1.04886866673752,1.19454861311945,0.950668057062392,0.786569853870359,1.31570606164593,0.989333026803047
"sko-miR-92a_st",11.8071952061551,11.618634008426,11.4181328714492,11.3908124074131,11.3862603954678,11.3655962793673,11.7915551953837,11.492117509676,11.4803027219701
"sko-miR-92b_st",13.109095291955,13.1754798987712,13.0841519340947,13.0523613380069,13.1198197827561,13.0487595296091,13.1118762432173,12.983906578785,12.9942371221594
"sko-miR-92c_st",10.4532085666171,10.4208291889372,10.3802721620902,10.3802721620902,10.2120104612827,10.1560028884656,10.5609090799952,10.2177462707752,10.4176748294767
"sko-miR-96_st",1.23922316506451,1.04711598264514,0.680724559517311,0.913072924553037,1.07200311704127,0.783850711643434,0.646309652459441,0.875477792043683,0.913072924553037
"sla-miR-100_st",11.6385001753928,11.7848644438611,11.6594473839767,11.5427159836429,11.6385001753928,11.6385001753928,11.5666433998392,11.638713817556,11.5812585870919
"sla-miR-101_st",2.2750317621248,2.2750317621248,2.24557161841625,2.06977113545996,2.2750317621248,2.45443914946025,2.2750317621248,1.68741352580506,2.7267909119009
"sla-miR-105_st",1.26598882838673,1.07200311704127,0.986622836489883,1.07200311704127,1.10709625259031,1.07200311704127,0.728668763518744,1.07200311704127,1.45495562954756
"sla-miR-106a_st",12.7613187343725,12.6635185685009,12.6239768315656,12.6973169491517,12.6938748557631,12.710753912767,12.7072821906355,12.7080997655521,12.6363752382519
"sla-miR-106b_st",11.6875295222071,11.65032709182,11.713195283075,11.6916936857232,11.7355018425699,11.6415766751375,11.7712574848599,11.6550460136177,11.6389602234031
"sla-miR-10a_st",1.74292779010612,1.54027837416255,1.07200311704127,1.86956445801561,1.54027837416255,1.45800868970814,1.54027837416255,1.97160681223469,1.54027837416255
"sla-miR-125b_st",11.2521779857444,11.2255935214015,11.2485299567569,11.2527921714975,11.0918806855255,11.0558320478571,11.2620168879647,11.1947404489665,11.1837836376844
"sla-miR-127_st",1.15695348061009,1.27828854058897,0.921309121522,1.66160422337553,1.15695348061009,1.36323890415779,0.846781985998732,0.99802328812186,1.07552536765628
"sla-miR-128_st",6.03630255273356,6.35351611848529,5.8512846125467,6.14605932579214,6.15191883571829,5.38027406479898,6.35643581973075,5.82051374704153,6.51907574177982
"sla-miR-133a_st",0.857891945238911,1.2006717430963,1.2006717430963,1.2006717430963,1.32200680307518,1.08636244398709,1.2006717430963,1.46459395964241,1.24430230075785
"sla-miR-147_st",1.04669104607233,0.848880621101826,0.956176343082373,0.953645763248024,0.956176343082373,0.956176343082373,1.01993055740394,0.913072924553037,0.910329410586407
"sla-miR-15a_st",8.66392540002305,8.22031670784548,8.43390032377033,8.55776113607995,8.31977023816779,8.52630151868065,8.85707529910133,8.42680429328868,8.74883071232854
"sla-miR-16_st",12.889882530488,12.9204449066206,12.9616487574489,13.0011715661152,12.8304867837957,12.9217671735766,12.9434810598568,12.828502017806,13.0316033720918
"sla-miR-17-3p_st",6.69463622713986,6.30827411145321,6.6809326110867,6.75375672994196,6.82983725987038,6.86440431879167,6.76487411541706,6.75375672994196,6.91511500048692
"sla-miR-17-5p_st",12.9163099684648,12.9445486217085,12.8989462386512,12.9083734095763,13.1287538824461,13.0867238254305,12.9019757604239,12.9492154179522,12.8867835266843
"sla-miR-18_st",10.2463190594137,10.1448948562205,10.2212318423641,10.2273963594365,10.3678043302745,10.2823714903546,10.4302557926712,10.3799525608913,10.3159161472701
"sla-miR-181a_st",10.6651808650034,10.6651808650034,10.5020240614061,10.6890689878807,10.6651808650034,10.8004279192863,10.6935327212897,10.6651808650034,10.6693229067817
"sla-miR-183_st",7.68301545826016,7.91437597376818,7.51744838778941,7.72364866816198,7.14415554561582,7.25259105650681,7.60026747738749,7.61096678059601,7.79252562494504
"sla-miR-198_st",2.53134700154273,1.29602543705933,1.42937487983208,2.25767083245074,2.439166235033,2.439166235033,2.84584927250859,3.05373084082191,2.29526596496009
"sla-miR-199a_st",0.977375339764336,0.942081512778486,1.47023633530572,1.04681124284317,0.933482098011567,1.23784050261452,1.15641238966071,1.08737786665797,0.942081512778486
"sla-miR-19a_st",6.48559953578748,6.75607257832667,6.77481046542623,6.69801661504687,6.47830537452197,6.37358097842728,7.16404593589573,6.70271640917684,7.19120248370509
"sla-miR-19b_st",11.1807369441753,11.2744607961811,11.0632547619687,11.0855215116174,10.7594590342139,10.7004899638371,11.202011487534,10.9110947661021,11.2975168380833
"sla-miR-20_st",10.1829362961437,9.96933302682715,9.80872485063238,10.0487752650519,10.0455323140473,9.98961118406524,10.36329613317,10.1535130146848,10.5448888519152
"sla-miR-204_st",1.31986845966967,0.81705645702141,1.68225512827153,1.62235775614611,1.23261255189662,1.28131703770146,1.35969060137833,2.12238412725375,0.884002354382417
"sla-miR-214_st",2.14482751013677,1.15256001926664,1.44066646415326,1.52854073296985,1.87031150026868,1.56267058549167,1.07834907777503,1.56014000565732,1.56014000565732
"sla-miR-218_st",0.806166570196274,0.855514973810376,0.913072924553037,0.752911624300401,0.933926851259053,0.728669732329309,0.683475721221563,0.913072924553037,1.00328300220069
"sla-miR-22_st",11.6074342066765,11.5277077707577,11.7443050179035,11.7443050179035,11.8777284569539,11.8840651420038,11.7443050179035,11.705809161899,11.8268987836316
"sla-miR-223_st",1.56547818952334,1.56402487809155,1.7795893613257,2.33777057649218,2.16275148070503,1.92217651789293,1.92217651789293,2.51586072522102,2.01033166085215
"sla-miR-23a_st",13.5416113084065,13.5031000852213,13.4749935060789,13.5031000852213,13.4189815449475,13.3934750027654,13.5527717672281,13.5202049856627,13.7326456264514
"sla-miR-27a_st",10.8348539540631,10.3949526052693,10.3152608726382,10.6865913123423,11.2602786663119,11.3143010083296,11.040702912055,10.8766484670767,11.1193323438201
"sla-miR-28_st",7.77948535709492,7.69498017896168,7.69498017896168,7.85894434419416,7.62158731949215,7.81311834472455,7.72985300354306,7.63215737901246,7.68726698434893
"sla-miR-29a_st",11.5919728803693,11.3725061296553,11.4391053289405,11.456307308265,11.3272062567038,11.506526405301,11.6448413115783,11.4448595998769,11.7974806238627
"sla-miR-29b_st",0.852738927682752,1.04362246461031,1.41587686563335,1.14355544451839,1.12417899097736,1.06685009948511,1.02575012165791,1.06685009948511,0.950668057062392
"sla-miR-32_st",1.52501171445191,1.33974369954553,1.39532441011867,1.26442616437186,1.2006717430963,0.950668057062392,1.10222961525397,1.72873041701531,1.07933668311742
"sla-miR-34a_st",1.61117606137565,1.84907382819117,1.70223925161,2.69047966514467,2.54589271327403,2.08953644513418,2.14692892374094,1.54939465967587,2.31497110133269
"sla-miR-7_st",0.857891945238911,1.10908961166749,0.998365141500299,1.01630011745609,0.923960774360447,0.773418301888592,1.23922316506451,1.2145902736085,0.880985284930042
"sla-miR-92_st",13.2996005283698,13.2943569199436,13.1958494251118,13.2094170279411,13.2817812420232,13.2541170747512,13.2688428340464,13.2145449394367,13.1147598221256
"sla-miR-93_st",12.2094496613203,12.0928483422134,12.1611852667972,12.1793398214767,12.4126779327911,12.4305770110475,12.1772267381881,12.1793398214767,11.9585700036906
"sla-miR-95_st",0.869239944108582,0.962016055932063,0.888260967961226,1.0134805418912,0.836358757953178,0.728669732329309,1.00164384964239,0.788742923020032,0.869239944108582
"sla-miR-96_st",1.07200311704127,1.07200311704127,1.07200311704127,0.913072924553037,0.723956846453411,1.04456203079012,1.10055964421233,1.3641281328075,1.3238560475443
"sly-miR156a_st",0.977375339764336,1.07515475571268,1.01887293428172,1.03143649322647,0.931488897689542,1.03143649322647,1.10055964421233,1.16780090806014,1.03143649322647
"sly-miR156b_st",1.41260726137642,1.28131703770146,1.58525873563858,1.79027357140273,1.28131703770146,1.28131703770146,1.28131703770146,1.28131703770146,0.966789521975336
"sly-miR156c_st",0.928771424324906,1.31903531176973,1.15170171597405,1.03143649322647,1.09816325731943,1.1753799154264,1.03143649322647,0.831894434994922,0.734058943764556
"sly-miR159_st",1.15521262199058,1.13367943470484,0.950668057062392,1.10280640653868,1.01219865188218,1.13367943470484,1.397880320964,1.1311488548705,1.13367943470484
"sly-miR160a_st",1.64968883746966,1.15943178141624,1.14028438712562,1.45883056177989,1.40332115903987,1.74821907937793,1.52029571443431,1.15944060298282,1.39507614050433
"sly-miR162_st",1.05111178182474,1.2006717430963,1.31821433930425,1.38728890667502,1.22811282934745,1.2006717430963,1.13123584001746,0.935657445024863,1.2795782007383
"sly-miR166a_st",1.85041692542755,1.59251388775766,1.54939465967587,1.59251388775766,1.59251388775766,2.12494935823622,1.67716062299265,1.2145902736085,2.11039230839766
"sly-miR166b_st",2.11132652618148,1.36883762305805,2.06977113545996,1.61744035128621,2.104864271009,2.27356963536097,2.79470903709358,2.41845991208934,1.71177694452748
"sly-miR167_st",0.89050024848494,0.89050024848494,0.730715966395781,1.31288130679596,0.877936689540185,0.990447844021868,0.89050024848494,1.11923657964547,1.2006717430963
"sly-miR169a_st",0.93928290303978,1.01339144477028,1.07200311704127,1.14870846207455,1.12933200853352,1.24364130764273,1.04194797194134,1.1666308943182,1.04529583433933
"sly-miR169b_st",0.951509628562996,0.851515080580135,0.869239944108582,0.837640671421111,0.828667105413596,0.618868566208295,0.869239944108582,1.10488430319667,1.31882309633736
"sly-miR169c_st",0.748974721361005,0.923742794545351,0.836358757953178,0.799325749445315,0.830198777611477,0.836358757953178,0.748974721361005,0.942283468122385,0.759638797291049
"sly-miR169d_st",0.913199770592299,0.806355285867593,1.71948048142626,1.26442616437186,1.40508188848107,1.20785536619288,1.10055964421233,1.10055964421233,1.00520595024931
"sly-miR171a_st",1.06956944401792,1.15695348061009,1.15695348061009,1.47071158791956,1.31588367309833,1.40083403666715,0.890190208516496,1.15442290077574,1.41769543705059
"sly-miR171b_st",1.12255766703971,0.836358757953178,1.05060519091952,0.950668057062392,1.39139715329897,0.938744051321484,0.791491979734817,1.01775621067018,0.886119757011751
"sly-miR171c_st",0.746620466653528,0.950668057062392,1.04568200202471,0.885631983684484,0.926198607499284,0.926198607499284,0.83157083022235,1.00291277409914,0.869239944108582
"sly-miR171d_st",1.16105181495388,1.19667030246647,1.33887498844412,1.27878645786711,1.44024723018969,1.28131703770146,1.35969060137833,1.15103630410279,1.28131703770146
"sly-miR172a_st",1.0464984907502,1.29602543705933,0.6993242502794,1.26442616437186,1.10055964421233,0.954169280720202,1.08989556828229,1.06296451170298,1.49900839092194
"sly-miR172b_st",0.839888339294184,1.38368366006026,0.839888339294184,0.999064416621758,1.08250434860606,1.17171589088393,1.06281863094333,1.10665161138778,0.759638797291049
"sly-miR1916_st",0.926344596833694,0.765072049994333,1.44166743484573,1.07786654393228,0.834146617365098,0.728669732329309,0.777635608939088,1.50626746424131,0.691508711616296
"sly-miR1917_st",1.15427280149568,1.44389399773486,1.03143649322647,0.820472500075322,1.31837079547105,1.07200311704127,0.884226714396889,1.08698988732958,0.884226714396889
"sly-miR1918_st",1.14563679042887,0.578674389342171,1.17835140673184,0.913072924553037,0.880191738397633,1.05701634675296,0.79280770180546,0.956905904997492,0.913072924553037
"sly-miR1919a_st",1.1491216551077,1.18377058817598,1.19802784622578,1.06946128906677,0.646309652459441,1.06946128906677,0.982077252474593,0.782535194243045,1.03821979867147
"sly-miR1919b_st",0.890773131394316,0.869239944108582,0.890773131394316,0.656466176092481,0.869239944108582,0.869239944108582,0.869239944108582,1.19226833978885,0.795676605730545
"sly-miR1919c_st",1.68268715093672,1.44389399773486,1.29045987047287,1.44389399773486,1.28131703770146,1.44389399773486,1.44389399773486,1.71197161970927,1.40006101729041
"sly-miR319_st",0.689661803262826,1.12277432466225,1.03143649322647,0.858185380829388,0.869239944108582,0.869239944108582,1.17191419873395,1.07200311704127,0.869239944108582
"sly-miR395a_st",0.977375339764336,1.2006717430963,1.07015145158782,0.793369825806951,0.950668057062392,0.700296679162105,0.977375339764336,0.748314182696618,0.950668057062392
"sly-miR395b_st",1.06260809888667,1.05523679956136,1.03590081618473,1.12759293150631,0.836358757953178,1.00919353348278,0.623823722591847,1.06595596128465,1.05060921554259
"sly-miR397_st",0.706422089604526,0.950668057062392,1.08816799976479,1.02957526050182,1.23659448759872,1.2470654522467,1.04891042752601,1.13735243133786,1.36137475135591
"sly-miR399_st",1.19865654124971,1.03143649322647,0.742823004604075,1.03143649322647,1.21101463407223,1.21101463407223,0.977375339764336,1.13620163537267,0.936082799263443
"sma-bantam_st",1.40332115903987,1.15294978113959,1.28131703770146,1.52854073296985,1.21634265975308,1.40332115903987,1.40332115903987,1.57998292117666,1.24353687695072
"sma-let-7_st",1.44389399773486,1.44389399773486,1.03730704829174,1.49907497704899,1.30749851040624,1.14710821441275,1.62499855457914,1.33164577318796,1.55708042938647
"sma-miR-125a_st",2.29273379306478,1.51731355429791,0.922640235153189,1.66160422337553,1.40403005915616,1.84863159629651,1.84863159629651,1.96829794935852,2.13304468230685
"sma-miR-125b_st",1.10866556343929,1.10866556343929,0.893916708695839,0.639548416979921,1.80016827787625,1.15695348061009,1.43481580395076,1.08732762183976,0.827400498527471
"sma-miR-71_st",1.15052389469549,0.747163371432418,1.2145902736085,1.07329482448267,1.07329482448267,1.07329482448267,0.885518421838288,0.954931255809236,0.992649529877508
"sme-bantam-a_st",1.72159688069316,1.72873041701531,1.37703040420583,1.28670701440691,1.23927975954709,1.23095690356984,1.06685890959447,1.46660126265793,1.07200311704127
"sme-bantam-b-star_st",0.9439459527192,0.9439459527192,0.749960241373738,0.913072924553037,1.21046333997346,0.9439459527192,0.970653235421145,0.871615237876111,1.16724235605116
"sme-bantam-b_st",1.09331253467429,0.713496343485229,0.959754892494372,1.13575753831683,1.1487230777034,1.18518954869287,0.963867721385516,1.38765125957052,1.07200311704127
"sme-bantam-c-star_st",0.94539056874266,1.57548166280147,1.40217140788582,1.26442616437186,1.24178742952338,0.993678485913461,1.12378464106617,1.31938332704747,1.13444871699621
"sme-bantam-c_st",0.977375339764336,0.73641116241625,0.977375339764336,1.0848480235261,0.977375339764336,0.977375339764336,0.920981503366579,1.03000778188847,0.71764346213825
"sme-let-7a-star_st",1.08025373631128,1.05872054902555,1.00575141949124,1.3673045609188,1.12388429397283,1.50619955558682,1.08025373631128,0.549432663129457,1.39890383360627
"sme-let-7a_st",1.33385094234144,1.07200311704127,0.954460520833316,0.954460520833316,1.07200311704127,1.07200311704127,1.07200311704127,1.03534067064325,1.19723221287004
"sme-let-7b-star_st",0.80778784281616,0.926042216103403,0.836358757953178,0.819630738477011,0.646309652459441,0.836358757953178,0.869239944108582,1.32227929923237,0.688490197277644
"sme-let-7b_st",0.944052456634297,1.03143649322647,0.987603512782015,1.02022880495206,1.14574579233568,1.03143649322647,1.06431767938187,1.03143649322647,1.03143649322647
"sme-let-7c-star_st",0.803035874823138,0.917127194117256,0.950668057062392,1.03143649322647,1.31367970297379,0.781065115326183,1.57578050294591,1.07200311704127,1.03143649322647
"sme-let-7c_st",1.51763045814909,1.0674276426108,0.893916708695839,0.739770290728967,0.950668057062392,0.950668057062392,0.748974721361005,0.780501547787083,0.893916708695839
"sme-let-7d_st",1.08010903626823,0.869771963057788,1.12839695343903,0.946486129657648,0.825635438611488,1.07200311704127,1.07200311704127,1.2145902736085,1.26746890988826
"sme-lin-4-3p_st",0.972723172786847,0.936060726388825,0.972723172786847,1.40079057920553,1.02101108995765,0.972723172786847,0.972723172786847,0.9153942812946,1.2770815773898
"sme-lin-4-5p_st",1.51858915696135,1.43649643428816,1.22514205897371,1.5437921562687,1.68268715093672,1.5437921562687,1.44998365550096,2.14585015551463,1.65108787824925
"sme-miR-10a-3p_st",0.972201244348125,0.950668057062392,0.972201244348125,0.637946693509362,1.02048916151893,0.972201244348125,0.964095325121169,0.800563053746665,1.15956111796816
"sme-miR-10a-5p_st",1.20869503986809,0.988461030589668,1.36669254624499,1.52854073296985,1.34198753112894,1.10277032969888,1.10055964421233,1.20869503986809,1.39853916193908
"sme-miR-10b-star_st",0.922258446732784,1.53210354208402,1.2006717430963,1.48014026106227,1.12396639806302,1.2006717430963,1.10055964421233,1.2006717430963,1.12395178243417
"sme-miR-10b_st",1.84863159629651,1.20793554863314,1.41192260281279,1.52029571443431,1.67461423360584,1.52854073296985,1.7619135155298,1.52854073296985,1.44711262001604
"sme-miR-1175-star_st",0.977375339764336,0.800713577627549,1.46975365268724,0.913072924553037,0.934756635719655,0.865757644984238,1.06758541741199,0.977375339764336,0.861193297341618
"sme-miR-1175_st",1.10866556343929,0.961196917593179,1.49262871153855,0.90923363657143,1.05279924043944,1.20144167526277,0.999748339561385,0.72148119844084,0.782011797088097
"sme-miR-12-star_st",0.939023826854742,0.808917671702032,1.12124615604578,0.808917671702032,0.836358757953178,1.05701634675296,1.02384547761248,0.746148680305527,0.939658537758007
"sme-miR-12_st",1.10289232714796,1.12407229445469,1.3958052677614,1.26442616437186,1.15695348061009,0.94267071692843,1.22607663159596,1.54939465967587,1.15695348061009
"sme-miR-124a-star_st",0.925165851755656,1.24381594905065,0.903632664469922,0.97922700521779,1.07200311704127,0.97922700521779,1.23922316506451,0.830080292916995,0.687880111574381
"sme-miR-124a_st",1.49750602018349,1.74601485997481,1.18826596420968,1.66160422337553,1.57270460505917,1.66160422337553,1.84909094303482,1.70543720381998,1.66160422337553
"sme-miR-124b-star_st",1.07200311704127,1.03453266576335,1.68268715093672,1.04456203079012,1.14182838774389,1.07200311704127,0.869239944108582,0.987052753472448,1.18533226187288
"sme-miR-124b_st",1.22897711393482,1.54078844122361,0.950668057062392,1.0502487339513,1.01739482115535,0.836358757953178,1.15958215807588,0.874075559959507,0.977375339764336
"sme-miR-124c-1-star_st",0.913072924553037,1.37273960365919,0.913072924553037,0.956905904997492,0.780244142860705,0.913072924553037,0.939780207254982,0.913072924553037,0.869239944108582
"sme-miR-124c-2-star_st",1.10866556343929,0.523637394400148,1.49581204233104,0.961039623355265,0.63521432315184,1.13544996014557,1.09181940248403,1.05727881925162,0.870858682239933
"sme-miR-124c_st",0.748974721361005,0.950668057062392,1.00472921052453,1.0071790654884,0.950668057062392,0.935681286774085,1.19163223441048,1.08338827106388,0.829332997083513
"sme-miR-124d-star_st",1.14777048258409,0.953630726801258,0.989772976207191,1.14870846207455,0.871930964803165,0.767774651474108,1.11289514215125,1.11110803618607,1.0047597464955
"sme-miR-124d_st",1.62610981237119,1.98202952203661,1.03143649322647,1.70281515740447,1.62610981237119,1.62610981237119,2.05701669848001,1.46193624567761,1.62610981237119
"sme-miR-124e-star_st",0.913072924553037,0.913072924553037,1.02120832020879,0.913072924553037,1.18416580365833,0.644995302578631,0.951624346521243,0.943128069652964,0.913072924553037
"sme-miR-124e_st",0.950668057062392,0.994386319548599,0.950668057062392,1.10642865799496,1.19703573549217,1.03131335166755,0.662954520560881,0.950668057062392,0.944232108877068
"sme-miR-125a-star_st",0.822971414596228,0.913072924553037,0.774000968103803,0.913072924553037,1.15695348061009,1.15695348061009,0.751505510412018,0.779029866460931,0.913072924553037
"sme-miR-125a_st",1.23517468956256,0.786423840376434,0.869239944108582,1.34114612503399,1.59435041881122,1.59435041881122,1.02738801772452,0.774981390958982,0.950668057062392
"sme-miR-125b-star_st",0.836358757953178,0.836358757953178,1.04677735806487,0.808917671702032,1.25461974451804,0.755590321789099,0.828252838726221,0.836358757953178,0.720117443070467
"sme-miR-125b_st",3.32942363810077,3.79023776402645,3.41785981979431,3.75570849540009,4.0437110126847,4.97946924062733,2.79818192627396,3.13480085474344,3.73986589666662
"sme-miR-13-star_st",1.10866556343929,1.1523838259255,1.4680525559489,1.31944847547856,0.939685708876402,1.03807452681629,1.33159585508843,1.01178857410931,1.11932963936934
"sme-miR-13_st",0.951754876919989,1.03143649322647,1.31837701035124,1.03143649322647,1.03143649322647,1.03143649322647,1.05723176195578,0.951754876919989,1.05969065406062
"sme-miR-133a-star_st",0.863066040655122,0.836358757953178,1.28131703770146,0.799325749445315,0.836358757953178,0.622075994271515,0.869239944108582,0.866413903053104,0.759638797291049
"sme-miR-133a_st",1.29602543705933,1.48607454255306,1.09698280688903,1.17335317900003,1.29602543705933,1.14995193642333,1.69675506603123,1.29349485722498,1.54939465967587
"sme-miR-133b-3p_st",1.5310369597944,0.899154394040839,1.4510338500781,1.36262391396527,1.40178447401528,1.5484214868097,1.35969060137833,0.913072924553037,1.29602543705933
"sme-miR-133b-5p_st",0.984097444107528,0.720408604237077,0.68160267193965,0.805485729787015,0.843080862296369,0.843080862296369,0.945745931197933,1.00324216254901,0.800839176415165
"sme-miR-184-star_st",0.965479140004934,0.63122458916617,1.03143649322647,0.913072924553037,0.965479140004934,0.961600095336095,1.10055964421233,1.20931623860037,0.867225992057071
"sme-miR-184_st",1.09663600849728,1.19333817702015,0.977375339764336,1.07200311704127,1.07200311704127,0.957693817932056,1.13476944220055,1.07200311704127,1.2445991388558
"sme-miR-190a-3p_st",1.5310369597944,1.4216413396106,1.10509114051886,2.59692985284325,1.28131703770146,1.31161445601163,1.22827544496686,1.88315350047178,2.14319707205658
"sme-miR-190a-5p_st",1.03143649322647,1.11286460618028,1.03143649322647,1.03143649322647,1.00424227602884,0.890866281447196,0.928771424324906,1.06976118765094,1.03143649322647
"sme-miR-190b-star_st",0.905766140946165,0.86721471897796,1.15576453399601,1.06733355508718,0.933868040120772,1.04817733922999,1.23922316506451,1.19779025666688,1.04817733922999
"sme-miR-190b_st",0.977375339764336,1.04436314822799,1.10866556343929,1.20655969734588,0.915473107692046,1.10075698462575,0.944029634863111,1.18695030479522,0.794138047713168
"sme-miR-1992-3p_st",1.23922316506451,1.24882056095852,0.897923396698154,1.14870846207455,1.45887995668591,1.15695348061009,1.14870846207455,1.01466540398244,1.30763865456278
"sme-miR-1992-5p_st",0.857891945238911,1.07200311704127,1.07453369687562,1.11612036456836,1.07200311704127,1.68268715093672,1.23922316506451,1.07200311704127,0.697961940305969
"sme-miR-1993-star_st",1.0059318669354,1.3881584627556,0.77062284905647,1.40079057920553,1.10055964421233,1.10055964421233,1.00560435894225,0.780752363233209,0.979224584233456
"sme-miR-1993_st",1.14981994428795,0.950668057062392,1.15695348061009,1.19699637924535,1.15695348061009,1.28131703770146,1.07459340074022,1.15695348061009,1.48196487454936
"sme-miR-1a-star_st",1.28760345674257,1.36903156969638,1.26297056528656,1.14870846207455,1.45706146391893,1.28760345674257,1.28760345674257,1.34513469861933,1.28760345674257
"sme-miR-1a_st",1.42187350676672,1.60075467635897,1.40079057920553,1.40079057920553,1.25814400384537,1.40079057920553,1.23922316506451,1.40079057920553,1.89347714996364
"sme-miR-1b-star_st",0.957720060523194,1.24264887672402,0.969068059392865,0.978059932891165,1.03875083152521,1.54939465967587,1.03875083152521,1.35551993809718,1.05528900310399
"sme-miR-1b_st",1.08551073542009,1.18809428402566,1.20776145040922,0.800093075136249,0.835507049386182,1.46343434956925,0.977375339764336,1.08551073542009,1.08551073542009
"sme-miR-1c-star_st",0.836358757953178,0.836358757953178,0.950668057062392,1.10312203004677,0.836358757953178,0.728669732329309,0.848922316897933,0.756286613023148,0.662847824038212
"sme-miR-1c_st",0.913072924553037,1.17958953750728,0.947487831610908,1.02065934501904,0.513046572610952,0.620617540230455,0.713530866321489,0.913072924553037,0.936300559427837
"sme-miR-2147a_st",0.739528376565479,0.657680452492254,1.26176170118242,0.910293950359342,0.698816029906895,0.950668057062392,0.982196075538902,0.913072924553037,1.00328300220069
"sme-miR-2147b_st",1.03302813693226,0.8349877319201,0.950668057062392,1.07307103556752,0.950668057062392,1.03302813693226,1.03302813693226,0.996365690534238,0.923426990114726
"sme-miR-2147c_st",0.797373616159692,1.15799714434931,1.40043706509634,0.667267461006983,0.92235278526122,0.99906695186108,1.10055964421233,0.865023893768973,0.99906695186108
"sme-miR-2147d-3p_st",0.774537482080853,0.950668057062392,1.77776418759633,1.0638550499862,0.997473567792264,0.856897561950721,0.895004918394674,0.96458658757459,0.920753607130135
"sme-miR-2147d-5p_st",0.806817945855297,0.950668057062392,0.428132577881269,1.12153800318328,0.549432663129457,0.714877975130516,0.748974721361005,0.534057288050476,0.73641116241625
"sme-miR-2148-star_st",0.857891945238911,0.977375339764336,0.899779442240244,1.70514898380848,0.950668057062392,0.977375339764336,0.977375339764336,0.977375339764336,1.07200311704127
"sme-miR-2148_st",0.767510250412222,0.822521859245645,1.0831932696096,0.94242303852685,0.960780738408314,0.950668057062392,0.635543359958852,1.16697119495151,0.837693308462161
"sme-miR-2149-3p_st",1.07200311704127,0.957693817932056,1.68268715093672,0.913072924553037,1.28131703770146,0.833747643121047,1.10055964421233,1.07200311704127,1.07200311704127
"sme-miR-2149-5p_st",1.01324842935783,1.03912175185792,0.629504808059486,1.38711701334657,0.859102011390961,0.821631560113036,0.762225022060977,0.779029866460931,1.15529598355933
"sme-miR-2150_st",0.981797542500234,0.705374926361118,0.787811831154773,0.833658763650739,0.740833365152148,0.912228876254809,0.577605696993181,0.625302781431088,0.869239944108582
"sme-miR-2151-star_st",0.925750952534593,1.4398910959414,0.925750952534593,0.908860079204988,1.05799087338168,0.868193001791932,0.869239944108582,1.07200311704127,1.11448183796597
"sme-miR-2151_st",0.775682004062949,0.977375339764336,0.895947226810527,1.2568438577303,1.07200311704127,0.836805127985063,0.977375339764336,0.887165262116685,0.977375339764336
"sme-miR-2152_st",0.907904913849237,1.04113588293738,0.964415922275248,0.964415922275248,0.974656266883095,1.05701634675296,0.754209788113656,1.07200311704127,0.799530287226631
"sme-miR-2153_st",1.10866556343929,1.13001978792088,1.18132808037641,1.37235734014776,0.793168996145034,1.10055964421233,1.08989556828229,1.2145902736085,1.10055964421233
"sme-miR-2154-star_st",0.950668057062392,0.950668057062392,0.618868566208295,0.950668057062392,0.950668057062392,0.774509710318154,1.10055964421233,1.11082935731503,0.950668057062392
"sme-miR-2154_st",0.950668057062392,1.18631241615048,1.03561842063121,0.950668057062392,0.950668057062392,0.950668057062392,0.983549243217796,0.893339165570145,0.736137160876689
"sme-miR-2155_st",1.23922316506451,1.07200311704127,1.34395686387773,0.967131739125442,0.992555773614776,1.05701634675296,1.09120045103004,1.44945752581874,0.76174585012466
"sme-miR-2156a-star_st",1.83364482600821,1.05701634675296,0.942707047643749,1.05701634675296,1.07200311704127,1.05701634675296,0.975588233799154,1.17835140673184,1.05701634675296
"sme-miR-2156a_st",1.10866556343929,1.10866556343929,1.35188781807785,1.10866556343929,1.10866556343929,0.978559408286582,1.10866556343929,1.12258409395149,1.0795855222938
"sme-miR-2156b-star_st",0.842818006943756,0.930388937066216,0.840287427109407,1.21187467946917,0.840287427109407,0.728669732329309,0.840287427109407,0.755337063540585,0.654916284103868
"sme-miR-2156b_st",1.03143649322647,1.03143649322647,1.28604919019179,1.03143649322647,0.949166808772057,1.05701634675296,1.27240067057456,1.09731830476042,0.759638797291049
"sme-miR-2157-star_st",0.857891945238911,0.836358757953178,1.18170908745309,0.690408525567408,0.836358757953178,0.718816161745223,0.836358757953178,0.746148680305527,0.662847824038212
"sme-miR-2157_st",1.22203443896734,1.22203443896734,1.67186899631653,1.03143649322647,1.22203443896734,1.15695348061009,1.22203443896734,1.13708407539852,1.70132914002508
"sme-miR-2158-3p_st",0.878977461997859,0.836358757953178,1.49444527041467,0.878977461997859,1.44593986308456,0.828617327866237,1.14317834825702,0.878977461997859,0.802272116964578
"sme-miR-2158-5p_st",0.850576022356991,0.937960058949164,1.08054721551639,0.937960058949164,0.937960058949164,0.954850932278768,0.966516586120229,0.779029866460931,0.969559331636635
"sme-miR-2159-3p_st",0.869239944108582,0.915283210187167,0.682446405659783,0.845221586693538,1.1816042638588,1.27721870335767,0.869239944108582,1.62571902820486,0.78311304678579
"sme-miR-2159-5p_st",0.60999526238686,0.914353666989811,0.747075238346294,0.523637394400148,0.916040374259659,0.928450946837031,0.747778136432862,0.549432663129457,0.961332132992436
"sme-miR-216-3p_st",0.939430313569461,0.998555307071066,1.03143649322647,1.03143649322647,1.0616504606049,0.919818798446371,1.03143649322647,1.07526947367093,1.03143649322647
"sme-miR-216-5p_st",1.35952830138045,0.764343608708264,0.781127776907444,0.913072924553037,1.2284904323992,0.995384671553586,0.897172390400597,0.897172390400597,0.694522974457023
"sme-miR-2160-1-star_st",0.97922700521779,0.9720981793204,1.32559502080769,0.740203626187174,1.07200311704127,1.03440798453192,1.1640329000458,0.996812852022561,1.03440798453192
"sme-miR-2160-2-star_st",0.748974721361005,1.20210927219398,0.748974721361005,0.748974721361005,0.73641116241625,0.921626195623173,0.748974721361005,0.722518858034921,0.869239944108582
"sme-miR-2160_st",0.646309652459441,0.999322033810004,0.900622636611078,0.819854200447,0.739085764282921,0.926202490137571,0.785439293389129,0.648216009845539,1.08444314427986
"sme-miR-2161-star_st",1.11788810508563,0.950668057062392,0.633498041268932,0.895297151876877,0.958913075597933,0.950668057062392,1.15331747300597,0.709096846279851,1.25342957188993
"sme-miR-2161_st",1.21095076199907,0.797461289291795,1.05701634675296,1.13372169178624,1.05701634675296,1.05701634675296,1.38808203405786,1.02035390035494,1.05701634675296
"sme-miR-2162-3p_st",1.16840459953568,0.836358757953178,1.06026920387993,0.700296679162105,1.28131703770146,1.05701634675296,0.748974721361005,1.01942121424361,0.950668057062392
"sme-miR-2162-5p_st",0.812348524767059,0.841418446941924,1.28131703770146,0.86885953319307,0.86885953319307,0.788091097028991,0.691042270178609,0.507329581499722,0.79917676106072
"sme-miR-2163-3p_st",0.779029866460931,0.523637394400148,0.661487270252977,0.955691628597719,0.779029866460931,0.77128843637399,0.898513260986356,0.779029866460931,0.576626880327091
"sme-miR-2163-5p_st",0.80423701869175,0.965804432832769,0.89612166070042,1.03143649322647,0.965804432832769,0.950668057062392,0.896368529753931,0.979722963344968,0.965804432832769
"sme-miR-2164-3p_st",0.872260415898896,1.22760804804295,1.04642326351478,1.03143649322647,1.03143649322647,1.03143649322647,1.03143649322647,0.908745644251759,1.03143649322647
"sme-miR-2164-5p_st",1.09700980410127,1.07547661681553,1.10835780297094,0.692063303944884,0.990575004087461,1.07547661681553,1.49522574685289,1.38301618315323,0.869239944108582
"sme-miR-2165-3p_st",1.23922316506451,1.1726053331516,1.14870846207455,1.14870846207455,1.14870846207455,1.14870846207455,1.17334135353056,0.946354587708777,1.07198850141242
"sme-miR-2165-5p_st",0.794221559382308,0.908764235167178,0.925088203535899,1.03143649322647,1.08667694370489,1.03143649322647,1.11370617768088,1.03143649322647,1.17509188956981
"sme-miR-2166_st",0.96285843030422,0.873308232125502,1.36409382423715,1.24413861185793,1.20833950010455,1.0795936556732,0.977375339764336,1.0597354196342,1.21866561212244
"sme-miR-2167_st",1.10866556343929,0.771089916216636,0.893916708695839,1.02721123052769,0.977375339764336,0.977375339764336,0.977375339764336,0.818445147276104,1.10604396581937
"sme-miR-2168-3p_st",0.977375339764336,0.857594910417545,1.35698129893374,0.950668057062392,1.02566325693514,0.773418301888592,0.894157048636381,0.779029866460931,0.759638797291049
"sme-miR-2168-5p_st",0.977375339764336,1.07200311704127,0.982370582519313,0.800395586676615,0.842173323975831,0.957693817932056,1.04978866338286,0.762101179045802,0.957693817932056
"sme-miR-2169-3p_st",1.07200311704127,0.941896961888561,1.01903398750697,1.13144259164908,1.07200311704127,1.21807661767726,1.16421876275264,0.79040187320443,1.29602543705933
"sme-miR-2169-5p_st",0.92476039462604,0.917786870906987,1.19703573549217,0.827995799003099,1.20403727967893,0.950668057062392,1.04045912896628,0.860457979414741,0.875692883441006
"sme-miR-2170_st",1.07671634419995,1.02640786344691,0.949687902784786,0.918718837823046,0.836358757953178,0.804409538713832,1.06861042497299,0.892262974496962,0.863138127249911
"sme-miR-2171_st",0.933187958671585,0.811707175848923,0.811707175848923,0.975459884833569,0.911654771385851,0.609987971112016,1.05267135319701,0.907571025427182,0.576626880327091
"sme-miR-2172-3p_st",0.869239944108582,0.926042216103403,0.98950516685616,0.925487269973441,0.468004550175647,0.741084077749712,0.869239944108582,1.08485831020227,0.782849364224638
"sme-miR-2172-5p_st",1.07200311704127,1.07200311704127,1.07200311704127,1.07200311704127,1.07200311704127,0.850004792308187,1.18421268074093,0.922856404740475,1.07200311704127
"sme-miR-2173-star_st",1.17939172608325,1.44389399773486,0.96175372109412,0.859546883249149,1.22148559872021,0.910101433247592,1.03143649322647,0.829082618860696,0.813699950753183
"sme-miR-2173_st",0.853791067732408,0.950668057062392,1.0407695670192,1.27853704693594,1.10959824955062,0.988263189571746,0.906835076617937,0.913072924553037,0.950668057062392
"sme-miR-2174_st",1.12695022432814,0.637153227097143,0.968952717951239,0.828182486868486,1.28131703770146,0.911394767208578,0.860817322295485,1.38052824729689,0.968952717951239
"sme-miR-2175_st",1.10866556343929,1.10866556343929,1.08195828073735,1.26526245663251,1.22830242349447,1.03265739229209,1.10866556343929,0.913072924553037,0.9251556545553
"sme-miR-2176_st",1.10997406236989,1.69597611486584,0.948507996668177,1.40079057920553,1.19492442593871,1.14508853517535,1.10997406236989,1.06013817160653,0.9175510150393
"sme-miR-2177-3p_st",1.05964502421875,1.10021164803355,0.977375339764336,1.11908449882656,1.59372623915004,0.732000514303325,1.00558387075662,1.49839381999939,0.85724203808491
"sme-miR-2177-5p_st",1.32680545690699,1.41418949349916,1.24185509333816,1.66160422337553,1.238211446159,1.32680545690699,1.24716444991836,1.49090366009902,1.01769640318591
"sme-miR-2178_st",0.94732019466441,0.977375339764336,0.495302426750702,0.977375339764336,0.73641116241625,0.977375339764336,1.12726692691428,1.15671109710378,1.0411295540859
"sme-miR-2179-star_st",1.40332115903987,0.699637002372374,1.05814377592841,1.03143649322647,0.890419911415311,0.588753111141476,1.05814377592841,1.03143649322647,0.810751435874559
"sme-miR-2179_st",1.24041211167859,1.57329153075292,1.15695348061009,0.909592309213036,1.15695348061009,1.04533578582999,1.08734259826469,1.22973897805372,1.2006717430963
"sme-miR-2180_st",2.21457789671435,1.72873041701531,1.74687721524319,1.79780498438607,1.75195805189011,1.75579264077267,1.90568422792262,1.65508106256012,1.75195805189011
"sme-miR-2181_st",0.616233987378364,0.800109429396722,0.710007919439913,1.23772191677417,1.15695348061009,0.927709815675644,0.932938211089055,0.94269658596395,1.02413174941478
"sme-miR-219-star_st",1.10866556343929,0.966078406872063,0.995250402530536,1.03143649322647,1.09212739186052,1.29739644887067,1.55567951320632,1.10866556343929,1.10866556343929
"sme-miR-219_st",1.03143649322647,1.03143649322647,0.99086986941167,1.03143649322647,1.03143649322647,1.15695348061009,0.829743157525083,0.974107601734224,0.954716532564341
"sme-miR-2200-star_st",1.22480602927545,1.28131703770146,1.28131703770146,1.29560542453645,1.54783442495572,1.39071265788526,1.40178447401528,1.1096788471,1.07200311704127
"sme-miR-2200_st",0.646309652459441,1.31072946125052,0.893916708695839,1.00994991388302,0.873953890462532,0.65646369871765,0.646309652459441,0.950668057062392,1.04754504639238
"sme-miR-2201-star_st",1.19865654124971,1.03143649322647,1.03143649322647,1.03143649322647,1.03143649322647,0.954620495768764,1.27240067057456,0.851416752759512,0.957873154848433
"sme-miR-2201_st",1.07200311704127,1.07200311704127,1.07200311704127,1.0404038443538,1.07200311704127,1.07200311704127,1.07200311704127,1.03534067064325,1.07200311704127
"sme-miR-2202-star_st",0.977375339764337,1.06938151942135,0.73641116241625,0.900146269551515,0.73641116241625,1.15695348061009,1.05621844339538,1.08330004993354,1.08287600170534
"sme-miR-2202_st",1.21826671025683,1.01566002700144,0.869239944108582,0.831644811599228,0.846012309233783,1.11560762253836,0.858575868178538,0.958331135509189,0.869239944108582
"sme-miR-2203-star_st",0.825694682023133,0.965027384008208,0.813131123078378,0.913072924553037,0.836358757953178,0.836358757953178,0.825694682023133,0.779029866460931,0.759638797291049
"sme-miR-2203_st",1.66260644589128,1.61020023043939,1.67395444476095,1.61020023043939,1.45102415311181,1.71813582359683,1.52854073296985,1.35414716378183,1.22852097312834
"sme-miR-2204-3p_st",1.64953635797491,1.87283276130688,1.47688488371274,1.64953635797491,1.82048753878116,1.29102958441887,1.64953635797491,2.06111188732056,1.60971366540508
"sme-miR-2204-5p_st",1.07200311704127,1.07200311704127,1.07200311704127,1.35905394164879,0.950668057062392,1.04529583433933,1.2310219753233,1.1020582621412,1.07200311704127
"sme-miR-2205-star_st",1.23922316506451,1.13192744308396,1.26389992965176,1.17492074985321,1.82048753878116,1.43268346490281,1.23922316506451,1.33385094234144,0.950668057062392
"sme-miR-2205_st",1.0059318669354,1.10055964421233,0.950668057062392,1.52673628225108,1.39259783969818,1.15695348061009,1.10055964421233,0.911828758780959,0.760460390296841
"sme-miR-2206-3p_st",1.00408262246628,0.977375339764336,1.13537284614124,0.8529582946643,1.21610168397359,1.32878960257875,0.977375339764336,0.921772644397415,1.07200311704127
"sme-miR-2206-5p_st",1.40079057920553,1.33026373552574,1.31852089475111,1.40079057920553,1.15695348061009,1.23909051464989,1.40079057920553,1.56235799334654,1.7868333192043
"sme-miR-277a-star_st",0.994356264330078,1.14071716255613,1.15695348061009,0.805485729787015,0.836358757953178,0.918718837823046,0.658541494938716,0.957693817932056,0.816967688783295
"sme-miR-277a_st",1.09871039974321,1.07200311704127,0.990575004087461,1.15277155320535,1.19333817702015,0.95960593912572,1.14112626802713,1.07200311704127,0.800205421105849
"sme-miR-277b-3p_st",1.11718371958572,1.11465313975137,1.30338402518274,1.24141953897669,1.26325722022171,1.05701634675296,0.891356736419405,1.11465313975137,1.11465313975137
"sme-miR-277b-5p_st",0.98304237860534,1.42267006782938,1.04684046605816,1.27235994651069,0.958409487149333,0.950668057062392,0.532716022567503,0.913072924553037,0.81577158140053
"sme-miR-277c-star_st",0.748974721361005,0.762498268698611,1.4470823637158,1.65172503741785,1.40450134214946,1.10055964421233,1.10055964421233,1.36448186075844,0.883985714923393
"sme-miR-277c_st",1.18830657042792,1.03030906405102,1.03030906405102,0.913072924553037,1.05701634675296,1.23659448759872,1.05701634675296,0.876996606286006,1.08989753290837
"sme-miR-277d-3p_st",0.672943545985484,0.856283708162549,0.576626880327091,1.17004181547201,0.646309652459441,0.848542278075608,0.896434161306216,0.977618768141427,0.801453146283755
"sme-miR-277d-5p_st",0.925490906837637,0.983211553127454,1.25853300098762,0.618868566208295,0.779948057706353,1.18824389105661,1.14615001841966,0.978929970396424,1.22984931144059
"sme-miR-278-star_st",1.46269854899777,0.741559415183006,1.24185509333816,0.926162626710215,0.595403551442039,0.88232964626576,0.871665570335716,0.779029866460931,0.88232964626576
"sme-miR-278_st",0.977375339764336,1.1914865115667,0.765793046984866,1.10259491369431,0.668916057654882,0.955842152478603,0.920981503366579,1.17749417587356,0.950668057062392
"sme-miR-281-3p_st",0.950668057062392,0.638318352941018,1.38383323402534,0.950668057062392,1.07200311704127,0.950668057062392,1.23922316506451,0.65633901748622,0.732463283223941
"sme-miR-281-5p_st",1.54939465967587,1.47268049307601,1.54939465967587,1.37843368760694,1.79327521573292,1.54939465967587,1.38529645648383,1.54939465967587,1.93234717218216
"sme-miR-2a-1-star_st",0.929087422593536,1.04681124284317,0.918066204091155,0.769588667926301,1.15695348061009,1.16697043039131,0.977375339764336,1.52027397373095,0.8101552917411
"sme-miR-2a-2-star_st",0.760618951568655,0.73641116241625,1.15706017713276,0.919795028896229,1.06497735617161,0.950668057062392,0.950668057062392,0.886365641851092,0.970266638683962
"sme-miR-2a_st",0.887638242213176,1.21066663789344,1.54198467989205,1.05173644540521,0.729386186025591,1.08933157791456,1.23922316506451,1.03200268642232,1.28900046066867
"sme-miR-2b-3p_st",0.989219479030597,0.642000963073581,1.22643441287476,1.03143649322647,0.929134869776658,0.821445844152789,0.734061807560616,1.09674155769838,0.950668057062392
"sme-miR-2b-5p_st",0.663385549422361,1.26303237681261,0.950668057062392,0.902970972624484,0.873953890462532,1.2682626935645,1.01497047227369,0.60618401149601,0.950668057062392
"sme-miR-2c-3p_st",1.26442616437186,1.26442616437186,1.28278386425332,1.26442616437186,1.23496602066331,1.26442616437186,1.26442616437186,1.26442616437186,1.15713044239131
"sme-miR-2c-5p_st",0.951435962172785,1.07200311704127,0.783389628418875,0.805485729787015,0.760416207389698,1.25049749754397,1.07091935669821,0.951435962172785,1.21306930936718
"sme-miR-2d-3p_st",1.10866556343929,1.00231727374872,0.682719744163754,1.23388513736927,1.1236523337276,1.10866556343929,1.10866556343929,1.26623949029483,1.20329334071623
"sme-miR-2d-5p_st",0.874710270862773,1.46995288844805,1.47060128043681,0.769588667926301,0.977375339764336,1.08372362945491,0.977375339764336,0.92004644827209,0.900655379102208
"sme-miR-2e-3p_st",1.17826289824311,1.52670644397108,0.97270603461073,1.23366764720995,1.35673607225803,1.43648811152347,1.06956944401792,1.40079057920553,1.07200311704127
"sme-miR-2e-5p_st",1.38993062835111,0.982308990338948,1.17518177360766,0.857891945238911,0.817351436100727,0.728669732329309,0.549432663129457,0.857891945238911,0.857891945238911
"sme-miR-2f-star_st",1.05701634675296,1.02035390035494,0.817992967722347,1.05701634675296,1.07200311704127,1.05701634675296,1.00295519329083,1.2145902736085,1.14902252640997
"sme-miR-2f_st",0.977375339764336,0.977375339764336,1.29190994125448,1.04230937789054,0.836358757953178,1.42233361951262,0.877263240880371,1.08287600170534,0.829506779088803
"sme-miR-315-star_st",0.953245639201938,1.04602175102542,0.770234261559485,1.04602175102542,1.04602175102542,0.931712451916204,1.07457827819648,0.887091558537186,1.29602543705933
"sme-miR-315_st",0.895947226810527,0.869239944108582,1.17359834871153,1.14870846207455,0.766574875207019,0.751834169756904,0.869239944108582,0.779029866460931,0.976535666089129
"sme-miR-31a-star_st",1.10055964421233,0.970453489059626,1.16644145574628,1.10055964421233,0.957972487645106,1.08025465518064,1.10055964421233,1.10055964421233,1.18199480766316
"sme-miR-31a_st",7.84224788545395,7.25544461518366,7.34048669811718,7.17822409123444,7.08165975995181,7.04005130079327,7.93166976964649,7.72133868479761,7.13364693377306
"sme-miR-31b-1-star_st",0.950668057062392,1.2006717430963,0.73641116241625,0.950668057062392,0.73641116241625,0.950668057062392,0.950668057062392,0.758245009731806,1.08956305173041
"sme-miR-31b-star_st",1.67209387274457,1.2006717430963,1.34854030377183,1.28531847833129,0.681979835050553,1.15695348061009,1.2006717430963,1.21070110812308,1.11454484577351
"sme-miR-31b_st",14.007409860705,13.8162884684425,13.840898734863,13.8563158053597,13.9768036805362,13.9793840547576,14.006534867945,13.9485044883506,13.934761836854
"sme-miR-36a-star_st",0.933377913584733,0.900509365608282,0.577305324537885,0.999009973978434,1.17547572551929,0.913072924553037,0.902408848622993,0.93246399372292,0.913072924553037
"sme-miR-36a_st",0.759873650603733,0.629767495451023,0.759873650603733,0.70688416467679,0.732679433406099,0.627202548370309,1.05248671438522,0.779029866460931,0.862846907458401
"sme-miR-36b-star_st",1.08496253453036,0.913072924553037,0.783389628418875,0.913072924553037,0.869354662066829,0.9439459527192,0.673647305222328,0.855744033060791,1.05825525182841
"sme-miR-36b_st",0.806242728552583,1.28103866677102,0.980296386090834,0.93434408869367,0.836358757953178,1.05701634675296,1.0494195370767,1.30369817467273,1.22111434072833
"sme-miR-36c-star_st",1.07200311704127,0.957693817932056,1.2145902736085,1.07200311704127,1.26205222253501,1.07200311704127,1.2171034448111,1.07200311704127,0.929415960474042
"sme-miR-36c_st",0.857891945238911,1.07214883988505,0.760554684711926,1.03143649322647,1.24464979143245,0.717321733459638,0.670913445952119,1.33607105643116,0.733847402009981
"sme-miR-61a-star_st",0.786346079992994,0.547552926791132,1.11598177697135,0.626184779740358,0.786346079992994,0.580060656445293,1.00927637164214,0.786346079992994,0.759638797291049
"sme-miR-61a_st",0.959049606927889,0.674335652692247,1.12314760090326,0.754017268998728,1.04862046537999,0.959049606927889,1.07951704324171,0.779029866460931,1.52601200801459
"sme-miR-61b-3p_st",1.16513663947649,1.17227017579864,1.17227017579864,1.45895581543032,1.25722053936746,1.28131703770146,0.849241780118372,1.00241819950174,1.17227017579864
"sme-miR-61b-5p_st",1.28260828132761,0.829955179350123,0.61302444131502,0.805485729787015,1.11174887302465,0.74577857082117,1.15610541986159,0.829955179350123,0.970725410432877
"sme-miR-67-3p_st",0.922465257842265,1.2145902736085,1.33558589861356,1.2145902736085,1.36873669157537,1.28131703770146,1.34234042737282,1.2145902736085,1.2145902736085
"sme-miR-67-5p_st",1.22774671766462,0.906835076617937,0.869239944108582,0.869239944108582,0.811603151110176,0.788471507944504,0.869239944108582,0.869239944108582,0.759672948619051
"sme-miR-71a-1-star_st",0.857891945238911,0.857891945238911,0.972201244348125,0.857891945238911,0.857891945238911,0.773715336709958,0.869239944108582,0.881991166700474,0.857891945238911
"sme-miR-71a-2-star_st",0.877344460058391,0.964728496650564,1.35160614763246,0.619653862750743,1.53169089773726,0.964728496650564,0.964728496650564,1.04144266325042,0.964728496650564
"sme-miR-71a_st",1.23922316506451,1.44389399773486,0.813277345788968,1.40807329665603,1.23922316506451,1.19139967452868,1.26777969223557,1.221872991059,1.09283280157237
"sme-miR-71b-star_st",0.875020935681068,1.3007144002629,0.988350080512676,0.829128415238968,0.849278124063441,0.752705721424584,1.10055964421233,1.01034956656468,1.31966812251128
"sme-miR-71b_st",0.781855907516409,1.47677518389027,0.983549243217796,0.983549243217796,0.950668057062392,0.983549243217796,1.09168463887355,1.15881083251333,0.792519983446453
"sme-miR-71c-star_st",0.857891945238911,0.937532952227538,1.23255828303776,1.10886607453775,0.952519722515845,0.937532952227538,0.937532952227538,1.04345766239675,0.77774867013838
"sme-miR-71c_st",0.913072924553037,1.07200311704127,0.913072924553037,0.727701781547498,0.961360841723838,0.892767935521341,1.11141839785644,0.913072924553037,0.915603504387386
"sme-miR-745-star_st",1.05701634675296,0.941332301377158,0.665461050293813,1.05701634675296,1.40332115903987,1.19591134142098,1.03181334744561,1.08707149185289,1.2006717430963
"sme-miR-745_st",0.977375339764336,0.700299156536936,0.863888492979974,0.913072924553037,0.913072924553037,0.677428565464945,1.23922316506451,0.913072924553037,1.04590170624537
"sme-miR-746-3p_st",0.830402834314814,1.01468537523579,0.950668057062392,1.23013657502836,0.950668057062392,0.555018696129642,0.869239944108582,0.843047184634331,1.06794002591047
"sme-miR-746-5p_st",0.806532672103666,0.893916708695839,0.893916708695839,0.856446257417914,0.893916708695839,1.40332115903987,0.869239944108582,0.893916708695839,0.893916708695839
"sme-miR-747-3p_st",0.977375339764337,0.933276027135243,1.54783702778659,0.922391000892092,1.06757332816747,1.05461108711412,1.34392865501947,1.02997819565811,0.869239944108582
"sme-miR-747-5p_st",0.869239944108582,1.11920094073416,0.795145790344036,0.711941712853142,0.956623980700755,0.869239944108582,0.869239944108582,0.869239944108582,1.18789004140357
"sme-miR-748-star_st",1.04167775497564,0.763118445118194,1.01497047227369,0.977375339764336,0.972432365778385,0.896606903600258,0.71061206767074,1.42749786190747,0.869239944108582
"sme-miR-748_st",0.977375339764336,1.13630553225257,0.739182982807758,0.83219301248896,0.954147704889537,1.61238272500636,0.977375339764336,0.913072924553037,0.977375339764336
"sme-miR-749_st",1.11294617377374,0.926753654694386,0.826806059157458,1.60208515396941,1.49371605578108,1.48539456334087,1.66160422337553,1.07200311704127,1.35210207208002
"sme-miR-750-3p_st",1.41217198486566,1.3008429836686,1.06598619313816,1.64166949093239,1.40332115903987,1.37352575947586,1.48691747652832,1.40079057920553,1.5067997621426
"sme-miR-750-5p_st",1.3515691264314,1.2006717430963,1.26442616437186,1.20067195005029,1.24821950968395,1.12385595259258,1.62975960474085,1.57890325875162,1.06938204317116
"sme-miR-751_st",0.830402834314814,1.14169731683373,0.950668057062392,1.25343481795955,0.893835136751949,1.04602500034066,0.950668057062392,0.913072924553037,0.950668057062392
"sme-miR-752-3p_st",1.04174155060807,1.04174155060807,1.53805094476828,1.03143649322647,1.24439096655164,1.12238684521323,1.28440924958149,0.913072924553037,0.833360787393908
"sme-miR-752-5p_st",0.977375339764336,0.79292217084226,0.805485729787015,0.77804464353587,0.575888526455541,1.2134644890361,1.12701550753842,0.708608740457031,0.869239944108582
"sme-miR-753_st",0.646309652459441,1.00689588395685,0.966329260142051,1.8501918348694,1.00689588395685,1.11324417364742,1.02720087298855,0.969300751447497,0.790459924788363
"sme-miR-753b-3p_st",1.08104432678705,1.50561992946463,1.10866556343929,1.19467436531655,1.61142421973947,1.52647385617064,1.52854073296985,1.64820708603186,1.52647385617064
"sme-miR-753b-5p_st",1.40306880434617,1.53783971200094,1.26205222253501,1.04456203079012,1.07200311704127,1.26205222253501,1.26205222253501,1.20472333104276,1.50291000315009
"sme-miR-753c_st",0.793589530027612,0.913072924553037,0.577480969928017,0.913072924553037,1.15695348061009,1.16295346902803,0.945954110708442,0.913072924553037,0.722043664781694
"sme-miR-753d-3p_st",0.853903549400097,1.04247099293857,0.783389628418875,1.01800154337547,0.783389628418875,1.02748422265027,0.952369482981765,0.855492493651781,1.04247099293857
"sme-miR-753d-5p_st",1.40970189981552,0.950668057062392,1.2145902736085,1.26442616437186,0.950668057062392,0.950668057062392,0.950668057062392,0.791737864574159,0.950668057062392
"sme-miR-753e-star_st",1.24157622602349,1.10055964421233,0.939093578510626,1.10055964421233,1.10055964421233,1.10055964421233,1.10055964421233,1.33620400330043,1.36503939778616
"sme-miR-753e_st",1.07538213698379,0.836358757953178,0.912873087260109,1.07538213698379,1.28131703770146,0.703794884624035,0.960320074744452,1.19671719696267,1.33367472321824
"sme-miR-754a_st",1.84863159629651,1.29602543705933,1.15695348061009,1.03143649322647,0.869239944108582,0.728669732329309,0.646309652459441,0.913072924553037,0.869239944108582
"sme-miR-754b-star_st",0.871027050073765,0.950668057062392,1.40720567299097,0.910101433247592,0.965654827350699,0.950668057062392,0.856040279785458,0.950668057062392,0.950668057062392
"sme-miR-754b_st",0.748974721361005,1.46712163260966,0.915835323815854,0.98490989118662,0.915835323815854,1.10361172646023,0.80180469441969,0.81895833448587,0.939062958690653
"sme-miR-754c-1-star_st",0.950668057062392,1.17396446039436,0.950668057062392,0.805485729787015,0.792670550685492,1.02738801772452,1.10055964421233,1.18788299090655,0.759638797291049
"sme-miR-754c-2-star_st",0.950668057062392,0.748314182696618,0.950668057062392,1.14870846207455,0.630860776083266,0.950668057062392,0.950668057062392,0.96982427291959,0.950668057062392
"sme-miR-754c_st",0.960080997001989,0.836358757953178,1.12417899097736,0.950668057062392,0.873953890462532,1.00217486963894,1.24939856490733,0.893339165570145,0.950668057062392
"sme-miR-754d_st",0.910095218367405,0.950668057062392,0.865322952651852,0.812333466724909,0.762343936514161,1.01736580465407,1.31347091759704,0.695470976354957,0.875759097422917
"sme-miR-755-3p_st",0.780860930924052,0.870962440880861,0.652732442934286,0.913072924553037,1.16561803648144,0.822284651769482,0.870468985407573,0.549432663129457,0.962968620537869
"sme-miR-755-5p_st",0.950668057062392,0.950668057062392,1.03143649322647,0.975871056369742,0.721070853730917,0.905822503395265,1.05880345271815,0.950668057062392,0.950668057062392
"sme-miR-756-star_st",1.10866556343929,1.07200311704127,1.55018222823352,0.821631739140983,0.939174335348937,1.40332115903987,0.937319205023216,0.99193097211124,1.12702326332076
"sme-miR-756_st",1.10866556343929,0.848913329420565,1.50110674250507,1.14870846207455,0.86229788500951,1.10866556343929,1.39722067144141,1.10866556343929,0.906016147495718
"sme-miR-76-star_st",1.00358762754299,0.772302693470284,0.977375339764336,0.913072924553037,0.646309652459441,0.913072924553037,0.831644811599228,0.96343305868466,0.913072924553037
"sme-miR-76_st",1.10866556343929,0.950668057062392,0.87098644075591,0.950668057062392,0.680747860273016,0.950668057062392,0.646309652459441,0.787654214629779,1.07933668311742
"sme-miR-79-3p_st",1.01432727065627,1.34197178057169,0.957575922289713,0.823729324915397,1.28131703770146,1.34497625129533,0.932899157702456,1.27824948720237,0.916074122708403
"sme-miR-79-5p_st",0.913072924553037,1.00770070182997,0.893916708695839,0.913072924553037,0.913072924553037,0.892767935521341,0.940514010804183,1.00770070182997,0.648181894235712
"sme-miR-7a-3p_st",0.869239944108582,0.73641116241625,1.29266503657113,0.723289711722812,0.847706756822849,0.630216565077966,0.581526407607072,1.14980702875613,0.962016055932063
"sme-miR-7a-5p_st",1.07457010088411,0.726557591832164,0.977375339764336,0.718816161745223,0.836358757953178,0.836358757953178,1.08506436538821,0.878977461997859,0.816967688783295
"sme-miR-7b-star_st",0.775682004062949,0.977375339764336,1.10866556343929,0.977375339764336,0.977375339764336,0.618868566208295,1.04167775497564,0.683046300188165,1.07200311704127
"sme-miR-7b_st",0.94933266834678,1.08956768368011,0.840866890941378,1.07989026997199,1.07200311704127,0.950668057062392,1.14901342095786,1.07989026997199,1.09123826884167
"sme-miR-7c-star_st",0.913072924553037,0.449149522572992,0.913072924553037,0.913072924553037,1.10410218432438,0.989792885215166,0.913072924553037,0.702866790391445,1.07200311704127
"sme-miR-7c_st",1.12955894902941,0.587219891371292,1.15896123142735,0.617149816846213,0.836358757953178,0.796539782979512,1.23922316506451,0.921383540217734,0.911354175190955
"sme-miR-7d-star_st",0.857891945238911,0.73641116241625,1.24147659332853,0.874430116817683,1.23449152100581,1.19202475331979,0.761014955908927,0.979195258963881,1.11315646102693
"sme-miR-7d_st",1.01317560762016,1.29673119902881,0.979852865456783,1.10055964421233,1.10055964421233,1.12164257177353,1.10055964421233,1.17727381081219,0.731910542708341
"sme-miR-87a-3p_st",1.8277776695905,1.52010669967495,1.67461423360584,1.11943618914837,1.52854073296985,1.73482615651755,1.52854073296985,1.23421169339368,1.74412901969301
"sme-miR-87a-5p_st",1.20924518505773,1.55150532720308,0.971813100590365,0.867254662412764,1.28131703770146,1.28131703770146,1.04149587272271,1.66812345736014,1.29602543705933
"sme-miR-87b-3p_st",0.948036128788733,0.762363738609398,0.950668057062392,1.0101075316702,0.921207913353843,0.950668057062392,0.978109143313537,1.45331661781775,0.842532661406638
"sme-miR-87b-5p_st",0.977375339764336,1.13714322065777,1.02043202588471,0.729841303368418,0.844520830579177,0.746569322844585,0.995274930279613,0.887139534623859,0.696110274852516
"sme-miR-87c-star_st",1.62311978075556,0.828493983377406,1.04275087802355,1.35650898533301,1.04275087802355,1.60971327911024,1.61109988776945,0.899971369404431,0.869239944108582
"sme-miR-87c_st",1.0847276671588,1.07200311704127,1.53456222450799,1.40904523712437,1.31916593913947,1.17750377898228,1.02391839635734,1.5921990175064,1.09539174308884
"sme-miR-87d-star_st",0.884599227940856,1.08629256364224,1.18668926042453,1.14147354295637,1.15695348061009,0.728669732329309,0.977375339764336,0.884739635889552,1.09298271747243
"sme-miR-87d_st",1.00886752889075,1.07200311704127,1.21589966215859,1.05701634675296,1.2159465392412,1.05701634675296,1.00886752889075,1.05701634675296,1.20433332173774
"sme-miR-8a-star_st",1.13587842553094,0.935681286774085,1.03786013089576,0.989928193145174,1.01439764270828,1.05701634675296,1.38316658726443,1.05701634675296,0.914429190185735
"sme-miR-8a_st",1.05838674605232,1.07200311704127,1.85886739580518,1.40079057920553,1.28131703770146,1.28131703770146,1.30594992915747,1.28131703770146,1.29602543705933
"sme-miR-8b-star_st",0.921100755014187,1.01387686683767,0.817418597888931,0.711941712853142,0.868694539562291,0.88705452027125,1.1226102498293,0.719547827261496,1.02762473205052
"sme-miR-8b_st",1.17245307503763,0.967682071950914,1.03143649322647,1.03143649322647,1.03143649322647,0.950668057062392,1.03143649322647,1.23419966615916,1.26708085231456
"sme-miR-92-star_st",1.02371519987047,1.1183429771474,1.32765689780759,0.626991349284319,1.07200311704127,1.10866556343929,0.892424976195514,1.1183429771474,0.709187684144345
"sme-miR-92_st",0.791944285907435,0.700296679162105,0.993637621608822,0.754911277399572,0.950668057062392,0.950668057062392,0.950668057062392,0.950668057062392,1.24364130764273
"sme-miR-96a-star_st",0.842405913709796,1.07200311704127,0.803462602246975,1.03143649322647,1.12933200853352,1.26583100617234,0.769241602213731,1.40079057920553,1.1903666857147
"sme-miR-96a_st",1.07200311704127,0.962607496857466,1.24185509333816,0.954460520833316,1.07200311704127,0.938710625780414,0.780856709195201,1.2873994024098,1.07200311704127
"sme-miR-96b-star_st",0.767644712438319,1.07200311704127,1.31522537167983,0.798763625443823,0.785077022217549,0.942707047643749,0.969414330345694,0.779029866460931,1.07200311704127
"sme-miR-96b_st",1.41077173704682,1.21436598241407,1.12158987059059,1.14416094162428,0.906193585222061,1.16105181495388,0.748974721361005,0.917171258896828,1.07200311704127
"sme-miR-9a-star_st",0.836358757953178,0.979427363375898,0.647627872521802,0.892869766379188,0.950668057062392,0.836358757953178,1.23922316506451,0.779029866460931,0.662847824038212
"sme-miR-9a_st",0.971347907834018,0.845167395121386,1.54939465967587,0.775755268947763,0.809129288750647,0.950668057062392,1.35969060137833,0.913072924553037,0.950668057062392
"sme-miR-9b-star_st",0.977375339764336,0.977375339764336,1.20861315897622,0.859011771090904,0.836358757953178,0.950668057062392,0.977375339764336,1.84988334938921,0.869239944108582
"sme-miR-9b_st",0.932003801302504,0.73641116241625,1.09491793597229,0.73641116241625,0.774006294925604,0.73641116241625,0.681266157461081,0.73641116241625,0.759638797291049
"smo-miR1080_st",0.810299672663438,1.31402175939844,0.977375339764336,0.866810681089448,0.897683709255611,0.877378720223915,0.668086505924137,1.06206283692921,0.662847824038212
"smo-miR1081_st",0.81694790712194,1.07933668311742,1.40336761633539,1.26442616437186,1.03147673564179,0.996184976321792,1.01648996535349,0.947054062274649,0.950668057062392
"smo-miR1082a_st",2.35893854440669,1.34666570606335,1.75579825460371,1.63480262959865,0.987636746006725,1.16327824338176,1.94055937294602,1.72873041701531,1.40228733368813
"smo-miR1082b_st",2.27626056041151,2.69185461901076,1.94519487310662,2.20913436677173,2.13524397860035,2.13524397860035,2.1619512613023,2.6027231589971,2.93394001604021
"smo-miR1083_st",1.44389399773486,1.44389399773486,1.14139922556698,1.83084641009772,1.44389399773486,1.44389399773486,1.31866490190609,1.2145902736085,1.54939465967587
"smo-miR1084_st",0.863284020470219,0.950668057062392,2.12674861280188,0.99176803488959,0.950668057062392,0.950668057062392,0.950668057062392,0.88394129296943,1.37550800747825
"smo-miR1085-3p_st",1.24746818360005,1.00358762754299,0.878368053613015,0.913072924553037,1.24746818360005,1.07567133720879,1.00358762754299,0.913072924553037,1.13911001005351
"smo-miR1085-5p_st",1.32838754385083,1.19709732017587,1.04720573302593,1.24524613803809,1.17039003747393,1.1535540227165,1.19709732017587,0.998751846872468,1.2006717430963
"smo-miR1086_st",0.950668057062392,0.639728383520814,0.797233929800403,1.02738222366225,1.54939465967587,0.950668057062392,1.27681829757386,0.619350015063788,1.10959824955062
"smo-miR1087_st",0.977375339764336,0.837973990700288,0.977375339764336,0.925636483497792,1.04425941424799,0.863066040655122,0.989938898709091,1.24129755631044,1.17793545238687
"smo-miR1088-3p_st",1.03989064901045,0.911923069480154,0.948147147548008,0.975588233799154,1.21295878901257,0.975588233799154,0.9393641557313,0.919985538432232,0.869239944108582
"smo-miR1088-5p_st",1.03376917616209,1.0774874386483,1.15813273325346,1.03376917616209,0.836358757953178,0.732102375888259,0.977375339764337,1.14135637092812,1.40332115903987
"smo-miR1089_st",1.03143649322647,0.908764235167178,0.73641116241625,1.03143649322647,1.4571299578083,0.753210341598928,1.4343009003378,1.03143649322647,1.1260642705034
"smo-miR1090_st",1.58605710607389,1.97479341302781,1.20070588304648,1.44370911898399,1.12370119509404,1.75204407561944,1.40013935940153,1.54939465967587,1.54939465967587
"smo-miR1091_st",2.13061593987535,1.72873041701531,1.78431112758844,1.64036770538852,1.66414181783424,1.16137471228529,2.05174826529949,1.98209963963185,1.78489400270078
"smo-miR1092_st",0.557072262358551,1.01563654778373,0.976827138874604,0.913072924553037,0.843998357182272,1.05825525182841,0.908657185209881,0.763926212252242,0.976827138874604
"smo-miR1093_st",1.31874719087279,1.40295058722933,1.45582716683223,1.50566305759558,0.954467629692327,1.19190495028612,1.07200311704127,1.07200311704127,1.81859589097114
"smo-miR1094a_st",2.04939688729912,0.939060578359823,1.40332115903987,1.40332115903987,0.955907779726028,1.15695348061009,1.11400359113453,2.20418995398725,1.40332115903987
"smo-miR1094b_st",0.893865785067571,0.950668057062392,1.05880345271815,1.34937652794068,1.15695348061009,0.906828026120918,1.18318335297292,0.869232893611563,0.950668057062392
"smo-miR1094c_st",1.15981699838456,0.950668057062392,0.913072924553037,0.913072924553037,0.995861005391387,0.89808615426473,0.913072924553037,0.913072924553037,0.863979035738108
"smo-miR1095a_st",0.869788144998314,1.01344354134165,1.35160614763246,0.805485729787015,0.83690695884291,0.951216257952124,0.869788144998314,1.19857560716257,0.763439855307743
"smo-miR1095b_st",0.814739805203715,0.869239944108582,0.836358757953178,0.869239944108582,0.869239944108582,0.900112972274745,0.93299415843015,0.613186877451024,0.869239944108582
"smo-miR1096_st",0.9439459527192,0.822610892740322,1.15325987337939,0.913072924553037,0.9439459527192,0.9439459527192,1.23163343705626,0.86508387394122,0.721673626446556
"smo-miR1097_st",0.977375339764336,0.913072924553037,0.808923625688564,0.913072924553037,0.836358757953178,0.862712790421415,0.71137958885165,0.913072924553037,1.07200311704127
"smo-miR1098_st",0.959561665326036,1.29602543705933,1.15695348061009,1.01177115333472,1.05233777714952,1.15695348061009,1.1815863720661,1.15695348061009,1.27636009716757
"smo-miR1099_st",1.03143649322647,1.03143649322647,1.03143649322647,1.09706855362017,0.86245663866358,1.47216558946305,1.02077241729643,1.23343296845384,0.869239944108582
"smo-miR1100_st",1.25126728454691,1.80798912886286,1.46537845634927,1.31677437587893,1.24135613633121,1.4506700569914,1.01304767217552,1.89808343630525,2.07238895816154
"smo-miR1101-3p_st",1.03143649322647,1.1267901871895,1.17162510314359,1.03143649322647,1.27780417165625,1.03143649322647,1.141037640044,0.793948415985124,1.03143649322647
"smo-miR1101-5p_st",0.99890852705007,0.977375339764336,0.783389628418875,1.14870846207455,1.07200311704127,0.950668057062392,0.977375339764336,0.988502106609764,0.867774192946803
"smo-miR1102_st",1.18037774366388,1.05046992975554,0.753353019746279,0.768823283388993,1.58264694519192,0.932931160592035,1.1914865115667,1.07200311704127,1.07200311704127
"smo-miR1103-3p_st",0.769279710392701,1.12176824978151,1.09230810607297,1.42109556823722,0.520896146969721,0.836358757953178,0.856663746984874,0.819068614475519,0.889544933140278
"smo-miR1103-5p_st",1.13524353706547,1.2006717430963,1.41460952896232,1.26046311099544,2.02980145944135,1.28131703770146,1.35969060137833,1.28131703770146,1.23748405725701
"smo-miR1104_st",0.826509753289173,0.813946194344418,1.37767514649469,0.826509753289173,0.944052349497127,0.799802470587228,0.826509753289173,0.626967695057625,0.759638797291049
"smo-miR1105_st",1.10866556343929,0.950668057062392,0.900900613202883,0.973895691937191,0.691586692542693,0.973895691937191,1.43043330786577,1.11648284850442,0.900332353559154
"smo-miR1106_st",0.977375339764336,1.07200311704127,0.950668057062392,0.950668057062392,0.680747860273016,0.932575208618775,0.979224584233456,0.645649113795054,1.281986099061
"smo-miR1107_st",0.977375339764336,0.834788183197108,1.07416631301717,0.977375339764336,0.863960178855581,1.45476688239893,0.977375339764336,0.977375339764336,0.977375339764336
"smo-miR1108_st",2.99186641868526,1.33854780228796,1.86396115667659,3.33407935180601,3.61969590081924,2.58415809014047,2.949586215112,2.39643356822435,2.99151024777226
"smo-miR1109_st",0.706011528267837,1.07200311704127,0.618868566208295,0.913072924553037,0.950668057062392,0.952692052347366,0.652841780732616,1.22112240188167,0.842890886226352
"smo-miR1110_st",1.68268715093672,1.56225135152811,1.24438567317251,1.22016737865785,1.9808715171436,1.11134666598842,1.41588471798463,1.40332115903987,1.18104883276723
"smo-miR1111_st",1.05701634675296,0.935535563930301,1.09367879315098,1.01644972293816,1.05701634675296,1.05701634675296,1.06836434562263,1.07200311704127,1.32509396872737
"smo-miR1112-3p_st",1.17902046809138,1.02963087347388,1.01492247411601,1.01492247411601,0.877842498156575,1.05701634675296,1.01492247411601,0.693886151837892,1.07172474611083
"smo-miR1112-5p_st",0.802462551649708,0.882144167956189,1.10866556343929,1.48202608252977,0.977375339764336,0.977375339764336,1.05964502421875,1.01484579104226,0.872645609699647
"smo-miR1113_st",0.966904375116356,1.0514765955743,1.51206092079522,1.46930318473147,1.15695348061009,0.921309121522,1.78456425905591,1.15695348061009,1.08023351994796
"smo-miR1114_st",0.827561987983989,0.917663497940798,1.2145902736085,1.09432526007759,1.09878019680393,1.37622183180878,1.02507807267007,0.837591353010768,1.10729455162795
"smo-miR1115-3p_st",0.947572277093775,0.748342970955201,0.877889504961425,1.44997108670888,1.3106793435644,1.68268715093672,1.23003404895924,0.970201270531249,1.28683632095406
"smo-miR1115-5p_st",1.38647662268636,1.54817668724199,0.889451174022308,1.26442616437186,0.945050699380818,0.7345862685056,0.779459664535976,0.970230627593693,1.0663857593597
"smo-miR156a_st",0.960260111820793,1.86984144151628,1.52854073296985,2.13353365389494,1.28131703770146,1.47090393997144,1.66160422337553,1.9573753071507,1.51462220245765
"smo-miR156b_st",0.99016851359124,1.17492074985321,1.05737815364525,1.05737815364525,0.968635326305506,1.41880130591026,1.23922316506451,0.969656978340125,1.45990521282696
"smo-miR156c_st",0.910789406033269,1.77957695430062,1.24185509333816,1.30981887936377,1.12417899097736,1.15695348061009,1.23922316506451,0.944159250510399,0.950668057062392
"smo-miR156d_st",2.88027992110218,2.88027992110218,1.8794860996321,1.88773108658673,4.2805254640714,3.21200962524959,3.04262445911076,3.16590309888864,2.84580978637986
"smo-miR159_st",0.919728384691177,0.82449721288303,1.08382637866655,0.711941712853142,0.850292481612339,0.919728384691177,0.919728384691177,0.919728384691177,0.76768553268896
"smo-miR160a_st",0.743759347721499,0.949484994451498,1.27735398432505,1.01174528248097,1.01323941572705,1.28131703770146,0.946113222087273,1.13271295723112,1.04612060188246
"smo-miR160b_st",1.11055453900948,1.07200311704127,0.912218834952111,1.04642326351478,0.821999431007361,1.28131703770146,1.82145566259274,0.779029866460931,1.21565851338461
"smo-miR166a_st",2.64016345038184,1.97783969503599,1.40332115903987,1.89858195117075,2.15549261050796,2.02325268966087,2.28153575399653,2.02325268966087,3.05820237724966
"smo-miR166b_st",2.14482751013677,2.00959589356902,2.81008410551314,2.22286165371221,1.80929028404306,2.12351809250375,1.95012428864777,2.01725048228755,2.12421760337662
"smo-miR166c_st",2.01033166085215,1.72873041701531,1.25522771903493,1.63690697634598,1.5602016313127,2.03104121307028,1.38486446890154,1.63345923469025,2.21649157727076
"smo-miR171a_st",1.07200311704127,0.995288950441411,1.12029103421207,1.0082489027197,1.15695348061009,1.15343122999508,1.07200311704127,1.1666308943182,1.07200311704127
"smo-miR171b_st",1.04891498338573,1.25767392414973,0.939023826854742,0.908150798688579,0.939023826854742,1.31258767904596,0.748974721361005,0.881694935362495,1.05333312596396
"smo-miR171c_st",0.97747050688442,1.41871071882486,1.07200311704127,0.820472500075322,1.07200311704127,1.07200311704127,1.11554641450064,1.08698988732958,1.18631241615048
"smo-miR171d_st",1.10866556343929,1.20624708248891,1.26037669868817,1.10613498360494,0.837020639974838,1.7976376980419,1.00600049453773,1.16377177660335,0.824869918693122
"smo-miR319_st",0.884364872490794,1.05701634675296,1.10399481275559,1.13945866744337,1.29740473550639,1.05701634675296,0.689883918025754,1.09963505079764,1.05701634675296
"smo-miR396_st",0.923028325994969,1.0778213926831,0.977375339764336,0.805485729787015,0.890147139839565,1.34357064418881,1.03307059490003,0.826151336664985,0.765457072932878
"smo-miR408_st",1.92821501879807,1.480041119702,1.79862009739949,1.66160422337553,1.5190170668083,1.50403029651999,1.97387795853631,1.66160422337553,1.40332115903987
"smo-miR536_st",1.09534359649162,1.07200311704127,1.07200311704127,1.04753366747816,1.37594481497839,1.15695348061009,0.977375339764336,1.07200311704127,0.780816080765497
"SNORA11B_st",1.23922316506451,1.46388136411682,1.35160614763246,1.40079057920553,1.15395780293513,1.2603060926257,1.15183912847233,1.1051801069724,1.16250320440238
"SNORA11B_x_st",0.907904913849237,0.857746222395128,1.05284690118407,1.15195058073987,1.25158125788703,1.3888115187045,0.910435702900251,1.07200311704127,1.08266719297131
"SNORA11C_st",1.01753446958958,0.909304565292025,1.02128022884617,1.23679233041313,0.851683600128498,0.890095637760197,1.09725003309698,0.953695269784211,0.86654545358825
"SNORA11C_x_st",1.1320686456651,0.864082710905622,1.35160614763246,1.1320686456651,0.748754127915429,1.28621506363197,1.1320686456651,1.33319985736499,1.1320686456651
"SNORA11D_s_st",1.84863159629651,2.32348218965719,1.2145902736085,1.6590250815032,1.57673588780816,1.33936294598441,2.13253375402208,1.80422337248219,2.05971127910451
"SNORA11E_s_st",1.85171052470706,2.69911976652785,1.2145902736085,2.1590380596301,1.61596038684376,1.60097361655545,1.27056592035649,2.6027231589971,2.20875900041109
"SNORA36C_x_st",1.64609485625776,1.90042588299649,2.7267909119009,1.52854073296985,2.24786128418879,1.18565824918947,1.52854073296985,1.3458195494421,1.41386453728501
"SNORA38B_s_st",1.25896828607774,1.26461851642374,1.55580555269952,2.12628066172495,1.52854073296985,1.94048879379081,1.52854073296985,1.30723722046843,1.71727161840123
"SNORA38B_st",1.72873041701531,1.27860789487217,3.02553934273484,1.67008345109508,1.90441123277862,2.1947553966163,1.91249368894033,1.72873041701531,1.55638257598139
"SNORA38B_x_st",2.14482751013677,1.96736209630572,3.19574241254413,1.61475438368502,1.89700251602054,2.32597980338139,2.23980146437793,1.83869347025069,2.01033166085215
"SNORA84_st",2.28804110146055,2.32824541894601,2.32824541894601,2.43583183941201,2.44255471805522,2.32824541894601,2.17409900097914,2.16222805289361,2.06851354131992
"SNORD119_st",3.80921110043788,3.84070233003994,3.97790101692521,3.80921110043788,3.75926933386485,3.5044478401701,3.61361415651151,3.63641299241955,4.00361130658529
"SNORD121A_st",1.35969060137833,1.35969060137833,1.38145750340743,1.29538818616703,1.48102566135721,1.09167543657029,1.35969060137833,1.35969060137833,1.35969060137833
"SNORD121B_st",2.01033166085215,1.73510817609103,2.27319309049283,2.24557161841625,2.66273799815753,2.25902543026656,1.97880834632265,2.188242726924,2.39466119214306
"SNORD121B_x_st",2.08378783238149,1.44389399773486,2.22320528644732,1.89262547766724,1.90110324932201,2.19607952327956,1.60817059746934,1.82231892442464,2.11874519410108
"SNORD123_st",1.80226157966946,2.07088336087885,1.758428599225,1.40680709181954,2.10417725151297,1.73860658267363,1.76531386537558,2.06618379621556,1.80226157966946
"SNORD124_st",1.23922316506451,1.08122565868761,1.03984717055926,0.814708271433351,1.53387876066509,1.2905395793478,0.981113559803641,1.23601872537574,1.39139715329897
"SNORD125_st",1.5310369597944,2.10254730656352,3.56773755767999,2.10254730656352,2.25115138703386,2.10254730656352,2.10254730656352,1.82456082627149,2.52849312583906
"SNORD126_s_st",3.90399044219421,3.65427052010127,3.35852319690629,3.85438935621049,3.65427052010127,3.25733049798153,3.65427052010127,3.12308457143539,4.06042760904488
"SNORD127_st",1.86059596380823,1.86059596380823,1.88998306758119,1.86059596380823,1.74603059938608,2.15983290042888,1.86059596380823,1.86059596380823,1.89347714996364
"snR38A_st",2.22896461674287,2.31634865333505,2.51899806927862,2.28547562516888,2.31634865333505,2.31634865333505,1.56663930540116,2.439166235033,2.71026503710757
"snR38B_st",2.01033166085215,1.99341193735104,1.89808343630525,2.33777057649218,2.21090212909592,2.1611202082195,2.02085302360219,2.12351809250375,2.12351809250375
"snR38C_st",9.81094737493106,9.71189225794696,10.142207500141,9.85572143037106,10.0533873143105,10.1175784371765,9.67563188057596,9.90445553753535,9.85572143037106
"snR39B_s_st",4.17246131208179,3.94320306414267,5.5548305660449,4.85780160619231,4.48493211951321,4.30172175800063,3.88109064351913,4.82123063186174,5.10449158944645
"snR39B_st",5.97805978913787,6.00546403177793,6.5998355268575,6.78463149336784,6.93501725412476,6.98016073920889,5.74125497157999,6.04386493261494,6.59290930841313
"snR39B_x_st",7.17512741202955,6.63911057142062,7.57381632268262,7.57694973402654,7.64864486318602,7.71575228536164,6.60095849264972,7.02684469723037,7.76223195468713
"sof-miR156_st",1.35160614763246,1.72873041701531,0.717564824944449,1.29324812273868,1.91799352358723,1.46100176781627,1.18773962747294,1.12758382761441,1.41962327968792
"sof-miR159a_st",0.869239944108582,0.774886497868798,0.674880567596458,1.05092740009513,0.586640759744832,0.907111998713239,0.98950516685616,1.25306560906105,0.869239944108582
"sof-miR159b_st",0.748974721361005,0.963085893163363,0.963085893163363,0.989541756489447,1.13472408376482,0.963085893163363,0.991642420334428,1.1271840963554,0.963085893163363
"sof-miR159c_st",0.833288151746234,0.906851490124271,0.73641116241625,1.03132855675839,0.833288151746234,0.833288151746234,0.816749980167462,1.03605132467892,0.833288151746234
"sof-miR159d_st",1.07625469799626,1.2006717430963,0.9735896290947,1.0453816698301,1.07625469799626,1.07625469799626,1.2335529292517,0.98361899412148,1.07625469799626
"sof-miR159e_st",0.977375339764336,0.977375339764336,1.11056486966321,1.0848480235261,0.977375339764336,0.949934253513191,0.846085116089381,0.991293870276535,0.977375339764336
"sof-miR167a_st",1.27895760194851,1.29602543705933,0.764550500750582,0.93946328886521,1.15695348061009,1.19454861311945,1.10055964421233,1.15695348061009,1.07200311704127
"sof-miR167b_st",1.39679099195351,0.956197216331286,0.807300657405326,1.00472921052453,0.950668057062392,1.34483657977714,1.16356898368475,0.949126515157604,0.734194707216098
"sof-miR168a_st",1.04167775497564,0.877427744227408,0.825332487762119,1.51313177180688,1.07200311704127,0.977375339764336,0.977375339764336,0.977375339764336,1.01025652591974
"sof-miR168b_st",4.7131452656033,2.68566796205354,2.21424977474763,2.86022174885396,2.64403371972982,3.55790099523017,4.13513690929694,4.42976649949363,4.63172068164883
"sof-miR396_st",0.882747562487403,0.867574173643323,1.43391295569292,1.01049811477275,0.754445048115195,0.977375339764336,0.977375339764336,1.20460923156656,0.977375339764336
"sof-miR408a_st",1.3852966657005,1.55652819599801,1.58993429330827,2.06977113545996,2.25346835147934,1.54939465967587,1.54939465967587,1.54686407984152,1.40332115903987
"sof-miR408b_st",0.723697064270983,1.24124458179129,1.44389399773486,1.62018798323118,1.91213478904248,1.44389399773486,2.66574558054696,1.09981150744709,1.44389399773486
"sof-miR408c_st",1.75117452008298,1.64413572896852,1.758428599225,1.68268715093672,2.10238411051235,2.01197551199409,1.68268715093672,1.68268715093672,1.04950953791561
"sof-miR408d_st",1.5873334569737,1.2006717430963,1.5873334569737,1.32406092069885,2.03059350460717,2.04924732610192,1.76426804231108,1.2145902736085,2.14222081086893
"sof-miR408e_st",1.23922316506451,1.2006717430963,0.858661017722145,1.2263787900987,1.53740753127138,1.49259238768105,1.82882427139876,1.59592149343409,0.759638797291049
"spike_in-control-1_st",0.947133199154793,0.779324464486678,0.992049085359721,0.89115643433081,0.736577392461121,1.20917694809496,0.782141390221446,0.89115643433081,0.89115643433081
"spike_in-control-17_st",0.921557120237595,0.833132128466736,0.97139515995034,0.940159859982751,0.937453223389478,1.09328830561141,0.879332856116138,1.37008253776296,0.849821038374178
"spike_in-control-2_st",15.9664931314397,15.0386261903811,15.9629649055652,15.7445551916643,15.9707842821804,15.9670504319721,15.9629649055652,15.9677353296359,15.9634788377709
"spike_in-control-21_st",1.06344489145872,1.11447829882568,0.97207971992941,1.20851689711722,1.11447829882568,1.44043468115344,1.28749030004246,0.975098057919184,1.07133341989265
"spike_in-control-23_st",15.8169415833433,14.3056528809481,15.7576650065698,15.1961756598711,15.7977210518721,15.7956173148474,15.8112291032641,15.6784645578914,15.6895653588352
"spike_in-control-27_st",0.670087945998387,0.856163429765779,0.875042341466354,1.15176427124913,1.14549260930226,0.622693374184544,0.905539815732649,1.07622832281155,0.990401570223575
"spike_in-control-28_st",0.97502226259678,0.964587885471759,0.914930455651025,0.926621316549224,1.12010476469251,1.37990371053834,1.05060629973726,1.06171884611117,1.03509976742705
"spike_in-control-29_st",14.8355015770565,14.8237817520094,14.8631519705417,14.8289059202932,14.7566858413141,14.7979516672917,14.9201960479009,14.739471306853,14.9343946625232
"spike_in-control-3_st",0.884787855580447,0.872736602752139,1.31146600153265,0.838502522414381,1.39457904393302,1.06082796546192,0.603046744025627,0.925972003389384,0.680591318338763
"spike_in-control-30_st",1.1413049638456,0.969257045116897,1.2426586509821,1.13323847489968,1.45182380930634,1.13087338708691,1.18002680146091,1.10922532324733,1.03936371663497
"spike_in-control-31_st",15.3613462924397,15.5121337829167,15.4177336573107,15.4780663507035,15.3020382286098,15.2779514197512,15.3213253028814,15.2644969459192,15.3372085657731
"spike_in-control-34_st",1.09724231647441,1.19450224401838,0.671976892336681,1.26936836460326,1.0801941332224,1.07103379667582,1.11198289117722,1.08398326688377,1.03657478648497
"spike_in-control-36_st",14.2095792557963,14.2654401144837,14.3391728891872,14.205081864122,14.0321171139144,14.208293665081,14.3416101662188,14.2045489871668,14.1932574146331
"spike_in-control-37_st",1.15958928696934,1.28491127705768,1.27265542191284,1.42416557052015,0.926015552649765,1.00113287246845,1.30392805975199,1.28179241888991,1.50258108441525
"spike_in-control-38_st",1.2232475691635,1.08439521622236,1.04499282062316,0.921971541752508,1.36661054983091,1.65284366145334,1.57132858164435,0.913072924553037,1.30116455431285
"spike_in-control-4_st",1.21248610111647,1.37795744735912,0.866940896691552,0.951888527040222,0.754016853538363,1.00736717735121,0.904330430805123,0.911852454575207,0.951888527040222
"spike_in-control-44_st",0.96945393053352,1.12545290128872,1.00032655641254,1.10665533503405,1.08111625747334,1.3372038687797,1.1380151089388,1.10665533503405,1.29622602153268
"spike_in-control-45_st",0.883866269732202,0.631871214071552,0.684858899782249,0.630496129618811,1.42898047928404,0.944622684926186,1.23226544037079,0.720098462424155,0.950668057062392
"spike_in-control-48_st",1.319690786934,1.07200311704127,1.27074661610656,1.18588332583915,1.15243029586567,1.00551233923805,0.88979988572581,0.870971552529726,0.968995102011445
"spike_in-control-49_st",1.02029437338448,1.02765474010467,1.47149158109474,0.943555823474492,0.978176516694298,0.821197309291985,0.774191822159845,0.870046974704059,0.862299528173902
"spike_in-control-7_st",1.14615401037032,1.16846445705983,1.27720686873494,1.26732957097608,1.20644056496447,1.08861838542042,1.15142914552367,1.14615401037032,1.24592362713479
"spike_in-control-8_st",1.26197130852852,1.09275579289743,0.970621530574926,1.26541184098401,1.13638111636593,0.797904219902942,1.17099266334091,0.911055037813501,1.23158622872499
"spu-let-7_st",9.13884312364734,8.89634546729587,8.7802784883256,8.75017612984861,8.02989822364107,8.0367106529679,9.15339136997332,8.39089107580476,8.83822900386425
"spu-miR-1_st",0.977375339764336,0.795616368363795,0.964811780819581,1.1496068298354,1.17906867546572,1.17906867546572,0.988039415694381,1.08266719297131,0.909925667473009
"spu-miR-10_st",2.08476347529301,2.20378754017303,1.46614139584018,1.87697680345497,1.71250907426997,2.52549257152958,1.95347325161805,2.6027231589971,3.15186604290933
"spu-miR-124_st",1.10866556343929,0.95963178450662,1.24185509333816,1.0415774098315,1.10866556343929,1.08946646254699,1.10866556343929,1.33350129898265,1.43279984725896
"spu-miR-125_st",11.2294040952732,11.1550012642156,11.1803799356375,11.1098806025829,11.0580991798897,10.9662569344583,11.2731533354003,11.0948126147069,11.1765181256257
"spu-miR-133_st",4.23413519977141,1.66625086024245,1.14368040633063,3.29910615437799,2.47508969419212,5.05211304229537,3.31806002107912,5.44808939049444,4.48910482067688
"spu-miR-137_st",1.10866556343929,0.967648981628133,0.852675626812488,0.926198607499284,0.857124040128518,1.28824370428505,0.869239944108582,1.04436314822799,0.950668057062392
"spu-miR-153_st",0.977375339764336,0.994386319548599,0.950668057062392,0.805485729787015,1.07200311704127,0.950668057062392,0.748974721361005,1.41497230970584,0.950668057062392
"spu-miR-182_st",1.18366076331204,1.43422198637367,1.2109255830417,0.844232117057063,1.15695348061009,1.0260868364565,1.10055964421233,1.24129755631044,1.16974223279984
"spu-miR-183_st",0.977375339764336,0.850720461525464,0.950668057062392,1.2054598104411,0.950668057062392,1.06497735617161,0.863284020470219,0.91400561066437,0.62844813525282
"spu-miR-184_st",0.748974721361005,1.47049987924421,1.13293786946026,2.36029682821082,0.986864368824266,1.13293786946026,0.93017469652757,1.13293786946026,1.13293786946026
"spu-miR-200-star_st",1.1663023564377,1.2145902736085,1.2145902736085,1.02399232786763,1.34788276486935,1.28131703770146,1.62361281792443,1.2145902736085,1.12963991003968
"spu-miR-200_st",0.87088850320523,1.04431383936849,1.24185509333816,1.14907898151468,1.52096364732809,1.01985676860508,1.14907898151468,1.14907898151468,1.29602543705933
"spu-miR-2001_st",0.646309652459441,0.914295587218915,0.877234441962232,0.914295587218915,0.799986288109701,1.02064387690949,1.17841015581691,0.742657396617455,0.914295587218915
"spu-miR-2002_st",1.89869739575405,0.949419733053367,1.12236325117289,1.31550608100231,1.49640442790819,1.27440610317511,1.52854073296985,1.70996651032268,1.07200311704127
"spu-miR-2003_st",1.10975373897451,1.14179335362931,1.43658859834158,0.903067009420062,1.20824144800922,0.950668057062392,1.0274840545201,0.857632078223203,0.884846148771295
"spu-miR-2004_st",1.07200311704127,1.03345169507306,0.65329618854933,0.939301493955198,1.40332115903987,1.07200311704127,1.23922316506451,1.07200311704127,1.07200311704127
"spu-miR-2005_st",1.5459083156071,1.2006717430963,1.28131703770146,1.52854073296985,1.15695348061009,1.20979901422838,1.35969060137833,1.2145902736085,1.2145902736085
"spu-miR-2006_st",1.44550858861221,1.15695348061009,1.43574406923551,1.04079106099073,1.15695348061009,1.03941088440214,1.15695348061009,1.18687554099951,1.2006717430963
"spu-miR-2007_st",1.23922316506451,0.790506756809756,0.950668057062392,1.0847111151545,0.950668057062392,0.950668057062392,0.950668057062392,0.950668057062392,0.841066910244858
"spu-miR-2008_st",1.05614494209818,0.950668057062392,1.44930749552354,0.950668057062392,0.984042076865276,1.56372862572169,1.82878922866889,1.28406180556826,1.27945551922665
"spu-miR-2009_st",0.942842308807734,1.07200311704127,1.46089517854722,1.61349109653867,1.42349441755991,1.15695348061009,1.11332292294855,1.15695348061009,1.15695348061009
"spu-miR-2010_st",1.25124018624112,1.25124018624112,1.28412137239653,1.32805618369883,1.22802372188214,1.3975426877323,1.3764597601711,1.07200311704127,1.25124018624112
"spu-miR-2011_st",1.2849558091201,1.25286336992968,1.11409698967822,1.38890345816747,1.28131703770146,0.784910456793352,1.16547933333751,1.631094885585,1.29630380798977
"spu-miR-2012_st",1.20324227473883,1.37321264645187,1.2145902736085,1.74614090870544,1.25218540611785,1.29737835444685,1.01182710067581,1.2145902736085,1.3268384981554
"spu-miR-2013_st",0.818428136215305,0.91992082856656,0.551593166982209,0.889047800400398,0.950668057062392,1.3404631467604,1.23922316506451,1.03560487394237,0.632100595542381
"spu-miR-210_st",2.80172172535478,3.86724545195152,3.60657668222206,4.42275321138343,3.86724545195152,3.72340470887045,5.09420521925286,3.968253984505,3.86724545195152
"spu-miR-219_st",1.23922316506451,1.04591781978596,1.16346041599391,0.962217003982792,1.16346041599391,1.29401649483689,1.35969060137833,0.779029866460931,0.892445027369687
"spu-miR-22_st",1.32341441818274,0.836358757953178,1.10866556343929,1.26442616437186,0.902380139891591,0.950668057062392,0.966464913105887,1.28675197178472,1.24773751988853
"spu-miR-242_st",0.958773976289348,0.906688799232475,1.25218540611785,1.03143649322647,0.873953890462532,1.19454861311945,1.61383025964861,0.922111529891327,0.950668057062392
"spu-miR-252a_st",1.12459875368052,1.17958149024071,1.08717786725476,1.14870846207455,1.14870846207455,1.14096703198761,1.27076198798705,1.12225259874847,1.30763865456278
"spu-miR-252b_st",0.857891945238911,0.821821446196087,0.977375339764336,0.977375339764336,0.977375339764336,1.07260651157248,1.01025652591974,1.13630553225257,0.823941212502348
"spu-miR-278_st",1.08456634197773,0.926568835600829,0.645217624090525,0.709078643855946,0.622210430997878,1.05701634675296,0.869239944108582,0.913072924553037,0.666836957974742
"spu-miR-29_st",0.972201244348125,0.950668057062392,1.27126277971931,0.904347662800893,0.950668057062392,0.950668057062392,0.860566547105583,0.904347662800893,0.654122562286068
"spu-miR-31_st",10.0139729204505,9.34707264692251,9.27783583210656,9.2486179924438,9.01817830393377,8.92313209983632,9.99724680586913,9.73285168850916,9.28909000400214
"spu-miR-33_st",0.857891945238911,0.73641116241625,1.03143649322647,0.724057616833206,0.990575004087461,0.728469713025829,0.869239944108582,0.831644811599228,0.869239944108582
"spu-miR-34_st",1.23922316506451,1.07200311704127,0.783389628418875,1.03143649322647,1.18541827795003,1.05726241159116,1.15427280149568,1.07200311704127,1.18541827795003
"spu-miR-375_st",0.755910799276974,0.869239944108582,0.869239944108582,0.962313090753429,0.549432663129457,0.869239944108582,0.897796471279647,1.02267407137057,0.696892103074669
"spu-miR-7_st",2.01033166085215,1.72886249303887,1.10866556343929,1.54939465967587,1.35697161234528,1.54939465967587,1.58217083077943,1.07107043092994,1.80896219551383
"spu-miR-71_st",1.18943399960337,1.26708085231456,0.988817789181789,1.03143649322647,1.08876538471872,0.813946301481588,1.03143649322647,1.03143649322647,0.972127357553289
"spu-miR-79_st",1.04834550548412,1.29028075046394,1.08751757753125,1.15508634937221,1.28060333675583,1.15695348061009,1.19565297318701,1.42667683739182,0.881125457460884
"spu-miR-9_st",0.848922316897933,0.648054439500184,1.05566008112027,0.836358757953178,0.836358757953178,0.808917671702032,0.736246659069212,0.913072924553037,0.836358757953178
"spu-miR-92a_st",11.4058824135899,11.2824329175242,11.1101558909102,11.1935019003119,11.2210380645893,11.2360427188508,11.3691868958408,11.0659581811717,11.3348751686851
"spu-miR-92b_st",13.177997864362,13.1941384385702,13.0755056908489,13.0376859945579,13.1249322913297,13.1345409291448,13.1603342695916,13.106007729588,13.0240786768817
"spu-miR-92c_st",9.89798141702534,9.80573744079505,9.76759318178872,9.71690008401098,9.76798747477903,9.64399876923315,9.86116089085689,9.65928819093129,9.88575299497636
"spu-miR-96_st",1.36866922817176,1.01279149245796,0.968952717951239,1.04567267861337,1.28131703770146,1.36626740127028,0.977375339764336,0.792069466919687,1.08930323627492
"ssc-let-7a_st",13.4290346412903,13.401773861771,13.4083562191073,13.3710570719111,12.9897762440041,12.8403985402497,13.4084466179433,13.2012649231185,13.5087817976654
"ssc-let-7c_st",12.5746331460512,12.5124392269878,12.6671071467827,12.4955977945291,12.1792274095137,12.0365453251795,12.6660742813833,12.3335912614506,12.514111473015
"ssc-let-7e_st",11.8212403930008,12.1576732671231,11.9878138703897,11.9686840436264,11.9545799689974,12.0066209635283,11.9545799689974,11.8886345711074,11.8042778130898
"ssc-let-7f_st",9.47903422570621,9.4237609124554,9.2968634539467,9.29465988460032,8.55785201699745,8.53174052138915,9.36448227190325,8.94207783570881,9.41947551113677
"ssc-let-7g_st",8.90300047012377,9.15476372125917,8.9256135293025,8.94907550557767,8.40939198902885,8.12866988135991,9.13112220908043,8.61076281618468,9.11511552659061
"ssc-let-7i_st",4.94943225725654,5.30754857996275,4.07437498951161,3.73883737462288,4.19156180499613,4.04061290261988,4.49891637446585,4.49891637446585,5.4389925947592
"ssc-miR-1_st",1.15695348061009,1.27465253298484,0.870027385786372,0.914591128796715,1.15695348061009,1.01329808426676,1.15695348061009,1.35714316465555,1.40332115903987
"ssc-miR-100_st",11.6630356649196,11.7599756114824,11.6247679984807,11.5423038398486,11.5864589180852,11.621395987067,11.5701255634186,11.6046782739435,11.5590285735662
"ssc-miR-101_st",1.28030375404075,0.90804935301771,0.931276987892509,1.00798233292579,1.07200311704127,0.900307922930769,1.09327638111977,0.950668057062392,0.862277476441767
"ssc-miR-103_st",13.2456884114534,13.2597802202375,13.2147619413901,13.2450247974816,13.3977933560089,13.416617557141,13.3088356018671,13.3515362045484,13.1768405935737
"ssc-miR-105-1_st",1.05902315693881,1.03061552076099,1.15343310245894,0.913072924553037,1.03061552076099,0.986897258274784,1.60848819666845,1.03061552076099,0.965948219226053
"ssc-miR-105-2_st",1.07200311704127,1.11661821635802,0.995283156379141,1.03143649322647,0.593824005849021,1.13872988113423,0.977375339764336,1.1348512089103,1.26073400247265
"ssc-miR-106a_st",12.6427246769596,12.6861948083323,12.6679299551113,12.6861948083323,12.6996979015874,12.7153526199045,12.7015259821624,12.7155123619273,12.6766574759691
"ssc-miR-107_st",12.9275399052633,12.8265276548513,12.8543632816359,12.7979173321882,12.9160748246797,12.8942488436018,12.9033541355249,12.8636792987802,12.8353248038917
"ssc-miR-10a_st",1.60896154761688,1.60896154761688,1.04971123409043,2.14761693836557,1.44252541003899,1.28131703770146,1.39293473248156,1.67816976912708,2.03779612179773
"ssc-miR-10b_st",1.34296726024971,1.07200311704127,1.11195702339146,1.22922899223954,0.780752363233209,1.10055964421233,1.10055964421233,1.32539537975569,0.995283156379141
"ssc-miR-122_st",1.07385236151039,1.07385236151039,0.992424248556581,0.885778386781138,0.906632313487154,1.1881616606196,1.10055964421233,1.07385236151039,1.1881616606196
"ssc-miR-124a_st",0.98012820077094,0.950668057062392,1.06497735617161,0.950668057062392,0.950668057062392,0.700296679162105,1.01979120804826,1.07200311704127,0.869239944108582
"ssc-miR-125a_st",10.88868314489,11.3498657543033,10.828505293131,11.2953768836903,11.0174040267365,11.1205061855546,10.9526290825652,10.7870725127198,11.2180202311058
"ssc-miR-125b_st",11.1988835298643,11.1685975543079,11.2313793413697,11.2277783223423,11.0632221070902,11.0176593641466,11.2138830995646,11.1076600349611,11.1923597371626
"ssc-miR-127_st",1.40332115903987,1.40332115903987,1.15695348061009,1.23082020749248,1.8641180964427,1.67866122458347,1.40332115903987,1.55876004530226,1.37942428796282
"ssc-miR-1277_st",1.21625275820531,0.956791187039245,0.913072924553037,0.913072924553037,0.592478201896122,0.913072924553037,0.913072924553037,1.03440798453192,0.869239944108582
"ssc-miR-128_st",6.28139999029933,6.70110117884189,6.3770989872235,6.46073669380213,5.1901364689966,5.76219250034011,6.3770989872235,5.97844987510065,6.6201191767598
"ssc-miR-1285_st",12.0809657485668,11.6402916013229,13.4633347466112,11.7495776099185,12.600452434892,12.1653128711376,12.2208460320967,12.3108345384977,11.830103336244
"ssc-miR-129_st",1.20324227473883,1.57329153075292,0.902225953858277,1.14870846207455,1.2145902736085,1.2145902736085,1.13316216065469,1.2145902736085,1.54939465967587
"ssc-miR-1306-3p_st",4.11674973806563,4.18018204050276,2.57219581920384,4.18018204050276,4.15379586294686,4.00415035019611,4.18018204050276,3.55615552456579,4.18018204050276
"ssc-miR-1306-5p_st",1.27190489587172,1.8067600134696,1.40332115903987,1.58140756738531,1.74029088279094,1.07835017798731,1.80922743810386,1.63904436038371,1.58386645949015
"ssc-miR-1307_st",8.94753279869711,8.93591742938648,8.79275335740006,8.95740172353315,9.16219161179768,9.22455096545416,8.86314033424754,9.10907893993979,8.73172097592657
"ssc-miR-1308_st",11.1684425042379,11.7626270985136,11.4354276146978,11.9712343005843,11.8999512296728,11.9351531014883,11.4238412926048,11.2871204921436,11.8627099297866
"ssc-miR-130a_st",9.25477150058543,9.13505624625055,9.32808963125131,9.36812548653125,9.17336504794912,9.3400798571194,9.55617163183427,9.3400798571194,9.5413948291008
"ssc-miR-130b_st",9.14812090492305,8.97960411256279,9.0653201596667,8.88865379318546,9.12402984110548,9.13805579144,9.02711633478625,9.02711633478625,8.88217816685379
"ssc-miR-133a-star_st",0.855260016965253,0.950668057062392,0.945275981831085,0.857891945238911,1.0595852809403,0.855436131554631,0.857891945238911,0.913072924553037,0.514138836143606
"ssc-miR-133a_st",1.00154734158225,1.43968083340266,0.549432663129457,1.51442985040576,1.52191095294513,1.2006717430963,1.66160422337553,1.2006717430963,1.2006717430963
"ssc-miR-133b_st",1.45866483091867,1.10287614520743,1.07200311704127,1.03143649322647,1.07200311704127,1.02255127703253,1.01549210861526,1.07200311704127,1.07200311704127
"ssc-miR-135_st",0.950668057062392,1.04529583433933,0.950668057062392,0.950668057062392,0.950668057062392,0.836358757953178,0.881232153983553,1.2145902736085,0.994647314892309
"ssc-miR-136_st",1.23014634626195,0.73641116241625,0.727785790086202,0.977365486742976,0.857891945238911,1.18969143609301,0.857891945238911,1.19348389986393,0.530785625435777
"ssc-miR-139-5p_st",3.63754827351389,3.684556300233,2.76544716909245,3.73986589666662,2.87620309471031,2.94837687792102,2.90453873374882,4.17086375158735,3.35468802998447
"ssc-miR-140-star_st",8.16614850662483,8.21329678049252,8.29637034372672,8.28004795070808,8.84933856388787,8.71020537482812,8.21320104140801,8.4807555045215,8.1209170787033
"ssc-miR-140_st",1.21739594687327,1.29602543705933,1.09583575301387,1.35756859144675,1.67960052315173,1.7914175343707,1.68149151796875,1.28860070290051,1.51619455480483
"ssc-miR-142_st",0.72037216070828,0.893916708695839,1.37209581988809,1.14870846207455,0.959211956583127,0.836358757953178,1.12643200460636,0.706938209409046,0.869239944108582
"ssc-miR-143_st",1.23922316506451,1.00231727374872,1.10866556343929,1.03143649322647,0.800206281329837,1.10866556343929,1.36576345223164,1.45243979589185,1.07200311704127
"ssc-miR-145_st",0.938765036782023,1.13423082962902,0.73641116241625,0.938765036782023,0.91723184949629,0.911323950530878,0.938765036782023,0.993946016096149,0.938765036782023
"ssc-miR-146b_st",1.68268715093672,1.57329153075292,1.03143649322647,0.805485729787015,1.05600849304189,1.90437253405718,1.52854073296985,2.15331348569367,2.2320170439726
"ssc-miR-148a_st",2.439166235033,2.439166235033,1.86738929862778,2.677909130369,3.74107184593667,2.40970609132445,1.81834764736131,1.78792715506615,3.99924036471048
"ssc-miR-148b_st",4.18018204050276,4.89918381148374,4.25881982918754,4.35690346536791,3.47223707101754,4.09003875597005,4.25881982918754,2.95360875515851,5.10141428216127
"ssc-miR-151-3p_st",8.85970049276951,9.20334095389391,8.8617518212613,9.07130297277886,8.99663392169188,8.92450896211229,8.81014851045009,8.9193756015938,8.74254012813749
"ssc-miR-151-5p_st",11.2781595553955,11.4888728375663,11.2866815580814,11.3342378504168,11.316080563133,11.2094102277002,11.2093507204911,11.2667415654148,11.0796665826096
"ssc-miR-152_st",6.25182274262237,6.40789926389879,6.07166421920169,6.66345333426977,5.85633088263869,5.85633088263869,6.59896931966577,5.8312952758307,6.25182274262237
"ssc-miR-153_st",1.45039166518924,1.2006717430963,1.81743814170009,1.06133879130336,1.17396446039436,1.2006717430963,1.23922316506451,0.698384571855771,1.10531804913327
"ssc-miR-15a_st",6.69628398538568,6.34267571694639,6.13463284105639,6.46593049296621,6.06145444971506,5.83508776906401,6.81147964464155,6.21678661499018,6.65271869945948
"ssc-miR-15b_st",11.1760989719681,11.1017357841765,10.8150869924625,10.9576610409646,10.2257824573292,10.3177335412362,11.0918528392645,10.7071656502361,11.1213305108785
"ssc-miR-16_st",12.8921908914383,12.8945195339379,12.957816061069,12.9480961486508,12.82171057156,12.8690987895325,12.922431265497,12.9089008204387,13.0621126056022
"ssc-miR-17-3p_st",7.23641238225909,7.14257939153946,7.17229880555447,7.21698432084245,7.46255157234804,7.38507979593603,7.17678221029938,7.33885513652951,7.27423497129996
"ssc-miR-17-5p_st",13.2056120864464,13.1829534522462,13.0809788191466,13.1492427719209,13.3054567735506,13.3212771893656,13.2067316318285,13.2542788532865,13.0969974669812
"ssc-miR-18_st",10.3280152757314,10.1176984685871,10.2302501353638,10.3058654177569,10.3853146961218,10.2920556973832,10.4223946430549,10.3505530086272,10.313383885575
"ssc-miR-181a_st",10.7849554485892,11.016817817653,10.8048295753047,10.9197123046025,11.1389866021869,11.1792298059733,10.8599046193127,10.9473390389493,10.8861562920577
"ssc-miR-181b_st",10.6483391822305,10.6801576440547,10.7703678616473,10.6309677461094,11.1120615713263,11.1214411463191,10.6647615514621,10.7159075946022,10.5481821427223
"ssc-miR-181c_st",5.14680170535834,4.10411216316382,2.49106380020743,2.7319427119343,1.94983944899969,2.44751492084944,4.85623876846674,5.3425373961179,2.23797919807442
"ssc-miR-181d_st",6.14163871668468,5.97837169577851,6.08138992061921,6.08138992061921,5.50996048685384,5.66681263880722,6.05387181387495,6.16642365591254,6.50002752924052
"ssc-miR-183_st",7.78607848190921,7.92245506370591,7.51931324714198,7.55844289923341,7.42835339817167,7.22750817467213,7.65004395518205,7.63066059225084,7.89105184903594
"ssc-miR-1839_st",6.31500997084629,6.40453464643626,6.52910373870148,6.45609999166643,6.23273718996944,6.04403263153806,6.43911550811205,6.51557587624804,6.53106894364556
"ssc-miR-184_st",1.01820053315303,1.44389399773486,1.44686542530981,1.21848951899548,0.822133284990267,1.1005606130229,1.05629296987759,1.15694636460805,1.06949263420071
"ssc-miR-185_st",10.0998375810968,10.2168399353545,10.2476997044561,10.0998714342164,10.2513202020821,10.2498668490612,10.0746513040387,10.1477602464086,9.85244269590301
"ssc-miR-186_st",1.1719402508984,0.664834965931295,1.19029795077986,1.01301005841017,0.996634456785392,1.15695348061009,1.28007564655415,0.959039324276037,1.71899096659672
"ssc-miR-191_st",12.1991179392257,12.2205887057817,12.3439667371269,12.2255900306578,12.2981856708953,12.2995396870407,12.1283457128569,12.1552014171247,12.1070463996096
"ssc-miR-192_st",6.86337624494995,6.70911300823336,6.81394856909093,6.99426447694746,7.03368057075751,6.47740613965821,7.00970335866916,6.71604286356298,6.97923787954345
"ssc-miR-193a-3p_st",1.48025281579905,1.44359036940103,1.52854073296985,1.79027357140273,1.7697033947858,1.52854073296985,1.06202207499933,1.54939465967587,1.78928268941035
"ssc-miR-193a-5p_st",5.98768739630571,5.76286804507277,5.22664138587447,5.45736477029431,6.12827903830186,6.40758688312331,5.87564149973754,6.02887433524578,5.64084644175162
"ssc-miR-195_st",4.28320046678139,4.45614033419521,2.77585617891088,4.07571821603149,4.29217972718044,4.09857068276151,4.16611593417756,4.14763594977148,4.22924730751274
"ssc-miR-196a_st",1.098856122587,1.2006717430963,0.739182982807758,0.977375339764336,0.977375339764336,0.85215576583436,0.869239944108582,0.998229266470352,0.823941212502348
"ssc-miR-196b_st",0.473484779981171,0.66327509540219,1.10153211892877,0.741470714740645,0.66327509540219,0.945959904770711,0.765940164303753,0.765940164303753,0.869239944108582
"ssc-miR-199a-3p_st",0.767644712438319,1.07200311704127,1.18013851269702,1.03143649322647,1.07200311704127,1.05701634675296,1.23922316506451,1.07200311704127,1.38217461165263
"ssc-miR-199a-5p_st",1.40332115903987,1.57329153075292,1.15695348061009,1.3972873684016,1.91516021271146,1.05701634675296,1.35969060137833,1.05701634675296,1.35969060137833
"ssc-miR-199b-star_st",0.740300990349709,0.873021204351199,1.27851753973619,0.899477067677283,0.836358757953178,0.800392371015137,1.35969060137833,0.862853440181137,0.888007974639506
"ssc-miR-19a_st",6.66624689264636,6.77611439311363,6.76439871415443,6.91081171024595,6.41663407069743,6.49263829592636,7.24279955226086,6.81191048037288,6.84351154239101
"ssc-miR-19b_st",11.167970671994,11.2485831785259,11.1071756009411,11.0924695846361,10.7396048209614,10.7336601120721,11.2538100185863,10.9588470693651,11.2861637970484
"ssc-miR-20_st",10.2486473172132,9.90974255413823,9.7681513682255,10.0979073522675,9.98638262466314,9.99678072768603,10.2959511879316,10.0425682306443,10.4750630239485
"ssc-miR-202_st",1.10866556343929,0.975836781746959,1.10866556343929,1.13386856274664,1.10866556343929,1.05701634675296,1.35969060137833,1.10866556343929,1.10866556343929
"ssc-miR-204_st",1.44880681896032,1.28000901640324,1.24185509333816,1.31856043837145,1.3606543110084,1.23629075391703,1.31856043837145,1.20631221382455,1.38447796203376
"ssc-miR-205_st",13.1354497423096,13.1438627831917,13.2826780863682,13.1444220262045,13.1764416412639,13.1993228303792,13.1944740954781,13.0999878362516,13.2805241086924
"ssc-miR-206_st",1.2800495943897,1.59869969168469,1.2829706407162,1.44800329400093,1.35969060137833,1.35969060137833,1.35969060137833,1.07276450655461,1.13566828136027
"ssc-miR-208b_st",0.923473839864758,0.950668057062392,0.828663935723978,0.897678571135449,1.18631241615048,0.950668057062392,0.950668057062392,1.2145902736085,1.14613384990938
"ssc-miR-21_st",8.94510891460151,8.81294416509737,8.632158831492,8.46834074754488,8.21113117369135,8.18997739762675,8.89876535328903,8.31017493923462,8.66688645252774
"ssc-miR-210_st",7.76977047773534,7.83073403150148,7.95830348214686,8.0516397020187,8.57361741805492,8.52544774974113,8.16570498859978,7.64903980165858,7.4129978285652
"ssc-miR-214_st",2.12175937480353,1.74406078158853,1.10326574286807,1.87649115990772,1.42412816587689,1.84863159629651,1.2546591423102,1.70349415777373,1.87649115990772
"ssc-miR-215_st",1.26159820766825,0.931232885958516,1.07200311704127,1.41639127435638,1.15695348061009,1.07200311704127,1.07200311704127,1.03440798453192,1.07200311704127
"ssc-miR-216_st",1.38181032163173,1.45023463269659,1.2145902736085,1.03143649322647,1.2145902736085,1.37605633931021,1.12720623701633,1.45023463269659,0.954858395982412
"ssc-miR-217_st",1.1483753614988,1.29521262678442,1.20243651496094,1.13868230063937,0.938514298414831,1.68268715093672,1.22706940641695,1.24300313877574,1.10418336701308
"ssc-miR-22-3p_st",11.5260877947409,11.3801587265009,11.8023075974267,11.736992160968,11.8136667170474,11.8526096245335,11.7006819496538,11.6629330672666,11.7346357359359
"ssc-miR-22-5p_st",2.90170378782898,4.48989407826851,3.4622503582504,4.20744205507997,3.52636430500157,3.75502683515169,3.3014872919787,3.75502683515169,4.87712966701054
"ssc-miR-221_st",12.3137992182844,12.1991711244148,12.3904776220449,12.1199515555685,12.1955668082367,12.2240264769225,12.3636801147824,12.2338003765994,12.3115021128199
"ssc-miR-222_st",13.3770998048737,13.4956526384601,13.4503009714986,13.529667025134,13.5102692283346,13.5394897857733,13.3766886223893,13.4167332011005,13.3261885037488
"ssc-miR-224_st",6.25736542966387,6.66695158670282,6.46037462846806,6.8271545950679,6.12653421961298,6.32878310855472,6.32878310855472,5.31108646109627,6.81941911942413
"ssc-miR-23a_st",13.5825098577521,13.5089377921979,13.470444989999,13.5236632659039,13.4153813024582,13.4050787359941,13.5965325985178,13.5472884708719,13.6908832303079
"ssc-miR-23b_st",12.3633173035719,12.3392007899204,12.1154517882671,12.2878062877546,12.2197879759121,12.2155077259613,12.3463375768571,12.3839185261907,12.4104714391401
"ssc-miR-24-star_st",6.79078138757732,6.87505542789971,6.59738395278625,6.85912108200211,7.46757970616606,7.02659013621968,7.1483999043066,6.84555227385684,6.83910472758683
"ssc-miR-24_st",13.5134019857996,13.4537115911391,13.4238370955464,13.4924887934939,13.5919199060282,13.5972108030846,13.5238996714235,13.5188213510365,13.4105956133529
"ssc-miR-26a_st",12.2469526414239,12.4472894647766,12.2431320952142,12.3435999555336,12.1664925340253,12.1518459440172,12.2854501398179,12.2054785923218,12.2469526414239
"ssc-miR-27a_st",12.0415602494012,11.5293318070058,11.5390798916231,11.8673551859926,12.4216599683309,12.414193913927,12.214367332776,12.1340223569775,12.2408548163802
"ssc-miR-27b-star_st",6.58436274176024,7.27289740321995,6.90537453288188,7.09898765335039,6.81794899906513,6.80510503278729,6.81794899906513,6.65453316252202,6.78539690861559
"ssc-miR-27b_st",10.2927170107224,10.0437228800136,9.90746529965324,10.0823983742129,9.73968862516795,9.80721659140715,10.2448899441491,10.0164886624947,10.3641868601982
"ssc-miR-28-3p_st",7.24521384009422,7.18426943814577,7.11921433448495,7.24521384009422,7.24521384009422,7.28110763984486,7.24521384009422,7.41621227041745,7.38115875253243
"ssc-miR-28-5p_st",1.45338342681036,1.2145902736085,1.2145902736085,1.43230049924916,0.549432663129457,1.54939465967587,1.17075729316404,1.2145902736085,1.12661604883884
"ssc-miR-299_st",1.09871039974321,0.73641116241625,1.27476628997396,1.26442616437186,1.07200311704127,1.78503901876396,0.984619080449097,1.40079057920553,1.07200311704127
"ssc-miR-29a_st",11.0727678181689,10.8915211973146,10.9532487872152,10.9790460177087,10.9533530236853,11.0496765706703,11.3100380573601,11.0768349249813,11.2479228497687
"ssc-miR-29b_st",1.47639270667436,1.08150190482438,1.14094137943219,1.52854073296985,0.895383212801825,1.31840904973882,1.18393832080394,1.28766182124299,1.28766182124299
"ssc-miR-29c_st",4.11892084879994,3.30420382998182,2.27663114414833,2.61532458177723,2.83781520896312,3.20157306051521,4.31083215640088,3.64368476559623,4.45719937672584
"ssc-miR-301_st",1.04208105665186,1.07200311704127,0.945173888962976,1.19784165758442,1.07200311704127,1.68268715093672,1.07200311704127,1.51273221327785,1.03534067064325
"ssc-miR-30a-3p_st",8.04506498412775,8.07975249967272,8.02571126246305,8.03964794036152,7.91823701890829,7.81266168491512,8.06397914594514,7.95393391392268,8.05601295163616
"ssc-miR-30a-5p_st",8.95013253614346,8.76043020060509,8.8433729793792,8.88743518250079,8.86982660382776,8.83438748956269,9.0404288977669,8.99541299828105,8.93841297909291
"ssc-miR-30b-3p_st",5.63881156722664,6.40590089216244,5.55264095087727,5.9502702028876,5.64000640936305,5.43421516994263,5.9026879601254,4.94660416334077,5.68361522471442
"ssc-miR-30b-5p_st",7.91343743986327,7.39523378735175,7.67297727301942,7.78745524089212,7.61030643740579,7.52319388946608,7.94994291567753,7.86338790308942,8.21673434991561
"ssc-miR-30c_st",10.0091177831518,10.0774094523159,9.71876815141421,10.0091177831518,9.62917200052753,9.69869101804271,10.1664303817594,10.0342532062552,10.1524466235635
"ssc-miR-30d_st",10.0294875268355,10.2294811664959,10.4464813434754,10.3971075704667,10.1964976972201,10.314826063932,10.0340754671632,10.1654962986319,10.1846838913944
"ssc-miR-30e-3p_st",5.49569576840317,5.62091114345827,5.34850429490514,5.72040394462746,4.19769925902736,5.09420521925286,5.28575934703561,4.15699279440836,5.38706017383124
"ssc-miR-30e-5p_st",8.92931651108144,8.98218825439624,9.23773533459124,9.33748048584461,9.71327986641281,9.72965233810925,9.03183413078654,9.2006434351167,9.32510709200023
"ssc-miR-32_st",1.33290930305318,1.24646750777865,1.71957101693057,1.33290930305318,1.35376322975919,1.77374024462021,0.906123810102433,1.89808343630525,1.19961681179232
"ssc-miR-320_st",11.1428935923624,11.4277352041551,11.3775292723106,11.2796382588584,11.5905054032427,11.5796064375044,11.1377317341625,11.2923810244862,10.9245342760807
"ssc-miR-323_st",1.21133063234086,1.27662952929592,0.606319176196928,1.36316318179003,0.944265763392143,1.02662584326201,1.05333312596396,0.881694935362495,0.759638797291049
"ssc-miR-324_st",7.87122534770508,8.09912646139497,8.13161359534769,8.06324697813687,8.11744602634661,7.89122209477019,7.8130181384025,7.87122534770508,7.8130181384025
"ssc-miR-325_st",0.857891945238911,1.24149101160102,0.833125460854437,1.08117232566203,0.836358757953178,0.950668057062392,1.29060874970607,0.913072924553037,0.748265070928551
"ssc-miR-326_st",1.27067374204874,0.836358757953178,0.817478170959397,1.14870846207455,1.05061565259932,0.809736740872456,1.05061565259932,1.07200311704127,1.05061565259932
"ssc-miR-328_st",2.41457627394176,1.32873702410809,1.37873119794863,1.93631808209746,2.36159817807581,1.84863159629651,2.11211856505375,0.913072924553037,1.90627026504173
"ssc-miR-331-3p_st",5.39776252167342,5.62588495278027,5.62588495278027,5.78369055169458,5.96560280062666,6.20258681798748,5.56802368391172,5.09717327842287,5.70685170248257
"ssc-miR-331-5p_st",4.8259012213113,6.10160132340749,5.24820207877824,5.50600940934074,5.58305519130483,6.07898719344169,5.62588495278027,5.58163931057364,5.1815610375773
"ssc-miR-335_st",1.28295341022318,2.36724103220601,1.68268715093672,2.10676206852002,1.46909160053514,1.15284725507047,1.2793875422376,1.72873041701531,2.08337334853804
"ssc-miR-338_st",1.17492074985321,1.00770070182997,0.947487831610908,0.913072924553037,0.582007237248142,0.913072924553037,0.913072924553037,0.848770509341738,1.02738222366225
"ssc-miR-339_st",8.34466962856412,8.29676310419399,8.37693534094596,8.5079469524699,8.51334285163173,8.52970115004444,8.21780446225064,8.47672483799426,8.37281365132768
"ssc-miR-340_st",1.0756284877122,0.836358757953178,0.977375339764336,1.0848480235261,0.844546558072004,0.944494153608932,1.10055964421233,0.887165262116685,0.977375339764336
"ssc-miR-342_st",8.68567207084769,9.069045870322,8.80551375337222,8.98446306483588,8.83513185229336,8.94331004755436,8.42185271304895,8.69074658311317,8.65917503858924
"ssc-miR-345-3p_st",0.898458569053711,1.2006717430963,2.09791626842011,0.805485729787015,1.07200311704127,0.991234680877192,1.15037668071814,0.871367541320963,1.07200311704127
"ssc-miR-345-5p_st",1.4443641244409,1.4443641244409,1.4443641244409,1.4443641244409,1.15742360731613,0.534691957679342,1.80922743810386,1.64455380848635,1.64455380848635
"ssc-miR-34a_st",3.27428176959241,3.20563695702552,3.22204354028462,3.37031214213614,3.15186604290933,3.20563695702552,2.89952738249258,2.70166706450053,4.02063906737344
"ssc-miR-34c_st",1.04109973712724,1.86541654651915,1.40079057920553,1.6119040110423,1.38608217984766,1.16178148889916,2.4072458766491,1.40079057920553,1.40079057920553
"ssc-miR-361-3p_st",1.48775312622476,1.69529565209133,0.946491901466224,1.28293794569217,1.45277299904861,1.45829298251621,1.00044221487486,1.16160288571329,1.31837656727963
"ssc-miR-361-5p_st",9.76400333096983,10.1316104991982,9.87420084949628,9.89067455227521,9.98418175758382,9.9243622913612,9.6935728799396,9.84434241535539,9.73665589248346
"ssc-miR-363_st",1.40332115903987,0.748952580700075,0.800358193576816,1.1271840963554,1.14803802306141,1.07200311704127,1.06455907983597,1.12963991003968,1.26270647886591
"ssc-miR-365_st",0.992913846186342,0.836358757953178,1.30245858234358,1.01127154606781,1.14456403732866,1.01127154606781,0.809578210366419,1.05183816988261,1.01127154606781
"ssc-miR-369_st",1.07453369687562,1.07200311704127,1.04877548216647,1.02430603260336,1.07200311704127,1.39260830137798,1.01560928064351,1.07200311704127,1.07200311704127
"ssc-miR-374a-star_st",1.07200311704127,1.12880538903609,0.910537051339561,1.02430603260336,0.949998995702856,1.07200311704127,1.02837255937972,1.09139418621115,1.07200311704127
"ssc-miR-374a_st",1.40332115903987,0.950668057062392,0.998664154018806,1.29602543705933,1.27187817427761,1.40332115903987,1.82318131466667,1.29943405432054,1.29602543705933
"ssc-miR-374b_st",1.37585011168831,2.79050350718207,1.89295760429329,1.18548645901936,1.82048753878116,1.84863159629651,1.37335388486376,1.54939465967587,2.15230845770429
"ssc-miR-376a-star_st",0.977375339764336,0.913197605784467,1.28131703770146,0.913072924553037,0.937542374116145,0.929800944029204,1.23922316506451,0.950668057062392,1.16356898368475
"ssc-miR-376a_st",1.2145902736085,1.14493376861024,1.64953635797491,1.14870846207455,1.2145902736085,1.32093856329907,1.1734902957813,1.2145902736085,1.03106714431167
"ssc-miR-378_st",10.5957261941863,10.7488850694426,10.8376184328919,10.7584317994969,11.0515893124727,10.8977820183295,10.6149917867636,10.5949910763356,10.4082624163389
"ssc-miR-423-3p_st",9.91570126234072,9.82083306288667,9.84167270660978,9.91212908454141,10.1039071765513,10.1167245545027,9.85914542789551,9.733921846634,9.62568768365936
"ssc-miR-423-5p_st",8.12838348223849,8.53617339164864,8.34818359909563,8.44574495742492,8.60091611847309,8.53236692265722,8.02662028432042,8.21409750867733,7.84583376881651
"ssc-miR-424-star_st",7.52044778155697,8.07476404200225,8.15708449089041,8.2486809585563,7.89927510670835,7.92761453429793,7.7477672437311,7.58320684683292,7.4238668871488
"ssc-miR-424_st",1.66505399747275,2.04344611754417,1.66505399747275,1.79027357140273,1.27261281840698,1.25111783032751,1.67640199634242,1.66505399747275,1.63139977789589
"ssc-miR-425-3p_st",5.94233007015781,5.6703626873532,5.92660369653126,5.6516233822515,6.01481725503787,5.82678782648048,5.5224320665732,5.67377388599762,5.55909646549572
"ssc-miR-425-5p_st",9.80429035580176,9.74233374871909,9.93669654765092,9.81580277267978,9.9047900200904,10.0236825702291,9.91558774212191,9.922407533049,9.89688293318322
"ssc-miR-432_st",0.981793039393619,1.03859531138844,0.693179550771224,0.914704885785829,0.939174335348937,0.981793039393619,0.981793039393619,0.981793039393619,1.07200311704127
"ssc-miR-450a_st",0.913072924553037,0.698816029906895,1.54939465967587,0.819528907619164,1.06978914568628,0.726455760974318,0.80415570067513,1.07200311704127,0.971521983768407
"ssc-miR-450b_st",0.857891945238911,1.05701634675296,0.954351277851399,1.45675008746651,1.40332115903987,1.05701634675296,1.05701634675296,1.08707149185289,0.858975941740804
"ssc-miR-450c-star_st",0.857891945238911,0.950668057062392,0.893916708695839,0.69746376328516,0.836358757953178,0.836358757953178,0.642318758329991,0.647627872521802,0.759638797291049
"ssc-miR-450c_st",1.11603886061651,0.873359733009389,1.24184170567498,0.954128169173467,0.623062481868572,1.03376917616209,0.977375339764336,0.835764600500034,0.954128169173467
"ssc-miR-455_st",10.349483882043,10.4783166064267,9.99677088270958,10.3755653160148,10.4379214999497,10.4914264351246,10.410384939202,10.3249555553745,10.1052434827608
"ssc-miR-486_st",1.12159450901762,1.57329153075292,1.56393726883045,1.57329153075292,1.30219865164763,1.4589822316437,1.98231407506885,2.02341405289605,1.57329153075292
"ssc-miR-497_st",1.25762106323536,0.876174878497305,2.26723357161717,1.09366507024219,0.950668057062392,0.972330010263309,1.23335834067258,1.09366507024219,1.09366507024219
"ssc-miR-499_st",1.23184986788729,1.18794368080451,1.64953635797491,1.50029338492588,0.997894575310771,1.28131703770146,1.10055964421234,0.910692278591626,0.921820100780354
"ssc-miR-500_st",6.804731415224,6.91545350313701,6.83208723152437,7.16371032263727,7.33757179781186,7.19250215731652,6.63106271658407,6.97805899311693,6.55702410512128
"ssc-miR-503_st",4.2274381664508,4.14801867853236,4.08674249415458,4.88799799204921,3.75465268867373,4.17329400495068,4.09624999035762,2.48133253458691,4.42796348394212
"ssc-miR-504_st",1.0530299099645,1.29602543705933,1.49649389583672,1.21459732410552,1.08176854241319,1.21459732410552,1.27826248842452,1.36067082474151,1.21459732410552
"ssc-miR-505_st",1.36008687432006,1.58543932040436,1.37400540483226,1.03143649322647,1.23141824826503,1.36008687432006,1.71870182327649,0.913072924553037,1.36008687432006
"ssc-miR-532-3p_st",5.38213011318011,5.62547003841472,4.9140581055187,5.10262173429498,4.39014584337437,4.97406780728973,5.24913234123632,5.32480059910869,5.46462941037019
"ssc-miR-532-5p_st",7.8998129034125,7.86350683507926,7.79905077521445,7.76171463645218,7.75026945386069,7.77875353612098,7.44681632579527,7.74145261014896,7.59028450378007
"ssc-miR-542-3p_st",0.767644712438319,1.19333817702015,0.680081028452884,1.23419966615916,0.780028623989812,0.951737894293692,0.870309781339883,1.40079057920553,1.07200311704127
"ssc-miR-542-5p_st",1.80922743810386,1.29602543705933,1.74015287073309,1.78398585117755,2.24786128418879,1.706646943799,1.80922743810386,1.70483892895272,2.22915076907889
"ssc-miR-574_st",8.44221990501022,8.78300857926414,8.06177307723679,8.72448703953978,8.49885142254075,8.81588322264446,8.45642646278142,8.55580577532792,8.33709122793431
"ssc-miR-628_st",1.29602543705933,1.29602543705933,1.19052477511832,1.32122843636668,1.29602543705933,0.90914778607743,1.3882410827707,0.631161305785398,1.40332115903987
"ssc-miR-664-3p_st",1.82048753878116,1.22176093616768,1.28640632384986,1.27493409246388,1.82048753878116,1.82048753878116,1.74093411412174,1.93710566893822,1.82048753878116
"ssc-miR-664-5p_st",1.10866556343929,0.872664160548391,1.13241639456712,1.49034482075034,1.40332115903987,1.02639587898488,1.10866556343929,0.8984594292777,1.10866556343929
"ssc-miR-676_st",0.910625158427132,0.873953890462532,1.14169731683373,0.950668057062392,1.14169731683373,0.958913075597933,0.78680153690287,1.2356365523664,0.950668057062392
"ssc-miR-7_st",4.9664177152914,4.75377097080783,4.0333474639216,4.20087829252775,3.42773992546718,3.56390854419184,2.99912788618686,4.21145707894498,5.8360964923074
"ssc-miR-708_st",7.33552724373243,7.46255157234804,7.38786410695331,7.38786410695331,7.42293306115241,7.61914335614878,7.32158422319272,7.36209645305246,7.28010865146698
"ssc-miR-744_st",8.85657397338409,8.8905809078954,8.71468826277621,9.01181897247603,9.15638554825133,9.25218700783989,8.73548008607808,9.14740053506301,8.60493369401808
"ssc-miR-758_st",1.09212474331915,1.06541746061721,1.18675252059609,1.37917556792667,0.592079201451369,1.06541746061721,0.869239944108582,0.95714893631306,1.31542114665112
"ssc-miR-769_st",1.2434132594775,1.40736024997202,1.78214743514306,1.66160422337553,1.28131703770146,0.964015214626402,1.04049908306396,0.873279035040727,1.66553407821561
"ssc-miR-885-3p_st",5.25168139947733,3.82993512155776,3.72230757574804,4.642801885327,4.43498138075734,3.88532397298572,5.68670737980482,5.78551929608194,4.32538019717981
"ssc-miR-885-5p_st",3.12687500095246,3.13400853727461,2.81378328940395,3.42585092939465,2.71847376410563,3.65851160772132,3.13400853727461,2.71633379859963,3.02701792488817
"ssc-miR-9-1_st",0.977375339764336,0.836133552584585,1.16376729797446,0.805260524418422,0.705312928881494,0.618643360839702,1.10033443884374,0.872348678026212,0.731971475175568
"ssc-miR-9-2_st",1.67614978816649,0.770214777833925,1.04563071609349,0.636526172272003,0.692837425364666,0.984471672480067,0.789628398617502,0.913072924553037,0.903043559526258
"ssc-miR-92a_st",13.2386615350751,13.2900790893161,13.1883214705149,13.1894851101877,13.2480115868095,13.2367023657498,13.2702961823106,13.235689728189,13.1095124875755
"ssc-miR-92b_st",7.52516534694733,7.37910547580223,6.98290391152066,7.28706835482682,7.29403788107832,7.19220170000697,7.52599913120991,7.24483478270461,7.1635498932782
"ssc-miR-935_st",2.61532458177723,1.72873041701531,2.16232417243606,2.50385825165357,3.27705951227186,1.70483354593826,3.52690365582516,2.61532458177723,2.61532458177723
"ssc-miR-95_st",0.950668057062392,1.02738801772452,0.809897825979638,0.950668057062392,0.950668057062392,0.679874284954719,1.35525700759807,1.05825525182841,0.950668057062392
"ssc-miR-98_st",2.88597244273549,2.99671115404869,2.89406248869002,2.38953293244242,1.86922709380627,2.12351809250375,2.5548261314083,1.93478720707238,2.65280546871726
"ssc-miR-99a_st",7.33715824510218,7.57810899995909,7.24548819566831,7.52216478483847,6.98835635116432,7.21347569534622,7.35699402012071,7.25491473622202,7.53787485166006
"ssc-miR-99b_st",10.8713075334839,11.0801736580026,11.0689956843005,10.9757334849034,11.1549185911381,11.1911303712249,10.7986551666377,10.9358405936261,10.6518602233768
"ssy-miR-506_st",0.857891945238911,1.1677905569409,0.73641116241625,0.836358757953178,0.836358757953178,0.836358757953178,0.748974721361005,0.549432663129457,0.836358757953178
"ssy-miR-507_st",0.661590684768832,0.748974721361005,1.2145902736085,0.748974721361005,0.966464913105887,0.866527779248758,0.748974721361005,0.574061933246376,0.672254760698876
"ssy-miR-508_st",0.788159007338707,1.09954277262781,1.07200311704127,0.950668057062392,0.950668057062392,0.950668057062392,1.01497047227369,0.950668057062392,0.906835076617937
"ssy-miR-509a_st",1.25912819939583,1.59996713499645,1.03143649322647,1.37122633000485,1.22246575299781,1.40568059479283,1.57328233131214,1.44487396166556,1.28131703770146
"ssy-miR-509b_st",0.857891945238912,1.32251791255254,1.50765498102462,0.738265922138778,1.1154937830699,1.15254754083949,1.30278264513873,1.03054341950108,0.895732419601794
"ssy-miR-510_st",0.836358757953178,0.836358757953178,1.27708785418975,0.876401656588437,0.836358757953178,0.836358757953178,0.836358757953178,0.799696311555156,0.762795419575141
"ssy-miR-513a_st",0.857891945238911,1.28206182088413,0.817435853570506,0.802811127920344,1.27864243583479,0.807423243416447,0.94799345519572,1.28358540982074,0.94799345519572
"ssy-miR-513b_st",1.02035082919474,0.939740870639353,0.950668057062392,0.915271421076245,0.800776469912448,1.48464674592456,0.950668057062392,1.04529583433933,1.04529583433933
"ssy-miR-513c_st",0.977375339764336,1.2006717430963,1.12255766703971,1.2568438577303,0.818199262436762,0.706581567656663,0.977375339764336,0.779029866460931,1.17906867546572
"ssy-miR-514_st",1.23922316506451,1.23922316506451,1.83886469378195,1.18942556490782,1.23922316506451,1.23922316506451,1.20847593656867,1.31593733166437,1.27210435121991
"sv40-miR-S1-3p_st",5.27800422703922,4.57121904179925,4.98273483024124,5.19740937918788,2.50288731320846,4.37076533812881,4.81538438221498,3.73092661387429,5.23278948327655
"sv40-miR-S1-5p_st",1.5310369597944,1.4546272926171,0.931557517974025,1.40079057920553,1.28131703770146,1.28131703770146,1.28131703770146,1.0684161110791,1.17171589088393
"tae-miR1117_st",0.977375339764337,1.16473521338437,1.0174182383996,0.991323683586457,0.730492143575875,1.0174182383996,1.3972505092949,1.07200311704127,0.940698277737467
"tae-miR1118_st",0.962770574904717,0.950668057062392,0.612360199952257,1.11442076604704,1.11442076604704,1.11442076604704,0.869239944108582,1.2310388962041,1.44206527596246
"tae-miR1119_st",2.61739752795637,1.0647577768399,1.32497323885732,1.49912805183399,1.78703792476301,1.05701634675296,2.84082371149949,2.37666650483628,0.888444017938533
"tae-miR1120_st",0.825688887960864,1.34225010212499,0.82961429348454,1.01804914986952,0.7230238190593,0.913072924553037,0.945954110708442,0.913072924553037,1.37273960365919
"tae-miR1121_st",0.977375339764336,1.07200311704127,0.950668057062392,0.805485729787015,0.950668057062392,0.60733467235043,0.869239944108582,1.01654986859634,1.3334141348413
"tae-miR1122_st",1.01025652591974,1.55730724161806,0.98009796630396,0.913072924553037,1.29337797457494,1.26448412558357,0.977375339764336,0.849625186000011,1.21194986162113
"tae-miR1123_st",1.10866556343929,1.07200311704127,1.1719507125782,1.55872427469458,0.885024617754477,1.17750377898228,1.06133904111123,0.699653474748938,1.07200311704127
"tae-miR1124_st",1.23922316506451,0.900656758625194,0.900656758625194,1.09307980595578,0.775208854158193,0.760468148708078,1.06787680664843,0.785238219184972,1.20090231874002
"tae-miR1125_st",7.24327453729742,9.00076035932787,8.87980860067355,9.08817945159375,8.83009865431299,9.05623647195622,6.72691016916999,8.15808534512738,8.49468388094731
"tae-miR1126_st",0.913745648272579,1.1867532125841,1.35160614763246,0.747537192263326,1.2006717430963,1.53132072373537,1.51462220245765,1.2006717430963,1.2006717430963
"tae-miR1127_st",0.748974721361005,0.982443237961959,0.767690423536978,0.734316403734094,0.836358757953178,0.836358757953178,0.977375339764336,1.07200311704127,0.759638797291049
"tae-miR1128_st",1.23922316506451,1.12053287957433,1.28751108223531,1.65909833459507,1.08122565868761,1.35240959671611,1.18242089306968,1.20256071866648,1.23922316506451
"tae-miR1129_st",4.21159866987135,2.74675038068084,2.27628743234384,3.05607699575396,3.17558495486169,3.04229246360084,2.47027314368931,4.60115861170612,3.36400610460441
"tae-miR1130_st",0.977375339764336,1.129568007331,0.998698643410471,1.07429298415834,1.24035007338032,1.20690155978525,1.23922316506451,1.38293722994754,0.91209643504045
"tae-miR1131_st",1.26759575592752,1.07200311704127,1.07200311704127,1.07200311704127,0.872461058809722,1.1516441240299,0.78495229243375,1.03440798453192,0.794737023347679
"tae-miR1132_st",1.08629256364224,1.69619148721524,0.992919794081113,2.4414887409134,1.65753005533162,1.84863159629651,0.977375339764337,1.45333904015309,1.88800084182748
"tae-miR1133_st",1.42439312903506,1.92318531592216,1.42189690221051,1.15537951495625,1.50468498304886,1.40999221192158,1.54982741491273,1.2212613264902,1.7868333192043
"tae-miR1134_st",1.41413233184005,1.2006717430963,1.2145902736085,0.805485729787015,1.2145902736085,1.36066377424449,1.2145902736085,1.13409325251995,1.2145902736085
"tae-miR1135_st",1.56899711876491,1.75904622425865,1.46519695919184,1.79253303084506,1.70422033822246,1.68268715093672,1.55890636059718,1.52930755010783,2.02007782936237
"tae-miR1136_st",1.2441539278573,1.2006717430963,0.783389628418875,0.913072924553037,0.780352710551547,0.882103859591297,0.913072924553037,0.913072924553037,0.913072924553037
"tae-miR1137_st",0.977375339764336,0.977375339764336,0.977375339764336,0.913072924553037,1.07200311704127,0.782722672741967,1.10055964421233,0.913072924553037,0.977375339764336
"tae-miR1138_st",0.820978079102235,1.07200311704127,1.0581930129464,1.15560814289861,0.950668057062392,1.34869614030053,0.973600712720484,1.17792782721048,1.12533648370519
"tae-miR1139_st",0.68600233526159,0.791567199274817,0.698579375430252,0.805485729787015,0.805485729787015,1.14029011585438,0.805485729787015,0.900113507063949,0.576435339772059
"tae-miR159a_st",1.10866556343929,1.2006717430963,1.03143649322647,0.848282712844442,1.06577290458932,1.05701634675296,0.869239944108582,1.07200311704127,1.00234253353487
"tae-miR159b_st",0.830402834314814,0.950668057062392,1.40332115903987,0.826251011962356,1.15343122999508,0.950668057062392,0.950668057062392,1.09325521362962,0.864541159739599
"tae-miR160_st",1.33196196677126,1.2006717430963,1.09253634744055,1.13478993156235,1.2006717430963,1.07933668311742,1.27904530677317,1.76510356434865,1.2006717430963
"tae-miR164_st",1.68268715093672,1.28131703770146,0.857901798260272,1.28131703770146,0.919432393080063,1.28131703770146,1.40086226693503,1.52515413629689,1.40332115903987
"tae-miR167_st",1.03791168570587,0.661445969838549,0.756646620794049,0.836358757953178,0.836358757953178,0.836358757953178,0.977375339764336,0.774815603565755,0.759638797291049
"tae-miR171_st",0.897501583455033,1.2006717430963,1.27091370730726,1.12535420792262,0.931963036780455,0.877196594423337,1.07835719871376,1.06159978664707,0.789802090711644
"tae-miR399_st",1.15378264639168,0.950668057062392,0.736411162416249,1.07121554848362,1.07121554848362,1.10213342970535,1.27900222032165,1.11178217229842,1.24045079835345
"tae-miR408_st",0.977375339764336,1.14995193642333,1.69263872694522,1.36822802349083,2.38969765648182,1.89287077753807,1.68601144265007,1.37163664075205,1.40332115903987
"tae-miR444_st",1.00107836867327,0.831587140582915,1.10959824955062,0.805485729787015,1.04936628584407,0.950668057062392,1.02817013659681,0.964415922275248,0.964415922275248
"tca-bantam_st",1.3586692494732,1.2006717430963,1.41561614027685,0.805485729787015,0.850720461525464,0.950668057062392,0.863284020470219,1.18631241615048,0.777157123147426
"tca-let-7_st",12.0223973067748,11.9651528322617,11.8851587576872,11.9636960457265,11.5091016239956,11.3628296346849,12.0061764164373,11.6060416524022,12.071731318232
"tca-miR-1_st",0.673016935161386,0.977375339764336,1.41423143386064,1.17245307503763,0.836358757953178,1.04264418150088,1.26593044776645,0.92004644827209,0.972334238928404
"tca-miR-10_st",1.3897236540137,1.44389399773486,1.3897236540137,1.44389399773486,1.73584080354617,1.54939465967587,1.22519697539551,1.2145902736085,1.40332115903987
"tca-miR-100_st",11.6931689005652,11.7503821879574,11.7080884628834,11.5716957433126,11.6250535843143,11.5900429564172,11.6105270870967,11.6627851932975,11.5858951517417
"tca-miR-1000_st",1.03143649322647,1.03143649322647,1.03143649322647,1.03143649322647,1.18308668436879,0.950668057062392,0.869239944108582,1.22912995044737,0.910101433247592
"tca-miR-12_st",0.857891945238911,0.971221090070519,1.02328143559877,1.12465521733251,0.890452653906441,1.04794105073265,0.971221090070519,1.17398426300321,0.861619943252986
"tca-miR-124_st",1.07200311704127,1.07200311704127,1.43169395911956,1.03143649322647,1.07200311704127,1.11409698967822,0.977375339764336,1.07200311704127,0.987052753472448
"tca-miR-125_st",11.2929114572228,11.1744700359625,11.2268597291761,11.1744700359625,11.1347371069687,11.0381128817663,11.2699010962389,11.1416588964787,11.1541614468865
"tca-miR-133_st",1.23418255082291,1.38230592669439,1.15695348061009,0.93946328886521,1.47622077437817,0.9618757453368,1.15695348061009,0.870027385786372,0.983442546695127
"tca-miR-137_st",0.953198636896741,0.988263189571746,0.950668057062392,1.14574579233568,0.836358757953178,0.950668057062392,0.860566547105583,0.950668057062392,0.950668057062392
"tca-miR-13a_st",0.857891945238911,1.07200311704127,0.849072825392129,1.0404038443538,1.31837079547105,1.07200311704127,1.15427280149568,1.41735344654119,1.07200311704127
"tca-miR-13b_st",1.26202570991404,1.10055964421233,1.10055964421233,1.10055964421233,1.33620400330043,0.798892843938499,1.05846577157538,1.2200331857164,1.2006717430963
"tca-miR-14_st",0.748974721361005,1.04287148545766,1.20086899183456,1.42058588833097,1.19400723837968,1.07200311704127,0.961443372503853,1.00527635294831,1.2048318987336
"tca-miR-184_st",0.750419261477148,2.82385731902559,1.1719402508984,1.61967415116707,0.950668057062392,1.15695348061009,0.848911855218134,1.07200311704127,1.15695348061009
"tca-miR-190_st",1.03143649322647,0.82212257256628,1.07200311704127,0.901330338073761,0.836358757953178,1.33049802859765,1.1509198877519,1.0614916383264,0.796600608009072
"tca-miR-2_st",1.03143649322647,1.66984476117432,0.681676973499035,1.03143649322647,1.03143649322647,0.836358757953178,0.977375339764336,1.89808343630525,1.07200311704127
"tca-miR-210_st",7.57462647088861,7.88680422732171,7.88680422732171,7.81521674454297,8.26610234880897,8.43829712370413,8.11417560375607,7.54698696939913,7.25178726554302
"tca-miR-219_st",1.10866556343929,1.2006717430963,1.24185509333816,1.01815086044934,0.477329797896551,0.728669732329309,0.869239944108582,0.697601753507122,0.599040448871679
"tca-miR-263a_st",0.870309781339883,1.18631241615048,1.52465621901875,1.14870846207455,1.07200311704127,1.51696139678955,0.869239944108582,0.913072924553037,1.29602543705933
"tca-miR-263b_st",0.977375339764336,0.73835196073372,0.988723338634007,1.15403710190112,1.07015145158782,0.950668057062392,0.765793046984866,1.2145902736085,0.817591057675178
"tca-miR-275_st",0.857891945238911,1.07200311704127,0.952519722515845,0.640401753494029,0.667842839745175,0.737278742824013,0.869239944108582,0.857891945238911,1.07200311704127
"tca-miR-276-star_st",1.04943733938671,1.04943733938671,1.40454477957183,1.40079057920553,1.07200311704127,1.2587512600469,0.977375339764337,0.890507146898474,0.972717378724578
"tca-miR-276_st",0.957357520358419,1.04745903031523,1.14740662585216,1.11119156281588,1.07200311704127,1.04745903031523,0.860480531028435,1.31138124686133,0.759638797291049
"tca-miR-277_st",0.902380139891591,1.15343122999508,1.44325093442721,1.07200311704127,1.0572947176834,0.950668057062392,1.24389272701859,1.2145902736085,1.07200311704127
"tca-miR-279a_st",1.64398071446928,1.39611845164951,1.04728070784897,0.814315274761502,1.34809512019964,1.49223898759725,1.13192744308396,1.26744982559448,1.29602543705933
"tca-miR-279b_st",1.40332115903987,1.44389399773486,1.44389399773486,1.26887710217108,1.85147398412554,2.30976870201494,0.890232377704795,1.08519274059044,1.66406311548037
"tca-miR-281-star_st",1.22297486254851,0.991234680877192,0.950668057062392,0.913635048554529,0.850720461525464,0.950668057062392,0.950668057062392,0.980723202162318,0.869899620898313
"tca-miR-281_st",1.00169384873234,1.03174899383227,1.11669935740109,1.16579205192437,1.03174899383227,1.03174899383227,0.869239944108582,1.03174899383227,1.1604176198873
"tca-miR-282_st",1.17537940121041,1.29602543705933,1.15695348061009,1.07200311704127,0.950668057062392,0.836358757953178,0.977375339764336,1.07200311704127,0.735557072815324
"tca-miR-283_st",1.00874511667914,0.923846209061205,0.966464913105887,1.13056311629792,0.968781877551366,0.836358757953178,0.966464913105887,0.966464913105887,0.947073843936005
"tca-miR-304_st",1.06956944401792,1.15695348061009,1.15695348061009,1.15695348061009,1.15695348061009,0.979703725436293,0.994444430886408,1.09962458911785,1.31425171186553
"tca-miR-305_st",0.962361925855705,1.09103055191073,0.962361925855705,1.03143649322647,0.748105031209563,0.962361925855705,0.962361925855705,1.1982275533527,0.962361925855705
"tca-miR-307_st",0.567278535382392,0.74979271171093,0.849740307247858,0.849740307247858,0.73641116241625,0.854204630206113,0.762356270655685,1.16210462699808,0.849740307247858
"tca-miR-315_st",1.57482323709742,1.32932467502131,1.23922316506451,1.09159995033617,1.23922316506451,0.960997013436964,1.23922316506451,1.2145902736085,1.14386947110148
"tca-miR-317_st",1.29346380916122,1.29602543705933,1.71496792047855,0.934957035605183,1.33363345710598,0.805295753716998,0.950067871650108,0.917732026218595,1.16869451725857
"tca-miR-31a_st",9.15819773628902,8.19799996848109,7.8499713417276,7.48061451806837,7.20991820752778,7.50982793092561,9.1726003704471,8.65426329356853,7.45185226190598
"tca-miR-33_st",0.836358757953178,0.905794661032016,0.582590619961619,0.613339276709434,0.884646675123979,1.28131703770146,0.795258780125979,0.836358757953178,1.03805209365456
"tca-miR-34_st",1.00911333097462,0.944543706795205,0.848379753462622,1.14258411180736,0.875820839713768,0.875820839713768,0.778943850383784,0.875820839713768,0.759638797291049
"tca-miR-7_st",3.05607699575396,1.5970204699014,1.5564538460866,1.79027357140273,1.41038034545061,1.41038034545061,1.35969060137833,1.89808343630525,1.97734274653731
"tca-miR-71_st",0.977375339764336,0.798732579959604,0.906028301940151,1.06520437926772,0.859049835937525,0.985669308928777,0.862397744278603,1.40079057920553,0.836345529807801
"tca-miR-8_st",1.227799467448,1.13728476445805,0.836358757953178,1.20951976337981,1.03733716892112,1.1105774817561,1.40342773392442,1.0799558729658,1.06057941942476
"tca-miR-87_st",0.915034784428,0.927440422187592,0.950668057062392,0.886913842740824,0.808080900495163,0.950668057062392,0.7404619229008,1.02738222366225,1.40332115903987
"tca-miR-927_st",0.943654479933725,0.836358757953178,0.707430169506357,1.14870846207455,1.9808715171436,1.10866556343929,1.1415467495947,1.18537973003915,1.2006717430963
"tca-miR-929_st",0.977375339764336,1.17906867546572,0.874710270862773,0.977375339764336,1.38945243335721,0.847269184611627,1.25888173014275,0.602277864024086,1.11534680658603
"tca-miR-92a_st",5.74723593969052,5.08238126375473,5.02208159584845,4.74701706190187,3.67093106006331,4.43959947092575,5.35922997460709,5.4682549177586,5.27355404225361
"tca-miR-92b_st",12.2622720138338,12.056933846174,11.9097795672475,11.8125441525568,11.9033342059139,11.8675186565794,12.2555070331892,11.9839859454702,11.9928180137089
"tca-miR-932_st",1.07200311704127,1.29529952037323,0.869649242675496,1.14870846207455,1.24295429784751,1.10515391000308,1.07200311704127,0.975126127711286,1.07200311704127
"tca-miR-965_st",0.843602498637938,1.25501503400523,1.26929596321977,0.962508156477524,1.07200311704127,0.930986535230111,1.06074301636397,1.2145902736085,0.759638797291049
"tca-miR-970_st",0.99890852705007,0.977375339764336,1.14722731606123,0.8529582946643,0.646309652459441,0.977375339764336,0.977375339764336,0.977375339764336,0.786346079992994
"tca-miR-981_st",0.683904784968795,1.19738966866694,0.977375339764336,0.814303642228723,0.893031264063986,0.950668057062392,0.789381670004585,0.950668057062392,0.988263189571746
"tca-miR-993_st",1.07200311704127,0.941896961888561,1.02691180306848,1.40079057920553,1.07200311704127,1.23610111101664,0.907905123065902,1.1020582621412,1.07200311704127
"tca-miR-9a_st",0.896972677401876,0.984356713994049,1.08572059473605,0.845132732051991,0.640628347175507,1.14821203079901,0.882165740559854,1.2145902736085,0.70981789952594
"tca-miR-9b_st",0.911544997712841,0.945959904770711,0.950668057062392,1.02672834093479,0.945959904770711,0.945959904770711,1.23451501277283,0.765940164303753,0.869239944108582
"tca-miR-iab-4-3p_st",1.27881461722726,0.973795673959923,1.67444213240118,1.14870846207455,1.27307201916592,0.973795673959923,1.46440789545806,1.15045743609671,1.39507614050433
"tca-miR-iab-4-5p_st",0.745868442572467,0.947561778273854,0.866133665320045,1.14560218328601,1.09274410554923,0.728669732329309,1.0974533654238,1.24779271326704,0.837960631456321
"tgu-let-7a-star_st",0.75154365554834,0.950668057062392,0.977375339764336,0.805485729787015,0.836358757953178,0.950668057062392,0.950668057062392,0.950668057062392,0.950668057062392
"tgu-let-7a_st",13.5558231694826,13.4013451608995,13.4523013915545,13.4234698308302,12.9916287066723,12.853194934327,13.5406854430684,13.3072922073928,13.499911437467
"tgu-let-7b_st",13.8285821905218,13.9267903687352,13.8807466238137,13.8689709535517,13.8236751572668,13.8174013379464,13.8586038495686,13.8054202844647,13.7301629333645
"tgu-let-7c_st",12.6005836999219,12.4919747159411,12.6197890582306,12.4919747159411,12.1429908892142,12.0890419752891,12.6429865379382,12.3299432689732,12.4919747159411
"tgu-let-7d_st",12.2508138960682,12.3096170444592,12.3022201723659,12.2695135602207,12.0660304692971,12.0890083661122,12.2979696169908,12.1617387608416,12.2210320638676
"tgu-let-7e_st",2.83039107486375,3.41552762476526,1.81457064139489,2.13797853756243,1.75213049923891,2.49363685033581,2.69011784254595,2.15883246426844,2.82128136025123
"tgu-let-7f_st",9.33854209696352,9.42566566134489,9.24270125198813,9.2723105891855,8.52030190362315,8.53591850145828,9.3412551548498,8.81587447352494,9.5493943834209
"tgu-let-7g_st",8.78297281893173,8.85354906705237,8.68803946595694,8.91178089180871,8.25915238518107,8.0629606894048,8.93900872217425,8.53654047220484,9.05068779429262
"tgu-let-7i_st",9.96971501919631,10.0164104619322,10.0849455428039,9.89474718596453,9.82680078586131,9.80138903237994,10.0710500008841,9.83032285850271,10.1220608917638
"tgu-miR-1_st",1.05251612011079,0.837085002474486,1.13540998422638,0.805485729787015,0.830071425345819,0.946886168595499,1.19559177603053,0.841080944650204,0.944380724455033
"tgu-miR-100-star_st",0.569589691797312,0.759638797291049,0.893916708695839,0.957679202303208,0.656973728389485,0.64802110251095,0.76913175002886,0.759638797291049,0.759638797291049
"tgu-miR-100_st",10.2399938418083,10.1361295664859,10.007553612262,9.86439499533716,9.84607872177835,9.84222799903625,10.1398036949189,9.97989025786707,10.0039752739038
"tgu-miR-101-star_st",1.43573298689385,1.28131703770146,1.0518227407216,1.26442616437186,1.28131703770146,1.47004792313284,1.30594992915747,1.28131703770146,1.04648115248406
"tgu-miR-101_st",1.12134996751218,1.78273147201751,1.35344091638216,1.29400144177435,0.646309652459441,0.913714256100288,1.38621708748572,1.36112763541413,1.29400144177435
"tgu-miR-103_st",13.2982342683494,13.2622394120838,13.2310675677826,13.2683641349399,13.3991062384605,13.4414049706221,13.3504095234618,13.3267950653142,13.2257244069712
"tgu-miR-106_st",13.1169662808964,13.0044931561861,12.9845072107989,13.0029600989341,13.1955489600168,13.1600342437113,13.0712803063966,13.1394486319547,12.9686931267094
"tgu-miR-107_st",12.9167058129525,12.8137185346553,12.8209418951849,12.7992182044066,12.8611423945783,12.8677305750656,12.8957684968225,12.8169487293727,12.8141272764907
"tgu-miR-122_st",1.10866556343929,0.950668057062392,0.858661877405383,0.950668057062392,0.950668057062392,0.950668057062392,0.869239944108582,1.15085774110785,0.869239944108582
"tgu-miR-124-star_st",1.08551073542009,0.883460492080559,1.15695348061009,1.32375491343221,1.2161684929662,0.977375339764336,0.869239944108582,0.764474413141974,0.771089916216636
"tgu-miR-124_st",1.09578159270217,1.41349328393963,1.24185509333816,1.26831095666425,1.20775562481042,1.41349328393963,0.931317616322213,1.51899394588063,1.22246402416828
"tgu-miR-125-1-star_st",3.52270860423872,4.58526291251472,3.72326871686125,3.72326871686125,3.81929660577372,4.5908410160892,3.81124294163091,3.01056890898492,2.28573024792494
"tgu-miR-125-2-star_st",5.19087955999793,5.46525410632472,5.15170676264432,5.40231075503564,5.65140488095736,5.62168677490874,5.25394679458596,4.74296843887669,5.48624697588944
"tgu-miR-125_st",11.1773673675546,11.138110033374,11.1610424136654,11.1055760339848,11.0321879338014,11.0389135985793,11.1514693268311,11.138110033374,11.1759106462544
"tgu-miR-126-star_st",0.758119605164214,0.736411162416249,0.852747382441148,0.918529048316919,1.12547414865435,0.618868566208295,0.837760612152841,0.800165479643486,0.91918872510665
"tgu-miR-126_st",2.23604133058931,4.30513523268569,1.85536636611026,3.15929530477179,2.29176793668772,2.72324479415546,3.06783313567305,2.81555302973303,4.55158437744974
"tgu-miR-128-star_st",2.65760954733759,1.62437205148298,1.1132705686337,1.40034973146492,1.40034973146492,1.05701634675296,1.2195923379758,1.72913719362918,1.40034973146492
"tgu-miR-128_st",6.28819506684212,6.64844097202192,6.64694544847054,6.28819506684212,5.46671561171069,5.84926322103251,6.28819506684212,5.71639384359007,6.41670473156753
"tgu-miR-129-star_st",1.5622197146229,0.908574184425437,1.02447431032105,1.66160422337553,1.53116997087581,1.23922316506451,1.23922316506451,0.913072924553037,1.67995226130108
"tgu-miR-129_st",1.01062263760256,1.2006717430963,1.14392039472975,1.29884652251041,1.15695348061009,0.983181551351418,0.896313338493349,1.51084323770766,1.37810426637565
"tgu-miR-130a_st",4.23413519977141,4.06804774047447,4.64806701715802,4.33888790256828,3.8102123323517,4.57856965705873,4.58526291251472,2.75727562588464,4.73005041407739
"tgu-miR-130b-star_st",1.40079057920553,1.40079057920553,1.40079057920553,1.55972606507289,1.31588896647745,1.25471707856953,1.23669237601349,1.40079057920553,1.55972077169376
"tgu-miR-130b_st",2.71870086594638,3.41540518439896,3.29072018585791,4.05830916899695,2.53582178572415,3.62579442157553,2.80167823947268,3.29072018585791,3.6048932795916
"tgu-miR-130c_st",9.34634546255427,9.16931547549667,9.38430768591662,9.3803543192569,9.33054331298992,9.31525757655725,9.47976429567645,9.30198280962858,9.60587900865754
"tgu-miR-1329_st",0.748974721361005,0.950668057062392,0.906835076617937,0.950668057062392,1.18946121026425,1.35540565562404,0.720398270382023,1.0561687190034,0.671820176661404
"tgu-miR-133_st",1.14870846207455,1.14870846207455,1.06248751836343,1.14870846207455,1.13217029049578,1.02737340209567,1.23922316506451,1.27004352205343,1.14870846207455
"tgu-miR-135a-star_st",1.24157622602349,0.875222317251478,0.67740800760501,0.913072924553037,0.997894575310771,1.41485029861223,1.10055964421233,1.4235880398926,0.928211803178421
"tgu-miR-135a_st",0.857891945238911,0.950668057062392,1.21125729075991,1.1111133295652,0.950668057062392,0.913072924553037,0.79280770180546,0.822862846905386,1.01721909282061
"tgu-miR-135b_st",0.93412988548362,1.02423139544043,0.950668057062392,1.26442616437186,0.950668057062392,1.12417899097736,0.93412988548362,0.950668057062392,0.950668057062392
"tgu-miR-137_st",0.779681882543432,1.05880345271815,1.03376917616209,1.14870846207455,0.944494153608932,0.977375339764336,0.977375339764336,0.977375339764336,0.950668057062392
"tgu-miR-138_st",4.90599114567949,4.90599114567949,3.30148767746082,4.84410792005702,5.42133169448394,5.49525461780176,4.68677187692921,4.15658670285711,4.86417787036326
"tgu-miR-1388_st",1.10866556343929,0.991234680877192,0.999129722854307,1.07200311704127,2.1454308948238,1.39259783969818,1.07200311704127,0.891983376574312,0.997755161381009
"tgu-miR-139-star_st",1.55487130759375,0.844435489576061,1.28131703770146,1.52854073296985,1.36055822504338,1.23922316506451,1.23922316506451,1.05173644540521,1.4215788163329
"tgu-miR-139_st",1.28617799034016,1.11895794231693,1.11895794231693,1.04983479133106,1.04136204479284,1.09865295328523,1.23922316506451,1.13287647282913,1.42171945714447
"tgu-miR-140-star_st",8.11411568145931,8.14654767937952,8.11496774185589,8.25226985517859,8.56115182517299,8.65599941892239,8.32111471293748,8.25226985517859,7.97495611593213
"tgu-miR-140_st",2.09163268337777,3.30529269928705,2.74835262916496,3.65570375290024,3.25106530523343,3.7306539667612,3.09218198982779,2.27474367114385,4.15728492345861
"tgu-miR-142_st",1.10866556343929,1.28562210666512,1.20005689913943,0.805485729787015,1.15695348061009,1.15948406044444,0.900750166793486,1.15695348061009,1.15695348061009
"tgu-miR-144-star_st",1.38911475221445,1.29602543705933,0.933281215568818,1.14870846207455,1.10055964421233,0.878561319479252,1.10055964421233,1.10055964421233,0.950668057062392
"tgu-miR-144_st",0.857891945238911,0.950668057062392,1.33463120516165,0.910101433247592,1.14169731683373,0.950668057062392,0.950668057062392,1.10824198391793,0.950668057062392
"tgu-miR-1451_st",1.6674024297172,1.25937022111874,1.21018578954567,1.25937022111874,1.26190080095309,1.05701634675296,1.25937022111874,1.3360843877186,1.25937022111874
"tgu-miR-146a-star_st",0.814136178713367,1.07200311704127,1.11510653557061,1.14870846207455,1.07200311704127,1.17835140673184,1.07200311704127,1.07200311704127,1.07200311704127
"tgu-miR-146a_st",0.836358757953178,1.03805209365456,0.836358757953178,0.798763625443823,0.733693689051614,0.836358757953178,0.748974721361005,1.10028097449928,1.05835708268626
"tgu-miR-146b-star_st",0.983701556322731,1.07570773597974,0.926035165606384,1.14870846207455,0.926035165606384,0.879393990366791,0.906835076617937,0.994501037506847,0.744275936992022
"tgu-miR-146b_st",3.31185474474736,1.74992823022397,0.813973628249939,2.17799563664264,1.32461745640059,2.37131724633137,2.41944143255469,1.8963943928058,2.99151024777226
"tgu-miR-146c_st",1.10866556343929,0.890419911415311,1.03143649322647,1.0854976466886,2.28255871701472,2.43390053643914,2.79440979352044,1.1260642705034,0.699278777552659
"tgu-miR-147_st",1.0594448729916,0.836358757953178,0.915528738237318,0.857891945238911,0.647685811077319,0.857891945238911,0.770507908646738,0.857891945238911,0.857891945238911
"tgu-miR-148_st",3.26313360885519,2.32348218965719,1.88622179169536,2.6445649799778,1.9808715171436,2.41234837461133,2.65029980836007,1.87214351975508,3.02005277172106
"tgu-miR-153_st",1.28914495010181,1.29602543705933,1.09326226412664,1.02617411051885,1.21072818551994,1.09326226412664,0.972112957056716,1.09326226412664,1.0196989257486
"tgu-miR-155-star_st",1.10866556343929,1.10866556343929,1.52854073296985,0.939430313569461,1.10866556343929,0.994356264330078,1.25855715058924,0.937027372837831,1.11119614327364
"tgu-miR-155_st",5.0513551348358,5.32016211904328,4.50219499649804,5.12855808117995,3.73986589666662,4.98707756036808,5.2177917993757,4.76457795406599,5.66276056392101
"tgu-miR-1559_st",0.964811780819581,0.938104498117637,0.950668057062392,0.950668057062392,1.18631241615048,1.07618504444601,0.950668057062392,0.853791067732408,0.950668057062392
"tgu-miR-15a_st",6.58790533080622,6.13415982395204,6.32115523281064,6.19400810336439,5.45368570132824,6.13483527041434,6.82204201175302,6.30222552285615,6.49077611640161
"tgu-miR-15b_st",7.37277311573688,7.4519032168241,6.65713633790734,7.04239228165944,6.19407082373348,6.53687350829647,7.35699402012071,6.73385559896135,7.02790038132316
"tgu-miR-15c_st",7.20989291024733,7.37090579634436,6.45681837530166,6.71765582535983,6.24137144185738,6.51907574177982,7.04325473854239,6.59054278340283,6.85482461117123
"tgu-miR-1662_st",0.893339165570145,0.893339165570145,1.42805959969699,1.03143649322647,0.950668057062392,1.28131703770146,1.35969060137833,0.893339165570145,0.759638797291049
"tgu-miR-1677_st",1.10866556343929,1.07200311704127,1.46013331426237,1.15695348061009,1.47958310343195,1.15695348061009,0.994756931492205,1.30492842610357,1.15695348061009
"tgu-miR-16a-star_st",0.915812194064801,1.01045996265385,1.08846366832697,1.07200311704127,1.68268715093672,1.05701634675296,1.43251237412256,1.07200311704127,1.1309406378462
"tgu-miR-16a_st",7.36301190138713,6.97094541460072,6.77576903530724,6.97094541460072,6.53334229074057,6.83889908668843,7.5352018666364,7.34465222726,6.7525542162406
"tgu-miR-16b-star_st",0.984386485005153,0.884786245528444,1.00769188026339,1.15571960731537,1.14870846207455,1.55007857530981,1.14870846207455,1.22160141884931,0.957679202303208
"tgu-miR-16b_st",7.18259215618287,6.96076265642895,6.90719686696386,6.81774887496701,6.31900888316332,6.68905308459008,7.50608940027043,6.77351968634605,6.44898763203777
"tgu-miR-16c_st",1.97956709717921,1.73522056920404,1.90161827779714,2.03520146754346,1.6482490551806,1.40923996487424,1.6482490551806,0.816890074152953,1.7868333192043
"tgu-miR-1729_st",1.15944060298282,1.47809070027781,1.17335913349502,1.15944060298282,1.07341153795809,1.40332115903987,1.05052337910491,1.07200311704127,1.15944060298282
"tgu-miR-1784_st",0.857891945238911,1.11800214381247,1.265870704488,0.914402953664922,1.265870704488,1.05701634675296,1.0595852809403,1.07457205122861,1.0595852809403
"tgu-miR-17a_st",7.04746308159087,7.10180255127783,7.10064276254808,7.29913600364383,7.50794928619837,7.57125865733148,7.34737522328817,7.47555599481737,7.46708855484179
"tgu-miR-1803_st",1.28348749936732,1.2006717430963,1.55018222823352,1.26442616437186,1.07200311704127,1.28348749936732,1.31636868552272,1.36020166596718,1.49427749839424
"tgu-miR-1805-star_st",0.977375339764336,0.950668057062392,0.950668057062392,0.913072924553037,0.950668057062392,0.728669732329309,0.869239944108582,1.07200311704127,0.950668057062392
"tgu-miR-1805_st",1.15845472890043,0.906688799232475,1.1900936763931,0.950668057062392,0.93412988548362,0.950668057062392,1.13815477672169,0.816624998970286,0.950668057062392
"tgu-miR-181a-star_st",5.2216820811031,5.23306001046972,5.91497495131833,5.76005465238957,6.70850163939593,6.25186377289888,5.76005465238957,5.60732513477238,5.73825516323998
"tgu-miR-181a_st",10.568845921669,10.6787667012567,10.4969180828903,10.5694545890281,10.7866033558513,10.6291167008029,10.6596804706837,10.5442535579602,10.6209388784145
"tgu-miR-181b_st",10.6257843519364,10.7036509239149,10.8478674323757,10.6632545948673,11.0671856451878,11.1524882716615,10.6546962852807,10.7034419955727,10.6229159139759
"tgu-miR-184_st",1.09844466349215,2.00617432773418,0.73641116241625,1.27198921147971,1.7943724856573,0.779669783660775,1.26034392630149,0.6889336040751,1.53657815531256
"tgu-miR-187_st",1.0595852809403,1.29602543705933,0.848002988160828,0.86285581878802,0.923960774360447,0.923960774360447,0.950668057062392,0.950668057062392,0.906835076617937
"tgu-miR-18a_st",10.314616613379,10.1833739452874,10.2213589550771,10.2534509988293,10.3368076935647,10.3123003973511,10.4588590754224,10.4013452307226,10.2183219865837
"tgu-miR-18b_st",7.30110352547561,6.75996841528945,6.48084216469516,6.92453801691754,6.80295574103278,6.79353490586489,7.33022645391102,7.19374543979609,7.08720581894393
"tgu-miR-190_st",1.22625122784079,1.29602543705933,0.962479386139722,1.26442616437186,1.36213780879801,0.795175407711313,1.03657353990427,1.56594351342732,0.964823125478966
"tgu-miR-193a_st",6.15614526665468,5.87836907716893,6.431806794709,5.88925111894137,5.7969442619117,6.27958887767368,6.35799146259601,5.78551929608194,6.16410116797323
"tgu-miR-193b-star_st",5.98908276320359,5.87564149973754,5.59824974409949,5.19306778186446,5.59824974409949,5.71381532649153,6.37198317621496,5.6584872400745,5.93972088381434
"tgu-miR-193b_st",0.748974721361005,1.44389399773486,0.777833281532789,1.37941353889199,0.664420037649586,1.42918559837699,0.977375339764336,0.984227318628711,1.45188465940003
"tgu-miR-194_st",7.48509513796297,7.65367046626793,7.35981362558025,7.55979779441518,7.46694127446813,7.35650503037255,7.48509513796297,7.48337910356479,7.57807434306793
"tgu-miR-199-3p_st",1.14870846207455,1.10752511183269,1.31280645604992,1.14870846207455,1.07200311704127,1.09281671247482,1.4380260299799,0.97707027147309,1.14870846207455
"tgu-miR-199-5p_st",0.920573067769515,1.23922316506451,1.24175374489885,1.60890176067813,1.31986845966967,0.895448932611944,1.6045566054335,1.23922316506451,1.2006717430963
"tgu-miR-19a_st",0.739528376565479,1.28923150299286,0.953639548367837,0.913072924553037,0.863538038411028,0.836358757953178,0.863538038411028,1.61036684834187,1.08646833006017
"tgu-miR-19b_st",11.1990626962736,11.2347007721246,11.0889001609091,11.0523586135912,10.6622745884454,10.7396860081404,11.2851285332456,10.9889971067131,11.2843376102309
"tgu-miR-200a-star_st",1.14923218725409,1.07200311704127,0.979996937384261,1.07200311704127,1.31837079547105,1.15938715363344,0.899501510541785,0.94333449098624,1.12396639806302
"tgu-miR-200a_st",7.74010365967296,7.64549599512694,7.75257377856167,7.88259686766813,7.99723760977577,8.12866988135991,7.9422110757612,7.7806442056668,8.35090444287702
"tgu-miR-200b-star_st",6.38610480980346,6.36812662972435,6.13734826759055,6.35326157599824,6.28912390188936,6.35326157599824,6.9721059515336,6.25161351553898,6.34774819106419
"tgu-miR-200b_st",7.13206181467895,7.19603237113559,6.74464673359696,7.08165810141992,7.08863149185675,7.05399132043916,7.42776929112327,6.87232157249467,7.30853314791874
"tgu-miR-202_st",0.985620358299878,1.38097580062815,1.03968151176201,1.67732995639418,1.13385866770717,1.15695348061009,1.14628940468005,1.15695348061009,0.76788381582659
"tgu-miR-203_st",0.646309652459441,0.86913137641774,0.789693942390975,1.4712118414776,0.706927001228025,0.821236300337239,0.779029866460931,0.779029866460931,0.692902969138139
"tgu-miR-204_st",1.238771718592,1.59156414176703,1.10866556343929,1.54681334398396,1.62745863858912,1.54681334398396,1.323516940652,1.480086579891,1.95725560254982
"tgu-miR-205_st",7.42279972077578,7.014521783192,7.23469391123585,7.06620657313047,7.17463924803991,7.21046874722324,7.70247843642058,7.36270244741708,7.30421617414188
"tgu-miR-20a_st",13.0134330559495,12.9088843209959,12.8569370124703,12.894047826812,13.1355608213895,13.0565976092185,13.0369876268343,13.0166802778957,12.9343618114221
"tgu-miR-20b_st",9.79200618823413,9.75013549709316,9.56339316216495,9.57396973336151,9.75013549709316,9.41555390560521,10.0382223481589,9.74713783062067,9.89166019415438
"tgu-miR-21-star_st",1.09168463887355,0.836358757953178,1.10824198391793,1.02738222366225,0.817947843060901,0.950668057062392,0.760618951568655,0.950668057062392,1.06497735617161
"tgu-miR-21_st",8.89062907880334,8.7840637774179,8.57886713186178,8.39143871692836,8.15826819877035,8.21175656479673,8.87505309447827,8.2122095093129,8.56933244165673
"tgu-miR-214_st",1.68268715093672,1.06285549165916,1.44444487671774,1.62432912604294,1.38345021431608,1.50485558453888,0.96248106140025,1.32612132282383,1.28228834237938
"tgu-miR-215_st",0.977375339764336,1.01497047227369,1.35160614763246,1.19162782375276,0.673016935161386,0.977375339764336,0.977375339764336,1.08330004993354,0.819377833387436
"tgu-miR-216a_st",0.782515322927823,1.18028254322755,1.36681086991723,0.810778904426685,0.950668057062392,0.836358757953178,0.977375339764336,0.618743884976866,0.753497050276807
"tgu-miR-216b_st",1.07436873239217,1.36718865270158,1.20755826229104,0.913072924553037,1.07200311704127,1.02100589742588,0.938645817556016,0.622042186439098,1.2006717430963
"tgu-miR-217_st",0.799743779721429,1.49715664875922,0.569214712531794,0.913072924553037,0.884928867037681,1.09918576168382,1.12589304438577,0.913072924553037,0.863979035738108
"tgu-miR-218_st",0.830402834314814,1.03805209365456,0.983549243217796,1.11286460618028,0.950668057062392,0.950668057062392,0.77143098786254,1.06469868645856,0.950668057062392
"tgu-miR-2188_st",0.832175627894551,1.07200311704127,1.38653771853141,1.3259285827156,1.3428194560452,1.26470474127439,1.72310664171927,1.26217416144004,1.26217416144004
"tgu-miR-219_st",0.857891945238911,0.836358757953178,0.972201244348125,0.913072924553037,0.857891945238911,0.857891945238911,0.977375339764336,0.570965850415191,1.29602543705933
"tgu-miR-221_st",12.4307844159613,12.3526681057751,12.4495602335773,12.3399127411989,12.3463829480999,12.3562031288345,12.4866995293261,12.388024481193,12.4409387705843
"tgu-miR-222_st",13.4204531972113,13.5141236044758,13.4374259648459,13.5405240127539,13.5107829056951,13.5249654132107,13.4081131475214,13.4459981163684,13.3235076833952
"tgu-miR-223_st",2.70138042190761,1.31809471373194,1.64953635797491,2.10254730656352,2.89150746313462,2.51473009770649,2.06941152750547,1.91381642113214,2.90453873374882
"tgu-miR-23-star_st",0.911743279370636,0.944047783577047,1.24846821886963,1.14870846207455,1.12410466177826,0.836358757953178,0.977375339764336,0.709389405004862,1.32145783005211
"tgu-miR-23_st",12.5756030407359,12.5651850935341,12.4432151432192,12.4731335796151,12.3851729854098,12.4297606798261,12.4957559254727,12.508955317386,12.577642101927
"tgu-miR-24_st",13.490792681292,13.4574266071988,13.420851390865,13.4770704928317,13.5883109230392,13.6098188181591,13.5150537601764,13.5116624721426,13.4333870833526
"tgu-miR-26_st",12.2102708248853,12.4252170472125,12.2202919691463,12.3508482139713,12.0584589081468,12.1475458499733,12.2202919691463,12.2202919691463,12.2947631539274
"tgu-miR-27_st",10.2801665491487,10.10610153769,9.97854557128043,10.0926305240597,9.83365838687364,9.84316317775249,10.2483151929802,10.1349847464202,10.3012966635841
"tgu-miR-2954-star_st",3.71510721148563,2.16207812142027,2.3099466820958,2.42959352890799,1.9396536692467,1.40074464204028,1.87854312256976,2.6027231589971,2.69206180731404
"tgu-miR-2954_st",1.29864549857475,0.950668057062392,1.02091002127335,0.901921647988603,1.65023021220942,1.11643868026321,1.15998197772258,1.26474711986878,1.19757711023194
"tgu-miR-2955_st",1.05329839257691,1.29602543705933,1.43861259362656,1.24624145893232,1.12676791742825,1.35241927345708,1.29602543705933,1.55997775167664,1.35412833924832
"tgu-miR-2956_st",1.10866556343929,1.03143649322647,1.07200311704127,1.03143649322647,0.841387387732733,0.806489653614763,1.03143649322647,1.03143649322647,1.03143649322647
"tgu-miR-2957_st",1.58552797735142,1.65703221323711,0.618868566208295,1.66160422337553,1.01623717451664,1.275165292681,1.29186118753194,1.40672977630109,1.40332115903987
"tgu-miR-2958_st",1.34926622045793,1.29602543705933,1.44389399773486,1.44389399773486,1.17280111862957,1.02672761799358,1.47245052490593,1.92128554036946,1.44389399773486
"tgu-miR-2959_st",1.52226165222899,1.48093437572912,1.36633215661744,1.26528928555506,1.4138933660254,1.37805266903108,1.40560299826414,1.07200311704127,1.41626707419419
"tgu-miR-2960_st",1.49130528219548,1.45275386022727,1.24279307282863,1.37521072567903,1.77267524501893,1.40079057920553,1.52854073296985,1.40079057920553,1.37521072567903
"tgu-miR-2961_st",10.7198793469014,10.1300598657259,10.0952908749149,10.2308141279989,10.57242575239,10.4337897090605,10.321480845795,11.1221578019162,10.7131965966432
"tgu-miR-2962-star_st",1.42306607849098,1.18404269946037,1.24005470084853,1.74241717976902,2.24786128418879,1.99201533363539,2.51529842189984,2.63066686876628,1.96849529229194
"tgu-miR-2962_st",2.76893834097415,3.41552762476526,1.47273178770613,2.95733575951528,2.62417115707786,2.30225233395982,3.4404273204777,2.95550372249807,2.62377401835067
"tgu-miR-2963_st",1.07200311704127,1.12363758253699,1.21718544431665,1.14870846207455,0.969578388080249,0.836358757953178,1.07200311704127,1.04554725371519,1.1666308943182
"tgu-miR-2964_st",1.08921164534266,1.34883680097114,0.519480424381147,1.26442616437186,0.708649498000303,0.599403200935651,0.980294421464757,1.4443338766649,1.10055964421233
"tgu-miR-2965_st",1.10866556343929,1.31487500929615,1.04677047947948,1.16431406548789,0.987230499380727,1.10055964421233,1.10055964421233,1.36707703146659,0.871700794752411
"tgu-miR-2966_st",10.5571602359636,10.0291550678981,9.77796319727855,9.96119014218491,10.2712753343016,10.3557706583363,10.2564133565764,10.9456412907065,9.86053909972365
"tgu-miR-2967_st",2.28930625502976,2.51272957341103,2.64555835510337,2.63696911174253,2.64192940796568,2.72687977153451,3.23153051429994,3.26906195068406,2.439166235033
"tgu-miR-2968_st",1.05302285946748,0.737339840270097,1.05302285946748,1.1835901230486,1.06991373279708,0.938713560358265,0.889156339307958,1.2145902736085,1.05302285946748
"tgu-miR-2969_st",1.07200311704127,1.2006717430963,1.37018748324815,1.07200311704127,1.07200311704127,0.969249392678076,1.07200311704127,1.38879048424315,0.774625567579356
"tgu-miR-2970_st",1.37558757989818,1.37558757989818,1.40332115903987,1.40079057920553,1.00369669920458,1.08703247189606,1.78435278416763,0.97435218596524,1.33703615792997
"tgu-miR-2971_st",1.14644705324103,0.89050024848494,0.931683598726804,1.74817969876578,1.37251565632536,1.23922316506451,1.23922316506451,1.23922316506451,1.29602543705933
"tgu-miR-2972_st",1.07200311704127,1.21932009202605,0.49992153529381,1.07200311704127,1.07200311704127,0.850004792308187,0.990575004087461,1.32537233965781,0.990575004087461
"tgu-miR-2973_st",1.32289792596988,1.03561842063121,1.15695348061009,1.14870846207455,1.28131703770146,1.24190384417891,1.07552536765628,1.07200311704127,1.15695348061009
"tgu-miR-2974_st",9.36667527012153,9.08938831956758,9.00825095722179,8.91639322899406,9.44245177983876,9.36791726085539,9.0948411728819,9.7752937153747,9.26012493006881
"tgu-miR-2975_st",0.857891945238911,1.22543724430326,1.07200311704127,0.805485729787015,1.10410218432438,0.882103859591297,1.10055964421233,0.913072924553037,0.869239944108582
"tgu-miR-2976_st",12.1103615011038,11.7860794670338,11.7933964095352,11.8768336415442,11.9854452548601,11.9950472138041,11.7544022079329,12.432053720722,11.8114638046649
"tgu-miR-2977_st",2.31311318313073,2.12351809250375,2.12351809250375,2.07372049234707,1.78921612847975,2.05231219121961,2.12351809250375,2.60090963513835,2.12351809250375
"tgu-miR-2978_st",6.26420685710704,4.61554160017803,4.97701840376833,5.31008259284048,5.46252759895836,5.50040085022759,5.69103739089511,6.19074480341414,5.74652384949256
"tgu-miR-2979_st",1.64777890623218,1.69815802660462,1.19033844204575,1.32162866572071,1.18224109708794,1.15695348061009,1.61018377372282,1.5267844862717,1.20943531428558
"tgu-miR-2980_st",1.04667263549983,1.03131335166755,0.864034923024035,1.03131335166755,1.03131335166755,1.23759877521525,1.0580206343695,1.15078689317162,0.950668057062392
"tgu-miR-2981_st",13.2809548521988,13.1067194014482,13.1083713020144,13.3064957565087,13.3322814189283,13.326326943714,12.9977563582124,13.6291296884272,13.3517229913499
"tgu-miR-2982_st",4.26606056292412,4.54203297381484,2.94725908859589,2.8117858613496,4.30700176875303,3.23004684791446,4.70865188897645,5.29126653021454,4.3668241601521
"tgu-miR-2983_st",1.10866556343929,0.986661442100878,1.01336872480282,0.81174865398625,0.986661442100878,0.902484833571925,0.986661442100878,1.28086580044562,0.906016147495718
"tgu-miR-2984_st",0.979896066577325,1.59636726960556,0.896211524169598,1.27895760194851,1.40332115903987,1.27895760194851,1.41997418375967,1.10731941134705,1.41802955839774
"tgu-miR-2985_st",0.958673972209662,0.958673972209662,0.839232112106732,0.931232885958516,1.07200311704127,0.755936851441428,1.1816042638588,0.756320097843888,1.07200311704127
"tgu-miR-2986_st",1.09168463887355,1.18631241615048,1.00822600780505,1.21858498587107,0.950668057062392,0.950668057062392,1.35353246417372,1.02738222366225,0.983549243217796
"tgu-miR-2987_st",1.2145902736085,1.2006717430963,0.73641116241625,1.26043720610446,1.25920537292525,1.2145902736085,1.2145902736085,1.2145902736085,1.13787031294637
"tgu-miR-2988_st",1.08456667598603,1.07200311704127,1.09523075191607,1.14107768441204,1.41588471798463,1.15695348061009,1.68915455260859,0.926340423541511,0.881803503053337
"tgu-miR-2989_st",1.19367771309326,0.912692776109272,0.701587850298403,0.711941712853141,1.21301969885243,1.16697043039131,1.00408262246628,1.02898702017814,0.975002581320787
"tgu-miR-2991_st",1.20220958037317,1.05033520397312,1.06425373448532,0.805485729787015,1.00661694148691,1.00661694148691,0.964523068849956,1.00661694148691,1.35197432148385
"tgu-miR-2992_st",1.71151917509991,1.3913150762978,1.24185509333816,0.996129062988517,1.92481710371547,2.03927492949801,0.920512476918808,1.8138744132497,1.28058301585399
"tgu-miR-2993_st",2.18177023257056,2.03879177351902,1.19918625917868,2.03879177351902,2.03879177351902,2.31634865333505,2.45865192914582,1.45131105838622,2.03535152132059
"tgu-miR-2994_st",1.5310369597944,1.1997189177958,1.76451185955983,1.39214196512638,1.07838385781692,1.01531572557207,1.17886499108978,0.905389878219627,1.1997189177958
"tgu-miR-2995_st",0.993864304232767,0.658272349607746,0.993864304232767,0.688845360965429,0.836358757953178,1.32518234623137,1.07732293530126,0.993864304232767,1.1719507125782
"tgu-miR-2996_st",1.0345537073757,0.913072924553037,0.913072924553037,0.803271758432024,1.39508833239346,0.913072924553037,0.869239944108582,0.913072924553037,1.13507124928612
"tgu-miR-2997-star_st",0.972201244348125,0.950668057062392,0.799853403314212,0.934606111838771,0.889841164478258,1.32092416092769,1.0924664670957,1.18631241615048,0.732775625017416
"tgu-miR-2997_st",0.977375339764336,0.836358757953178,0.673259119896053,0.913072924553037,0.836358757953178,0.825301971898271,0.879902055412549,0.779029866460931,0.869239944108582
"tgu-miR-29a_st",4.3973447874236,4.12538421311424,4.40031932045085,4.3973447874236,3.72956781183755,4.18403117903446,4.77250544289983,4.01067205302096,5.06099118393971
"tgu-miR-29b-star_st",2.22375769488374,2.6271205499908,2.20747186611114,1.63640763297243,1.68268715093672,1.68268715093672,1.68967647995245,1.60341715229076,2.22375769488374
"tgu-miR-29b_st",1.35969060137833,1.57830852002652,1.68268715093672,1.4679144528794,1.23220727932426,1.57117498370438,1.35969060137833,1.24132703270489,1.53308440523431
"tgu-miR-301_st",5.62694151337084,5.76159668185594,5.59633539771324,6.14001936774856,5.69842255759773,5.96548947198521,5.82564217816132,5.48445372262469,6.42706462229351
"tgu-miR-30a-3p_st",4.89336095549171,5.58845188867021,4.69585595880344,6.00856368980091,4.57981369012597,3.59484653481034,5.46114842940291,2.94656447995684,5.4261924846812
"tgu-miR-30a-5p_st",8.87351142522481,8.96239132546645,9.23705835086118,9.33936966984015,9.70379386691925,9.68669019201566,9.11126009106377,9.31114355339203,9.2310167059789
"tgu-miR-30b-3p_st",5.58601306120192,4.48771745701861,3.08698314884988,4.3416069273301,2.76617178257375,2.31634865333505,5.43270424900609,4.75547286886136,4.70259339621507
"tgu-miR-30b-5p_st",11.106285171493,11.0982828394666,11.3758024943097,11.3827519602241,11.6744095117276,11.634504999242,11.3518613205849,11.3760053720604,11.2577326480649
"tgu-miR-30c-3p_st",6.28571907770108,6.33409690989352,6.27265370269005,6.60360933856563,6.54422306553895,6.46630854250342,6.0940841341,5.86463220834045,5.76944629953526
"tgu-miR-30c-5p_st",10.8778080367706,10.893311240675,10.7959084217681,10.9397441430847,10.5443570808144,10.6785778740475,10.8893712260388,10.7845660238904,11.069185343292
"tgu-miR-30d-3p_st",0.93412988548362,0.869899620898313,0.702621192254796,1.31925672625065,1.25502646166534,0.950668057062392,0.950668057062392,0.913072924553037,1.26495871146229
"tgu-miR-30d-5p_st",10.2221391162944,10.3977256384851,10.5397435749273,10.4362617465318,10.2808627081402,10.2808627081402,10.1395470440124,10.19783717684,10.0566312628644
"tgu-miR-31_st",11.0794546874087,10.7440063827011,10.7833831333603,10.6445001737611,10.6035987148886,10.4901763037339,11.2398148894478,11.0185732935376,10.8604342917938
"tgu-miR-32_st",1.40332115903987,1.2145902736085,1.07200311704127,1.2145902736085,1.2145902736085,1.2145902736085,1.33980984753848,1.2145902736085,1.2145902736085
"tgu-miR-33_st",0.95783954077584,0.836358757953178,1.05061565259932,1.24865605761148,1.05061565259932,1.38542003866669,1.36456611196067,1.17008919410338,0.973895691937191
"tgu-miR-338_st",0.934612196551182,1.07200311704127,0.857746222395128,0.822612696901976,0.870309781339883,0.826591518853675,0.670767723108335,0.870309781339883,0.870309781339883
"tgu-miR-34a_st",2.98069053032013,2.98069053032013,2.62794555093426,2.88097649086697,2.68759554363575,3.08588435105128,2.98069053032013,2.64652437435312,3.63836998594883
"tgu-miR-34b_st",1.59302521733741,2.15418177205924,1.15695348061009,1.66160422337553,1.26246856485215,1.54939465967587,1.23922316506451,1.03239908907747,1.54939465967587
"tgu-miR-34c_st",1.15695348061009,1.12951239435895,1.00057389626252,0.875056908878895,1.57913060068237,1.15695348061009,0.945371187830622,1.06007649128011,1.24972959243357
"tgu-miR-363_st",0.991992956389044,1.07937699298122,1.02640786344691,0.80045710000746,0.836358757953178,1.02640786344691,1.11225817913662,0.959387292495692,1.19050585742228
"tgu-miR-365_st",1.10866556343929,1.3586692494732,1.34514477636901,1.16272671690143,0.777599876134396,1.10866556343929,1.13537284614124,1.01845548579164,1.10866556343929
"tgu-miR-375_st",1.10866556343929,0.836358757953178,2.20152910594338,0.683475721221563,1.08972798056972,1.05701634675296,0.549432663129457,0.549432663129457,0.943654479933725
"tgu-miR-383_st",0.663108831642119,1.04328063249273,0.977375339764336,1.03143649322647,1.03143649322647,1.04328063249273,1.06998791519468,1.03143649322647,1.03143649322647
"tgu-miR-425-3p_st",0.896606903600258,0.950668057062392,0.783389628418875,1.14870846207455,1.07552536765628,0.950668057062392,1.35969060137833,0.779029866460931,0.869239944108582
"tgu-miR-425-5p_st",7.03629336349763,6.85157486403582,7.03629336349763,7.03629336349763,6.75189738651202,6.85849448476426,7.12028512794374,6.9207554432371,7.42330457156927
"tgu-miR-451_st",0.980940100728855,0.802022346590324,1.2145902736085,1.07569527894048,1.3303079759058,1.33895383069987,1.23922316506451,1.2145902736085,1.2551568974233
"tgu-miR-454_st",3.27894102966081,2.71870086594638,1.50227607498406,2.61532458177723,2.30655031908233,2.71870086594638,3.24355866734871,1.96471109955222,4.04128140452003
"tgu-miR-455-star_st",0.857891945238911,0.703472049034154,0.950668057062392,0.711941712853142,0.950668057062392,1.68268715093672,0.869239944108582,1.07200311704127,1.29602543705933
"tgu-miR-455_st",9.84297394136079,9.99245866925112,9.41466861733932,9.78928173223749,9.90586105513056,9.94775665495006,9.91241638486049,9.77564314111649,9.80913111252865
"tgu-miR-456_st",0.920990665797861,1.2309333095295,0.993512998044595,1.04642326351478,0.995288950441411,1.10959824955062,1.04125588854544,1.22957704389681,1.07200311704127
"tgu-miR-458_st",0.950668057062392,1.12230624766385,0.815619506323755,1.12696204255871,1.07200311704127,0.950668057062392,0.82818306526851,0.78592132411406,0.950668057062392
"tgu-miR-460a-star_st",1.11756339054926,0.812544447281925,1.24075041388666,1.03143649322647,1.17033148789449,1.09725840151757,1.19865654124971,0.918021332317715,0.719072173476249
"tgu-miR-460a_st",1.07825642410498,0.972055521504342,1.07200311704127,0.854512925296388,1.07200311704127,1.07200311704127,1.21301969885243,1.22744200330366,1.08636482061356
"tgu-miR-460b-star_st",1.23922316506451,1.03547269778743,1.54939465967587,1.26442616437186,1.15695348061009,1.03547269778743,1.10032796117982,1.40079057920553,1.07200311704127
"tgu-miR-460b_st",0.92320639428063,1.13731756608299,1.40069264020531,1.51796460905339,1.20055798610719,1.20055798610719,1.46981579119118,1.54939465967587,1.46129994254768
"tgu-miR-489_st",0.689776521221073,0.913072924553037,1.2145902736085,0.913072924553037,1.07200311704127,0.882103859591297,0.869239944108582,0.913072924553037,0.913072924553037
"tgu-miR-490_st",1.10866556343929,1.12875446540782,1.07200311704127,1.26442616437186,0.954329086713784,0.832994026734906,0.964195229378666,1.32537233965781,1.07200311704127
"tgu-miR-551-star_st",1.41880130591026,1.50022941886407,1.50022941886407,1.46263428635472,1.51459035306563,1.41880130591026,1.23922316506451,1.6626384045057,1.41880130591026
"tgu-miR-551_st",1.08187005960701,0.990567953590441,1.15783892524195,1.33295384228193,1.28131703770146,0.900832166299034,1.35969060137833,1.2145902736085,1.2145902736085
"tgu-miR-7-star_st",4.69842880173184,3.94251041049916,3.37099226101065,3.85583434875812,3.99033390103499,3.50830922643107,4.86617883986649,4.0985706827615,4.14851690478175
"tgu-miR-7_st",2.57714964524617,1.88695666945982,1.88695666945982,1.11456862680064,1.56635148512311,1.88695666945982,2.11947196537034,1.88695666945982,3.06303722519931
"tgu-miR-9-star_st",1.20945816635062,1.09026144977726,1.25155203898758,1.17090674438242,1.04223811832739,0.836358757953178,1.57992928869835,1.51962966096198,1.17090674438242
"tgu-miR-9_st",0.896606903600258,0.937960058949164,0.950668057062392,0.711941712853142,0.869899620898313,1.05701634675296,0.869239944108582,0.779029866460931,0.695729010193617
"tgu-miR-92_st",13.2780630604244,13.3063929059851,13.2128259340403,13.2053449947808,13.2824541861304,13.2509606632415,13.2653393514296,13.2408457226599,13.1402871045932
"tgu-miR-99-star_st",1.2163844300707,1.05506125971124,1.4906781040817,1.46735855936954,1.2110750734905,1.29602543705933,1.47823225537087,1.09767996375592,1.29602543705933
"tgu-miR-99_st",4.76830038728067,4.99754735325197,4.50589758631441,5.42835417945033,4.76830038728067,4.57856965705873,3.96240287764293,4.40929266422959,5.27551728356651
"tni-let-7a_st",13.3538708885192,13.3333028895924,13.3700655719761,13.3739201335063,12.919156161246,12.8029532611252,13.399175303105,13.1583533407204,13.477174016919
"tni-let-7b_st",13.8160695048588,13.9348655435403,13.8836363469125,13.8607326830433,13.7813249084893,13.7752493703402,13.8261017041465,13.7469882160857,13.6021810847466
"tni-let-7d_st",5.84980042783609,5.42462613183728,4.78006473041231,5.25073686037559,4.78921787048444,4.53178374543554,5.82564217816132,4.77845950816152,5.41705490745955
"tni-let-7e_st",2.83165675138746,2.17488534604215,1.39659424002162,2.39546098796152,1.82048753878116,1.84863159629651,2.01665909359764,2.16779637528332,2.3407933774173
"tni-let-7g_st",7.19950781605906,7.22767395987645,6.94402175852954,6.78289171405307,6.72474202576968,6.36285140959872,7.30218625209784,6.95802974389722,7.01051784255614
"tni-let-7h_st",3.59794047727621,2.75184260416928,2.69004296076371,3.01127761274403,2.53577115711782,2.84021123623844,3.6701492694058,2.59633068018139,2.77271676129347
"tni-let-7i_st",10.0687908987365,10.0881661686224,10.0989623080309,9.84800199324942,9.85931133934758,9.60824091240425,10.0987606331904,9.96085097551391,10.0063929779806
"tni-let-7j_st",0.857891945238911,0.950668057062392,0.93866038140299,0.733474900138875,0.97922700521779,0.743582646129697,0.614442621830749,0.820296812729557,0.890773131394316
"tni-miR-1_st",0.977375339764336,0.992083739122203,1.55638260906429,0.977375339764336,0.877427744227408,0.977375339764336,0.889991303172163,0.913072924553037,0.91155343147324
"tni-miR-100_st",11.6918969488566,11.7375726590429,11.6711264154561,11.6055055575089,11.631961822203,11.7070614080275,11.578622872248,11.5954049425336,11.5949423844391
"tni-miR-101a_st",2.439166235033,2.18549877944402,2.38745122362559,3.02882822217605,1.64134589015277,1.75906597512374,3.29248928235571,2.61990070419626,3.20453984932318
"tni-miR-101b_st",0.982163412877756,0.931494691751811,1.26708664637683,1.03143649322647,0.931494691751811,0.954722326626611,0.977375339764336,1.03143649322647,0.954722326626611
"tni-miR-103_st",13.2970033343842,13.2527857863087,13.2810010341765,13.2879796160452,13.4337969241137,13.4397072387123,13.3825028850067,13.3606073459261,13.2194866845682
"tni-miR-107_st",12.9493767169101,12.8523724223555,12.8851952890969,12.8369254500938,12.8975860598611,12.9496935791796,12.9749120187354,12.9010594882432,12.8086470802565
"tni-miR-10b_st",1.8061855661512,1.32065832851533,1.10866556343929,1.42542347066153,1.23922316506451,0.975300948518399,1.23922316506451,1.23922316506451,1.35353246417372
"tni-miR-10c_st",1.10866556343929,1.07014159856646,1.40079057920553,1.40079057920553,1.92652424953216,1.6577598348862,0.891907628886168,0.886650435798717,1.53986253565476
"tni-miR-10d_st",1.47009276514073,2.01033166085215,1.40008598359627,1.60051176627743,1.94575960306875,2.10789027606364,1.69168156355716,1.68492240287671,1.56286887696422
"tni-miR-122_st",1.20514855949495,1.03792851147171,1.03792851147171,1.20179503163123,0.937980915934783,0.836209306734803,1.03792851147171,1.2145902736085,1.00937198430065
"tni-miR-124_st",2.00408798150258,1.9808715171436,2.282878570128,1.7154378902324,1.9808715171436,1.9808715171436,1.9808715171436,1.65983519486548,2.12351809250375
"tni-miR-125a_st",8.00214569277396,8.10632285812809,7.26514726991339,7.90239978679633,7.03195064432839,7.50243779116401,8.03490852113689,7.68975555420939,8.13064263818308
"tni-miR-125b_st",11.2888560916467,11.1358742308714,11.2792955585872,11.220306388983,10.9948192707884,11.0242850258286,11.2423093536082,11.1743470692137,11.2423093536082
"tni-miR-126_st",0.950668057062392,0.950668057062392,0.950668057062392,1.52854073296985,0.850720461525464,0.950668057062392,0.760618951568655,0.950668057062392,0.869239944108582
"tni-miR-128_st",5.86636322785198,6.10952132512566,5.86636322785198,5.98344777707563,5.09270835773455,5.86636322785198,5.86636322785198,5.22027437600573,6.26222554132598
"tni-miR-129_st",0.977375339764336,1.15500885524817,1.23838864406092,1.34586132782268,1.3667152545287,1.6308298231267,1.32065832851533,1.29602543705933,1.39985470976263
"tni-miR-130_st",3.67775735675888,4.28721177816428,3.28589218716794,3.78598120825995,1.68268715093672,3.43047269256888,3.67775735675888,3.8725843976499,4.68051891256343
"tni-miR-132_st",6.54934272503334,6.93241542065322,6.42275562412034,6.28422877043931,6.51204681964005,6.42275562412034,6.55851797529245,6.52302474438052,6.60144868031116
"tni-miR-133_st",0.950668057062392,0.708544721926524,0.784723611702602,1.18630359458391,0.950668057062392,0.953198636896741,1.27047533804152,0.950668057062392,1.21525700089525
"tni-miR-135a_st",1.05701634675296,1.05701634675296,1.03238345529696,1.21277694768553,1.04445278780821,1.05701634675296,0.795168521452794,1.07200311704127,0.980296386090834
"tni-miR-135b_st",0.977375339764336,0.73017872799487,0.748974721361005,0.748974721361005,0.73641116241625,0.805726069727558,0.748974721361005,0.511397030151386,0.918209971230835
"tni-miR-137_st",0.847440864159337,1.23848218252847,0.750563874829352,0.788655879453001,0.913072924553037,0.913072924553037,0.977375339764336,0.913072924553037,0.759638797291049
"tni-miR-138_st",4.47097053882126,4.95294844623312,4.30969108879589,4.78541936022088,5.60006967601871,4.78541936022088,4.94221997565687,5.18562664220669,4.47688710480159
"tni-miR-140_st",2.99246638073295,3.12768960019049,1.93630138311992,3.55307235821782,3.92263987710828,4.00415035019611,4.10659041996678,2.12307231730309,4.67141213465799
"tni-miR-142a_st",1.5310369597944,0.956826123348069,0.828157497293039,1.66160422337553,1.05701634675296,1.05701634675296,0.96963231016079,1.32353373400722,1.42132933189609
"tni-miR-142b_st",1.10866556343929,1.03792851147171,1.10700307884248,1.10700307884248,1.09229467948461,0.760495188630513,1.10700307884248,1.2145902736085,1.16546783543411
"tni-miR-144_st",1.10866556343929,1.05078015594636,0.975344821649648,0.711941712853142,0.958913075597933,0.950668057062392,0.869239944108582,1.20275017419337,0.759638797291049
"tni-miR-148_st",1.02828485455506,1.12823245009199,1.7194403848027,0.903867809455026,1.02828485455506,1.02828485455506,1.15350442848504,0.970955963062816,1.07200311704127
"tni-miR-152_st",1.18854092587798,1.28131703770146,1.42901994540847,1.28131703770146,1.28131703770146,1.28131703770146,1.30802432040341,1.28131703770146,1.07891405156762
"tni-miR-153a_st",0.773484788703848,1.15580005031784,1.15580005031784,1.17356921344556,1.15580005031784,1.28131703770146,0.873338278452373,1.3221732939159,1.17609979327991
"tni-miR-153b_st",1.1236523337276,1.07200311704127,0.769508344873392,1.33028618137692,1.07200311704127,0.950668057062392,1.07200311704127,1.07200311704127,1.07200311704127
"tni-miR-15a_st",1.5798826093337,1.29602543705933,1.20166972169439,1.79812542455198,1.41592661634053,1.41592661634053,1.23922316506451,1.23590687587357,1.57967932532518
"tni-miR-15b_st",1.35160614763246,1.51418310766586,1.35160614763246,1.35160614763246,1.35160614763246,1.22960202629405,1.35160614763246,1.35160614763246,0.966692946395375
"tni-miR-16_st",6.85303813986247,6.61702539883154,6.61764919462054,6.32078399431036,6.18213595964837,5.90381395490485,7.15056228957299,7.06138858229192,6.24565708698008
"tni-miR-17_st",12.3055622043571,12.0878631957367,12.0815403733994,12.1698304819172,12.13536215379,12.1695645329014,12.2564020488538,12.1588762311071,12.2973280222625
"tni-miR-18_st",10.2584913448027,10.0715268072084,10.1037775630553,10.2564414757176,10.3169432339872,10.3358100490132,10.4518638125902,10.2584913448027,10.2925043222987
"tni-miR-181a-star_st",5.4849486858485,5.59883393439964,5.60231930196608,5.67363174008011,6.2758874392866,6.07783461020663,5.87111481315282,5.85916684709019,5.73524910437327
"tni-miR-181a_st",10.7163656467523,10.7373815530324,10.4379070003534,10.539351128245,10.666728224556,10.7537807904869,10.7071522872345,10.6236592857884,10.666728224556
"tni-miR-181b_st",9.90212568445477,9.90088791591887,9.94038451603625,9.85359427018949,10.0601598863175,10.1064892715844,9.92655831254314,9.90888312323449,9.91613605796496
"tni-miR-182_st",1.05964502421875,0.771089916216636,1.25927191149553,0.977375339764336,0.977375339764336,1.19803292856412,0.920981503366579,0.779029866460931,0.869239944108582
"tni-miR-183_st",7.68371925522501,7.74188682688816,7.66919876027175,7.57106093171057,7.10555374672909,7.47378910847102,7.57106093171057,7.42948009071672,7.72895896931334
"tni-miR-184_st",1.35714316465555,1.35714316465555,1.15695348061009,1.13248403104698,1.15695348061009,1.14921205052315,1.15449458850525,1.22385067339469,0.950668057062392
"tni-miR-187_st",1.28916715667752,0.736411162416249,1.37249671448881,0.883069452467452,1.00061204867541,1.28832558517692,1.00061204867541,1.00061204867541,0.927048710297369
"tni-miR-190_st",1.17906867546572,0.950668057062392,0.985082964120262,1.02738222366225,1.07200311704127,1.05701634675296,0.950668057062392,0.837252896153636,0.950668057062392
"tni-miR-192_st",5.38327382850323,4.81607283600484,4.11807407731868,5.85233347432788,5.13582541644776,4.83166432509309,5.35627078672009,4.82909524156658,5.5598214972095
"tni-miR-193_st",1.27166013562086,1.53539448942534,1.62402021684511,1.76475743027293,2.44426288952767,2.57714964524617,1.31910878152498,2.04766361159137,1.66406311548037
"tni-miR-194_st",7.83678744643691,7.89139436089895,7.55719503099853,7.73205804859862,7.65537508192658,7.77948535709492,7.44630262048895,7.73205804859862,7.76862970204502
"tni-miR-196a_st",0.977375339764336,1.01555027629541,0.950668057062392,1.0274840545201,0.93412988548362,0.950668057062392,1.10055964421233,0.837252896153636,0.950668057062392
"tni-miR-196b_st",0.754417830224378,1.02037872981153,0.826362810707444,1.13871251482882,1.02037872981153,0.925750952534593,0.869239944108582,1.33485549635608,0.925750952534593
"tni-miR-199_st",0.960579526584933,1.44389399773486,1.24610548569146,1.52854073296985,2.19237841947475,1.44389399773486,1.75960798509408,1.70781621428097,1.44389399773486
"tni-miR-19a_st",7.17095120401388,6.70226037003153,6.84887222755209,6.64972905551376,6.36560241007582,6.4160133802854,7.2066662788678,6.58924793725333,7.19904981759548
"tni-miR-19b_st",11.1431592910782,11.2818932828074,11.1458149436191,11.0857254080279,10.7672018233352,10.7218658199104,11.2756512620567,11.1173501894574,11.2174322023257
"tni-miR-20_st",12.9635967809995,12.9335004744693,12.8438649986956,12.9239151822905,13.0853328311745,13.0400204179027,12.9365453689226,12.9107038817241,12.9590178049498
"tni-miR-200a_st",6.56433976934911,6.56433976934911,6.63885197687852,6.63250448109098,6.3295231962201,6.27750628522328,7.00053745991806,6.23681264242111,7.03968658413523
"tni-miR-200b_st",7.36771007456451,7.28104085184821,7.2066662788678,7.18796715705267,6.66992463097877,6.99770614737754,7.38050208629761,6.93752346885884,7.38267613285259
"tni-miR-202_st",1.5310369597944,2.44336363851548,1.15878255877136,2.46921405208873,1.5704989041577,1.3730394534175,1.35668557379099,1.29015804806754,1.5310369597944
"tni-miR-203_st",0.868595330153984,0.736411162416249,1.50704565793108,0.975931105544145,0.769785182219133,0.827147342001925,0.841888047452039,0.841888047452039,0.806594220466189
"tni-miR-204a_st",1.5310369597944,1.07200311704127,1.21301087728585,1.14870846207455,1.49383586202983,1.40332115903987,0.809010778468843,1.0671641260682,1.29118644608626
"tni-miR-204b_st",1.10260621299865,1.40079057920553,1.19723399027558,1.15666736646078,1.55244077034785,1.87818212184012,1.48543731444052,1.40079057920553,1.6034399951491
"tni-miR-205_st",13.0659513692841,13.0978706319414,13.2642378006146,13.1568279961817,13.1568279961817,13.1884931924713,13.0650968701565,12.9984773767616,13.269449272271
"tni-miR-21_st",4.7955980158133,5.47012386527237,3.56570955459242,4.26716897866695,5.96780324100948,6.46240353400272,5.4682549177586,5.5271509408242,3.88417779973868
"tni-miR-210_st",7.7458123120543,7.85101450708064,7.85481938873928,7.85481938873928,8.71966658178547,8.6074964346607,8.18334236394359,7.7192159995407,7.50066560429367
"tni-miR-212_st",0.995246967160488,0.954259861778127,0.987141047933532,1.14870846207455,0.987141047933532,0.74077336950375,0.987141047933532,0.987141047933532,0.987141047933532
"tni-miR-214_st",1.40332115903987,1.27828854058897,1.24185509333816,1.54955406433901,1.15695348061009,1.40332115903987,1.44187258100808,2.14070334652673,1.45998403433269
"tni-miR-216a_st",1.34557145475508,1.2006717430963,1.19803292856412,1.26220384237272,1.15120812468993,0.682932867568653,1.03616242004695,0.770090251929242,1.40109883704074
"tni-miR-216b_st",0.761422733410717,1.72802647697159,0.836352963890908,1.10815065982633,0.913072924553037,0.913072924553037,0.732315531063912,0.913072924553037,0.913072924553037
"tni-miR-217_st",0.905902390506604,0.869239944108582,0.779138434151774,1.00328300220069,0.657657651329112,0.728669732329309,0.869239944108582,0.790377865330602,0.869239944108582
"tni-miR-218a_st",1.72112769306749,1.57329153075292,1.59964691024483,1.57517746068172,1.59964691024483,1.33572469369873,2.40668765034734,1.59964691024483,2.28759775454574
"tni-miR-218b_st",0.950668057062392,1.08974001351163,0.84431976737182,1.03143649322647,0.927440422187592,0.950668057062392,0.950668057062392,0.865717693493569,0.950668057062392
"tni-miR-219_st",0.998978407394913,1.2006717430963,1.13394497900334,1.32014528460037,1.2006717430963,1.2006717430963,0.896730045159176,0.906342703520129,1.2006717430963
"tni-miR-221_st",12.393793032402,12.377700965919,12.4453864893155,12.3986001594767,12.344381803193,12.355885055699,12.4855659155996,12.3586681825072,12.4091931482764
"tni-miR-222_st",13.3626976940258,13.4782737704709,13.3917059892156,13.4835139143147,13.4973531272576,13.5191811613116,13.3570145864972,13.392383870386,13.3069355282397
"tni-miR-223_st",2.01033166085215,1.66160874427258,2.0078354340276,2.21308812251007,2.01033166085215,1.48981603362608,2.62226603170402,1.39236762561078,2.21649157727076
"tni-miR-22a_st",7.61862831350279,7.5868225972455,7.72336386336774,7.8301995963723,7.80766206652765,7.68468779761878,7.8292515735109,7.81408697074521,8.08686815455325
"tni-miR-22b_st",7.22070533341097,6.99758905889959,7.22589858692319,7.2323066139799,6.96376854742112,7.23142831782827,7.55012983197607,7.04969180534479,7.46424406684408
"tni-miR-23a_st",13.4785850927271,13.4616844859042,13.33509745504,13.440759213992,13.3077535782521,13.2962939397937,13.4849557279642,13.4378760817852,13.580366784981
"tni-miR-23b_st",12.450173620459,12.3847010931107,12.141519264359,12.2780710213669,12.2745119766153,12.2655721187789,12.3658949664571,12.3381672293246,12.4527993793117
"tni-miR-24_st",13.502854861862,13.4287927186422,13.3711002604671,13.4648465295558,13.5688062837061,13.5686055082459,13.5090548133296,13.449398435831,13.3920029579695
"tni-miR-25_st",10.1347229531585,10.3875126533779,10.1604429560225,10.1499410735773,9.5993816997596,9.64829774245318,10.2177493760971,9.80443812576069,10.1458680133079
"tni-miR-26_st",12.2645835140057,12.4056057888732,12.2624355453478,12.3549059102667,12.1451275475612,12.1151826330603,12.2635766335875,12.2635766335875,12.2635766335875
"tni-miR-27b_st",9.99716838300941,9.76823090974118,9.57142173668369,9.77317844259864,9.43934118791543,9.50661254812216,9.89941605634183,9.73431144855702,10.1472656006376
"tni-miR-27c_st",1.44115669637768,1.66283066761928,1.52854073296985,1.66160422337553,1.42450499837083,1.05246375347054,2.4126219830294,1.54939465967587,1.61194795038341
"tni-miR-27e_st",4.52131959094574,3.85828426916028,3.1773157956446,3.85828426916028,3.93601670008704,4.18936527246454,3.83999944754179,3.16301713901403,4.0333474639216
"tni-miR-29a_st",3.63836998594883,3.63836998594883,3.52996496612091,3.87075138661429,1.76740937539629,3.62800268377967,4.11705066716758,2.23763567778009,4.07053421551431
"tni-miR-29b_st",3.42140517120319,3.37144958933886,2.00476293104475,4.04893290793807,3.35202732051765,3.2557704110481,4.72246592007795,3.47914472869893,4.19537223329556
"tni-miR-301_st",1.04317907970575,0.963590461415622,1.00025290781364,0.913072924553037,0.843637021474199,0.913072924553037,0.946191754351509,0.88625572551888,0.913072924553037
"tni-miR-30b_st",7.96417800713386,7.57034464828006,7.57812234789116,7.77766025034261,7.42293306115241,7.72778809358506,8.0482926516606,7.48037758069421,8.20794874086845
"tni-miR-30c_st",2.88838926770046,2.33617970212728,1.64953635797491,2.39993412340284,2.78873207872441,2.09026545421149,2.35009823263948,2.35009823263948,2.48927277171977
"tni-miR-30d_st",7.82190097228518,7.97752129100846,7.78865613156105,7.84509220581738,7.85711083700197,7.82190097228518,7.639384321245,7.54377989607231,7.82190097228518
"tni-miR-338_st",0.717757568025174,1.10356302108082,0.851710090577794,0.880266617748859,1.01021295234776,1.08195995345025,0.880266617748859,1.11748155159302,0.662847824038212
"tni-miR-365_st",1.31645223527733,1.12491386595529,1.37921204653814,1.00049682085526,1.25787698655926,1.23922316506451,0.977375339764336,1.20162803255515,1.25787698655926
"tni-miR-375_st",0.977375339764336,0.938823917796131,0.777614339709729,0.886860636774381,0.886860636774381,0.917733664940544,0.746867111213898,0.994447831540404,0.773592359001748
"tni-miR-429_st",0.848706713709306,1.33659206087413,1.35160614763246,1.14870846207455,0.978526682763964,1.22083188420867,0.848706713709306,0.819596490275731,1.07200311704127
"tni-miR-455_st",1.10866556343929,1.29602543705933,1.10866556343929,1.65156419740591,0.608620021571506,0.902380139891591,0.88026494503596,1.40079057920553,0.858440462924467
"tni-miR-458_st",0.950668057062392,0.950668057062392,1.03805209365456,0.684150669808137,1.07200311704127,0.60733467235043,0.977375339764336,0.948818812593272,0.690936179436305
"tni-miR-460_st",1.07200311704127,0.976649423078243,1.45866483091867,0.991537577576833,0.950668057062392,1.04709713539928,1.33028618137692,1.56676539430664,0.854266574567982
"tni-miR-489_st",1.56331771108512,1.29602543705933,1.2145902736085,1.2145902736085,1.2145902736085,1.16423013947688,1.76863574208997,1.49319692326805,1.2145902736085
"tni-miR-7_st",2.12296020667578,1.44389399773486,1.81211331800831,1.31083050732919,1.07200311704127,1.39259783969818,1.80947278405106,1.44389399773486,2.12351809250375
"tni-miR-9_st",0.977375339764336,0.748974721361005,1.19479246076208,0.891584926089394,0.562797463925139,0.704995463531088,0.732436549782233,0.913072924553037,0.675411382982967
"tni-miR-92_st",13.2353321407822,13.2648455887267,13.2032224769387,13.1739187665271,13.2337133611673,13.2089866963166,13.2587198340591,13.1873078947087,13.1075881516938
"tni-miR-96_st",1.20859372586744,1.3068781237109,1.2145902736085,1.13352832459268,1.41542489632388,1.57294139002155,1.32807712039286,0.9622573561261,1.71324754705343
"U100_st",0.895487077748266,0.988263189571746,0.950668057062392,1.00584903637652,0.950668057062392,0.766264864838663,0.666153853519095,1.40852538386957,0.551733968652961
"U101_st",1.55088585750424,1.8040222109156,2.25459810070132,1.68268715093672,1.68268715093672,1.68268715093672,1.52803936141208,1.71245327164526,1.93729984790205
"U102_st",2.83165675138746,2.77866726546051,3.04746589015592,3.11711094041148,3.12128212890352,3.09927244979723,2.27336023149827,2.77915630502838,2.91282525863087
"U102_x_st",2.09248126084747,2.15418177205924,2.82051568399585,2.88347393169201,2.76167351091544,2.37107126644217,1.74437230981543,2.17758850857094,2.72192123418102
"U103_s_st",1.93230211967617,1.76658320932281,1.82048753878116,1.64189982578628,1.99336757660936,2.11773113370072,1.66928644297942,1.86653080485974,1.94094532139206
"U103B_s_st",3.35468802998447,3.35468802998447,3.50076153062046,3.35468802998447,3.27797386338461,3.35468802998447,3.18031391958761,3.35468802998447,3.35468802998447
"U104_st",9.49645396193555,9.85767451145712,10.1538938758263,10.0628810686405,9.98283267096637,9.90599945760726,9.35585205216077,9.58865585959632,9.57864868690632
"U105_st",1.48776046473942,1.83958546346865,1.45850709820357,1.64953635797491,1.66421340414371,1.64953635797491,1.3618228214734,1.72873041701531,1.51736554165908
"U105B_st",7.47368382856964,7.45114629872499,7.45114629872499,7.51880802306504,7.27231544225192,7.73465637023368,7.09912251461142,7.14678796697186,7.57579220931745
"U106_st",1.40332115903987,1.51971356374368,1.43002844174182,1.52854073296985,1.40567503259659,1.52371705526078,1.20055798610719,1.23061313120711,1.2642084970791
"U106_x_st",1.72214402765342,2.04038314208811,1.63290184489936,1.97018249499692,2.00789256356787,2.23868350620445,1.65467411547358,1.73454695747541,1.89347714996364
"U107_st",1.34218371676529,1.44389399773486,1.22104854600725,1.36738671607264,1.67370164798473,1.25991403231087,1.35160614763246,1.48797056246613,1.18438609960923
"U108_st",1.08456667598603,1.07200311704127,1.07200311704127,1.07200311704127,1.17969214266514,1.07200311704127,1.00637105664757,0.999672402198181,1.07200311704127
"U108_x_st",1.39291011293332,1.39884666491608,1.32314164086283,1.06394866388746,1.09997500541328,1.18140311836709,0.977375339764337,0.942218759103966,1.09997500541328
"U109_st",1.10866556343929,1.08304329626608,0.891539737267304,0.499136757407793,0.747128479193248,0.913072924553037,0.869239944108582,1.2361013202333,1.00584903637652
"U109_x_st",1.05302285946748,1.14040689605965,1.54682080791737,1.17699514109914,1.2145902736085,1.19611028920243,1.23922316506451,1.2145902736085,1.33592533358738
"U13_x_st",1.71068005502909,1.9669529866314,1.758428599225,2.32056506067817,1.82048753878116,1.9808715171436,1.6621294866339,2.03963275255788,2.21649157727076
"U14A_st",1.15390836384419,0.744369473816538,1.31800635781956,1.4554554241432,0.878426885898442,1.05709083736957,0.905134168600387,0.999761945877321,0.950668057062392
"U14A_x_st",1.10055964421233,1.19333575603582,0.983017048004381,1.17726498924562,1.10055964421233,1.04891042752601,1.10913235967928,1.06389719781431,1.39521523981292
"U14B_st",4.83557154928254,5.07045575636231,4.07132499717915,5.15122419252639,4.98107490279857,5.11643909198587,5.03679808499724,5.03679808499724,5.22653004452265
"U14B_x_st",4.64430447967521,4.831282978962,4.24541525141565,5.23588634283768,4.83922958152741,4.93439000353715,4.75184554493524,4.63551753455592,5.18512103148506
"U15A_st",1.34841859270836,0.870667369530065,1.60738876831269,1.43509919078241,1.54939465967587,1.51471977786459,0.998096929380249,1.28411617749706,1.42805959969699
"U15B_st",2.84861923205841,2.15227021343725,3.02286277047834,3.08759471794624,2.92465825609643,3.07073175673242,2.73345373429424,2.58588169323644,2.95915184667673
"U16_st",0.980940100728855,1.18520961925195,2.72962843678205,1.27780417165625,1.72258845280795,1.40332115903987,1.35969060137833,1.54922072187791,1.11560762253836
"U17a_st",4.92494864945638,4.72497774461455,5.99252333626463,5.06168432791939,5.80495692431564,5.31318100685472,5.13456521500225,4.71566843402422,5.28969114934391
"U17a_x_st",1.68268715093672,1.74750878566388,1.78353354912081,1.77396464898997,2.03207115401901,1.78392780060236,1.61280161035505,1.74750878566388,1.84286247962691
"U17b_st",9.94307304154917,10.5029896914534,11.419868280318,10.4942005933616,10.5151233725723,10.3891448317195,10.2110829236067,10.4009735136117,10.2938555222834
"U17b_x_st",9.6926062217423,10.1553816145172,10.5420126589728,10.0336415986536,10.0672144158615,10.0336415986536,9.70091944695197,9.90765022813932,10.1492896029346
"U18A_st",1.68268715093672,1.73086338828201,1.89808343630525,1.96008455074519,1.86520225014984,1.89808343630525,1.89808343630525,1.89808343630525,1.96008455074519
"U18A_x_st",1.75363173721539,1.58961400429188,1.68268715093672,2.31285488108578,1.65945951606192,1.54191691985397,1.62862599747459,1.6609960333406,2.16390644442138
"U18B_x_st",1.01070755979388,1.28705398753281,1.05899547696468,1.79027357140273,1.21537238680072,1.40024041918442,0.927658850299206,0.779029866460931,1.13097278254146
"U18C_x_st",1.07035801190458,1.2006717430963,1.28712464538557,1.28539711495873,1.22745842974274,1.27205134760596,1.53389917290613,1.02817079154891,1.49534775093793
"U19-2_st",1.27002866777902,1.23147724581081,1.07048660954747,0.965009724511681,1.54112154688431,1.40332115903987,1.27002866777902,1.27002866777902,1.27479189706783
"U19_st",1.7693059902624,2.18708208109529,2.53577115711782,2.14482751013677,2.23822386533321,2.22232333118077,1.48912600459337,2.15874604064897,1.96838676138648
"U20_st",1.25461969586077,1.11948302933217,2.00096778128223,1.22940344329824,1.12407229445469,1.15695348061009,1.15695348061009,0.825153989755996,1.15695348061009
"U21_st",6.33475347232648,6.56290644143776,6.70151754295191,6.71030956871798,6.42568479579852,6.41066827706202,6.33491047516689,6.27045105711518,6.52023688792571
"U22_st",1.23922316506451,1.01388583810365,1.41276771305206,1.32660720165668,1.54708902733745,1.6716818355565,1.73251348072066,1.37545083673599,1.28076026916071
"U23_st",2.42290153444665,1.85480561738472,5.45312135742662,2.61532458177723,2.50785189801547,2.23091297866859,2.42290153444665,2.42290153444665,2.47234997182834
"U23_x_st",1.65458767327176,0.950668057062392,2.7267909119009,1.73130183987162,1.76889697238098,1.46640992805766,1.75370786772206,1.72447627274006,1.44586962308052
"U24_st",1.78273333503435,2.15418177205924,2.92820147396455,2.15418177205924,2.104864271009,2.1962756446962,2.15418177205924,2.20842679961618,2.14590377881492
"U25_st",10.2164963105095,10.2684028436191,10.4283166094396,10.7531173010886,10.9264575315335,10.9578529529838,9.94636042429284,10.4206392074792,10.7356481147718
"U26_st",4.9822163379932,5.04337533299426,6.38674590112138,5.52767853549485,5.4529437404468,5.67954605406263,4.9147175134201,5.20433136709013,5.51482168122521
"U27_st",6.41959365573005,6.85086364537915,6.93997993622109,6.8934179715365,6.90338166397579,6.76235743657631,6.76235743657631,6.4773429242962,7.00894343094344
"U27_x_st",6.798617971681,7.02921796038053,7.43131581455672,7.11664201958303,7.21719953788608,7.06242323589518,7.06151619607226,7.11018369889253,7.4042408381263
"U28_st",8.09243669629126,7.79061156182635,8.59097339872366,8.65429780801096,8.62618263569051,8.78658083797655,8.13570898205109,8.21101128716459,8.66826052588781
"U28_x_st",5.30111594165281,5.09535920361464,5.47654155199126,5.71542255089745,5.99268068100186,6.12406905030057,5.17406647347859,5.67622803320959,5.94442887684289
"U29_st",10.9287586911201,10.9066341976251,11.2344438068527,11.1710142232383,10.9952882892208,11.0055538959225,10.7555685663147,10.9280640622239,11.3518846204392
"U3-2_s_st",6.50480746240429,6.74552570274404,8.22923881820677,7.20254476752812,7.56260644012154,7.07732519359814,6.84534063984676,7.15248681638052,7.07732519359814
"U3-2B_s_st",6.32326116736138,6.59194891956546,7.86555132991376,6.65570334084101,7.1035991179925,6.70009737541316,6.38740322153031,6.52625748258056,6.56928029398566
"U3-3_s_st",6.65730533919652,6.84466599285314,8.31011579009151,7.03517085175766,7.43776700810965,6.9854362239359,6.47633833126879,6.74164848643431,7.07220721712343
"U3-4_s_st",6.64514153817511,6.83269655999258,7.98293625330587,7.07660908179442,7.42505221017157,6.97459536733523,6.38740322153031,6.56928812551601,6.8806255878094
"U3_s_st",6.44356267405715,6.73083502606899,8.16028145198882,6.98290391152066,7.28432463237797,6.85426936835067,6.61710722204471,6.52023023271473,6.9098209695879
"U30_st",9.01830464822724,9.44189039670167,9.52935131316725,9.54147052767908,9.52182565998528,9.39743320252514,8.75567466851328,9.02278231711556,9.47399783318068
"U30_x_st",9.27060087449366,9.72724530827398,9.6668018025392,9.71741193211703,9.7283952981701,9.57424888020323,9.12651723934254,9.22113679197636,9.62184285799172
"U31_st",6.23205761539059,5.95012943504117,7.66045178721118,6.23205761539059,6.40501248391784,6.22062628923486,5.73012597059554,5.13479887909148,6.56356778692831
"U31_x_st",5.72507577849224,5.94729643829449,6.62731141462079,6.0932027146221,5.96807937059572,5.84172341361048,5.54220736505236,5.72349513244716,6.11415702081158
"U32A_x_st",7.56560173515686,7.57694973402654,7.57694973402654,7.57694973402654,7.64966443773977,7.6434321175138,7.3233659897012,7.46436807785035,7.57694973402654
"U32B_x_st",1.5310369597944,1.5310369597944,1.5310369597944,1.78126206030923,1.37710738927206,1.54939465967587,1.9584172039918,1.64721900221712,1.43667206387995
"U33_st",10.1139051117839,10.3454581340539,10.6482585166655,10.5053010028108,10.5125905200165,10.4261400098556,9.88455247189837,10.2793214022443,10.0886800086217
"U34_st",8.38861211381734,8.98105971109155,9.72954413283144,9.42752611905516,9.06485996263706,9.19037363175174,8.33212570875074,8.85685441750314,8.90768858481301
"U35A_st",7.03203569370753,7.22164986065978,7.214322094429,7.17205462679813,7.42293306115241,7.69505973878017,6.73158943225475,7.47592202325481,7.214322094429
"U35B_st",1.26426286529248,1.7868333192043,1.99614723986449,1.7462666953895,1.96690382533955,1.9000197508559,1.69868880684259,1.50523207536746,1.7868333192043
"U36A_st",7.62046780546345,6.63005556923315,7.46809833047587,7.34339725277944,7.48730884530263,7.55963562404362,6.9903898640509,7.1298908952055,7.61354466606983
"U36A_x_st",7.6751174660192,6.90676053233988,8.03617416875029,7.72273169055747,7.86162668522548,7.94100684302379,7.61342462277369,7.42186185727077,8.22193399349493
"U36B_st",3.0002621320447,3.05478101012299,3.78424350746064,3.59125465458934,3.30420382998182,3.30420382998182,2.89140799540003,2.88872726960459,3.83952211355284
"U36C_st",6.74695568949403,6.40566328659804,7.63051326304133,6.75688180394693,7.19118497131394,7.29961080966964,6.87438358317657,6.98417062333819,6.93459095538095
"U37_st",2.34700925338418,2.45157187279259,4.09165671915024,2.76427581937756,2.7725208379131,2.56955817705253,2.70436411253323,2.33685422987099,2.58142695465438
"U38A_st",7.08474932573657,7.12834735739786,8.34943076573384,7.38638677657713,7.87940065013016,7.68371925522501,7.11178190432029,7.37389494763349,7.37671284208641
"U38A_x_st",6.6467855492823,6.78924996085389,7.92532775393184,7.23233303724969,7.42716403064703,7.09417297512856,6.47499310522351,7.04344045759843,7.13916651720551
"U38B_st",2.12717284878164,2.96778966025241,5.47710036979992,3.73199667935375,3.12128903203737,2.8203982616794,3.05176481488852,2.48792821548052,3.50489855615929
"U38B_x_st",2.44737179095138,2.01033166085215,3.8264326237134,2.78128451288763,2.72439907494424,2.53577115711782,2.53577115711782,1.92508712322236,2.43702621242767
"U41_st",8.46578937928736,9.08925061806952,8.72404141942651,8.99329912087434,9.1682097411654,9.25074573063177,8.52939985817951,9.22227581997618,8.81190407825085
"U41_x_st",8.8274059561733,9.244864994646,8.73575051769457,9.06172497664766,9.35738909081149,9.23164907416643,8.74876774353098,9.37119556056418,8.91856303845501
"U42A_st",7.45883987146694,7.83248867868276,7.6532701747879,7.71974852465614,7.62909923953297,7.76718931295015,7.36484713071725,7.49756734471874,7.8500256775115
"U42B_st",1.79860130248963,1.65970630782161,1.65970630782161,1.79027357140273,1.49757563482672,1.9095868522966,2.16435705058704,1.0722255926888,1.82894155769144
"U42B_x_st",2.48437890644132,2.4750745086624,3.05102322734758,2.97282087586071,2.66511664729101,2.68350330795537,2.64403371972982,2.6027231589971,2.99490612369298
"U43_st",12.4511220430638,12.5953460218327,12.5672280299389,12.7779368480606,13.0163265227245,12.8842075282515,12.2385608685649,12.5473104564879,12.5708041547827
"U43_x_st",11.8730910562871,12.1235904580616,12.0830374583239,12.2838573524447,12.4470586731085,12.4540602262172,11.7057871240806,12.1115350597615,12.1235904580616
"U44_st",10.5562454457152,10.6117860438945,10.7755199005752,10.7685481377294,10.685494057805,10.6640762571248,10.3565216344103,10.6790630274131,10.9725354445075
"U44_x_st",11.2186393800521,11.2092992882162,11.3741527288093,11.4468494895705,11.3081177397976,11.2022890972935,11.0668106243682,11.3446926111417,11.4905595313924
"U45A_st",1.30285022498719,1.28131703770146,0.799625959697421,1.34075651230927,1.28131703770146,1.28131703770146,1.28131703770146,0.88891405784195,1.31419822385687
"U45A_x_st",1.23922316506451,1.23922316506451,1.23922316506451,1.23922316506451,1.05224466577771,1.58060219242146,1.23922316506451,1.18189427357226,1.27210435121991
"U45B_x_st",2.83165675138746,2.7319427119343,2.63729737487533,2.83165675138746,3.05145501720418,3.11937028788897,2.83165675138746,2.70469032809078,2.96717913389797
"U45C_x_st",1.60495693634621,1.59239337740145,2.50551857296012,1.92798533202648,2.02166484415603,2.09015221330228,1.46236977977898,1.92798533202648,1.66406311548037
"U46_s_st",3.72331003226089,3.94812685985469,6.72038107199343,4.64145233059976,5.21511702994407,4.58977385072248,4.11225479951779,4.07282254818051,5.41184354893331
"U46_st",5.22879435173099,6.12050204647969,6.10883052069483,6.24896945940198,6.50242631465469,6.01535887014975,5.26693687345468,5.71937280522277,6.47650634394987
"U46_x_st",5.74215011130319,6.15522132039568,6.30443378078816,6.54572409964395,6.65135486818541,6.32224647146654,5.99031732195551,5.9536231153993,6.32224647146654
"U47_st",1.20095876197895,1.09030239355897,1.77914304983535,1.40265209768034,1.07200311704127,1.40265209768034,1.14659903102278,1.36505696517098,1.77453676349374
"U48_st",8.59326062732155,8.15525155967344,8.85596753623109,8.69481413920236,9.09845010110723,9.07460075129402,8.39540348030083,8.63902657788584,8.63561825232232
"U49A_s_st",8.29993515934767,8.89697417884024,8.73465712703888,9.09286448171322,8.81773579888099,8.75193416619745,7.94320493586774,8.4141127405323,8.77699506878033
"U49A_st",8.06019004404386,8.66464726190544,8.8433729793792,9.0600122554174,8.60832844680836,8.56665841587223,7.96399719864454,8.12382624384331,8.74543871153511
"U49A_x_st",8.0351487372739,8.35028697674581,8.39800197723556,8.69061085868096,8.59874858425525,8.3805472825374,7.66180109538108,7.98575959582931,8.69144021086411
"U49B_s_st",8.15072166522256,8.87955866920405,8.69643667065657,9.02163831045705,8.78041485787723,8.74361558496674,8.04004616992605,8.44512136913146,8.73088928103098
"U49B_x_st",7.55583513500758,8.09183453384429,7.75742684154997,8.19469357640679,8.05157613424783,8.16644600982709,7.29518975329492,7.78685859147083,8.40880926771905
"U50_st",5.48823580569286,6.31772444536297,6.52249447442245,6.44924816002172,5.76249235894523,5.86384967890877,5.84102526124249,4.33775636842881,6.30058999179886
"U50B_st",1.37247506064349,2.13079174430926,2.78463320644592,2.04785470713857,2.14312216764644,1.28131703770146,1.61416066735613,1.40265209768034,1.64772715146896
"U50B_x_st",3.9500021427998,4.0138602385628,5.12770499285582,3.8647045150688,3.7693893101852,3.8647045150688,3.37566256868357,3.6038908708988,3.62811656899681
"U51_st",2.95130593028679,3.18102745356844,3.80100422005014,3.19969269633699,3.29149273200818,3.32332436100318,2.96393904272263,3.05373084082191,3.14650821314382
"U51_x_st",1.58277739255506,1.67478357221207,1.91800582685063,1.78236999267808,1.28218298848316,1.82176610073588,1.55796072185288,1.2145902736085,2.13817494459614
"U52_st",9.47165067587573,9.00793962423194,9.62154428250142,9.47165067587573,9.85293174312319,10.0046189016498,9.08268381758078,9.44816139031807,9.47165067587573
"U53_st",4.49635412107691,4.97835795117393,4.85422810362858,4.97835795117393,5.58305519130483,4.89591563048352,4.41541384739244,5.34587787056614,5.02471446083623
"U54_st",7.76153138063132,7.92701733407428,8.15393436049083,8.15393436049083,8.48996541639429,8.52557330945285,7.88601558751956,8.15393436049083,8.28757003186195
"U55_st",11.2368832219622,11.5340749968194,11.6106149087778,11.5036779894435,11.6868693924777,11.6477047131641,11.0988108478642,11.4893928131194,11.3268511241023
"U56_st",9.40976048427283,9.73873579994646,10.3627266952858,9.98192257851393,10.1067940277605,9.96154352377032,9.18316442505566,9.44448175816577,9.88075598195403
"U56_x_st",8.31512917597793,8.72467650987336,9.24275842657944,8.99549155502892,8.92697313511115,8.73178999302803,8.28030788463563,8.30858394627911,8.86295731651218
"U57_st",8.71832364742487,9.21731949832588,9.32857046933368,9.48905164876536,9.6309243498279,9.68475562475637,9.02259354620224,9.71775370112932,9.29256947987919
"U58A_st",1.33159585508843,0.945112221370351,1.26418071127319,1.25321446192797,0.950668057062392,1.22982617560599,0.869239944108582,1.22982617560599,1.34561587472402
"U58A_x_st",1.41521158813824,1.34187236955529,1.52854073296985,1.76962168603054,1.71956999274119,1.79070461359174,1.33409407237885,1.36414921747878,1.84044818870922
"U58B_x_st",2.18112109957979,2.01033166085215,2.15578643671408,2.37459769313664,2.26850513617196,2.5107990254512,2.01087603159964,2.33013696038532,2.45991999883691
"U58C_st",3.23296309191304,3.20563695702552,3.62004707643628,3.7363662884823,3.83646790601118,3.96732074571853,3.45363631870312,3.21056518941193,4.51571954685804
"U58C_x_st",5.79695837807776,5.60127508672553,5.91680595827549,5.94495422003276,5.93001462396533,6.16419013677569,5.94495422003276,5.56914832443743,6.28985803282921
"U59A_st",3.19657859174744,3.78975058840835,4.1589684432287,3.92446556152793,4.11705066716758,3.76909294794183,3.40940665577684,3.80921110043788,3.80921110043788
"U59A_x_st",1.41642143926933,1.51104921654626,1.77050931202627,1.51104921654626,1.54939465967587,1.5028119499562,1.30084308238467,0.911773417601165,1.66406311548037
"U59B_st",6.08460967237026,6.19740517211853,6.30823143837274,6.51854049374345,6.07069759630546,6.05748018015105,5.68736065867787,5.97926374596352,6.09201896419096
"U59B_x_st",5.36640805710071,5.53385077392451,5.37037461731327,5.89732238195697,5.6510918564546,5.37089824251211,5.43808022602751,5.23704610043951,5.86269318201428
"U60_st",7.25183057061535,7.12316194456032,7.16763745221961,7.45617573090377,7.53952211803301,7.25183057061535,6.85877180587935,6.98349944906068,7.8732134055287
"U60_x_st",7.77991389625657,7.86389125263707,7.13291643757449,8.03604821918806,7.95426738963582,7.88361351582652,7.6491905805424,7.86389125263707,8.51478465446705
"U61_st",3.15305004834662,2.27171116212853,2.94331529079408,3.15992210411344,3.23422988317482,3.06157840891266,2.79470903709358,2.7319427119343,3.24893828253269
"U62A_s_st",1.71147044179841,1.66345832781197,1.07152166818578,1.52854073296985,1.40332115903987,1.52854073296985,1.52854073296985,1.08432010624374,1.7868333192043
"U62B_s_st",1.23053272012242,1.27657598620101,0.894837242727728,1.06475673295539,1.08467666991681,1.07693523982987,1.23922316506451,1.09724022886157,1.09724022886157
"U63_st",5.43690270009735,5.40506519301249,6.04063189771074,5.82564217816132,6.09552418928459,6.09124913777622,5.6617756580018,5.66553442197049,6.04347774901813
"U64_st",1.68987699951677,1.68987699951677,1.79841093281666,1.93107391698692,1.73816491668757,1.73816491668757,1.48711382658408,1.54939465967587,1.39742648455174
"U65_st",1.31746222655534,1.85143836543556,3.84234259697399,2.22270959547546,2.65910332597496,2.13853298694651,2.48038001219976,2.7319427119343,2.48038001219976
"U66_st",1.96093518936507,2.24786128418879,2.439166235033,2.12344423908876,2.81482368527549,2.57714964524617,1.96093518936507,2.35166501195687,2.11919265813376
"U67_st",3.55013904563088,5.54845850374359,5.07599028740869,5.38798439280964,4.62101413692522,4.48772164566437,4.16093146636921,4.16905420062978,4.80967263190865
"U67_x_st",4.35843354802721,4.863790305918,4.86896286210691,4.93149424892695,4.2805254640714,4.65749508339839,4.54255450414065,4.82068688738867,4.82321746722301
"U68_s_st",0.877702363758838,1.0329236442441,1.05436768121257,1.07759008404053,0.954180937497224,0.964196773597757,1.04091417545575,0.743852788438373,0.79529939809457
"U68_st",7.85624293118371,8.0966443152457,8.20669300648652,8.0488980809092,8.16243861880921,8.05952918195626,7.66398963733936,7.74727677312039,8.0488980809092
"U68_x_st",1.66969099197368,1.9808715171436,2.11219116160055,1.94049472173015,2.11867190498803,1.9808715171436,1.82672509917673,1.78844846981301,2.01247078983107
"U69_st",1.15695348061009,1.07200311704127,1.45847082966555,1.15695348061009,0.812921752521571,1.15695348061009,1.15695348061009,1.12029103421207,1.34431335423013
"U69_x_st",1.28131703770146,1.28131703770146,2.45488553907644,1.19383635087227,1.28131703770146,1.1618434961974,1.28131703770146,1.12238684521323,1.36274515065527
"U70_x_st",2.35293212698702,1.95006771987569,3.48983818196398,2.37813512629437,2.87344775421309,2.35293212698702,2.35293212698702,2.439166235033,1.89347714996364
"U70B_x_st",0.797773522915055,0.738114377459756,0.893916708695839,0.892412425301244,0.798134858623128,0.987110605275099,0.785781313040085,0.763909646189065,0.867209425993894
"U70C_x_st",1.40332115903987,1.19703573549217,1.40332115903987,1.13680377178562,1.64968883746966,1.28131703770146,1.40332115903987,1.47044735267966,1.40332115903987
"U70D_st",2.60490376133716,1.88695666945982,2.31634865333505,2.40333559149924,2.41629624887197,2.63695383767176,2.31634865333505,2.07317975272117,2.29772461787869
"U70D_x_st",1.40332115903987,1.40332115903987,1.33768909864617,1.65054485430826,1.42779060860298,1.22716281229564,1.36122728640292,1.72873041701531,1.20827703783918
"U70E_st",1.07200311704127,1.41478291489866,0.869239944108582,1.24866487917806,1.07200311704127,1.11409698967822,1.07200311704127,0.913072924553037,1.07200311704127
"U70F_st",1.26512165326342,0.955906907998028,1.36871443895526,1.04365068404028,0.877029933309041,1.06703709434212,0.852310293315382,0.790680604385124,0.864855140163322
"U70F_x_st",1.10055964421233,1.44551397816772,1.34692732264212,1.03680542989077,1.01828995975792,1.07385236151039,1.10055964421233,1.19518742148927,1.2646576381877
"U70G_st",0.89176365625082,1.00258746938584,0.996859183863131,1.14091200163225,0.817449389113221,0.985245366425731,0.854400820746816,1.42845975271047,0.976049949128476
"U70G_x_st",0.950668057062392,0.850720461525464,1.33066388817237,0.826251011962356,0.922111529891327,1.05701634675296,1.10055964421233,0.770648316595434,0.950668057062392
"U71a_st",3.8725843976499,3.77797515937986,3.88324847357995,4.07567152091053,3.88324847357995,4.05858751695036,3.45730265430441,3.90263954274983,3.88861409271686
"U71b_st",1.23922316506451,0.940207981751209,0.831200164649886,1.15726317179486,1.32618366454819,1.15726317179486,1.15726317179486,1.116869743888,1.15726317179486
"U71b_x_st",0.977375339764336,1.32934036915133,1.28557335582437,1.07515475571268,1.68268715093672,1.40998566375649,1.08040652034872,1.2006717430963,1.07933668311742
"U71c_st",2.23723025905894,2.39202332574707,2.60912113975253,2.26727807611467,2.41476654439622,1.84863159629651,2.4955133233946,2.10318720096684,1.89347714996364
"U71c_x_st",2.20911828009354,2.45157187279259,2.22109786361237,1.88004322003956,3.03063602791898,2.12351809250375,2.06712425610599,2.21649157727076,2.21649157727076
"U71d_st",4.60314190481788,4.89255733349101,5.26020726303381,5.37770312854379,5.13550634410493,4.98915141098253,4.00932762950523,4.20418362499721,4.47803713605254
"U71d_x_st",3.8725843976499,3.9736915864992,3.86633109058619,4.28250855125284,4.22989082624862,3.86633109058619,2.78685545693152,2.34023778010623,3.86633109058619
"U72_x_st",1.2006717430963,1.07200311704127,2.61532458177723,1.27748774055401,1.2006717430963,1.2006717430963,1.02143467389645,1.11572137952748,1.2006717430963
"U73a_st",9.56074238780844,9.74384417761964,9.7885576912051,9.79428803512742,9.98559360082586,9.76176441022494,9.38764048252964,9.65146501258405,9.86735671603339
"U73b_st",1.23922316506451,1.35353246417372,1.10639438337217,1.20835013689834,1.23922316506451,1.2242363947762,1.23922316506451,1.21123460958309,1.31295962547873
"U74_x_st",8.84802176424871,8.94221185594545,9.6014015575082,9.20375301618433,9.20604548375589,9.11082806996229,8.88043099650169,8.87497492975576,8.98055902618877
"U75_st",10.2771811217809,10.8606426798738,10.9302561808369,11.1464395275825,11.0779652699916,11.0325347009324,10.148698392337,10.4603304270005,10.9269901768078
"U75_x_st",9.01325481134637,9.41900725030602,9.54774051482074,9.64754421902302,9.62156816327441,9.52145000457645,8.68286385734248,9.16755631317184,9.4007097856604
"U76_st",9.23701266719907,9.35623183570692,9.64996040374515,9.51272493631473,9.35623183570692,9.35320327258511,8.88584183679962,9.09168949758238,9.6064153658067
"U77_st",1.53136561205821,1.17296602599492,2.01427053052871,1.74920335945902,1.64909471948048,1.35936219881754,1.59457357095308,1.07200311704127,1.59457357095308
"U77_x_st",1.22583168995937,1.31706503576638,1.31706503576638,1.34821812610249,1.31706503576638,1.40332115903987,0.824184663789224,1.45342945060005,1.28367304077219
"U78_s_st",11.072249104715,11.4123612505017,11.2337623469783,11.3470017664144,11.1860061705961,11.1565346289189,10.8636834491558,11.1502069391078,11.3246300657183
"U78_x_st",10.7288237840072,11.0460796046492,11.1198778010888,11.1515028859884,10.9685985822319,11.0007769647931,10.4073786570992,10.82636168547,11.0864415079145
"U79_st",3.73658226710182,3.80670274713821,4.21784255958799,4.04869753554265,3.86169727616787,3.64925312472168,3.79147363619365,3.65203847730371,4.05523236439681
"U8_st",3.59520016346345,3.66243633758638,4.03214582504502,4.3677132828827,4.47261588191265,4.36214438391978,3.89812624153688,3.62484120507702,4.40031932045085
"U8_x_st",6.93382211996196,6.84431096491029,7.32335930433535,7.44024405314038,7.39800484787281,7.43365392583865,7.05904169389194,7.04935440634357,7.82957874814279
"U80_st",3.0614946400632,3.32725934474258,3.33115392747071,3.44824103941357,3.35202732051765,3.11400466979797,3.1347562366238,3.26747645062529,3.27968664251758
"U81_x_st",7.93091702116818,7.95882866112997,7.32335930433535,7.9599123581026,7.81886478473847,8.02246291145249,7.88806515177957,7.82543884827484,8.22434490215398
"U82_st",4.43151963579513,4.34437300499073,5.66696807386768,5.09358057541625,4.69891672303321,4.7839912076658,4.52589477948293,4.25808929317406,5.29443707744634
"U83_st",8.02344509103558,7.88023135531458,8.25157140345259,8.20141441841375,8.53045803601339,8.4060715420603,7.84023966421649,7.94191749048037,8.31561717064291
"U83A_st",5.64676711769064,5.66242607188002,6.41587462986092,5.82564217816132,5.65798687728401,5.65798687728401,5.17586594014053,5.25671259712309,5.78472899351558
"U83A_x_st",6.08138992061921,5.40782681726886,8.16613618853733,5.89913456297382,6.67323906434306,5.95367411986468,5.97072392832594,5.74723593969052,6.20049353037392
"U83B_st",8.19414333421249,7.88564841466062,9.44120564802196,8.74760716976429,9.29371944029263,9.1895160907983,8.11840768489524,8.47917101717801,8.66297623418762
"U84_st",2.82256692966786,2.83549183873583,3.20774623975887,2.89915700305483,2.89915700305483,3.44458621685579,2.61144346655332,2.52123338890566,2.90453873374882
"U84_x_st",2.85794380664925,2.71174042725586,2.82128136025123,2.82128136025123,3.36871435836725,2.61892042761864,2.82128136025123,2.52695232067506,2.82128136025123
"U85_st",1.01546587209445,1.13382183744442,1.44115933667628,1.40966800888179,1.2145902736085,1.11883506715611,1.2145902736085,1.2145902736085,1.03200404367322
"U86_st",1.93107391698692,1.72872004262114,1.90363283073577,1.93107391698692,2.24029985237843,1.93107391698692,1.74102481149318,1.93107391698692,1.93107391698692
"U87_s_st",0.972201244348125,0.950668057062392,0.950668057062392,0.950668057062392,0.809129288750647,0.873953890462532,0.950668057062392,1.25218540611785,0.841066910244858
"U87_st",1.40332115903987,1.40332115903987,1.44642457756921,1.37461202108729,1.39329179401309,1.82674625150242,1.41466915790954,1.40332115903987,1.40332115903987
"U88_st",1.10604396581937,1.2006717430963,1.48027477368749,1.06819741393415,1.2006717430963,1.07933668311742,0.997908570163612,1.04174155060807,1.13613895511224
"U89_st",1.268214593525,1.13925642173877,1.74679166152046,0.92176622999389,1.37620357108155,1.90187609592332,1.66160422337553,1.28027300354993,1.18828361724815
"U90_st",1.00838759934601,1.40079057920553,1.63643493829362,1.52854073296985,1.59366365889686,1.38048559017383,1.40079057920553,1.40079057920553,1.29602543705933
"U91_s_st",1.2006717430963,1.19942197504468,1.55213949391938,1.2006717430963,1.17113326977531,1.64852481240991,0.726401213984339,1.17113326977531,1.65207507702216
"U92_st",1.21066663789344,1.7303675874573,1.16384654275342,1.29099552711742,1.35194311719091,1.29440414437863,1.29440414437863,1.26584761720757,1.3945162432626
"U93_st",2.67611324226308,2.9242566664167,2.67611324226308,2.46563745945301,2.97206356702677,2.84021123623845,2.15580740362693,2.67611324226308,2.34682715841002
"U94_st",1.12158987059059,1.17818992901917,1.24185509333816,1.3793748778688,1.4199415016836,1.6262269252313,1.24185509333816,1.12696825110326,1.01299624387824
"U95_st",11.6111515386428,12.0439741755285,12.0332864516331,12.0056058450348,11.8959156016086,11.8825126832002,11.5121321939494,11.727373904165,11.8132559122887
"U95_x_st",11.357699665361,11.8132541080873,11.9522192214193,11.8703870845298,11.7020782003895,11.7526596672934,11.2223205829876,11.5559966065649,11.6351856523068
"U96a_x_st",4.92366522799921,5.05766307344034,5.65798687728401,5.32417387778455,6.08949738188296,5.42683511514089,4.792917055309,5.40155978872257,5.3733666719667
"U96b_x_st",1.07229037703217,1.38246187164353,1.15953157999439,1.31870765732196,1.47421899340938,1.42005700415288,1.38246187164353,1.38246187164353,1.66406311548037
"U97_st",2.41501897225128,2.3547338692509,3.68057643637101,2.29014923182956,2.85830016584377,2.27136357590794,2.46518451601011,2.24786128418879,2.48783292618111
"U98b_st",0.833726829679519,0.836358757953178,0.836358757953178,0.783369272026235,0.836358757953178,0.943654479933725,0.95419426599334,0.913072924553037,0.836358757953178
"U98b_x_st",0.990344663218744,0.71449644658008,0.829321569423399,0.894391505815608,1.17931394748547,1.08498945155648,0.931986638324963,1.05332169830384,0.759638797291049
"U99_st",4.95075510577494,4.87337636404673,5.52505707487682,5.10540289529959,5.16611814541914,5.00221246669481,5.00221246669481,5.16792031905827,4.94480533243919
"v11_hsa-miR-1300_st",2.43780076071711,1.49364499367664,1.49364499367664,1.32440974380681,2.60134839207227,1.68494994452084,1.16221319468892,1.07200311704127,2.07980656978463
"v11_hsa-miR-453_st",0.878209572449561,0.849540287944378,0.914234335906488,0.805485729787015,0.856676385163827,0.841798857857437,0.869239944108582,1.13600321620218,1.13139692986057
"v11_hsa-miR-768-3p_st",7.35797150268045,7.62617705314728,8.38649331394109,7.75546400950068,7.99947806527227,7.74105459125469,7.23886034741251,7.28866182561199,7.6907643708926
"v11_hsa-miR-768-5p_st",9.91129971897371,9.65724439279872,9.95702536990741,10.1202190769517,10.503721939336,10.4605885961207,9.93638098631285,10.3297233875403,9.90695848820135
"v11_hsa-miR-923_st",9.6606159678928,10.0599391586705,11.522277124397,10.3069154280649,10.6186331951061,10.1650366746825,10.1504238097507,10.1650366746825,9.85860381034269
"v11_mmu-miR-197_st",6.27837672503048,6.23364922044656,6.37006592068306,6.23364922044656,6.23364922044656,5.84923190489125,6.05417456444203,6.45181263244467,6.0614294501531
"v11_mmu-miR-467a-str_st",3.86989472964116,4.52792724400736,1.66832284426227,3.80879043838005,2.24786128418879,4.08644717645598,3.82213530412897,2.49984986423628,3.55307235821782
"v11_mmu-miR-685_st",3.62875724076211,5.20704493588688,4.84105505403094,5.52505707487682,6.09552418928459,5.47900551019624,4.12784653860703,4.5068632584202,5.11859734881043
"v11_mmu-miR-699_st",1.30418565712071,1.60854406172366,1.19326484103372,1.62134150797603,1.35474731312694,1.40079057920553,1.40079057920553,1.40079057920553,1.22145482186609
"v11_mmu-miR-805_st",0.91860178542876,1.09343165299903,1.41231598782231,1.13271295723112,1.25129952163485,0.791764852725194,1.32967308531172,1.40079057920553,1.12631283915443
"v11_rno-miR-17_st",13.2110312732592,13.162811777534,13.0795917048471,13.15086548796,13.3203464986113,13.3247649624727,13.2093506235064,13.2171020635946,13.1542185806838
"v11_rno-miR-333_st",0.836358757953178,0.73641116241625,0.923742794545351,0.711941712853142,1.01637849842014,1.12417899097736,0.836358757953178,0.779029866460931,0.836358757953178
"v49_ENSG00000199370_st",1.10055964421233,1.14113248290732,1.10319157248599,0.951955563741993,0.986250345103121,1.10055964421233,1.10055964421233,1.22189470419121,0.954486143576342
"v49_ENSG00000199596_st",1.14870846207455,1.24148457389803,1.18473322553148,1.14870846207455,1.15695348061009,1.12728653891742,1.16005646094422,1.14870846207455,1.14870846207455
"v49_ENSG00000199787_st",1.23922316506451,1.26369261462761,1.24185509333816,1.42542347066153,1.13502398857258,1.1624071676068,1.67272435245616,1.2145902736085,1.07200311704127
"v49_ENSG00000199851_st",1.17318164204571,1.29451670202458,1.17318164204571,1.12077542659381,1.40001736396559,1.47762172116634,0.869239944108582,1.17318164204571,1.19403556875172
"v49_ENSG00000199851_x_st",1.10866556343929,1.11640699352623,1.06809893962449,1.36694862777494,1.15695348061009,1.02639587898488,0.944567569463924,1.10866556343929,1.16546783543411
"v49_ENSG00000199856_st",1.23000062341817,1.07200311704127,0.783389628418875,0.913072924553037,1.07200311704127,1.36317843099897,1.07200311704127,1.40079057920553,1.52465621901875
"v49_ENSG00000199856_x_st",1.97474462144413,1.33873744742755,0.950668057062392,1.07827177007379,1.46007250740643,1.46007250740643,1.49295369356183,1.44766686964684,1.46007250740643
"v49_ENSG00000200130_x_st",0.977375339764336,0.836247476040767,0.795680852225967,1.52027397373095,0.950668057062392,0.955842152478603,1.12393496037782,0.955842152478603,1.1914865115667
"v49_ENSG00000200206_st",0.994356264330078,0.836358757953178,0.869239944108582,0.850584880369552,0.814825570667444,1.05384894969806,0.977375339764336,0.649380258666385,0.514138836143606
"v49_ENSG00000200206_x_st",0.889991303172163,0.934756635719655,1.01794196357914,0.977375339764336,1.07731247362147,1.00295519329083,0.977375339764336,0.950919476438253,0.662847824038212
"v49_ENSG00000200237_st",1.28990599813112,1.35934190120996,1.58403350769492,1.4524150478548,1.28990599813112,1.44301692588376,2.38755455461919,0.94072975464323,1.48287458369929
"v49_ENSG00000200385_st",0.934202729196836,1.07200311704127,0.995283156379141,1.224841219556,1.07200311704127,0.928347720697933,1.06074301636397,1.2145902736085,1.48811375583085
"v49_ENSG00000200394_st",1.91396819263798,0.978409520894506,0.901695354294646,1.40079057920553,0.97104889426851,1.46865775538134,0.87701858970739,0.978409520894506,0.824975393632517
"v49_ENSG00000200394_x_st",0.559441439601372,0.863799844204323,0.948750207773146,1.04046160634111,0.863799844204323,0.836358757953178,0.863799844204323,0.990625715577753,0.863799844204323
"v49_ENSG00000200492_st",0.852595076007142,1.21375575260491,1.15695348061009,1.09319926628853,1.19904735324705,1.14224508125223,1.15695348061009,1.20078646105455,1.15695348061009
"v49_ENSG00000200897_st",1.05701634675296,0.914429190185735,1.11341018315072,0.926910191600254,1.3597778615805,1.09815401937436,1.05701634675296,1.05701634675296,0.90712475960302
"v49_ENSG00000200897_x_st",0.964589885907816,0.73641116241625,0.836358757953178,0.989792885215166,1.25168870867302,1.02738801772452,1.71452757854582,1.1473668120707,0.75872400055754
"v49_ENSG00000200932_st",1.07731247362147,1.31953044064349,0.647549030266057,1.15695348061009,1.60041746648231,1.15695348061009,1.15695348061009,0.779029866460931,1.27895760194851
"v49_ENSG00000201038_st",0.994256360072581,1.35053382868775,1.46840039051524,1.40079057920553,0.890867149581597,1.10018107024179,0.9379845211239,1.03345430614883,1.01941263407771
"v49_ENSG00000201038_x_st",0.932310357180927,0.90855249171879,0.932310357180927,0.75033536133823,0.950668057062392,1.24035198257289,0.929814130356376,0.694732665971309,0.907633592593671
"v49_ENSG00000201209_st",0.934606111838771,0.696090883903225,0.674880567596458,0.913072924553037,0.884516397381972,0.674049545522421,1.23460270230444,0.913072924553037,1.10853871740003
"v49_ENSG00000201346_st",1.02837962562534,0.655313188502622,0.90727586096616,0.949517546847364,1.28131703770146,1.00807463659365,0.905684566402909,1.44189585977027,0.833335504424645
"v49_ENSG00000201368_st",1.06634838220468,0.94367612414539,1.01118867754392,1.14870846207455,1.45887995668591,1.14870846207455,1.14870846207455,1.40079057920553,1.18927508588935
"v49_ENSG00000201373_st",1.11548636981928,0.998055487257184,1.07882392342126,1.12697274128348,1.57292957999314,0.950668057062392,1.07882392342126,1.07882392342126,1.07882392342126
"v49_ENSG00000201500_st",1.10055964421233,1.14113248290732,1.02384547761248,1.2302429403465,1.08585124485447,1.10055964421233,0.963479668252901,1.54939465967587,1.10055964421233
"v49_ENSG00000201551_st",1.40332115903987,1.07200311704127,0.769292348571654,0.744822899008546,0.869239944108582,1.07855386476877,0.869239944108582,0.811911052616336,0.747904884129704
"v49_ENSG00000201666_st",0.977375339764336,1.4153374705638,1.2132985661671,0.83125374635761,1.07200311704127,1.58747375332477,1.10055964421233,1.0842816941211,0.992290979882141
"v49_ENSG00000201674_st",0.950668057062392,1.08974001351163,0.791491979734817,0.950668057062392,0.950668057062392,0.950668057062392,0.931986638324963,0.950668057062392,0.759638797291049
"v49_ENSG00000201674_x_st",0.857891945238911,0.584726009176421,0.952724556515625,0.759638797291049,0.759638797291049,0.759638797291049,0.665011020014115,0.759638797291049,0.759638797291049
"v49_ENSG00000201705_st",0.849367087413212,1.08861561944043,1.36095804469009,1.05701634675296,1.05701634675296,1.05701634675296,0.96963231016079,1.13373051335282,0.864593299422377
"v49_ENSG00000201716_st",0.766922854874339,0.836358757953178,1.20630798092667,1.35759864714942,0.985271061079168,0.622101863307036,1.31804983595722,0.953901354161132,0.953901354161132
"v49_ENSG00000201733_st",1.15106413063403,1.29602543705933,0.745852876529801,1.46718933730454,0.862509022631916,1.15695348061009,1.28490404366363,1.07200311704127,1.07200311704127
"v49_ENSG00000201733_x_st",1.13537284614124,0.844464677180135,1.28131703770146,1.18943399960337,1.01793957659652,1.05701634675296,1.17233072775829,0.937027372837831,1.07200311704127
"v49_ENSG00000201753_st",0.844743346893185,0.890422861080794,0.703444361794001,0.996514989558358,0.950668057062392,1.05701634675296,0.950668057062392,1.07200311704127,0.913650495955593
"v49_ENSG00000201827_st",1.11332292294855,1.09178973566281,1.01506977500068,1.04902050773725,1.2929010637943,1.15695348061009,1.11332292294855,1.3274340947509,1.20609903477203
"v49_ENSG00000201827_x_st",0.857891945238911,0.512388842398192,1.15343122999508,1.11476626025442,0.950668057062392,0.950668057062392,0.760134796396712,0.950668057062392,1.07200311704127
"v49_ENSG00000201863_st",1.84863159629651,1.54939465967587,1.25944645723837,1.28396103276467,1.70782353952285,1.54939465967587,1.54939465967587,1.78660959352003,1.56793278611573
"v49_ENSG00000201863_x_st",1.45397480218056,1.34705368292458,1.64953635797491,1.38967238696926,1.3129582203694,1.17065433480802,1.52854073296985,1.38967238696926,1.40465915725757
"v49_ENSG00000201893_st",1.34887540043992,1.19562755914553,1.22687127910151,1.22687127910151,1.68268715093672,1.01946921240129,0.977375339764337,1.44350317771685,0.972064233017129
"v49_ENSG00000201957_st",1.26424920259064,1.14438992166534,0.950668057062392,1.15695348061009,1.15695348061009,1.15695348061009,1.22125589582139,1.11935834810074,1.03688900077351
"v49_ENSG00000201957_x_st",0.913072924553037,1.00770070182997,0.986636262931074,0.741183314575716,0.913072924553037,1.221114549945,0.869239944108582,0.913072924553037,0.913072924553037
"v49_ENSG00000202093_st",0.977375339764336,0.827995799003099,1.01946921240129,0.950668057062392,0.981541085228554,0.950668057062392,0.950668057062392,0.871805978284411,0.950668057062392
"v49_ENSG00000202093_x_st",1.11181974488963,1.11181974488963,1.11181974488963,1.14870846207455,1.11181974488963,1.39118573678648,1.10055964421233,1.18853391148949,1.04599783659854
"v49_ENSG00000202233_st",1.23922316506451,0.950668057062392,0.971166031063256,1.05701634675296,1.05701634675296,1.02413516059756,0.936751124005386,1.30210871766749,1.05701634675296
"v49_ENSG00000202326_s_st",1.09663600849728,1.10287614520743,1.07200311704127,1.32440974380681,1.02938441299659,1.12500868634973,0.748974721361005,1.07200311704127,0.955821074618551
"v49_ENSG00000202326_st",0.981883472752537,0.840866890941378,0.981637122024132,0.950668057062392,1.09585038433777,1.05701634675296,0.868307977192524,0.912140957636979,0.950668057062392
"v49_ENSG00000202327_st",1.23922316506451,0.950668057062392,1.30163919616435,0.853478865868772,0.943028457833298,1.01974262443316,1.39132987679292,0.848104433831697,1.14107768441204
"v49_ENSG00000202370_st",1.03143649322647,1.06220383195495,1.04979419310793,1.13890917698823,1.11882052981864,0.836358757953178,1.03143649322647,1.26708085231456,0.945309595903678
"v49_ENSG00000206633_st",2.07959171807125,2.12105086858589,1.44389399773486,1.52341039334176,1.27761779424948,1.55369516385587,1.67834742322138,1.58996749837085,1.84458019533618
"v49_ENSG00000206633_x_st",1.24606846449039,1.07200311704127,1.34559489267344,1.26442616437186,1.26442616437186,1.58202080087397,1.18299805141805,1.86315276698533,1.26442616437186
"v49_ENSG00000206650_st",1.28504663447205,0.784038995068343,1.34805471438858,1.71602606432602,1.06819481996048,1.1067550365463,1.32386778847341,1.40079057920553,1.12374475250386
"v49_ENSG00000206650_x_st",0.884599227940856,0.950668057062392,0.977375339764336,1.17971883973595,1.40332115903987,1.20280999596284,0.977375339764336,0.977375339764336,0.977375339764336
"v49_ENSG00000206761_st",0.894157048636381,0.938104498117637,0.917786870906987,0.994501037506847,0.950668057062392,0.950668057062392,0.950668057062392,1.07200311704127,0.950668057062392
"v49_ENSG00000206761_x_st",1.02120832020879,0.96982427291959,0.893916708695839,0.913072924553037,1.09383031804216,0.969466760950795,0.895947226810527,0.956905904997492,0.869239944108582
"v49_ENSG00000206869_st",0.950483922119008,1.07850801355127,0.971045089533101,1.39380167322194,1.04817940734486,0.871582374140926,1.20229772226206,1.03693278472073,1.06462000042256
"v49_ENSG00000206869_x_st",1.07200311704127,1.00448878439066,0.893916708695839,1.04178914966284,1.54939465967587,0.996747354303715,1.33385094234144,1.2361013202333,1.08266719297131
"v49_ENSG00000206937_x_st",0.981964392506391,0.874668670525844,1.07942630680625,1.26442616437186,1.12803789314238,0.860629332527512,0.981964392506391,1.09858252266345,0.981964392506391
"v49_ENSG00000207016_x_st",1.28131703770146,1.28131703770146,1.69741413082292,1.35438790712756,1.25460975499952,1.28131703770146,1.16722571840734,1.10198128036202,1.29602543705933
"v49_ENSG00000207047_st",1.27465253298484,1.07200311704127,0.854512925296388,1.26442616437186,1.07200311704127,1.093536304327,1.093536304327,1.42335635686009,1.07200311704127
"v49_ENSG00000207047_x_st",0.861524383057162,1.06321771875855,0.950668057062392,1.4629514594721,1.28131703770146,0.728669732329309,1.06776523920882,0.970582014883764,0.98178960580474
"v49_ENSG00000207215_st",0.939430313569461,0.909955710403808,1.07200311704127,1.03143649322647,1.10376720806956,1.10376720806956,1.04278449209614,1.03143649322647,1.03143649322647
"v49_ENSG00000207217_st",1.18218161987643,1.54923019386824,1.17200145893612,1.40332115903987,1.3225527228758,1.40332115903987,1.40332115903987,1.70355209403306,1.65652591584879
"v49_ENSG00000207221_st",0.97922700521779,1.07200311704127,0.990575004087461,1.03440798453192,1.27828854058897,1.15695348061009,1.07200311704127,1.11583609748573,1.07200311704127
"v49_ENSG00000207268_x_st",1.30301299673063,1.39501917638764,1.45123804775856,1.26442616437186,1.08008270508149,1.35130091390143,0.954285559254006,1.30301299673063,1.54205899414195
"v49_ENSG00000207471_st",1.36366433675396,1.2006717430963,0.901434806475655,1.31125812130206,1.2006717430963,1.1677905569409,1.2006717430963,1.136369327885,1.2006717430963
"v49_ENSG00000207471_x_st",1.04421207399627,1.13431358395307,0.949584296719331,0.805485729787015,1.1388398512732,1.34158962345818,1.33276718199838,1.04421207399627,1.04421207399627
"v49_ENSG00000207502_st",1.17296797865059,1.15143479136486,1.13630553225257,1.13630553225257,0.87840249458268,1.13630553225257,1.21423707377322,1.07200311704127,1.05487741929876
"v49_ENSG00000212132_st",1.15841200529378,1.34920862851378,0.965150882118653,1.24943939408355,0.950668057062392,1.18663166848038,0.774554574887498,1.26433671546299,0.647861053749906
"v49_ENSG00000212139_st",1.07200311704127,0.962607496857466,1.07200311704127,1.01959690158937,1.07200311704127,1.07200311704127,1.11554641450064,1.22957704389681,1.05261204787139
"v49_ENSG00000212139_x_st",1.23922316506451,1.71071778618703,1.22006694920731,0.970224475336814,1.20895081954606,1.23922316506451,1.4267098847238,1.23922316506451,1.19539018462005
"v49_ENSG00000212152_st",1.40332115903987,1.38178797175414,1.70238269441106,1.5120714713943,1.38178797175414,1.27409894613027,1.09486187693042,1.61743233084223,1.05113899111507
"v49_ENSG00000212162_st",1.37326622315661,1.49088880929401,1.2909965387022,1.40079057920553,1.15900150575477,1.04347542998016,0.883017779453111,0.913072924553037,1.2469147147694
"v49_ENSG00000212164_st",0.892424976195514,1.29602543705933,1.07200311704127,1.07200311704127,1.1666308943182,1.17970727461888,1.01560928064351,1.07200311704127,0.880973857269927
"v49_ENSG00000212211_st",0.869239944108582,0.759438777987569,0.739133788955873,1.09640251123652,0.976928969732451,0.869239944108582,0.961875647983367,0.869239944108582,0.869239944108582
"v49_ENSG00000212228_st",1.01728125784744,0.7576632590046,1.18168619253844,1.03143649322647,1.09325521362962,1.09325521362962,1.37531498141198,1.2145902736085,1.11190903512438
"v49_ENSG00000212249_st",1.49130528219548,1.28865586625191,1.17111327004395,1.40079057920553,1.16918232474784,1.21194169965205,1.24482288580745,1.28865586625191,1.43725994672225
"v49_ENSG00000212268_st",0.997296580359019,1.23122260504267,0.950604768934219,1.05175477167967,0.998229266470352,1.21888685527014,0.977375339764336,0.960634133960998,0.998229266470352
"v49_ENSG00000212275_st",0.78976999550519,1.15695348061009,1.29403345656953,0.987718230740262,1.21546346008702,1.15695348061009,1.03243769447861,1.02828485455506,1.27670608658433
"v49_ENSG00000212279_st",1.09203647371188,1.16397924147976,1.00976299534547,0.90374918683286,0.94269658596395,1.15695348061009,0.869239944108582,1.11935834810074,1.23810997434787
"v49_ENSG00000212291_st",1.10866556343929,0.850794722762342,1.07200311704127,0.926820789765893,0.957693817932056,1.18631241615048,1.16545848944447,1.07200311704127,1.10959824955062
"v49_ENSG00000212293_st",1.222040427035,1.30523047688269,1.25948983670057,1.21892321288577,0.923897882075547,0.886226074751544,1.10055964421233,1.10055964421233,1.01438194111041
"v49_ENSG00000212326_st",1.07200311704127,1.25065779656169,1.22060719751161,1.14870846207455,1.07200311704127,0.759653412919897,1.07200311704127,0.979367413166485,1.07200311704127
"v49_ENSG00000212338_st",1.0464499071351,0.950668057062392,1.01974262443316,0.907564638533056,1.16492495170853,1.61846922704663,1.01974262443316,1.01974262443316,1.01974262443316
"v49_ENSG00000212338_x_st",0.950668057062392,0.929134869776658,1.2145902736085,1.12948426555252,0.977375339764336,1.16707939806188,0.977375339764336,0.892424976195514,0.950668057062392
"v49_ENSG00000212343_st",0.977375339764336,1.42907236149963,1.13052174866732,1.09764056251191,1.05718148080604,1.11872349007311,1.09764056251191,1.00743048486426,1.09764056251191
"v49_ENSG00000212347_x_st",0.977375339764336,0.950668057062392,0.910101433247592,0.805485729787015,0.950668057062392,0.950668057062392,0.977375339764336,0.913072924553037,1.07200311704127
"v49_ENSG00000212363_st",0.869869079085451,0.817179598580328,1.03143649322647,1.03143649322647,1.03396707306082,1.18004057369681,0.853619230212009,1.03143649322647,0.96175372109412
"v49_ENSG00000212367_st",1.40308968522403,1.26442616437186,1.26442616437186,1.26442616437186,1.01375341697841,1.34507145897702,1.26442616437186,1.07200311704127,1.35977985833488
"v49_ENSG00000212371_st",0.977375339764336,1.29055526460581,0.913197605784467,0.826251011962356,0.950668057062392,0.988263189571746,0.940638692035612,0.950668057062392,0.906835076617937
"v49_ENSG00000212395_st",1.16523836703442,1.21380270505085,1.31375030058777,1.45077279399034,1.48098676136877,0.983031548722875,1.57795118684693,1.39046446718763,1.54939465967587
"v49_ENSG00000212395_x_st",1.29804728864902,1.21077225056591,1.14574579233568,1.03143649322647,1.26708085231456,0.95472232662661,1.40141971418239,0.941226415578819,0.738823429444979
"v49_ENSG00000212401_st",1.07200311704127,1.10287614520743,0.893916708695839,1.07200311704127,1.07200311704127,1.05701634675296,1.23922316506451,1.07200311704127,1.1666308943182
"v49_ENSG00000212401_x_st",1.15153190594704,1.23758025433251,1.07200311704127,0.725713050933002,1.33296625438779,1.09392485798918,0.946156513715607,1.40079057920553,1.10866556343929
"v49_ENSG00000212412_st",0.985620358299878,0.947639559949902,1.24185509333816,1.23365882564337,1.15695348061009,1.13024619790815,1.15695348061009,0.947919541060958,1.2006717430963
"v49_ENSG00000212432_s_st",1.2685821006049,0.930919944089701,1.33066388817237,0.933940037586224,1.43968163876702,0.950668057062392,1.18631241615048,1.18631241615048,1.22994297381203
"v49_ENSG00000212432_x_st",0.866072308449455,0.950668057062392,1.03143649322647,0.925511783057263,0.836612164740906,0.898070696806118,0.969440946433239,0.925511783057263,0.876736384379499
"v49_ENSG00000212434_st",0.884599227940856,0.977375339764336,0.759638797291049,1.03255631907846,1.28131703770146,0.977375339764336,0.869239944108582,0.939780207254982,0.879122191816474
"v49_ENSG00000212438_st",0.951538113575244,0.938974554630489,0.938974554630489,0.821431958422535,1.23194780521083,1.10207419268761,0.908919409530563,0.85890240970046,0.759638797291049
"v49_ENSG00000212449_st",1.12519253566834,1.02384547761248,1.4020769932678,1.48299488065025,0.950668057062392,0.986250345103121,1.29254552230881,0.928921453610874,1.21982031294528
"v49_ENSG00000212477_st",0.579170113973726,1.03164851505151,0.829955179350123,0.805485729787015,0.829955179350123,0.929902774887051,0.829955179350123,0.774352483983202,1.05325158268209
"v49_ENSG00000212479_st",1.29602543705933,1.28346187811457,1.18967714736876,1.11793528833049,1.31101220734763,1.3834094736515,1.64761035991066,1.29602543705933,1.29602543705933
"v49_ENSG00000212500_st",1.25668504954529,0.950668057062392,0.767514276680363,0.950668057062392,0.950668057062392,0.900307922930769,0.950668057062392,0.950668057062392,1.01442227138396
"v49_ENSG00000212500_x_st",1.10866556343929,1.07200311704127,1.1189815830439,0.987592480441984,1.07200311704127,1.07200311704127,0.885024617754477,1.14871728364113,0.998439778663233
"v49_ENSG00000212506_st",0.753896847225463,0.819999777908191,0.876011779296354,0.913072924553037,0.913072924553037,0.992713931541664,0.626146829729316,1.14871728364113,1.27313432874117
"v49_ENSG00000212508_st",0.910510538718598,1.26783807285585,1.2145902736085,1.06968661604617,1.01560928064351,1.10055964421233,1.10055964421233,1.2145902736085,1.10055964421233
"v49_ENSG00000212537_st",1.10622195063064,1.14994021311685,0.950668057062392,0.967326955962623,1.14994021311685,0.878299951541497,1.01883791403847,1.21098709277684,1.10622195063064
"v49_ENSG00000212537_x_st",1.00408262246628,1.12906896510489,1.03376917616209,1.22645066476946,0.977375339764336,0.827483752614393,1.10055964421233,0.948818812593271,0.895947226810527
"v49_ENSG00000212538_st",1.04421207399627,1.24319398668634,0.969709757176229,0.805485729787015,1.00754962759824,1.15056036368684,0.975612262970849,1.12092624059612,1.04421207399627
"v49_ENSG00000212539_st",1.07200311704127,1.07200311704127,1.06197375201449,1.07200311704127,0.904783069018034,1.23610111101664,1.07200311704127,1.07200311704127,1.07200311704127
"v49_ENSG00000212543_st",0.714982212091282,0.847702426092773,0.770398044718092,1.03143649322647,0.765342346222905,1.05701634675296,0.817647280992846,0.847702426092773,0.847702426092773
"v49_ENSG00000212551_st",0.93412988548362,1.0320961700162,0.842532661406638,1.14870846207455,0.950668057062392,1.01648996535349,0.950668057062392,0.950668057062392,0.950668057062392
"v49_ENSG00000212553_st",0.955858229771492,0.950668057062392,0.950668057062392,0.950668057062392,0.860566547105583,0.950668057062392,0.791491979734817,0.950668057062392,0.967206228641163
"v49_ENSG00000212553_x_st",0.549432663129457,0.869239944108582,0.869239944108582,0.952459520169343,0.875731962353823,0.975588233799154,0.869239944108582,1.05239372449061,0.810174619569951
"v49_ENSG00000212554_st",1.07053736587949,0.962401970223737,0.955376209354072,1.29118943238799,0.77235286473,0.841066910244858,0.962401970223737,1.0391161368236,0.759638797291049
"v49_ENSG00000212575_st",1.19166947010328,0.977375339764336,0.920623991397784,1.14870846207455,0.646309652459441,0.977375339764336,0.646309652459441,1.07200311704127,1.02817013659681
"v49_ENSG00000212575_x_st",1.10866556343929,1.05701634675296,1.07200311704127,0.911834019477587,1.15695348061009,0.872613154529235,0.752657942150012,1.05701634675296,1.10073460923917
"v49_ENSG00000212586_st",1.07059471385318,1.29461703387124,0.892508305507747,1.26301776118376,0.950668057062392,0.751738074424994,0.975966936576245,1.1152812765318,1.07059471385318
"v49_ENSG00000212593_st",0.895487077748266,1.44389399773486,0.950668057062392,1.18630359458391,0.828759879354786,1.09461147926232,0.929814130356376,0.77143098786254,0.950668057062392
"v49_ENSG00000212594_st",1.1236523337276,0.874569657710501,1.40265209768034,0.856904119084091,1.07200311704127,0.969800829518648,1.10015727167319,0.90036492643981,1.18631241615048
"v49_ENSG00000212598_st",1.14870846207455,1.1781686057831,1.24185509333816,0.909982117865301,1.14870846207455,1.14870846207455,1.21672002775131,1.2145902736085,1.06728034912074
"vun-miR1507a_st",1.02511199326215,0.857891945238911,0.869239944108582,0.640401753494029,0.836358757953178,0.857891945238911,0.848922316897933,0.800563053746665,0.857891945238911
"vun-miR1507b_st",1.03143649322647,1.03143649322647,1.00680360177046,0.96434833961868,1.07200311704127,1.14574579233568,1.03143649322647,1.03143649322647,1.22016737865785
"vvi-miR156a_st",3.95293817615222,4.81387562101969,3.34690420817997,4.05796596130715,4.7643041478301,4.78800795597588,3.53356549142804,3.93829960824514,4.17735842051872
"vvi-miR156b_st",1.5796533768847,2.26331268785079,1.23035636676298,1.26442616437186,1.68268715093672,1.68268715093672,2.20310531564641,2.6027231589971,1.72640541342293
"vvi-miR156c_st",1.23922316506451,1.74636357047928,0.977375339764336,1.52854073296985,1.14579465519094,1.42095431250384,1.25685631852848,1.81144691428829,1.52854073296985
"vvi-miR156d_st",1.40780065472948,1.88265124809016,1.37514758459902,2.20306362672081,1.41460952896232,1.68268715093672,1.80922743810386,1.68268715093672,1.74225403887774
"vvi-miR156e_st",2.16891828018214,2.13225583378412,1.55989236829396,2.35741969442431,1.82048753878116,2.60554652865217,1.80922743810386,1.71659173422907,2.30630959203153
"vvi-miR156f_st",0.977375339764336,0.977375339764336,0.977375339764336,1.03255631907846,0.930396873761711,0.759885148019454,1.23818898393434,0.977375339764336,1.00897461245181
"vvi-miR156g_st",0.857891945238911,0.998555307071066,1.20128846952336,1.22947689823863,0.917127194117256,1.05701634675296,1.03143649322647,1.03143649322647,1.03143649322647
"vvi-miR156h_st",1.23922316506451,1.44389399773486,0.982373668242026,1.2145902736085,1.03792851147171,1.28131703770146,1.20514855949495,1.2145902736085,0.964365173093674
"vvi-miR156i_st",0.964722141239366,1.23172302184803,1.00994991388302,0.805485729787015,0.950668057062392,0.913072924553037,0.825688887960864,0.913072924553037,0.877779097567187
"vvi-miR159a_st",1.28305614550896,0.66270154665275,1.24185509333816,0.913072924553037,0.880191738397633,1.02738222366225,0.913072924553037,0.958894854515998,0.590853002743466
"vvi-miR159b_st",1.06800502778009,0.957410656176129,1.26656639359804,0.932066826148882,0.98720040170119,1.15695348061009,1.3282306076382,1.31452740746563,0.969751879832229
"vvi-miR159c_st",0.549432663129457,0.994654697554828,1.08973097857543,0.835724505066595,0.900026920277894,0.976746880940023,0.900026920277894,0.612339435940837,0.950668057062392
"vvi-miR160a_st",1.21832897237097,1.54939465967587,1.2145902736085,1.09565671431168,2.25470647084825,1.54939465967587,1.54939465967587,1.54939465967587,1.64950675855983
"vvi-miR160b_st",1.40332115903987,1.05206766262596,1.13508214835485,1.40079057920553,1.27945551922665,1.52230094949759,1.66062335763352,1.10781732862519,1.66406311548037
"vvi-miR160c_st",1.38506900835952,0.950668057062392,1.09325521362962,1.09325521362962,1.09325521362962,1.03569726288696,0.934079136302046,1.16996938022948,1.15700942795119
"vvi-miR160d_st",0.95219712015005,1.13872988113423,1.23150599295771,1.46751734329849,1.37437424022232,1.55821606816532,0.7493303253403,1.07200311704127,0.947532034269865
"vvi-miR160e_st",1.34651888704505,1.40332115903987,0.836358757953178,1.2344924542135,1.40332115903987,1.65669038165641,1.49992608112469,0.998856916691985,1.51061688102042
"vvi-miR162_st",1.11055453900948,0.950668057062392,1.30451841295179,1.07200311704127,1.08698988732958,1.07200311704127,1.02385429917905,1.60006179096028,1.07200311704127
"vvi-miR164a_st",2.13992929841235,1.46889763858732,1.54939465967587,1.26870795454186,1.28131703770146,1.54939465967587,1.54939465967587,1.67899229723607,2.21649157727076
"vvi-miR164b_st",1.5310369597944,1.72873041701531,1.39026672871165,1.44010261947501,0.923501720012719,1.16137471228529,1.67192814502049,1.6296038327507,1.5310369597944
"vvi-miR164c_st",1.84863159629651,1.29531369416974,1.08105679952359,1.47022648228436,1.15695348061009,1.29531369416974,2.38755455461919,1.41664875414861,1.75625069534602
"vvi-miR164d_st",1.85720076387613,1.72270491459151,1.5208381325048,1.29812184591314,0.926164813360083,1.34670713155393,1.54939465967587,1.69880804351446,2.01033166085215
"vvi-miR166a_st",1.07200311704127,1.39065321433626,0.944047783577047,1.07600114370947,1.1666308943182,0.836358757953178,0.869239944108582,0.873657643737865,1.40332115903987
"vvi-miR166b_st",0.433830692740501,1.40564387491516,0.893916708695839,1.03143649322647,1.24188766223839,1.06230952139263,1.06230952139263,1.06230952139263,0.980881408438823
"vvi-miR166c_st",2.01033166085215,0.648328709916844,2.11182757156994,1.96053406069546,3.33485814141129,2.46862637874155,2.3382006507257,2.07317975272117,2.01033166085215
"vvi-miR166d_st",1.89654709971234,1.44389399773486,1.44389399773486,1.91426632526813,2.104864271009,1.93023694653462,2.24557161841625,1.89808343630525,2.45223817281141
"vvi-miR166e_st",1.68832840709555,2.01033166085215,1.70279209451445,2.06977113545996,2.54169479297344,1.85553859416402,2.38755455461919,1.6857978272612,2.01033166085215
"vvi-miR166f_st",1.68268715093672,1.98823732669945,1.35136910893812,1.68268715093672,2.47808927437003,1.68268715093672,1.66160422337553,1.54939465967587,2.32824541894601
"vvi-miR166g_st",1.9808715171436,1.72873041701531,1.18504753458256,2.61532458177723,2.14496951111897,2.32956029377298,2.24557161841625,1.89808343630525,2.30826060564626
"vvi-miR166h_st",1.93107391698692,2.41470942740686,1.82048753878116,1.93107391698692,2.49624805023899,1.68470623855713,1.93107391698692,2.55655470652137,2.03427749554782
"vvi-miR167a_st",0.936027637010637,0.966082782110564,1.2184894088761,0.881123596975163,1.1250129745988,0.889368615510704,1.12510164039259,1.09880299611205,0.759638797291049
"vvi-miR167b_st",1.15695348061009,1.44389399773486,0.950668057062392,0.913072924553037,1.33653162145585,0.836358757953178,0.761767260346819,1.25158125788703,1.00588264081678
"vvi-miR167c_st",1.40332115903987,1.2145902736085,1.51365180897968,1.18371724544234,1.09511673210443,1.4826678955829,1.10567304973059,1.2145902736085,1.29602543705933
"vvi-miR167d_st",0.863066040655122,0.936306353490106,0.836358757953178,0.798763625443823,0.836358757953178,0.836358757953178,0.748974721361005,0.756286613023148,0.84286756450517
"vvi-miR167e_st",0.941334983269661,1.03143649322647,1.03143649322647,1.00056346506031,1.07972441039727,1.03143649322647,0.987805935564923,0.951364348296441,1.03143649322647
"vvi-miR168_st",2.6378135113369,1.87653292542431,1.72576336446911,2.42411387147009,1.58455843237285,1.83918368880665,2.45955505005822,3.51088419721837,2.53577115711782
"vvi-miR169a_st",0.977375339764336,1.10847763884272,1.08584230391771,1.05651435782097,0.939539802426533,1.24433751720227,1.32896026261567,1.00743048486426,1.06475937635651
"vvi-miR169b_st",1.19486553150922,0.836358757953178,1.1582030851112,1.04237063406378,1.2969833310291,0.900724065449377,1.13288533705373,1.02205912542825,1.02205912542825
"vvi-miR169c_st",1.01643989845737,1.2006717430963,0.822454187111911,0.711941712853142,0.844550288480051,1.17645939593404,1.05233696031809,0.588497221822493,0.682353739362163
"vvi-miR169d_st",0.858575868178538,1.227941201253,0.869239944108582,0.869239944108582,0.846012309233783,0.728669732329309,1.12026498204762,0.888631013278465,0.869239944108582
"vvi-miR169e_st",0.813938999049591,1.12491386595529,1.24185509333816,1.23922316506451,0.910435702900251,1.23922316506451,1.01629287341536,1.40079057920553,1.36122728640292
"vvi-miR169f_st",0.869239944108582,0.836358757953178,0.800165376737817,0.844770494545474,0.846012309233783,1.05701634675296,0.869239944108582,1.13575733136284,0.892467578983382
"vvi-miR169g_st",1.19914844772934,1.29602543705933,1.12704558249644,1.40079057920553,1.32689846522549,0.934495485365979,1.32273271976127,1.27826971781854,1.3125636086381
"vvi-miR169h_st",0.661445969838549,0.836358757953178,1.45934528508305,0.929431904598024,0.848663468433945,0.836358757953178,1.19486553150922,0.996520058205814,0.977128989035931
"vvi-miR169i_st",1.40332115903987,1.23585004503815,0.748974721361005,0.748974721361005,0.73641116241625,0.748974721361005,0.666614641491137,1.07200311704127,0.613659888834954
"vvi-miR169j_st",1.07200311704127,1.01599111565311,1.39384873593876,1.02430603260336,1.04515995930938,1.36665871264185,1.08860844781466,0.946555212574268,1.07200311704127
"vvi-miR169k_st",1.34735856072026,0.941896961888561,1.00167848454773,0.900113507063949,1.1666308943182,1.07453369687562,0.977375339764336,1.30921805088543,1.29602543705933
"vvi-miR169l_st",1.16082436605462,1.18789004140357,1.07736573498612,0.89539073914342,1.17946806108681,1.14484193881629,0.869239944108582,0.868934875817336,0.975456772677465
"vvi-miR169m_st",0.950668057062392,0.857594910417545,0.950668057062392,0.950668057062392,0.950668057062392,0.917786870906987,0.987701065570255,1.15343122999508,0.950668057062392
"vvi-miR169n_st",1.12975926341246,1.11433477656541,1.25690107614702,0.996792180357457,1.15695348061009,1.15695348061009,1.3552989539135,1.23666561776922,1.17547296319321
"vvi-miR169o_st",1.10866556343929,1.10866556343929,1.07200311704127,1.1651765718653,1.15695348061009,1.10866556343929,0.785077022217549,1.10866556343929,1.17166187996796
"vvi-miR169p_st",1.01592083003425,0.743614024548139,0.893916708695839,0.748734381420462,1.28131703770146,0.809740100166885,0.977375339764336,1.07200311704127,0.662847824038212
"vvi-miR169q_st",1.07200311704127,1.07200311704127,1.23000062341817,1.03440798453192,1.23610111101664,1.11409698967822,1.09871039974321,0.779547732718687,1.03345169507306
"vvi-miR169r_st",0.819820586374406,0.703529976260845,1.2748919810326,0.805485729787015,0.722943597044422,1.23052728066793,0.943004890822405,1.07200311704127,0.836358757953178
"vvi-miR169s_st",0.748974721361005,0.913072924553037,1.28131703770146,0.881473651865566,0.913072924553037,1.01302052008997,0.618308601346723,1.2145902736085,0.913072924553037
"vvi-miR169t_st",0.977375339764336,0.977375339764336,0.955842152478603,0.882110902757866,0.977375339764336,1.06232570333316,0.977375339764336,1.09871039974321,0.977375339764336
"vvi-miR169u_st",1.01497047227369,0.618868566208295,0.753122646973521,0.819377833387436,1.28131703770146,1.28547244312976,1.29815623917339,0.950668057062392,0.950668057062392
"vvi-miR169v_st",0.784844802430834,0.976275675809087,1.15695348061009,1.30029624544169,0.872228839023007,0.655097762211949,1.31170162833062,1.12029103421207,1.34431335423013
"vvi-miR169w_st",1.42111273766842,1.14841125048819,1.00058640857596,1.26357972302859,0.950668057062392,1.01974262443316,0.840164483587401,1.50746027908565,0.943037279399876
"vvi-miR169x_st",0.939070106492132,1.17132564586218,0.833593221456342,1.24943939408355,0.866967241259226,1.05701634675296,1.13538991042983,1.40079057920553,1.05701634675296
"vvi-miR169y_st",0.950668057062392,0.82020572595143,1.41349328393963,0.883960147226986,0.950668057062392,1.06065269718727,0.979224584233456,0.858032353187607,0.685777026745067
"vvi-miR171a_st",1.15249854388375,1.16307661058695,0.880191738397633,1.01325522880331,0.737604581830404,0.618868566208295,1.16087844353164,0.913072924553037,0.913072924553037
"vvi-miR171b_st",0.950668057062392,0.836358757953178,0.977375339764336,0.950668057062392,1.24885242326927,0.917786870906987,0.769318894764833,1.16606434243092,1.27831256697782
"vvi-miR171c_st",1.21716865096142,0.727371653730428,0.977375339764336,0.820444800375274,0.988635440441635,1.18002475570791,0.813277136572304,1.2145902736085,0.977375339764336
"vvi-miR171d_st",0.743410437779423,0.950668057062392,0.707815805623293,1.14870846207455,1.07970595065376,0.728669732329309,0.791992414152246,0.888831032581945,0.789095509730436
"vvi-miR171e_st",1.10191711464817,1.29602543705933,1.5437921562687,1.23282689168439,1.15135097720293,1.26442616437186,1.74652927703694,0.977500069548135,1.31212324880976
"vvi-miR171f_st",1.03508917095623,1.19499905183301,1.70725018916681,0.86319956097891,0.429167440381879,1.08068975272379,0.748974721361005,1.12971694823317,1.39045890467366
"vvi-miR171g_st",1.19677770679632,1.04529583433933,1.17214481534032,1.00770070182997,1.07200311704127,1.05701634675296,1.33183589546926,1.07200311704127,0.950668057062392
"vvi-miR171h_st",0.851387610188747,1.29602543705933,1.27126277971931,1.03253643551006,1.30491699929617,1.15695348061009,1.41227936153047,1.64949429537463,1.27126277971931
"vvi-miR171i_st",1.02198993921428,0.740203626187174,1.11476605103776,0.913072924553037,0.791737864574159,1.06408381185123,0.867158994801362,0.913072924553037,1.07200311704127
"vvi-miR172a_st",0.921178843779994,0.950668057062392,1.16411942797316,0.904827906017496,0.913072924553037,0.913072924553037,0.913072924553037,1.07200311704127,0.576626880327091
"vvi-miR172b_st",1.10508400625478,0.950668057062392,1.03835724216182,0.958040160504589,1.10508400625478,1.10508400625478,1.21054995601442,1.22455754775884,1.22708812759319
"vvi-miR172c_st",0.907244958410304,1.02066011931906,1.17816566559865,0.913072924553037,1.00412194774029,1.01291868923212,1.16167670113022,1.02066011931906,1.02066011931906
"vvi-miR172d_st",1.49953337055469,0.965554681692522,1.03143649322647,0.811408263725651,1.35977398636677,0.965554681692522,0.896118778613684,0.939098818366439,0.919707749196556
"vvi-miR2111-star_st",0.969903340487722,0.578689999967195,1.51533255428868,1.53836854671076,1.15141613434791,1.02941201300949,1.06038107797123,0.65633901748622,1.29602543705933
"vvi-miR2111_st",1.05701634675296,1.2006717430963,1.10866556343929,1.05701634675296,1.05701634675296,1.05701634675296,1.08372362945491,1.07787027345898,0.980296386090834
"vvi-miR319b_st",1.00261397937064,0.866093417564781,1.01396197824031,0.856663746984874,0.844100188040119,0.836358757953178,1.08506436538821,0.851345528241485,0.658860870275338
"vvi-miR319c_st",1.1236523337276,1.03345169507306,1.07200311704127,1.07200311704127,1.00256721396243,1.07200311704127,1.07200311704127,0.904783069018034,1.23610111101664
"vvi-miR319e_st",1.16982249309242,0.931580942283957,1.10866556343929,1.06168709743667,0.936467523506689,1.06168709743667,1.06168709743667,1.02409196492731,1.06168709743667
"vvi-miR319f_st",0.977375339764336,0.9439459527192,0.936808715949537,0.913072924553037,1.40332115903987,1.19803292856412,1.04388651059725,1.17749417587356,0.977375339764336
"vvi-miR319g_st",1.35948817859542,0.918774516413011,1.02817013659681,1.19702026818834,0.99528895044141,0.958118065360157,1.02817013659681,1.07200311704127,1.02817013659681
"vvi-miR390_st",1.35206131353909,1.41710860406945,1.07200311704127,1.2381923563972,1.31716100853252,1.26979162908467,1.04735564070847,1.18484126551585,1.56716469456643
"vvi-miR393a_st",0.977375339764336,0.950668057062392,0.842532661406638,0.805485729787015,0.950668057062392,1.0320961700162,0.869239944108582,0.752322583758986,1.15343122999508
"vvi-miR393b_st",1.17834833557164,1.36476389919328,1.10866556343929,1.09824651193903,1.08147134624166,1.05701634675296,1.25855715058924,1.13373051335282,0.972065983184141
"vvi-miR394a_st",1.17982434535021,1.82317207522791,1.18824389105661,1.28131703770146,1.28131703770146,1.42739053833745,1.28131703770146,1.11880798797778,1.28131703770146
"vvi-miR394b_st",1.72873041701531,1.44389399773486,1.61374597403176,1.4069422881277,1.65320791839505,1.72873041701531,2.62293748991198,1.72873041701531,2.15587313484128
"vvi-miR394c_st",1.86377857391212,1.18630359458391,1.27769344094091,1.14870846207455,1.32519858925192,1.18630359458391,0.986113910538449,0.962281274565848,0.999876407075203
"vvi-miR395a_st",0.950668057062392,0.950668057062392,0.96458658757459,0.843080862296369,0.836358757953178,1.13024619790815,0.942469795263767,0.950668057062392,0.942469795263767
"vvi-miR395b_st",0.977375339764336,0.836358757953178,0.836358757953178,0.710857952510081,1.07200311704127,1.08372362945491,0.895947226810527,1.41810443600091,1.10604396581937
"vvi-miR395c_st",0.857891945238911,0.850720461525464,1.04660341080971,1.11223547120341,0.800776469912448,0.950668057062392,0.950668057062392,1.02738222366225,0.950668057062392
"vvi-miR395d_st",1.17208034387,0.791737864574159,0.913072924553037,0.638024782065494,0.791737864574159,0.950668057062392,1.20076040889009,0.913072924553037,0.754054066271011
"vvi-miR395e_st",0.950668057062392,1.06497735617161,0.778320216028478,1.03143649322647,0.950668057062392,0.950668057062392,1.07093327980997,0.799174142734494,1.07200311704127
"vvi-miR395f_st",0.977375339764336,1.03440798453192,1.10815065982633,0.882199896386875,0.798763625443823,0.913072924553037,0.842045726910948,0.913072924553037,0.869239944108582
"vvi-miR395g_st",0.748974721361005,0.661112393184402,1.07368032020258,0.952684695197515,0.748974721361005,0.911483771084689,0.911483771084689,1.2145902736085,0.944364957240094
"vvi-miR395h_st",0.858575868178538,0.945959904770711,0.869239944108582,0.821542859670675,0.950668057062392,0.869239944108582,0.769127845224617,0.913072924553037,0.869239944108582
"vvi-miR395i_st",1.11419485293815,0.841888047452039,0.733752651796285,0.895949200914173,0.751786537495231,1.06254563625182,0.751786537495231,0.549432663129457,1.01112329732187
"vvi-miR395j_st",0.977375339764336,1.1534382804921,0.9028730229443,1.2582034226383,0.955842152478603,1.07453369687562,0.646309652459441,1.07200311704127,1.07200311704127
"vvi-miR395k_st",0.987330503460413,0.938104498117637,1.17266638179547,0.840866890941378,0.848002988160828,0.950668057062392,0.950668057062392,1.11223547120341,0.950668057062392
"vvi-miR395l_st",0.843761702705628,0.913197605784467,0.956383608016168,0.700296679162105,1.24499709663856,1.11794648570591,0.748974721361005,1.08035135319655,1.05787287450799
"vvi-miR395m_st",1.01209316080043,1.21865296904097,0.817417575108038,0.806195464532582,0.842710500400922,0.836358757953178,0.888046677810239,1.32415363098198,0.975430714402412
"vvi-miR395n_st",0.902725880946267,1.44389399773486,0.96592422083875,1.2856228286373,1.15695348061009,1.15695348061009,1.09132142021639,1.09022671651713,0.791374694293894
"vvi-miR396a_st",0.781855907516409,0.740571318053552,0.803607883714882,1.06431767938187,0.869239944108582,1.05701634675296,0.902121130263987,0.883158474620781,0.869239944108582
"vvi-miR396b_st",0.869239944108582,1.20680195389254,0.759438777987569,0.844770494545474,0.779138434151774,0.869239944108582,0.869239944108582,1.2048318987336,0.826998258227378
"vvi-miR396c_st",1.28103327376049,0.950668057062392,0.869239944108582,1.478683059018,1.18939440127164,0.950668057062392,0.732159968149148,0.913072924553037,0.950668057062392
"vvi-miR396d_st",0.950668057062392,0.950668057062392,0.950668057062392,1.00472921052453,0.927440422187592,0.981541085228554,1.12760264239978,1.16308478127568,0.514138836143606
"vvi-miR397a_st",1.23922316506451,1.07578437728389,1.10866556343929,1.13953879855944,1.11337950979324,1.1900936763931,0.985682867327078,0.961049975871071,0.853512051011244
"vvi-miR398a_st",0.833143305361615,0.858415283754663,0.958362879291591,0.958362879291591,1.40332115903987,1.41069366346534,0.966447333037456,1.03507704589145,1.0020811417778
"vvi-miR398b_st",0.977375339764336,0.821361525985072,1.13779726475289,0.723216045332602,1.58961558357473,1.15695348061009,1.15695348061009,1.79327521573292,1.28562210666512
"vvi-miR398c_st",1.08191426525697,1.30521066858893,1.35160614763246,1.25545881324453,1.28131703770146,1.84863159629651,1.42377559082365,1.29602543705933,1.24267733152866
"vvi-miR399a_st",0.977375339764337,1.57773263937149,1.2058417586779,1.2058417586779,1.2058417586779,1.5371598006765,1.37306180670113,1.14851286718565,1.2058417586779
"vvi-miR399b_st",0.894157048636381,1.07200311704127,0.790506756809756,1.06676841192023,1.21917970668055,1.01739482115535,0.869239944108582,0.949338027950507,0.904821124566425
"vvi-miR399c_st",1.10866556343929,0.836358757953178,0.963565235669464,0.681634900777048,1.10866556343929,1.29836962173683,1.33998526354304,1.29181934382132,1.10866556343929
"vvi-miR399d_st",0.977375339764336,0.836605108681583,0.977375339764336,0.977375339764336,0.977375339764336,1.40332115903987,0.977375339764336,0.977375339764336,0.977375339764336
"vvi-miR399e_st",0.794850701756,1.2465477234913,0.923878346359477,1.34375351589004,1.05060519091952,1.15695348061009,1.45962773523546,0.863626691632728,1.07731247362147
"vvi-miR399f_st",0.72773776541325,0.71286023810686,0.950668057062392,0.789836210500014,0.917786870906987,0.930350429851742,0.950668057062392,1.28052535645795,0.874121096801022
"vvi-miR399g_st",1.40332115903987,0.836358757953178,0.943446394145037,1.50410587891916,1.52099675224876,1.56999321842807,1.9662056265194,1.37868826758387,1.56741915301524
"vvi-miR399h_st",1.10334073889956,1.2006717430963,1.35237679115319,1.12248892489804,1.26534697294247,1.14334285160405,0.913745648272579,1.14334285160405,0.969831917689088
"vvi-miR399i_st",1.44608053394408,0.661627941112501,0.638953965885212,0.92495927129108,1.24354583595875,0.836358757953178,1.2200331857164,0.955832299457243,0.911999319012788
"vvi-miR403a_st",1.40332115903987,1.01689349433227,1.40332115903987,1.2145902736085,1.93103562638024,1.35167194235355,0.748974721361005,1.16475438284514,1.24532365266297
"vvi-miR403b_st",0.951644567924391,1.27149115423506,1.21612432149822,1.59936014410861,1.14282252818003,1.24246108476003,1.32473076921444,1.16704085329292,1.39282621421394
"vvi-miR403c_st",1.12726692691428,1.4235880398926,0.836358757953178,0.913072924553037,1.12726692691428,1.10055964421233,1.10055964421233,1.40079057920553,1.03876136712012
"vvi-miR403d_st",1.10866556343929,0.902380139891591,1.13189319831409,0.872664160548391,1.10866556343929,1.10866556343929,1.24149434513162,1.40079057920553,1.2006717430963
"vvi-miR403e_st",1.05701634675296,0.92418756506063,0.862656970240839,1.05701634675296,1.25977951968565,1.05701634675296,1.12613949773883,0.929266192988637,1.05701634675296
"vvi-miR403f_st",1.05726742273624,1.16030119678826,1.35160614763246,1.00486120728434,1.4074972048165,0.93785650202329,1.07887308383445,1.37441236859062,1.50481890310999
"vvi-miR408_st",1.61269568894557,1.85489277458976,1.61234810407296,1.50616533711314,1.21141001350289,1.24264255011385,2.03929155241078,1.40079057920553,1.66406311548037
"vvi-miR477_st",0.799017865920071,0.744382633514691,0.836358757953178,1.14870846207455,0.950668057062392,1.07503161415376,0.950668057062392,0.960697422089171,0.950668057062392
"vvi-miR479_st",1.19163223441048,0.950668057062392,0.754227946638698,0.910101433247592,0.950668057062392,0.950668057062392,0.860566547105583,0.65633901748622,0.994386319548599
"vvi-miR482_st",1.07200311704127,1.07200311704127,1.04529583433933,1.03440798453192,1.07200311704127,2.12351809250375,1.11055453900948,0.99314103826329,1.07200311704127
"vvi-miR535a_st",1.10055964421233,1.41920974150733,0.882823101739047,1.41290934833371,0.864915285124243,1.28131703770146,1.10055964421233,1.10055964421233,1.10055964421233
"vvi-miR535b_st",1.09284356712648,1.29602543705933,0.938710625780414,1.1480245464406,1.35733846710079,1.54939465967587,1.0579230364838,1.1480245464406,1.1480245464406
"vvi-miR535c_st",1.19373634690248,1.28112038349466,1.24709051394816,1.59347008761603,0.801295167836709,1.28131703770146,1.07894502737585,1.2145902736085,1.09548319895462
"vvi-miR828a_st",0.634665422251791,0.836358757953178,0.836358757953178,1.2060373535668,0.73641116241625,0.836358757953178,0.869239944108582,0.779029866460931,0.836358757953178
"vvi-miR828b_st",0.819820586374406,0.836358757953178,0.481409065516642,0.805485729787015,1.40332115903987,0.836358757953178,0.92248565527597,0.798763625443823,0.869239944108582
"vvi-miR845a_st",1.23922316506451,0.728469713025829,1.20299165913054,1.15170171597405,0.846012309233783,0.956623980700755,0.869239944108582,0.69000287490873,0.879904020038627
"vvi-miR845b_st",0.937178780582972,1.30286713472724,0.99631412520382,1.22930379634921,1.26020717626324,1.54939465967587,1.35703893620977,1.14974825246581,1.22930379634921
"vvi-miR845c_st",1.09455024410591,1.27453682054873,0.986414848450158,1.40079057920553,1.40332115903987,0.857338358384339,1.21773454855391,1.52790604316527,1.2006717430963
"vvi-miR845d_st",1.04167775497564,1.00312633300743,0.977375339764336,0.854703081705044,0.977375339764336,0.977375339764336,0.813277136572304,1.03501213276274,1.00312633300743
"vvi-miR845e_st",1.45401589293921,1.15228046839698,1.2145902736085,1.05729204235306,1.2145902736085,1.2145902736085,1.01182710067581,1.2145902736085,1.34325889966353
"xla-miR-1306_st",2.31613881388974,1.37957815967361,1.35677343294353,2.06977113545996,1.99132576340873,2.06977113545996,2.04891720875394,2.76450317475006,2.64389456828784
"xla-miR-133a_st",1.2802324203964,0.917933183069439,1.08257395688822,1.36411151590022,1.32232629303336,0.836358757953178,1.2802324203964,1.51744735424057,1.25352513769446
"xla-miR-133b_st",1.10866556343929,1.29602543705933,1.10866556343929,1.26442616437186,1.54939465967587,1.63475513532491,1.35969060137833,1.72873041701531,1.35969060137833
"xla-miR-133d_st",2.28321614384681,2.5743099698019,1.4197056714115,2.77202805198411,5.74987863474764,5.17230597302077,3.9110269091938,6.69955972131576,5.05169687487346
"xla-miR-142_st",0.868307977192524,0.840866890941378,0.950668057062392,0.977123920388476,0.950668057062392,0.726367366113894,0.788471507944504,0.950668057062392,1.29602543705933
"xla-miR-15c_st",7.07851168954642,6.6251982400937,6.06232620943236,6.64601179347929,5.59269670706569,6.13870639675226,6.64863114079522,6.49617336099653,6.73158943225475
"xla-miR-18_st",8.11965207026029,7.58400721168722,7.61942307244584,7.57531623917964,7.49107455576098,7.53521423225767,8.00552372422918,7.64539541126595,7.90508550287955
"xla-miR-194_st",7.74799329554309,7.77229994224118,7.47853850658886,7.56260644012154,7.52218140549214,7.45029861655083,7.38986241453733,7.56260644012154,7.6346056652839
"xla-miR-19b_st",11.1577630113721,11.2681247506155,11.1405766567236,11.1078320456915,10.8377770431633,10.793884073224,11.2620835972193,10.9623012979474,11.237816539982
"xla-miR-1b_st",1.07452384385426,1.07200311704127,1.19400723837968,1.05511224371167,1.07200311704127,0.847702426092773,1.04732635245401,1.07200311704127,1.08671151639914
"xla-miR-20_st",9.85856330027036,9.72163271696035,9.45496360102302,9.72665015211882,9.74415629602147,9.58785505982152,10.0493084576977,9.66491712824165,9.86381817069997
"xla-miR-205_st",13.0979146178651,13.1411979185732,13.2562644329554,13.1219728573566,13.161333350597,13.1765899047532,13.1651875146598,13.0730372292045,13.3017156218551
"xla-miR-220c_st",0.977375339764336,0.977375339764336,0.609047678179985,1.14870846207455,1.54433774085103,0.609047678179985,0.977375339764336,1.01999404380902,0.689555106740157
"xla-miR-223_st",1.92999719630322,1.9403272038244,1.51354171087365,2.64895031124326,2.41501897225128,2.96065042010012,2.24557161841625,2.62138388667278,2.91386928285686
"xla-miR-23a_st",13.6416976770605,13.5621055877546,13.5155703147222,13.5463509526327,13.4565382218623,13.4141130042906,13.6540818556686,13.5463509526327,13.728885446061
"xla-miR-24b_st",10.3751882359285,10.113025460322,9.99897103113389,10.0721885020068,9.90083104988476,9.87602187001074,10.3562379474257,9.9655686563881,10.2361377002201
"xla-miR-363_st",0.836358757953178,0.48576450080474,1.22148559872021,1.14870846207455,0.893344487195421,0.893344487195421,0.689417892544883,0.779029866460931,0.704187941637343
"xla-miR-427_st",0.81434864777954,1.06263370443454,1.06512226597992,1.25505675176512,1.00440140161467,1.05701634675296,1.05701634675296,0.94706886178103,0.807012660719055
"xla-miR-428_st",0.765115833415431,0.622247586150819,1.1374949758301,1.40079057920553,0.857891945238911,0.923713853530008,0.857891945238911,1.12181416178502,0.857891945238911
"xla-miR-429_st",1.0604692231834,1.10651248926199,1.0604692231834,1.74207723114684,0.946159924074191,0.728669732329309,1.0604692231834,1.62564335643548,1.04184518772705
"xla-miR-703_st",1.10866556343929,1.07200311704127,0.932003801302504,1.15048362614686,1.40163881401963,0.950668057062392,1.51457184250328,1.54437913888154,1.08927449426941
"xla-miR-92a_st",12.4295645111558,12.3917063843027,12.1912230330292,12.2105599393853,12.2804391192557,12.2385540503711,12.4227329048103,12.2931119798908,12.3824594759641
"xtr-let-7a_st",13.4088463756577,13.3684826535188,13.409356844752,13.4293548560532,12.9553867884691,12.8658283917086,13.480194160924,13.2617380274325,13.4642114600955
"xtr-let-7b_st",5.40043877219002,5.97837169577851,5.52505707487682,5.13062586153402,5.13582541644776,4.47120189879598,6.1829455021776,5.55264095087727,5.50649635854197
"xtr-let-7c_st",12.5520807829119,12.4127348346461,12.5604326909817,12.4074126495233,12.0529161368835,11.945869569634,12.6385178807645,12.3508602952662,12.4546830364179
"xtr-let-7e_st",7.98602068575032,7.97337956258731,7.51376313998035,7.51376313998035,7.05579969378089,7.02812701682709,7.71529093734569,7.07078452254158,7.52295131238002
"xtr-let-7f_st",9.18044219298798,9.34540462168178,9.2920936631578,9.26752516642601,8.71254135057452,8.29779544939358,9.27460438783534,8.72956373993364,9.47774813851294
"xtr-let-7g_st",1.10866556343929,0.898607711534137,0.917127194117256,1.40302374558623,1.21428586953331,0.890866281447196,1.03143649322647,1.03143649322647,0.869239944108582
"xtr-let-7i_st",8.20724715311588,8.17784301345634,7.97893549458469,8.27700870072789,7.48966032897154,7.61639910814969,8.23969358922145,7.75715906934968,8.36818751294327
"xtr-miR-100_st",11.6283153729697,11.7160417120034,11.6187501105938,11.5375605080929,11.5702703535952,11.6693902359152,11.4934205202664,11.5528787546353,11.5957734289062
"xtr-miR-101a_st",2.2268943766729,2.04604892273082,2.75925881595994,1.79027357140273,1.83906954046808,1.42429194498011,3.23882102826137,2.11091666972362,3.28454341466752
"xtr-miR-103_st",13.2585132127311,13.2009630436329,13.1909032687608,13.2411411374177,13.3648661512636,13.3875039258768,13.2803303849462,13.3186279975684,13.1939156626047
"xtr-miR-106_st",12.7052997812305,12.6645684057747,12.5518044497078,12.6728937252641,12.7494233556304,12.6998719413029,12.6942560035842,12.6908329278441,12.7366417957954
"xtr-miR-107_st",12.9341540364242,12.8049770313588,12.8364521001562,12.813857537257,12.8627972444866,12.8861517173932,12.9118090629272,12.8960286191327,12.8224319281561
"xtr-miR-10a_st",1.44696974914076,1.70130077587948,0.767802402035724,1.02385546869328,1.16869706652762,1.26366557324559,1.18766255766252,1.54939465967587,1.55174081460792
"xtr-miR-10b_st",1.44389399773486,1.44389399773486,1.42236081044913,1.3017881620006,1.44389399773486,1.53667010955834,2.13095805339689,1.44389399773486,1.45524199660453
"xtr-miR-10c_st",0.858647786278756,1.65109301614155,1.05543319920859,1.40079057920553,1.40079057920553,1.65415980182206,1.40079057920553,1.40079057920553,1.40079057920553
"xtr-miR-122_st",0.977375339764336,1.42552799736092,0.776214331447964,1.14412285812219,1.32873702410809,1.01890328419221,1.05492412632607,0.913072924553037,1.01637270435787
"xtr-miR-124_st",1.06887408454269,1.32662202888678,0.642366828442968,1.03143649322647,1.27828407563654,1.60960211763515,1.18365629835961,1.28351861035744,1.28298525634505
"xtr-miR-125a_st",8.11163097793436,8.11333298581905,7.16913216651844,7.94889956561191,7.27359729387472,7.42036251118895,8.24911960155698,7.13163095228617,8.3037448552021
"xtr-miR-125b_st",11.2458120963447,11.1718668548194,11.253219098031,11.2100651081519,11.082376647266,11.0499755477996,11.2146972943738,11.2220342414806,11.1718668548194
"xtr-miR-126-star_st",0.929087422593536,1.39371338990716,1.15065061576266,0.949934253513191,0.977375339764336,1.05701634675296,0.867312288455423,0.913072924553037,1.01637270435787
"xtr-miR-126_st",1.4025653740696,1.69553862464994,1.0146443617941,1.42902123739568,1.53562886447528,1.09700444166397,1.66084843840525,1.71311098630703,1.20016238793576
"xtr-miR-128_st",5.82583805081291,5.80285162962875,5.9026879601254,5.79037062641426,5.9026879601254,5.82583805081291,5.93123284775383,5.9026879601254,6.37926412740565
"xtr-miR-129_st",1.33211525775573,1.40332115903987,2.06977113545996,0.913072924553037,1.40332115903987,1.28131703770146,1.40332115903987,1.24439096655164,1.7868333192043
"xtr-miR-130a_st",9.2703094534673,9.2419423923546,9.31275682655116,9.33400403240153,9.16907030102888,9.28672511124754,9.34535004501834,9.27095567789696,9.46407583525981
"xtr-miR-130b_st",8.97858327448403,9.07527690664449,9.02049517756222,9.07891074996994,9.22746332189127,9.19638724316389,9.13654381146241,9.07956395886628,8.68132992014336
"xtr-miR-130c_st",4.0333474639216,4.31917885582952,4.26324317311682,4.39804218171229,2.5266651278435,2.82590206446415,4.5595359106293,2.97014464730278,5.01492181385834
"xtr-miR-132_st",6.61347304557098,6.57226524892345,6.0964724439996,6.67961769615643,6.57226524892345,6.72350871441285,6.60147480648466,6.57226524892345,6.53762656865271
"xtr-miR-133a_st",1.20127070152016,1.05990151201355,1.14955569011275,1.40079057920553,1.15462847701772,1.77269106300783,1.2006717430963,1.2006717430963,1.2006717430963
"xtr-miR-133b_st",2.02821451779441,1.73152442099149,1.33423795659566,1.36608292877338,2.15123584317958,1.69932744987441,1.9662651635421,1.70206427728295,1.54939465967587
"xtr-miR-133c_st",0.992947861141986,1.14870846207455,1.10866556343929,1.14870846207455,1.03930465118597,1.22935375667971,1.04859636319059,1.613012714718,1.29602543705933
"xtr-miR-133d_st",5.88547873041015,5.03679808499724,2.65182196552789,4.33717143751536,5.07700387238769,5.46964890798975,5.54133158777085,6.01353482618505,5.03679808499724
"xtr-miR-135_st",0.857891945238911,0.950668057062392,0.977375339764336,0.857891945238911,0.788817377868146,0.752415060203122,0.698715867911337,0.877283014408794,0.885086162436546
"xtr-miR-137_st",0.994356264330078,0.836358757953178,0.957693817932056,1.15781265404128,1.32593793108048,1.14774292342579,0.869239944108582,1.10028097449928,0.754930644999368
"xtr-miR-138_st",0.977375339764336,0.977375339764336,0.977375339764336,0.631772790055902,0.844546558072004,0.836805127985063,0.977375339764336,0.940712893366315,1.05880345271815
"xtr-miR-139_st",0.987114158148514,0.836358757953178,0.857891945238911,0.913072924553037,0.67865487603906,0.777107500287799,1.10055964421233,0.853821666887658,0.834141114111085
"xtr-miR-140_st",1.3767431854137,1.4826678955829,1.46795949622504,1.52854073296985,1.10443637992758,1.54939465967587,1.64988794360614,1.4826678955829,2.10669441151987
"xtr-miR-142-3p_st",0.748974721361005,0.627493938538343,0.791068593997959,0.536591481968452,0.913072715336373,0.748974721361005,0.748974721361005,0.748974721361005,0.72226743865906
"xtr-miR-142-5p_st",0.987330503460413,0.950668057062392,1.24185509333816,0.772305536060478,1.08396054832325,0.836358757953178,1.10055964421233,1.07200311704127,0.829332997083513
"xtr-miR-143_st",1.07200311704127,1.51013660886169,1.24554766502883,1.03497010853341,1.07200311704127,0.832979738010654,0.963085893163363,0.99314103826329,1.10488430319667
"xtr-miR-144_st",0.679190838614845,0.869239944108582,1.28131703770146,0.844770494545474,0.869239944108582,1.26148382880971,1.23922316506451,0.697601753507122,0.792519983446453
"xtr-miR-145_st",1.00053016778354,0.963867721385516,0.96822748334346,0.963867721385516,0.950668057062392,0.628793633018252,0.869239944108582,0.963867721385516,1.45440742865783
"xtr-miR-146_st",1.02712719510874,1.2006717430963,1.08636244398709,1.2006717430963,1.2412383669111,1.22625159662279,1.11924363014249,1.32200680307518,1.2006717430963
"xtr-miR-146b_st",0.881232153983553,0.950668057062392,1.21131567609533,1.21131567609533,1.07200311704127,0.950668057062392,0.869239944108582,0.775755268947763,1.29602543705933
"xtr-miR-148a_st",2.71870086594638,2.77756438039366,1.9808715171436,2.82924168189293,1.3930924443865,2.11778718937203,2.81091651165775,2.7815489578154,3.16189095033621
"xtr-miR-148b_st",4.93390666066308,4.8686925801859,4.18018204050276,3.98627406995815,3.88685293649306,3.53468391674868,4.89630405026556,4.9147175134201,4.58205592381935
"xtr-miR-150_st",0.809208329670615,0.888849336659241,0.845131074173034,0.857976308493079,1.54009999436949,1.15695348061009,1.1530502229184,1.07200311704127,1.00315863576846
"xtr-miR-153_st",0.907904913849237,0.883698798588277,1.07200311704127,1.07200311704127,1.07200311704127,1.08873113651744,1.33028618137692,1.07200311704127,1.07200311704127
"xtr-miR-155_st",8.55668879923416,8.52667898090059,8.55668879923416,8.52600835861303,8.55668879923416,8.49648953313867,8.65855504063586,8.49353451176607,8.65194044910325
"xtr-miR-15a_st",8.39728446417946,8.18933291346492,8.44460144368159,8.61896835431379,8.08368184913576,8.33468058577111,8.66275046665992,8.37590037298016,8.82612786782564
"xtr-miR-15b_st",1.29181934382132,1.13394497900334,1.2145902736085,1.47287333794415,1.34010726099212,1.2145902736085,1.62049655267248,1.21205969377415,1.13382183744442
"xtr-miR-15c_st",7.03732523858752,6.86271207435319,6.6633098310908,6.55864115458155,5.47187133754078,6.21482217491797,6.65730533919652,6.37673138722838,6.70431855785542
"xtr-miR-16a_st",7.05013467129734,6.72616123726346,6.7533250196052,6.51732687031374,6.02339770605113,6.68479666055497,7.15968087022527,6.64082401099933,6.64747676155504
"xtr-miR-16b_st",8.11283584726149,8.14643351832403,7.96285054554685,7.8130181384025,7.47401449926228,7.53790100957769,8.08976092737145,7.85620364791262,6.6941236117454
"xtr-miR-16c_st",1.84863159629651,2.26479424518987,1.21294861544992,2.43270577531365,1.24093537756641,1.54939465967587,1.95012428864777,1.54939465967587,1.54939465967587
"xtr-miR-17-3p_st",6.65730533919652,6.28842394085047,6.50044290732824,6.88748221076415,6.91446440950123,6.65671753655401,6.91207353530302,6.86769569966732,6.68794599126847
"xtr-miR-17-5p_st",12.9767230474849,12.9760032135112,12.9321312618562,12.9396063246113,13.08599666125,13.0717367498861,12.9977915534478,13.039455143661,12.8853600960238
"xtr-miR-181a-1-star_st",0.966401006061328,1.1347811093791,0.783389628418875,1.13994555404889,0.799189154754082,0.874451311327302,1.36446884825006,0.97585091689087,1.12445499736121
"xtr-miR-181a-2-star_st",1.02435380576696,1.07200311704127,0.783389628418875,0.523637394400148,1.44919375618282,1.15695348061009,0.762505980466792,1.18592121990798,1.44919375618282
"xtr-miR-181a_st",10.6646198010466,10.6898946400297,10.5146631555964,10.6222677938121,10.7522815118647,10.8431444456384,10.6922696051807,10.6733739460076,10.6616408760446
"xtr-miR-181b_st",9.95297241648976,9.78870734447439,9.96147739047074,9.82703773868433,9.97978954187717,10.098882997642,9.81801217925503,9.99145774487977,9.86357186141637
"xtr-miR-182-star_st",1.46973335335444,0.917127194117256,1.17065450613741,0.624671809794674,0.836358757953178,1.1313840887634,0.730148694830463,0.798763625443823,0.908709431001158
"xtr-miR-182_st",8.75716076178731,8.88776050022514,8.60483292591522,8.74106201928669,8.23523891893116,8.27965890815039,8.81636540455814,8.46626818466855,8.90770163131253
"xtr-miR-183_st",7.83063433174915,7.63637588360584,7.47740170014691,7.64588824326593,7.20002214834315,7.04005130079327,7.59403319693207,7.40081232206426,7.92773138211474
"xtr-miR-184_st",0.936461441020302,1.22189470419121,0.977375339764336,1.34778333948073,0.976196087120967,1.59080787869917,0.757359977494414,1.10055964421233,1.22189470419121
"xtr-miR-187_st",0.719631865813278,0.524975284968789,0.983964251919929,0.73774905298489,0.478667688465191,1.05701634675296,1.10189753478098,1.07334100760991,0.76097668785969
"xtr-miR-189_st",0.977375339764336,0.977375339764336,0.977375339764336,0.977375339764336,0.895105655309923,0.977375339764336,0.889991303172163,0.977375339764336,1.01025652591974
"xtr-miR-18a-star_st",4.66447932355903,5.14647572007552,4.3038812671018,5.0735473941019,3.25106530523343,3.14923095413178,4.80314387603694,4.09609824105394,5.10626993268507
"xtr-miR-18a_st",10.9991778935706,10.9359368057224,10.9757416585954,11.0437814241086,11.3804838732125,11.3556076230437,11.1037971029687,11.1438656849383,10.8534922079415
"xtr-miR-18b_st",7.80331061795059,7.39991251718623,7.37310907240977,7.46527547363118,7.34647051155007,7.16628513458302,7.93625402363537,7.71281289643266,7.63619605079899
"xtr-miR-191_st",12.1565897795773,12.2241906237356,12.2610826963055,12.163455949917,12.114366480485,12.1563980184365,12.1007905468481,12.1262734373703,12.061429026353
"xtr-miR-192_st",5.52192231913342,5.08928445905859,5.18512103148506,5.7404567400466,4.93578955244376,4.57856965705873,5.50643268902339,3.99562722561408,5.70176233892192
"xtr-miR-193_st",3.40454540236686,3.71204464967282,2.800892652319,3.22471849887211,3.35202732051765,2.10252685746762,4.66387540995175,2.65386453186346,3.90511750655618
"xtr-miR-194_st",7.64099139676117,7.74347371376582,7.58678630304271,7.64099139676117,7.42563601662539,7.66798780207555,7.84400388431748,7.64099139676117,7.91739427714679
"xtr-miR-196a_st",1.28131703770146,1.66086261158685,1.28131703770146,1.33716529712878,1.28131703770146,1.36274515065527,1.10055964421233,0.90942615700787,1.29602543705933
"xtr-miR-196b_st",1.73881589143207,1.73881589143207,1.72471245163855,1.98934558108254,1.40332115903987,1.98869643590706,1.4893199520949,2.42177552695998,1.77938251524687
"xtr-miR-199a-star_st",1.12802406184442,1.03648727925034,1.2532436357744,1.2087924980085,1.12802406184442,0.998801848934819,1.10055964421233,1.59608508321312,1.12802406184442
"xtr-miR-199a_st",0.927061129706436,1.2006717430963,0.893916708695839,0.913072924553037,1.38300986673811,0.950668057062392,0.896313338493349,1.13912931068105,0.869239944108582
"xtr-miR-199b_st",1.10055964421233,0.836358757953178,1.18546125694041,1.05999302039753,1.35679231892482,1.10055964421233,1.1291161713834,1.07200311704127,0.882823101739047
"xtr-miR-19a_st",6.98540371635752,6.78924996085389,6.67613533157467,6.55088209253747,6.56527830286766,6.61867791866004,6.67613533157467,6.51557587624804,7.04806739994598
"xtr-miR-19b_st",11.0887462308677,11.1843539480556,11.0589271415835,11.1300793154986,10.7971657854389,10.769026981758,11.1420169660821,10.8762921633413,11.165683388266
"xtr-miR-1a_st",1.10866556343929,1.29758317763997,0.738001767781029,1.14870846207455,1.23365882564337,1.14472642552551,1.22893078618687,1.00476503987462,1.29602543705933
"xtr-miR-1b_st",1.11721883450943,1.36274515065527,1.28131703770146,1.15121088254875,1.08177497946991,1.31891217021081,1.28131703770146,1.60434543338173,1.29602543705933
"xtr-miR-200a_st",6.43651214093776,6.07616738806823,6.43634925168625,6.55105323628132,6.22833082828673,6.55105323628132,7.0431498664184,6.27622141873986,6.97810232953325
"xtr-miR-200b_st",7.14274989851864,7.05700401793532,6.8098410189889,6.9444595404742,6.55532066269375,6.87636560336297,7.36662416997676,6.56889221554391,7.23311443521176
"xtr-miR-202-star_st",0.977375339764336,0.950668057062392,1.27945022584752,0.820561901909682,0.950668057062392,1.15236139276378,0.942562137835435,0.913072924553037,0.950668057062392
"xtr-miR-202_st",1.72783458855662,2.64008317176125,1.1417099358654,2.61532458177723,1.68268715093672,1.59183245800854,1.79669994270536,1.51883420524825,1.97021737185354
"xtr-miR-203_st",1.25793412359539,1.10055964421233,1.11995071338222,1.10055964421233,1.25948983670057,1.10055964421233,1.08989556828229,1.11995071338222,0.85033454369751
"xtr-miR-204_st",1.40332115903987,1.07152166818578,1.68268715093672,1.16459481483062,1.40332115903987,1.281986099061,1.43187768621094,1.49253465264041,1.62734347905793
"xtr-miR-205a_st",13.1153946553867,13.1267659324053,13.2675085294142,13.1493924401873,13.1610887413246,13.1783046924476,13.1879702830216,13.0819942273901,13.3073667894493
"xtr-miR-205b_st",4.77673280124557,4.81607283600484,5.35324598056799,4.33161653838741,4.95669618206321,5.53196336226063,5.0614573194777,5.05550104369506,5.0614573194777
"xtr-miR-206_st",0.63230083470309,0.962945192013019,0.919226929526811,1.03143649322647,0.919226929526811,0.798527711034765,1.00268556059531,0.770080217226016,0.842506968864682
"xtr-miR-208_st",1.75182982047825,1.187711997772,0.759638797291049,1.26442616437186,1.02058906577642,1.7223696767697,1.3401011052085,1.26442616437186,1.2006717430963
"xtr-miR-20a-star_st",0.977375339764337,1.46688259171514,1.1414733337397,1.2462384758859,1.1414733337397,1.12676493438184,0.846504735172357,1.1414733337397,1.30293939944141
"xtr-miR-20a_st",13.0186502144595,12.9159679285579,12.8076457029492,12.8867713445344,13.0666084365942,13.0386702604636,12.961308691402,12.9098480354641,12.9343856356938
"xtr-miR-20b_st",9.81189241214332,9.72840697387434,9.54830694003216,9.67139790925162,9.73864198661506,9.67015052777772,9.95926611236661,9.73864198661506,9.91989264658748
"xtr-miR-210_st",7.71990537162503,7.89810007860976,7.72101329678287,7.91068978635836,8.59388044374154,8.64641601101527,8.09132803878653,7.60759609626505,7.3654139611692
"xtr-miR-212_st",1.1512046888991,0.931218270329669,1.07199429547469,1.14870846207455,1.16956238878057,1.28131703770146,1.17334135353056,1.14870846207455,1.13478993156235
"xtr-miR-214_st",2.34164970285075,1.57329153075292,1.71727161840123,1.36275453522507,1.02303397336581,1.25966576269654,1.40332115903987,1.40332115903987,1.40332115903987
"xtr-miR-215_st",0.977716411410241,1.39259783969819,0.966904375116356,1.35203121588339,1.0274840545201,1.15695348061009,1.78797434965911,1.50028686532205,0.945214370065685
"xtr-miR-216_st",1.36762523235632,1.44389399773486,1.25948983670057,1.65467605696384,1.15695348061009,1.28506969022706,1.09729328758268,1.07200311704127,0.990982594129637
"xtr-miR-217_st",1.23922316506451,0.986250345103121,1.10055964421233,1.14870846207455,0.976196087120967,1.10055964421233,0.818097872346869,1.40079057920553,0.909530384440992
"xtr-miR-218_st",0.8635584623053,0.932994365384138,1.03143649322647,0.932994365384138,1.26431240738274,0.932994365384138,0.73023119245145,1.09315566563677,0.869239944108582
"xtr-miR-2184_st",0.673504186588542,1.14711785670977,1.05701634675296,0.661830333443678,1.05701634675296,1.05701634675296,1.05701634675296,0.998913444563975,1.2006717430963
"xtr-miR-2188_st",1.10866556343929,0.89440866879315,0.783389628418875,0.913072924553037,1.15695348061009,1.09392485798918,1.66160422337553,1.40079057920553,1.07200311704127
"xtr-miR-219_st",0.939780207254982,0.953639548367837,1.11332475524254,0.913072924553037,0.836358757953178,0.882103859591297,0.549432663129457,0.913072924553037,0.913072924553037
"xtr-miR-22-star_st",5.85538831785192,5.87836907716893,5.50048084426131,5.44449936056019,4.93093783962643,5.46462941037019,5.59628247760661,4.7998636927317,6.15465052352479
"xtr-miR-22_st",11.5788835617356,11.370599712506,11.7346357359359,11.7468064972343,11.8220019281748,11.8565663397407,11.7804339500014,11.6226837879597,11.7309551461418
"xtr-miR-221_st",12.3846792110357,12.3526921572321,12.4230709605902,12.3461219069223,12.3740099863527,12.3293497719501,12.4140726758755,12.3201419169996,12.4058780273255
"xtr-miR-222_st",13.3840847836216,13.507632473551,13.4450497635398,13.5210099982044,13.5031521047006,13.5237794522797,13.3792747128488,13.4030294389376,13.3295794626223
"xtr-miR-223_st",2.38297160851805,2.05260639181995,1.86281462869775,2.54803228466482,2.46012329246035,2.25525580776353,2.1965191735747,2.25525580776353,2.32824541894601
"xtr-miR-23a_st",13.592390100487,13.5967684985997,13.5145744241543,13.5521812496085,13.4141761966981,13.396759423268,13.6192444192905,13.5547464874717,13.7809546870396
"xtr-miR-23b_st",12.4898609104272,12.5044390239144,12.327537893069,12.4214865774842,12.365286377742,12.3841754547018,12.4625712657355,12.4640379742507,12.5325708911192
"xtr-miR-24a_st",13.5044391445527,13.4052632371533,13.4247114852329,13.4650880619049,13.5719820847123,13.514776560119,13.5188677640556,13.4614369820432,13.3897423025507
"xtr-miR-24b_st",10.3775880485272,10.175288680675,10.1499487842249,10.0401451282212,9.96092913463526,9.93716426519311,10.5478012356292,10.0613884375637,10.2756647452813
"xtr-miR-25_st",10.2000662996381,10.3158325284629,10.0915620386315,10.1238956748193,9.53304338359292,9.53393861619398,10.2331263599073,9.7861857584829,10.1249532171238
"xtr-miR-26_st",11.1308565502991,11.3976253813013,11.2024021378667,11.2768883255718,11.1342429942224,11.0515656265242,11.150909815104,11.1131083639504,11.4168232778507
"xtr-miR-27a_st",12.0332391158196,11.5534388654774,11.5430548789468,11.9085909393765,12.4244412812994,12.4242285784818,12.2334408513059,12.1580809256311,12.2374566057492
"xtr-miR-27b_st",10.1309527818764,9.93972454603331,9.78081362210106,10.0503099347787,9.63603925795013,9.85546189618456,10.0914984534011,9.90645081614378,10.3098938907337
"xtr-miR-27c_st",8.73827812200502,8.22234989934991,8.08476661173354,8.51073641735036,8.92337308875919,8.75368585759534,8.99392990033035,8.59454643889923,8.92726084433892
"xtr-miR-29a_st",4.03407812656692,4.13724210198755,2.07925855272401,3.84947544377074,3.35146598141799,4.02758505879412,4.86617883986649,3.96231224782967,5.0988126386091
"xtr-miR-29b_st",5.0513551348358,4.9313337237126,5.16805019210154,5.30069833061079,5.24012239337361,5.58030614490142,5.54331825371047,5.55469977550366,5.83506981812101
"xtr-miR-29c-star_st",0.977375339764336,1.06026920387993,0.869239944108582,0.580569021298214,1.02566436740937,0.869239944108582,1.21016079102987,0.765940164303753,0.869239944108582
"xtr-miR-29c_st",1.41550285718928,1.2006717430963,1.65716086269344,1.75399940515586,1.41857934464548,1.56157635782527,1.9577487933663,1.56157635782527,1.58739030295507
"xtr-miR-29d_st",0.760618951568655,0.950668057062392,0.830054854647493,1.00472921052453,1.07200311704127,0.950668057062392,0.950668057062392,1.07014159856646,0.950668057062392
"xtr-miR-301_st",5.74225221187742,6.03086837218805,5.80248290734966,6.31267702346003,5.84250188923145,5.87564149973754,6.02861742897469,5.95784270508639,6.57698960549897
"xtr-miR-302_st",0.843637021474199,1.14871728364113,0.9690849259412,0.913072924553037,0.938264798751132,0.905331494466096,0.913072924553037,0.855744033060791,0.950668057062392
"xtr-miR-30a-3p_st",2.81105863207904,2.02325071171384,1.82048753878116,1.98268408789904,1.59755724713201,2.00826394142554,2.02325071171384,2.02325071171384,2.02325071171384
"xtr-miR-30a-5p_st",8.85119646423824,8.9532798839394,8.84715568714529,8.96624242617973,8.97221576842896,8.96624242617973,8.98144143395811,8.929879850809,9.05299091437202
"xtr-miR-30b_st",7.85447540171837,7.37779058530731,7.55725389260118,7.99053282492069,7.49401484583437,7.40566628829261,8.04498903187969,7.67768601144735,8.27944511089979
"xtr-miR-30c_st",10.0104228622644,9.92586720161664,9.70090767899661,10.0174914501473,9.59889709045363,9.63819674685841,9.92586720161664,9.83527200276879,10.182248419451
"xtr-miR-30d_st",7.56345412229569,7.71639825323996,7.709604065438,7.80829102100398,7.76979859620442,7.75792711722616,7.65654199775055,7.6001192375697,7.80411655793632
"xtr-miR-30e_st",3.76199162609133,4.33919688877907,4.58857449127338,4.46469227030362,3.21705468385598,3.94992295614249,4.78624182391508,4.46469227030362,5.4144866397706
"xtr-miR-31_st",11.1559826161155,10.6952012113981,10.753448265228,10.693084038016,10.4698551895161,10.4548052672366,11.200911050621,10.9927496482008,10.8244274888545
"xtr-miR-31b_st",11.5668322266867,10.6055977294874,10.4983000403878,10.0157938996251,9.72941941966453,9.86517638074001,11.6064945449695,11.4604234290304,9.5657406246163
"xtr-miR-320_st",9.42404413280485,9.50633538583857,9.53895688154366,9.38799284925268,9.28275505658893,9.23739993959558,9.43430885448402,9.33785211146051,9.43671899620621
"xtr-miR-338_st",1.07079287186127,0.884226714396889,0.980628196891298,0.524165310208761,1.09354063505708,0.836358757953178,0.869239944108582,0.869239944108582,0.762891654418011
"xtr-miR-33a_st",0.748974721361005,1.21525700089525,1.00822600780505,0.913072924553037,0.950668057062392,1.39950307252592,0.950668057062392,0.950668057062392,1.05078015594636
"xtr-miR-33b_st",0.977375339764336,1.13630553225257,0.73641116241625,0.946502311598174,0.977375339764336,0.977375339764336,0.728305243189293,1.09871039974321,1.13630553225257
"xtr-miR-34a_st",3.30545931415056,2.7319427119343,2.19448650355267,3.02960203811208,2.16462815333924,3.16390809345034,3.33024533999179,1.81638463780477,2.9609572255452
"xtr-miR-34b_st",1.40332115903987,1.38991465739456,1.31617819698033,1.6625577706482,0.988679263461625,1.27560535828535,1.5398062445445,1.08687447285397,0.953385436475774
"xtr-miR-363-3p_st",0.748974721361005,0.800211635986036,1.1183919215755,0.8529582946643,0.977375339764336,0.977375339764336,1.01025652591974,1.25440107455642,0.759638797291049
"xtr-miR-363-5p_st",1.10866556343929,1.43660540124907,0.977375339764336,1.16272671690143,0.989192021935227,1.10866556343929,1.19887564108694,1.25726964390963,1.00390042129309
"xtr-miR-365_st",1.15235177004046,1.09088479529294,1.06285954611376,1.4431682868761,1.32652915438103,1.34425401790948,1.55825804910444,1.46911631094826,1.7868333192043
"xtr-miR-367_st",1.73948942293154,1.29602543705933,1.2145902736085,1.20551073406937,1.1673568110043,1.4601234310347,1.28476533638203,1.00305218647899,1.68193906283413
"xtr-miR-375_st",0.702820660885451,0.892869766379188,0.692156584955407,0.805485729787015,0.926820789765893,0.950668057062392,0.794821653856971,0.779029866460931,0.805485729787015
"xtr-miR-383_st",1.28131703770146,1.26875347875671,1.0252639710439,1.28131703770146,1.16700773859225,1.28131703770146,1.34498220202046,1.13271295723112,1.40265209768034
"xtr-miR-425-5p_st",9.90395366825471,9.83234019360694,9.91682197291414,9.94522964116152,9.90395366825471,10.0659148579121,9.82840640989351,9.90893373161167,9.90395366825471
"xtr-miR-427_st",0.977375339764336,0.759885148019454,0.977375339764336,1.03255631907846,0.992362110052643,0.951787882914384,0.977375339764336,0.892424976195514,1.07015145158782
"xtr-miR-428_st",1.17572081306774,0.934756635719655,1.06057566374643,0.977375339764336,1.32715318764788,1.50171903680635,0.869239944108582,0.977375339764336,0.829506779088803
"xtr-miR-429_st",1.08406277056233,1.16840459953568,0.851526265963648,1.77591352248474,0.958855857181218,0.950668057062392,1.20128578569108,1.43703496837347,1.09168463887355
"xtr-miR-449_st",0.982023855115319,0.982023855115319,1.48746778603723,0.823093662627086,0.776987979333275,0.967037084827012,1.07715459312683,0.68905060453498,1.07200311704127
"xtr-miR-451_st",0.805123339445568,1.19752631930508,1.40316867954513,1.2590694736925,0.855253412045712,1.15695348061009,1.10055964421233,1.11609115585425,1.29602543705933
"xtr-miR-455_st",1.13192744308396,1.29602543705933,1.14259130979734,1.29602543705933,1.26931815435738,1.29602543705933,1.48351215671862,1.77341697969392,1.29602543705933
"xtr-miR-489_st",1.14870846207455,0.907744284726464,1.68268715093672,1.08440604686325,1.23610282925451,1.54602314539359,1.2118760812625,0.990482209630037,1.14870846207455
"xtr-miR-499_st",1.01682213772714,1.07200311704127,0.893916708695839,1.07200311704127,1.68805818052804,1.07200311704127,1.23922316506451,1.07200311704127,0.869239944108582
"xtr-miR-7_st",1.072551317931,1.07200311704127,1.2551568974233,1.0082489027197,1.07200311704127,1.18139873722507,0.909806567923382,1.04810624596422,1.52548122751285
"xtr-miR-9-star_st",0.950668057062392,0.950668057062392,1.20144167526277,0.805485729787015,0.817839275370059,1.15695348061009,1.44111871433214,0.950668057062392,0.950668057062392
"xtr-miR-9_st",0.835213484279273,1.2006717430963,1.24185509333816,1.03143649322647,1.03143649322647,0.917573564149141,1.05814377592841,1.17217440532458,0.594907272307685
"xtr-miR-92a_st",12.5300083842589,12.3591377575214,12.2561777441706,12.2590052936493,12.2754136721145,12.3101088352762,12.5627291544622,12.4443018975807,12.4076935114278
"xtr-miR-92b_st",8.41194838839519,8.07984808068682,7.87117964490576,7.8546508277221,8.03765630404529,7.77008354524847,8.36914285107924,7.98931992525978,7.98793624970133
"xtr-miR-93a_st",12.1650440838658,12.0730018914198,12.1176910931832,12.1141193284265,12.341678710443,12.3940585918466,12.1296845228463,12.2069200811657,11.9568970164163
"xtr-miR-93b_st",12.040836754278,11.970002911622,12.0804758605849,12.0422646813606,12.304523376435,12.2673250513787,12.008017280364,12.0422646813606,11.8740272910418
"xtr-miR-96_st",1.68270374302308,1.40110249918624,1.09258615227008,1.53960010203711,0.863194333487165,1.28131703770146,1.84742772906648,0.886962355779429,1.01407134733236
"xtr-miR-98_st",3.73986589666662,3.96734418459158,3.15186604290933,3.73986589666662,3.73986589666662,4.35793484411392,3.80564531480349,3.30858122537846,4.14884498152141
"xtr-miR-99_st",7.29721259205102,7.41653005054408,7.27336461046511,7.4238668871488,7.07541900173779,7.12044617368976,7.25828092951749,7.37495165480372,7.58931577591126
"xtr-miR-9a-star_st",1.32943324271216,1.08349683875472,0.610158579588884,0.869239944108582,0.715635464624673,0.869239944108582,0.933542359319881,0.869239944108582,0.869239944108582
"xtr-miR-9a_st",0.70984989320823,1.09107059627877,1.17671485729742,1.22530133621908,0.841066910244858,0.726757611135644,1.16163558073732,0.851096275271637,0.759638797291049
"xtr-miR-9b-star_st",1.50335139359728,1.44389399773486,1.02409864675331,1.40079057920553,1.27742091692391,1.08889682927065,1.35969060137833,1.54939465967587,1.53466558246231
"xtr-miR-9b_st",0.72302961312157,0.822440227440979,0.870773665011048,0.799325749445315,0.823795199008423,0.706252602800468,0.869239944108582,0.836358757953178,0.836358757953178
"Z17B_st",6.04734565477934,6.01135492769181,6.14363423845529,6.39998413725661,6.46666679885224,6.74589798633597,5.97963464683104,6.16705844642403,6.48547914659976
"zma-miR1432-star_st",1.10866556343929,1.58134008570798,0.80205794678329,1.63963308689993,0.980949762684763,1.18830657042792,1.37666925303762,1.3246284006951,1.31031069176633
"zma-miR1432_st",0.950668057062392,0.950668057062392,0.850720461525464,1.63489694067358,0.950668057062392,1.40332115903987,0.940003981132347,0.779029866460931,0.797233929800403
"zma-miR156a-star_st",0.972201244348125,0.950668057062392,0.897698927528089,1.03143649322647,0.836358757953178,1.11476605103776,0.869239944108582,0.779029866460931,1.18631241615048
"zma-miR156a_st",2.06004845901391,2.22174852356955,1.07200311704127,2.23620680575815,1.87930774640957,2.439166235033,1.28248644735644,1.1264751439317,1.66406311548037
"zma-miR156b-star_st",1.1955049025783,1.15695348061009,0.96592422083875,1.11935834810074,1.15695348061009,2.02452577983804,1.18366076331204,1.27828854058897,0.869239944108582
"zma-miR156b_st",1.90262421215416,1.70800856633286,1.07270719632422,1.52854073296985,1.52854073296985,1.34633391465831,1.52854073296985,1.40079057920553,1.54939465967587
"zma-miR156c_st",1.40332115903987,1.5818338375781,1.78819987882708,1.79027357140273,1.15695348061009,1.23922316506451,0.716652711152693,1.08029297257627,1.15182879788455
"zma-miR156d-star_st",0.820296812729557,0.813125329016109,1.18537973003915,0.913072924553037,0.913072924553037,0.913072924553037,0.913072924553037,0.93246399372292,0.913072924553037
"zma-miR156d_st",1.9543715653781,1.99494440407309,1.79027357140273,1.74717015287339,1.70800388694832,2.04675273651336,2.1179586377975,1.54939465967587,1.77635504089053
"zma-miR156e-star_st",1.15695348061009,1.15695348061009,1.29475386845453,0.875056908878895,1.15695348061009,1.32960495487226,1.1898346667655,1.20299674668868,1.12029103421207
"zma-miR156e_st",2.59099995050648,2.01033166085215,1.68213414528925,2.53245068413885,1.96975882215716,2.03824619130341,1.31541238447829,1.75634961957222,1.96975882215716
"zma-miR156f-star_st",0.857891945238911,0.698816029906895,0.939780207254982,1.15691002314847,0.913072924553037,0.950668057062392,0.913072924553037,1.03440798453192,0.913072924553037
"zma-miR156f_st",2.31634865333505,1.60997589642068,1.40332115903987,1.39547724256418,1.16490047154627,2.02440184752374,1.413174685742,1.52854073296985,1.26461851642374
"zma-miR156g-star_st",0.910876550640851,0.810928955103923,0.898312991696096,0.843788397033062,0.910876550640851,0.728669732329309,0.910876550640851,0.987590717240711,1.08251474124231
"zma-miR156g_st",1.65876074018629,2.34271972320488,1.18864302837746,2.7319427119343,2.45912897280192,0.951256628561024,1.51445597549868,1.73317864155825,1.92448359240246
"zma-miR156h-star_st",0.836358757953178,0.813131123078378,0.836358757953178,0.810563489223869,0.836358757953178,0.836358757953178,0.869239944108582,0.913072924553037,0.645329498181835
"zma-miR156h_st",1.55699062331722,1.89677542585486,1.77992091496636,1.77992091496636,1.82048753878116,1.84171919205857,1.66027406815417,1.89808343630525,1.77992091496636
"zma-miR156i-star_st",0.958673972209662,0.911695506207037,0.687029048745208,0.958673972209662,0.975642537367603,1.1487230777034,0.794575769017629,0.954314210251718,1.07200311704127
"zma-miR156i_st",1.55982834940122,1.88695666945982,0.869239944108582,1.87942470030059,1.05701634675296,1.05701634675296,0.975588233799154,0.762687307176792,0.983453008374926
"zma-miR156j-star_st",0.742113272061908,0.784115542574825,0.893916708695839,0.548842074796017,1.47399764663391,0.893916708695839,1.13488088604393,0.908903478984146,0.937895966525756
"zma-miR156j_st",0.971905013010146,1.49742254142273,1.07200311704127,0.645352882457075,1.10291960726387,1.10291960726387,0.869239944108582,1.2145902736085,1.05928904960232
"zma-miR156k-star_st",0.842047868005851,0.852711943935895,0.87941922663784,0.711941712853142,0.852711943935895,0.852711943935895,0.87941922663784,1.16507626368612,0.852711943935895
"zma-miR156k_st",1.18863240662333,1.77521203973346,1.88071270167447,1.26442616437186,1.3612838808855,1.40332115903987,1.40332115903987,1.40332115903987,1.5319897850949
"zma-miR156l-star_st",1.10055964421233,1.0790264569266,1.23184986788729,1.03143649322647,1.10880466274788,1.15695348061009,1.12496675771715,1.31467081601469,0.950668057062392
"zma-miR156l_st",2.25679850838094,2.18158389177835,1.28040470090926,2.06977113545996,2.04251193532912,1.9575615717603,1.64739007714894,1.9575615717603,1.9575615717603
"zma-miR159a-star_st",1.53903175459339,1.05701634675296,1.25870968245435,1.03143649322647,0.915999764941804,1.08788937491913,1.05701634675296,1.03733482492068,1.04651088679078
"zma-miR159a_st",1.06956944401792,1.28562210666512,1.08023351994796,1.03253643551006,1.15695348061009,1.05701634675296,1.32417352863333,1.29954063717732,1.15695348061009
"zma-miR159b-star_st",1.07267217840081,0.950668057062392,1.2145902736085,0.950668057062392,0.950668057062392,0.829332997083513,1.15845472890043,0.950668057062392,0.950668057062392
"zma-miR159b_st",0.835198702217374,1.06942962815404,0.761104548452828,0.805485729787015,0.976928969732451,0.869239944108582,0.869239944108582,1.05530890679757,0.718862862571624
"zma-miR159c-star_st",0.818199262436762,1.10179238486437,0.911743279370636,0.977375339764336,1.32884309058741,1.45084721192583,0.977375339764336,0.921772644397415,0.662847824038212
"zma-miR159c_st",1.04635227082292,1.13373630741509,1.35160614763246,1.05701634675296,0.943687201921355,1.05701634675296,0.765869938906894,1.17648988825703,1.05701634675296
"zma-miR159d-star_st",0.898458569053711,0.644972454379027,1.15695348061009,1.07200311704127,1.07200311704127,1.07200311704127,0.763961491649311,1.07200311704127,1.29602543705933
"zma-miR159d_st",0.729008667567055,0.623574528257278,0.847508065747565,1.39280925324913,0.836348296273379,1.15695348061009,1.09089563125193,0.878967000318061,0.859575931148178
"zma-miR159e-star_st",1.22376277548307,0.818856215936625,1.02817013659681,0.985181204450588,1.10959824955062,0.887599924817541,1.2171034448111,1.07200311704127,0.810879964155413
"zma-miR159e_st",1.15813879698876,1.57329153075292,1.10399042803567,1.10399042803567,1.13143151428681,1.09396106300889,1.28462329149187,1.13143151428681,1.05171937712768
"zma-miR159f-star_st",0.857891945238911,1.03143649322647,1.03143649322647,1.03143649322647,1.45486158568902,1.33049802859765,1.02655633066053,0.872506300738237,0.950668057062392
"zma-miR159f_st",0.977375339764336,0.623584989937076,0.73641116241625,0.711941712853142,0.836358757953178,1.03548315946723,0.977375339764336,1.07200311704127,0.759638797291049
"zma-miR159g-star_st",0.882786963731411,1.0844802994328,0.835832138455752,1.33183964864324,0.966389740080967,1.49219539496342,0.882786963731411,0.779029866460931,1.04361881029379
"zma-miR159g_st",1.16154264837918,0.890419911415311,0.742179528632648,1.03143649322647,1.04832736655607,0.923963809464706,1.03143649322647,1.1260642705034,1.17033148789449
"zma-miR159h-star_st",0.977375339764336,1.03912193088587,0.989733432586857,1.49187828657183,1.35971665354278,0.836358757953178,1.07200311704127,1.11310309486847,1.07200311704127
"zma-miR159h_st",1.10055964421233,1.2006717430963,0.859595466864248,1.15462079767447,0.888977351432864,1.18551000778116,1.10055964421233,1.10055964421233,1.22922827026737
"zma-miR159i-star_st",0.903856859165205,0.991240895757378,0.991240895757378,0.819351285780057,0.950668057062392,1.07088190274601,0.894363906427394,1.09674155769838,1.11257595573626
"zma-miR159i_st",1.49187828657183,1.25936299066131,1.52854073296985,1.74026505262202,1.37756898746262,1.49187828657183,1.61841857373896,1.82066574873608,1.23204550814384
"zma-miR159j-star_st",0.913072924553037,0.674049545522421,0.869239944108582,0.913072924553037,0.701490631773567,0.950668057062392,1.23922316506451,1.1271840963554,0.54448425536478
"zma-miR159j_st",0.859102011390961,0.859102011390961,0.944052374959783,0.818535387576161,0.859102011390961,1.19042005338956,0.591183238419691,0.779029866460931,0.859102011390961
"zma-miR159k-star_st",0.913072924553037,0.900509365608282,0.913072924553037,1.10815065982633,1.0847111151545,0.913072924553037,1.04363052617825,0.913072924553037,0.876410478155016
"zma-miR159k_st",0.857891945238911,1.34395686387773,1.05701634675296,1.01644972293816,1.14196671032179,1.05701634675296,0.977375339764336,1.3008534453484,1.05701634675296
"zma-miR160a-star_st",1.2145902736085,0.82515474345561,1.33295384228193,0.947979478185952,1.15695348061009,1.16294105692217,1.63367760246186,1.39392603094794,1.2145902736085
"zma-miR160a_st",1.35549766850404,1.12048614576897,1.64953635797491,1.35549766850404,1.40332115903987,1.68268715093672,1.42462081948991,1.36941619901624,1.08369997256862
"zma-miR160b-star_st",1.84863159629651,1.39084475881668,1.62862599747459,1.68268715093672,0.950668057062392,1.68268715093672,1.68789237812498,2.59081642617532,2.1044279557064
"zma-miR160b_st",1.68268715093672,1.52854073296985,1.12643200460636,1.48797410915505,1.82618744710806,1.54939465967587,1.42587566406829,1.72873041701531,1.44241383564706
"zma-miR160c-star_st",1.06494730095308,1.12407229445469,1.15695348061009,1.32082000076961,1.15695348061009,1.15695348061009,1.15695348061009,1.20299674668868,0.99621174915724
"zma-miR160c_st",1.95078005870888,1.29602543705933,1.58848082138191,2.12211318101909,2.04841596769197,1.898499262256,1.72237944030554,2.25286023817119,1.61170845625671
"zma-miR160d-star_st",1.00136984145874,1.29602543705933,1.17284113261133,1.83836449471744,1.29602543705933,1.29602543705933,1.35969060137833,1.10853871740003,1.29602543705933
"zma-miR160d_st",0.977741451447159,1.29602543705933,1.28209985605011,1.2006717430963,0.977741451447159,1.07632855141126,1.32842189686063,1.2006717430963,1.2006717430963
"zma-miR160e_st",0.87264574113119,1.03191086846133,0.905526927286595,1.26442616437186,1.17622132738549,1.9808715171436,0.892812859847644,0.878262107556929,1.09557603278033
"zma-miR160f-star_st",1.61616228839006,1.26548254573803,0.703993894803954,1.04174155060807,1.0754334402443,1.18568497280799,1.18568497280799,1.49374975718877,1.2006717430963
"zma-miR160f_st",1.80262080518668,1.66160422337553,1.3746781285518,1.66160422337553,1.82048753878116,1.47939740506398,1.80922743810386,1.63514836004944,1.66160422337553
"zma-miR160g-star_st",1.41460952896232,0.94282690757219,1.35813303515917,1.35813303515917,1.05207320463684,1.28131703770146,1.7665698940575,1.35813303515917,1.97806456578017
"zma-miR160g_st",0.766152450227029,1.07200311704127,1.15277155320535,1.02220551688459,1.07200311704127,1.07200311704127,0.88229905874373,1.57618679264654,1.07200311704127
"zma-miR162-star_st",1.11020412145667,0.715023697974299,0.950668057062392,0.925750952534593,0.836358757953178,0.751697347900628,0.869239944108582,0.869239944108582,0.879904020038627
"zma-miR162_st",0.977375339764336,0.998007106181334,1.27465253298484,0.966585877125439,1.20408796748864,1.09325521362962,1.03088829233674,1.2145902736085,1.07200311704127
"zma-miR164a-star_st",2.13378223580197,1.44389399773486,2.28585809309774,1.78503019719738,2.09381899667419,3.19459168269072,1.35948817859542,1.54939465967587,3.07548797015583
"zma-miR164a_st",1.97185385422093,1.54855193582552,1.28502461297024,0.711941712853142,1.08429135514547,1.45654575616852,1.57515399508935,1.72046797271462,2.0855967417603
"zma-miR164b-star_st",0.748974721361005,1.36903957493702,1.48488935325789,1.43058272932444,1.18970381759758,1.15695348061009,0.99999975930004,1.25558562913153,1.24166709861933
"zma-miR164b_st",2.05256737146756,1.57329153075292,0.994580869720666,1.40332115903987,1.27895760194851,1.24574723218434,1.16610622519571,1.59967770830882,1.73812554510724
"zma-miR164c-star_st",1.68268715093672,0.960711853364747,1.28131703770146,1.14870846207455,2.64317489360114,1.28131703770146,1.23922316506451,1.39439559519293,0.99360350119995
"zma-miR164c_st",1.4594861801424,1.08300494677447,1.27075529471102,1.07977902489915,1.21867401956717,1.29538818616703,1.35969060137833,1.45695560030805,1.46462343603686
"zma-miR164d-star_st",1.37832874633377,1.68268715093672,1.68268715093672,1.68268715093672,1.92021677427337,1.68268715093672,1.48099381523534,2.01147461310098,1.68268715093672
"zma-miR164d_st",1.80032932070554,1.12043748374134,0.893916708695839,0.989019330458733,1.21497009389819,1.07131469755485,0.91767431080865,1.91238178710714,1.84759671615209
"zma-miR164e-star_st",1.57646737680543,1.80581648182844,2.06368732250539,1.58436631520332,2.104864271009,2.89548225578324,1.23922316506451,2.3852351101507,2.78560299157285
"zma-miR164e_st",0.977375339764336,0.964811780819581,0.977375339764336,0.951795486237843,0.673016935161386,0.977375339764336,0.977375339764336,1.13080946702632,1.51376197953261
"zma-miR164f-star_st",1.50335139359728,1.49078783465253,1.48249746689127,1.46631838508942,1.26770703450919,1.50335139359728,1.95988900952586,1.54939465967587,1.96428839477356
"zma-miR164f_st",1.40576578456779,0.959019772120602,1.15969210540642,1.15706017713276,1.46723167174412,1.15706017713276,1.15706017713276,1.08035483209948,0.950668057062392
"zma-miR164g-star_st",1.46310903075059,1.67151348094315,1.10866556343929,1.46057845091624,1.49217772360371,2.14451063943241,1.7520105020317,1.49217772360371,1.49217772360371
"zma-miR164g_st",1.21861157902442,1.07200311704127,0.995283156379141,1.43975111818786,1.09871039974321,1.07200311704127,1.35809162071833,1.09871039974321,1.81354060190624
"zma-miR164h-star_st",1.95698277906994,1.62734347905793,1.40332115903987,1.02036864653358,1.40332115903987,1.4882715226087,1.52650546348787,1.27557100527555,1.40332115903987
"zma-miR164h_st",1.21596128541984,1.57329153075292,1.05882967267593,1.07706629075182,1.07200311704127,0.950668057062392,1.25334231168776,1.45401589293921,1.10866556343929
"zma-miR166a-star_st",1.41224086727078,1.13287487537393,1.13287487537393,1.52806109563721,0.84431976737182,0.950668057062392,1.36419457547769,1.2145902736085,1.08974001351163
"zma-miR166a_st",1.5310369597944,2.01033166085215,1.45653464297437,2.04332214153381,1.51710572017968,3.15697194886369,2.29824153378117,1.58621793910853,2.42524403269108
"zma-miR166b-star_st",0.981488168655481,1.06836833272925,0.869239944108582,0.736568841875158,1.15695348061009,0.869239944108582,0.780383945907191,0.869239944108582,0.869239944108582
"zma-miR166b_st",1.17507607158091,0.773026000565493,1.22616055139847,0.732309923737094,1.40332115903987,1.25471707856953,1.48559084349429,1.3687477079657,0.860548555854782
"zma-miR166c-star_st",1.12001324551314,1.01974262443316,0.519480424381147,0.774612701620852,0.723216045332602,0.805485729787015,0.83836691594242,1.04113008887511,0.805485729787015
"zma-miR166c_st",0.748974721361005,0.836358757953178,0.779607409586625,0.836358757953178,1.30128564999704,0.722049458843964,1.24538130226911,1.2145902736085,0.836358757953178
"zma-miR166d-star_st",0.950668057062392,0.938104498117637,1.07120986144305,0.924872788333083,1.28131703770146,0.950668057062392,1.04754504639238,0.845191172026602,0.950668057062392
"zma-miR166d_st",0.977375339764336,0.741730980676244,0.977375339764336,1.14124185992386,1.74224086897875,1.18366076331204,0.895947226810527,0.700783196658521,1.11644729621357
"zma-miR166e_st",0.944438943551453,1.57329153075292,1.26819185659998,1.31280666526658,1.04604339317299,1.05701634675296,1.14870846207455,1.14870846207455,0.953664340873852
"zma-miR166f_st",1.10866556343929,1.07200311704127,1.07200311704127,1.07200311704127,1.07200311704127,0.836358757953178,0.963867721385516,1.27476628997396,1.29529952037323
"zma-miR166g-star_st",0.857891945238911,0.901610207725119,1.10425962366869,0.805485729787015,0.836358757953178,0.857891945238911,0.776951671554434,0.786981036581213,1.07200311704127
"zma-miR166g_st",0.977375339764336,1.02006262312378,1.17806012950068,0.594778457108869,1.01275388027694,0.9740193570452,1.10055964421233,1.18941564241373,1.02006262312378
"zma-miR166h-star_st",1.42044512947225,1.29844100813384,0.986076688383617,1.60978354436879,1.29844100813384,1.29844100813384,1.5198348797663,1.29844100813384,1.29602543705933
"zma-miR166h_st",1.29486186825905,1.05606871505719,0.759638797291049,1.27377894069786,1.47072514886023,1.55567551242905,1.31974486334694,0.998215085595536,1.62250637817448
"zma-miR166i-star_st",1.99420795528471,1.10443637992758,0.836358757953178,1.30677987989919,1.10443637992758,1.10443637992758,1.10443637992758,0.925100622588144,1.2399587624381
"zma-miR166i_st",1.40141971418239,0.890419911415311,0.783389628418875,1.07147939186173,0.87343898684957,0.782730885791442,0.869239944108582,1.26708085231456,1.23775197199269
"zma-miR166j-star_st",1.22702913211272,1.2006717430963,0.605743028644641,0.913072924553037,1.03143649322647,0.841011701545936,1.05999302039753,1.03143649322647,1.03143649322647
"zma-miR166j_st",0.882747562487403,0.910525596790406,1.13488088604393,0.859832743556382,1.05880345271815,0.836358757953178,0.977375339764336,1.2145902736085,0.588305674980834
"zma-miR166k-star_st",2.51899806927862,1.40332115903987,1.07188936005216,1.40332115903987,1.40253834069122,0.950668057062392,1.5623400173219,1.17929883902182,1.5319897850949
"zma-miR166k_st",0.756308287437156,0.950668057062392,1.15998197772258,1.39764231087716,1.68403392324832,1.21823167778544,0.997908570163612,0.791737864574159,1.07933668311742
"zma-miR166l-star_st",0.748974721361005,0.950668057062392,1.05243171444115,0.913072924553037,0.950668057062392,0.977375339764336,1.19789175233078,1.31192238172695,1.07267217840081
"zma-miR166l_st",0.960139357422979,1.05701634675296,1.14979245857644,1.04877132821742,1.05701634675296,1.05701634675296,1.05701634675296,1.11219732606709,0.775751281841143
"zma-miR166m-star_st",1.29181934382132,1.2006717430963,1.2145902736085,1.4754039177785,1.25668414624545,1.2145902736085,1.2145902736085,1.2145902736085,1.12846337628571
"zma-miR166m_st",1.52693670156602,0.950668057062392,1.35160614763246,1.56338845852099,1.15695348061009,1.15695348061009,1.28470363437442,1.15695348061009,1.15695348061009
"zma-miR166n-star_st",0.748974721361005,1.07356309767808,1.03143649322647,1.36364002072362,1.07356309767808,0.871843892941169,0.899887660416074,0.978571924692479,0.93633459498104
"zma-miR166n_st",1.10126112877689,1.24546330177466,1.07551831715926,1.2145902736085,1.73626851401891,1.29131023427063,1.20392619767845,1.2145902736085,1.2145902736085
"zma-miR167a-star_st",1.24968214525045,0.977375339764336,1.21301969885243,1.0540895063642,1.18366076331204,0.728669732329309,0.7873262342706,0.977375339764336,0.71764346213825
"zma-miR167a_st",0.945579052346792,0.99961360942575,0.950668057062392,1.30421972240774,1.44173022247502,1.01436632404286,1.02817013659681,1.07200311704127,1.07200311704127
"zma-miR167b-star_st",0.919999591136625,0.886365641851092,0.799743779721429,0.772302693470284,0.690142632903896,1.09265106539879,1.11141839785644,0.913072924553037,1.01200577079363
"zma-miR167b_st",1.07200311704127,1.07200311704127,1.07200311704127,1.14870846207455,0.999900251808364,0.930986535230111,1.07200311704127,1.30921805088543,1.07200311704127
"zma-miR167c-star_st",0.992467223578572,0.845167395121386,0.658212672739809,0.658212672739809,0.950668057062392,0.942926626975451,1.11788810508563,1.15343122999508,0.950668057062392
"zma-miR167c_st",1.07200311704127,1.1562065133978,1.07200311704127,0.779547732718687,0.981901607084461,1.36665871264185,1.07200311704127,1.27476628997396,0.965654827350699
"zma-miR167d-star_st",1.13537284614124,1.10070179361092,0.763118445118194,0.929678255326429,0.944494153608932,0.950532182032445,0.977375339764336,1.09871039974321,0.977375339764336
"zma-miR167d_st",1.15695348061009,1.2006717430963,1.15695348061009,1.79027357140273,1.08485061537719,1.24433751720227,1.15695348061009,0.957411422378545,1.2006717430963
"zma-miR167e-star_st",1.5310369597944,1.28131703770146,1.2321326061284,1.35802238273474,1.25460975499952,1.28131703770146,1.35969060137833,1.37594481497839,0.950668057062392
"zma-miR167e_st",0.789435825980948,0.679418499828531,0.618868566208295,0.666763567921655,1.30707947839682,1.20014252027447,1.00475690986773,0.910907042855793,0.879537335937756
"zma-miR167f-star_st",1.18013851269702,0.777798758696528,0.752195836062145,1.09484088496602,1.10959824955062,1.07200311704127,1.07200311704127,1.07200311704127,0.962401970223737
"zma-miR167f_st",0.953835302279608,0.811637234022223,0.935012225414549,0.909432371888056,0.935012225414549,1.05701634675296,1.18223592068294,0.868285461321588,0.766794466139254
"zma-miR167g-star_st",1.14186472687903,1.07152166818578,1.14186472687903,1.49702478054467,1.23874171620901,1.40332115903987,1.23874171620901,1.3714619302105,1.23874171620901
"zma-miR167g_st",0.604796646993943,1.1623395366427,0.999762576609301,0.711941712853142,0.94220462586664,0.728669732329309,0.752155520372903,0.836358757953178,0.662847824038212
"zma-miR167h-star_st",1.34735856072026,0.977375339764336,0.895132622770858,0.710857952510081,1.09871039974321,0.977375339764336,0.977375339764336,0.974844759929988,1.05880345271815
"zma-miR167h_st",0.945925753442708,0.973119970640343,1.26573303442183,1.16554301797093,0.896405804040483,1.15695348061009,0.945925753442708,0.973119970640343,0.576626880327091
"zma-miR167i-star_st",0.857891945238911,1.07508510216243,0.885035996668691,0.950668057062392,1.13024619790815,1.03030906405102,0.869239944108582,1.04529583433933,0.950668057062392
"zma-miR167i_st",1.15695348061009,1.38097580062815,1.31766702682044,1.15695348061009,1.27449607681805,1.15695348061009,1.23532704428696,1.06034855852527,1.07618504444601
"zma-miR167j-star_st",1.07200311704127,0.948818812593272,0.900669994731056,1.07200311704127,1.07200311704127,1.42621035522787,0.977375339764336,1.07200311704127,1.2006717430963
"zma-miR167j_st",1.06197375201449,1.03453266576335,0.934585070226417,1.06197375201449,1.0864432015776,0.859619877648717,1.16463882091605,1.07200311704127,1.23120900188432
"zma-miR168a-star_st",0.879376403853319,1.29602543705933,0.857660987559994,1.40079057920553,1.01913917791671,1.13344847702593,1.26070762367891,1.75021487562972,1.07200311704127
"zma-miR168a_st",1.16486205942363,0.931143222276913,1.13722209061036,0.83404225695808,0.994211354521763,0.916156451988606,1.10055964421233,1.10055964421233,1.4004914493681
"zma-miR168b-star_st",0.879299323604827,1.03768131520333,1.10222961525397,1.26442616437186,1.10222961525397,1.10222961525397,0.943053537926394,1.77394368551631,1.30499278818666
"zma-miR168b_st",1.10866556343929,0.642823014493089,1.7040984139002,0.96006148296895,1.10866556343929,1.41883705805065,1.12451409249713,0.937027372837831,1.34610422296772
"zma-miR169a-star_st",1.07200311704127,0.90748205483069,1.07200311704127,1.03143649322647,1.07200311704127,1.0172832209517,0.805239844947674,1.07200311704127,1.17530270608835
"zma-miR169a_st",1.56225135152811,1.07200311704127,1.15264841164643,1.13575753831683,0.881954011547533,0.821999431007361,1.07200311704127,0.968703337236441,1.07200311704127
"zma-miR169b-star_st",0.913072924553037,0.913072924553037,1.2361013202333,0.913072924553037,1.02525997739171,0.782966769400328,0.913072924553037,0.913072924553037,0.826946027230245
"zma-miR169b_st",0.943742260928619,0.913860837487601,0.869239944108582,0.792010873895761,1.02817013659681,1.15706017713276,0.64083932570525,1.07200311704127,0.869239944108582
"zma-miR169c-star_st",1.01549210861526,1.07200311704127,1.04990701567313,1.26442616437186,1.16860803912609,1.20998652725444,1.23224049813904,1.09373999611758,1.0261561845453
"zma-miR169c_st",0.857891945238911,0.950668057062392,0.950668057062392,0.950668057062392,1.15695348061009,0.950668057062392,0.872938825706428,0.999852488635455,0.798625205060174
"zma-miR169d_st",0.87003784746617,1.10073460923917,1.05701634675296,0.705548595929886,1.05701634675296,1.05701634675296,0.966914836796154,1.16460354151899,1.05701634675296
"zma-miR169e_st",1.07272903372736,1.39130348591075,1.85329435962035,1.10990098971652,0.95072491238895,1.30618657095553,1.21880253436336,1.21880253436336,1.29602543705933
"zma-miR169f-star_st",0.984401100634001,1.30305119792899,0.706668779993021,0.798763625443823,0.957693817932056,0.836358757953178,0.957693817932056,0.920098685422702,1.07717721245748
"zma-miR169f_st",0.748974721361005,0.957693817932056,1.07200311704127,1.14870846207455,1.07200311704127,1.40265209768034,0.951737894293692,1.5221256391844,1.07200311704127
"zma-miR169g_st",0.837513117641172,1.42500167473262,1.15695348061009,0.960697422089171,0.950668057062392,0.839050362282293,0.759004086387784,1.34356651128179,0.855932279942973
"zma-miR169h_st",0.710063866781008,0.836358757953178,0.869239944108582,0.869239944108582,1.01442227138396,0.869239944108582,0.869239944108582,0.869239944108582,1.13575733136284
"zma-miR169i-star_st",1.06957990569772,0.880716391508465,1.35627993302333,0.913072924553037,0.94186410494319,1.05701634675296,1.23922316506451,1.05701634675296,0.924695649338382
"zma-miR169i_st",1.10866556343929,0.676980373017809,0.91467985209383,1.25258319531135,0.608620021571506,0.967648981628133,1.00053016778354,0.837141673270445,0.809651475251233
"zma-miR169j-star_st",0.857891945238911,1.81015852996912,1.07015145158782,0.804717824676622,0.950668057062392,0.929134869776658,1.08349683875472,0.950668057062392,0.870955919903263
"zma-miR169j_st",0.977375339764336,1.2006717430963,0.836358757953178,0.805485729787015,0.977375339764336,1.05701634675296,0.869239944108582,0.977375339764336,1.01497047227369
"zma-miR169k-star_st",0.751125998830844,1.21039993468848,1.28173374436729,1.35320124107946,0.646309652459441,0.908733134414643,0.950668057062392,0.858032353187607,1.07200311704127
"zma-miR169k_st",0.765115833415431,0.937964090168941,1.31021849119198,0.857891945238911,1.03747008608467,0.671274781660192,0.857891945238911,0.857891945238911,0.662847824038212
"zma-miR169l-star_st",1.37051338873946,1.32065127801832,1.04523745371904,0.988851787164219,1.23922316506451,1.23922316506451,1.23922316506451,1.02632223844214,1.29602543705933
"zma-miR169l_st",0.851858352380714,0.947404601948352,1.02540290036827,1.2752735918219,1.03143649322647,1.54336106681767,0.754491087039475,1.07200311704127,1.03143649322647
"zma-miR169m-star_st",1.05543227168097,0.829836160709131,1.07200311704127,1.24240408772731,0.966557916289935,1.04732635245401,1.04732635245401,1.00917662033462,0.950668057062392
"zma-miR169m_st",0.977375339764336,0.863066040655122,0.691370034358468,0.977375339764336,1.06232570333316,0.977375339764336,0.818199262436762,1.16052912014636,0.977375339764336
"zma-miR169n-star_st",0.913072924553037,1.29602543705933,0.913072924553037,0.913072924553037,0.780352710551547,0.862712790421415,1.34440386842545,0.913072924553037,0.739561990638072
"zma-miR169n_st",0.759638797291049,0.982935200623013,0.759638797291049,0.759638797291049,0.738105610005315,0.67887036112697,0.796671805798912,0.662761807961065,0.973749969093407
"zma-miR169o-star_st",0.857891945238911,1.31522537167983,1.30800451993217,1.16914089167105,1.05943955809652,0.841949366351633,1.10055964421233,1.7704697415542,0.899655276007356
"zma-miR169o_st",0.71061206767074,0.816607646426196,0.977375339764336,0.977375339764336,1.13630553225257,1.11859082691983,1.04167775497564,0.859011771090904,0.945276272481226
"zma-miR169p-star_st",1.05787400276695,1.23922316506451,1.2689213472742,1.2134278963352,1.23922316506451,1.21251588236256,1.23922316506451,1.33385094234144,0.993723203917063
"zma-miR169p_st",0.857891945238911,0.950668057062392,1.41307121922807,0.950668057062392,1.75950689101206,0.810097845283118,0.950668057062392,1.2145902736085,0.950668057062392
"zma-miR169q-star_st",1.14051217913338,1.23251639244926,0.950668057062392,0.919795028896229,0.947236115147374,0.842979031438523,1.10055964421233,0.950668057062392,0.81506529883154
"zma-miR169q_st",0.748974721361005,0.970973046094088,0.970973046094088,1.42751066202267,0.944265763392143,0.950668057062392,0.970973046094088,1.04768721269395,0.970973046094088
"zma-miR169r-star_st",1.10866556343929,1.42267006782938,1.40332115903987,0.840866890941378,1.07200311704127,0.950668057062392,0.869239944108582,1.19500596584398,1.2006717430963
"zma-miR169r_st",1.23922316506451,0.763465801178414,1.14169731683373,1.25896928568182,1.14169731683373,1.28777081746973,0.977599113641702,1.10410218432438,0.950668057062392
"zma-miR171a-star_st",0.836358757953178,0.836358757953178,1.00045675192855,0.876401656588437,0.694819989641433,0.585573692576781,0.836358757953178,0.913072924553037,0.869239944108582
"zma-miR171a_st",0.772941581670089,1.11572137952748,1.07200311704127,1.01959690158937,1.37106465241245,1.5339169861695,1.01560928064351,1.30848232997099,1.15343122999508
"zma-miR171b-star_st",0.780352710551547,0.880191738397633,0.913072924553037,0.913072924553037,0.994501037506847,0.994501037506847,1.06967027845689,0.956905904997492,0.647060219290691
"zma-miR171b_st",0.848922316897933,0.836358757953178,1.85837619476193,0.718675936309056,0.91494713053909,1.29140140687992,1.03628219051797,1.69300949049201,0.814009864245325
"zma-miR171c-star_st",1.10866556343929,1.1941323664351,1.27490080259918,0.9282096184002,1.07200311704127,1.07200311704127,0.977375339764336,0.995297772007989,1.07200311704127
"zma-miR171c_st",1.10789563127282,1.2006717430963,1.28131703770146,1.2006717430963,0.986414848450158,0.950668057062392,1.29118644608626,1.34325889966353,1.2006717430963
"zma-miR171d-star_st",1.07200311704127,1.13912931068105,1.27369645274266,0.941896961888561,1.15938715363344,0.857720353359608,0.907904913849237,1.07200311704127,1.16400929669828
"zma-miR171d_st",1.07200311704127,1.06027338851291,1.56571731943482,1.31288202876813,1.02828485455506,1.07200311704127,1.33183589546926,1.1271840963554,1.07200311704127
"zma-miR171e-star_st",0.946405973849634,0.836358757953178,0.977375339764336,0.961785174944816,1.27203093536492,1.25034767178676,1.415523120309,0.882103558638335,0.952286616688274
"zma-miR171e_st",1.43050989059731,1.07200311704127,1.26655462742763,1.05772599022721,1.15695348061009,1.07857991693323,1.15695348061009,1.1999149769121,1.07200311704127
"zma-miR171f-star_st",1.23428924734558,1.71915651143175,1.25388455298224,1.15706017713276,1.2306235155108,1.11351687967339,1.10055964421233,1.00845609666242,0.950668057062392
"zma-miR171f_st",1.26866383917649,1.03260847335534,0.900158681657372,1.13737361550153,0.873451398955427,1.28131703770146,1.28726520265148,1.13737361550153,1.02923821984578
"zma-miR171g-star_st",1.05590594278958,1.27684082588325,0.97244731172108,1.03143649322647,1.3598476407267,1.39252487125906,1.05590594278958,0.882237234073429,0.947770547133824
"zma-miR171g_st",1.14316003830565,1.10360238972874,1.29602543705933,1.29602543705933,1.29602543705933,1.40332115903987,1.20139765978239,1.70989137859058,1.29602543705933
"zma-miR171h-star_st",0.913143823988293,0.81489067604043,0.674120444957677,0.891706673498136,0.729989063312358,0.693555616061552,1.03262721851372,1.14367813820469,0.662847824038212
"zma-miR171h_st",1.17929883902182,1.07200311704127,0.990575004087461,1.07200311704127,1.07200311704127,1.44024723018969,1.13566828136027,0.847980797023213,0.990575004087461
"zma-miR171i-star_st",0.719307399095399,1.06303576591394,0.873404712226787,1.03143649322647,1.00623349391912,1.22689108271891,1.00623349391912,1.13490145769465,1.00623349391912
"zma-miR171i_st",0.856040279785458,0.950668057062392,0.950668057062392,0.833125460854437,1.281986099061,1.03561842063121,0.979224584233456,1.48574094277435,0.789292480409982
"zma-miR171j-star_st",1.03873567773956,0.850004792308187,0.82537190085218,1.03620509790521,0.850004792308187,0.728669732329309,0.839340716378143,0.850004792308187,0.850004792308187
"zma-miR171j_st",1.34705393537796,1.05700588507316,1.15306822403249,0.988547161821915,1.15695348061009,1.09834832794293,0.886860636774381,1.27004352205343,1.2421880958914
"zma-miR171k-star_st",0.646309652459441,0.833288151746234,0.378426015182988,0.914295587218915,0.929893073831053,1.54939465967587,0.719872990837478,0.996845075710335,0.833288151746234
"zma-miR171k_st",0.992855486634724,0.954304064666519,1.15695348061009,1.03143649322647,1.15695348061009,1.15695348061009,1.28217305454007,1.09962458911785,1.39259783969818
"zma-miR171l-star_st",1.30670596845145,1.27004352205343,1.1048754816301,1.14870846207455,1.14870846207455,1.14870846207455,0.947015126373164,1.14870846207455,0.94242303852685
"zma-miR171l_st",0.825448483132415,0.950668057062392,0.958409487149333,1.0274840545201,0.950668057062392,0.950668057062392,0.950668057062392,1.2145902736085,0.841066910244858
"zma-miR171m-star_st",0.70929771778993,0.896276217076723,1.19636667413264,1.26046311099544,1.17581637576045,1.28131703770146,1.02910499876906,1.07293797921351,0.94670500368598
"zma-miR171m_st",1.10866556343929,1.05672832089637,0.836352963890908,0.882199896386875,0.813125329016109,0.913072924553037,0.626146829729316,0.913072924553037,0.928059694841344
"zma-miR171n-star_st",1.10866556343929,1.00136984145874,1.0167402668896,0.919934678007916,0.743272915871128,0.625730319663174,0.640466160041947,0.919934678007916,0.843229332974635
"zma-miR171n_st",1.11717915257266,0.995698369749997,1.20995526439614,1.16238887138173,1.20995526439614,1.08557287392403,1.10055964421233,1.34949509047014,0.869239944108582
"zma-miR172a_st",1.20234645700085,0.950668057062392,1.07200311704127,0.826251011962355,1.03806242424235,0.649001256788556,1.09168463887355,1.2145902736085,0.950668057062392
"zma-miR172b-star_st",0.948923640885635,0.819223031670135,0.759638797291049,0.878821051697256,1.03630767747781,0.928618651853939,0.928618651853939,1.19538192394754,0.782545151217946
"zma-miR172b_st",1.15004405156764,1.1469092571423,1.10866556343929,0.949735370951059,0.820755690510268,1.09367879315098,1.34395202211225,1.43745302560355,1.00169865197281
"zma-miR172c-star_st",1.15427280149568,1.11510653557061,1.07200311704127,1.03143649322647,1.07200311704127,0.836358757953178,1.07200311704127,0.779029866460931,1.22060719751161
"zma-miR172c_st",1.13711127853332,0.950668057062392,1.35160614763246,0.805485729787015,0.549432663129457,0.534691957679342,1.52854073296985,0.869766046046606,0.606165968457029
"zma-miR172d-star_st",1.3414379334174,1.08846512656896,1.21113738462825,1.59626422539528,1.40332115903987,1.52604519047178,1.49992608112469,1.48611109246207,1.18064650127763
"zma-miR172d_st",0.857891945238911,1.08118834857088,1.15034732956149,0.910132475294247,0.891265965041795,1.25029492509842,1.33418857578646,1.34959210055542,0.950668057062392
"zma-miR172e_st",1.07200311704127,1.27310733978956,1.05284690118407,1.10697419854929,1.07200311704127,1.27112751855532,0.907904913849237,1.13750211718071,0.741354136402201
"zma-miR2118a_st",1.13544264320195,0.825635438611488,1.29954063717732,1.15695348061009,0.997777403282518,1.62505035793832,1.15695348061009,1.2145902736085,1.15695348061009
"zma-miR2118b_st",1.88973821693882,1.34624674822447,1.57329153075292,1.40079057920553,1.9808715171436,1.64001829484588,1.19455312288392,1.57329153075292,1.50394632698166
"zma-miR2118c_st",1.09126793220772,1.18136944216453,1.43774146100225,1.26442616437186,1.28131703770146,1.28131703770146,0.979676106463145,1.35803120430132,1.41683942021198
"zma-miR2118d_st",2.31634865333505,1.96996907966718,2.50694659907592,2.31634865333505,1.81169791056961,2.33743158089624,2.91362963655151,2.6238060865583,2.31634865333505
"zma-miR2118e_st",1.07200311704127,1.28949330878615,0.64406044040639,1.07200311704127,1.07200311704127,1.1516441240299,1.07200311704127,1.01467422554902,1.1666308943182
"zma-miR2118f_st",2.7293848666652,2.47794828689076,2.439166235033,2.62368014932229,2.53577115711782,2.32627054909965,2.25160340288308,4.14280855429198,2.83415593213236
"zma-miR2118g_st",1.5772026319711,1.06382684595658,1.63642447788659,0.968595674148431,0.873588265473683,1.28131703770146,1.42233361951262,1.33445556244986,1.17402131572091
"zma-miR2275a-3p_st",1.00256721396243,1.65380629392928,1.40332115903987,1.07200311704127,0.836358757953178,1.26073400247265,1.35969060137833,1.07200311704127,0.844569707585532
"zma-miR2275a-5p_st",1.64331725079542,1.24328112084388,1.04929540949842,1.07600269220037,1.0069281248296,1.04856160594922,1.07600269220037,1.34252007945462,0.869239944108582
"zma-miR2275b-3p_st",0.977375339764336,0.808917671702032,0.979905919598685,0.979721494696389,0.836358757953178,1.07247531253549,0.977375339764336,0.977375339764336,1.09764056251191
"zma-miR2275b-5p_st",1.23922316506451,1.44389399773486,1.31703796005371,1.93107391698692,0.950668057062392,0.986388979414638,1.2006717430963,1.013185023437,1.2006717430963
"zma-miR2275c-3p_st",1.10866556343929,1.1523838259255,1.24092240722683,1.14870846207455,1.10866556343929,0.788070840782377,1.23922316506451,1.07107043092994,1.02723745048548
"zma-miR2275c-5p_st",0.977375339764336,1.13847224771993,1.24185509333816,1.18421268074093,1.07200311704127,0.836358757953178,1.10055964421233,1.07200311704127,0.807112086723945
"zma-miR2275d-3p_st",0.813633549388614,1.35796791900456,1.2145902736085,1.03143649322647,0.973076322158272,1.10055964421233,1.24157622602349,1.04323075272009,1.10055964421233
"zma-miR2275d-5p_st",1.24185509333816,1.28242793203315,1.24185509333816,1.64438827735523,1.10902631164583,1.24185509333816,0.95253752543282,1.2145902736085,1.24185509333816
"zma-miR319a-star_st",1.05701634675296,1.05701634675296,1.05701634675296,0.861423707866709,1.07200311704127,1.08259620027946,0.869239944108582,0.858670873449558,1.29266070584106
"zma-miR319a_st",1.25407058208862,0.618868566208295,1.12484836917902,1.12666766503462,1.12484836917902,1.16431031354231,1.12484836917902,1.12484836917902,1.51728954824479
"zma-miR319b-star_st",0.977375339764336,1.18013851269702,0.81009691112082,1.14870846207455,1.18333272991439,0.977375339764336,1.26593044776645,0.913072924553037,0.684762275982845
"zma-miR319b_st",1.23922316506451,1.58874810517423,1.10866556343929,1.19080233471151,1.19904735324705,1.89072546893347,1.52854073296985,1.36922602990594,1.6933603137256
"zma-miR319c-star_st",0.703061000825994,0.811603061948881,0.950668057062392,0.988264824085669,0.73641116241625,0.950668057062392,1.17206192869485,0.950668057062392,0.965376456420258
"zma-miR319c_st",1.20568598833453,1.50876209710705,0.869239944108582,1.13538358470529,1.44956654439158,1.12897182173467,1.80450192951595,1.42776007776898,1.67350883005538
"zma-miR319d-star_st",1.10866556343929,1.33196196677126,0.814009967838709,1.26442616437186,1.95177776245611,1.10866556343929,1.64425843526716,0.919934678007916,0.950668057062392
"zma-miR319d_st",0.93928290303978,1.12880538903609,0.598664857875429,1.23357053118229,2.47681367170658,1.07200311704127,0.842405913709796,0.913072924553037,1.16221319468892
"zma-miR390a-star_st",1.28901185993066,0.950668057062392,0.836358757953178,0.917127194117256,1.21128691313922,0.836358757953178,0.754930644999368,0.85574982712306,0.957693817932056
"zma-miR390a_st",0.922258156082643,1.23720734345506,0.949735370951059,1.04174155060807,1.22249894409719,1.04174155060807,1.04174155060807,0.913072924553037,0.754028014106557
"zma-miR390b-star_st",0.977375339764336,0.744382633514691,0.950668057062392,0.913635048554529,1.04529583433933,0.836358757953178,1.10055964421233,1.18788299090655,0.950668057062392
"zma-miR390b_st",1.30878439954852,1.50090267808949,1.89808343630525,1.38389970587592,1.40079057920553,1.40332115903987,1.30616280192859,1.40079057920553,1.40079057920553
"zma-miR393a-star_st",0.749965387063898,1.14366306274167,1.32486033516083,1.10055964421233,1.10055964421233,1.10055964421233,1.10055964421233,0.848153017446796,1.13215891689981
"zma-miR393a_st",0.869239944108582,0.869239944108582,0.950668057062392,1.18299805141805,0.847706756822849,0.630216565077966,0.869239944108582,1.2145902736085,0.78428958053976
"zma-miR393b-star_st",1.04167775497564,1.20383133280574,1.06475937635651,0.876191723601369,0.900661173164477,0.962634634314222,0.977375339764336,1.13494926661987,0.727150239249512
"zma-miR393b_st",1.40332115903987,0.900509156391618,0.957342339461924,1.03143649322647,1.15695348061009,0.978364377693898,1.06846950173433,0.975833797859549,1.07913357766438
"zma-miR393c-star_st",0.748974721361005,0.950668057062392,0.950668057062392,0.950668057062392,0.950668057062392,0.92677118598534,1.64285003207906,1.02738222366225,0.6734019633688
"zma-miR393c_st",0.857891945238911,1.2006717430963,0.977375339764336,1.14870846207455,0.831038939693183,1.25903048996226,1.19518742148927,0.538583555370601,1.11572137952748
"zma-miR394a-star_st",1.44389399773486,1.44389399773486,1.12328881339815,1.86730923717605,1.45888076802317,1.58088488936158,1.33575860207911,1.37959158252356,1.2006717430963
"zma-miR394a_st",1.27422544945817,1.33102772145299,1.2576872778794,1.13217029049578,1.15695348061009,1.27422544945817,1.27422544945817,1.82596789902846,1.65012845694518
"zma-miR394b-star_st",0.830439411811749,0.950668057062392,1.10866556343929,1.10866556343929,1.12951949014531,1.05701634675296,1.02723745048548,1.40079057920553,1.10866556343929
"zma-miR394b_st",1.01182919269468,1.00720704962985,1.28131703770146,1.37152003477297,2.08334201011484,1.65341660650417,1.76846005689271,1.18531972917594,1.37152003477297
"zma-miR395a-star_st",1.00136984145874,1.29602543705933,1.29602543705933,1.29602543705933,1.57539142895618,0.993258676162166,1.84282856666722,1.17612425777812,1.29602543705933
"zma-miR395a_st",1.10866556343929,1.07200311704127,0.869239944108582,1.40079057920553,0.950668057062392,0.850004792308187,1.35969060137833,1.07200311704127,1.07200311704127
"zma-miR395b-star_st",1.05670228241754,0.816908971220455,1.18312336913242,1.14870846207455,0.85368313126433,1.4479453986952,1.1754157447765,1.1111133295652,1.39507614050433
"zma-miR395b_st",0.997109098747229,0.943694533343339,0.970401816045284,1.16282486337587,0.937520629889879,0.829385234234125,1.11141839785644,0.913072924553037,0.970401816045284
"zma-miR395c-star_st",1.12181416178502,1.30427045559487,1.2145902736085,1.15695348061009,1.56941049848972,0.892752594350935,0.993086960450571,0.671557182699168,1.20891676163184
"zma-miR395c_st",0.67945626075193,1.14358726281634,0.978197581307573,0.878998318983478,0.788896809026669,0.938944922296678,0.878998318983478,1.2145902736085,0.792871421660686
"zma-miR395d-star_st",1.11604389746947,1.06364110777276,0.876345268817154,1.05174148225817,0.699328122629634,0.950668057062392,1.25165975122809,0.843222892329762,0.970973046094088
"zma-miR395d_st",1.23922316506451,1.27739170375843,1.53547612916367,1.2006717430963,0.854240067151104,0.936749526550193,1.2006717430963,1.2006717430963,1.2006717430963
"zma-miR395e-star_st",1.06232570333316,1.4250872640332,1.30482204128563,1.40079057920553,0.960337995719244,1.14224508125223,0.730167987659348,1.40079057920553,0.741489790344257
"zma-miR395e_st",0.993615165398451,1.02218608053547,1.02218608053547,1.02218608053547,1.02218608053547,1.46714436028375,1.10055964421233,0.629603353689929,0.923932393266101
"zma-miR395f-star_st",0.977375339764336,0.948818812593272,0.603334163029036,0.977375339764336,0.800713577627549,0.994266213093941,0.977375339764336,1.07200311704127,1.01025652591974
"zma-miR395f_st",0.977375339764336,1.29602543705933,0.944494153608932,0.977375339764336,1.02566325693514,0.763092576082674,0.977375339764336,1.07200311704127,0.900655379102208
"zma-miR395g-star_st",0.97922700521779,0.644972454379027,1.09871039974321,1.03440798453192,1.07200311704127,0.988068124425783,0.761392557461976,0.90311776085696,0.784182884017091
"zma-miR395g_st",1.09309304206164,1.27999868574951,0.900768112690012,1.26442616437186,1.37578773290488,1.30980604104683,1.60103500802762,1.37230692132708,1.13779850440689
"zma-miR395h-star_st",1.10055964421233,1.07200311704127,1.34350022840551,0.87460888077288,1.14884756138314,1.15695348061009,1.12726692691428,1.10055964421233,1.01913153125853
"zma-miR395h_st",1.11370617768088,1.07200311704127,1.03143649322647,1.32982270922668,0.993841360717116,0.817683013972878,0.914287936057698,0.787555937169415,1.03755962320332
"zma-miR395i-star_st",0.913072924553037,1.10043279817307,1.10043279817307,0.724438110009692,0.979097738194194,0.86478843908498,0.748974721361005,1.14871728364113,1.07200311704127
"zma-miR395i_st",1.07838385781692,0.950668057062392,1.1523872617993,0.919795028896229,0.950668057062392,0.950668057062392,1.34259790654841,0.761937171631016,1.18631241615048
"zma-miR395j-star_st",1.1168410898692,0.950668057062392,1.22497648552496,1.19355525646906,1.16047164753075,0.989125289114674,0.748974721361005,1.16067407031366,1.1168410898692
"zma-miR395j_st",1.39494275361985,0.934328642223727,1.52602948396754,1.03143649322647,0.703280561336006,1.04863794133294,1.45766048564888,1.04863794133294,0.967869505168863
"zma-miR395k-star_st",0.93912595502491,1.07200311704127,1.1485141129555,0.805485729787015,1.02650999161708,1.02650999161708,1.54984183504223,0.817196070956892,1.40332115903987
"zma-miR395k_st",0.967334184913925,1.0601102967374,0.807172884661289,0.711941712853142,0.889738287389832,1.13897237551538,0.872706407636991,0.967334184913925,1.13897237551538
"zma-miR395l-star_st",1.2145902736085,1.2145902736085,1.70781621428097,1.2145902736085,1.62666736720138,1.62666736720138,1.07592675275633,1.2145902736085,0.776878453434376
"zma-miR395l_st",1.39209398036793,0.744134127167719,1.02976143116007,1.07200311704127,1.07200311704127,0.987826508512317,1.07200311704127,1.14959901456536,1.15343122999508
"zma-miR395m-star_st",1.33284484037512,0.913072924553037,0.822971414596228,0.982147491923803,1.06167700502338,0.862712790421415,1.23460270230444,0.913072924553037,0.814506051596735
"zma-miR395m_st",1.00277069343142,0.814373274890289,0.759638797291049,1.05837338879834,0.720461694036919,0.90969754678657,1.26680715554685,1.50541925418677,1.07944607827017
"zma-miR395n-star_st",0.883254468527409,1.07061434214744,1.05590594278958,1.03143649322647,1.75546042223172,1.01236264533021,1.05590594278958,0.86841922313028,1.40332115903987
"zma-miR395n_st",0.994444430886408,1.15695348061009,1.35160614763246,1.26171862275629,1.13341529285335,1.15695348061009,1.09132142021639,1.15695348061009,1.24716355825774
"zma-miR395o-star_st",1.44608659622558,1.07200311704127,1.07200311704127,0.964415922275248,1.02938441299659,1.2159465392412,0.981449507808241,1.08592164755347,0.869239944108582
"zma-miR395o_st",1.10142182275453,0.847269184611627,1.14540467096167,1.14146472138979,1.54215091899111,1.06475937635651,0.977375339764336,0.998032612263548,0.988039415694381
"zma-miR395p-star_st",1.48658917758845,1.15695348061009,1.44814051688587,1.11385006208076,1.15695348061009,1.16627485598076,1.30684506776004,1.15695348061009,1.14303495009789
"zma-miR395p_st",0.857891945238911,1.0271035539492,1.0271035539492,0.913072924553037,0.843998357182272,1.06167700502338,0.869239944108582,0.913072924553037,0.945954110708442
"zma-miR396a-star_st",1.03143649322647,1.03143649322647,0.783389628418875,1.03143649322647,0.949076413356602,1.03143649322647,1.1904553515085,1.37521072567903,1.03143649322647
"zma-miR396a_st",1.12026481005646,1.2006717430963,1.61301885366061,0.951117265011286,1.07663425239491,1.22057767459483,0.932864138093324,0.897397183195057,0.823262991275791
"zma-miR396b-star_st",0.940003981132347,0.988993130225701,0.950668057062392,0.809897825979638,1.14169731683373,0.950668057062392,1.06026920387993,0.878337342219303,0.869899620898313
"zma-miR396b_st",1.15249854388375,0.880191738397633,0.712913309754116,0.600351561000008,1.23366764720995,0.913072924553037,0.913072924553037,0.779029866460931,0.869239944108582
"zma-miR396c_st",1.23407014750835,0.639819436822867,0.899571670841594,1.06685009948511,0.986081663321032,1.19539558398122,0.837252896153636,1.06685009948511,0.950668057062392
"zma-miR396d_st",0.977375339764336,1.61669900197199,0.803643907979466,1.2145902736085,1.25668414624545,1.2145902736085,1.03501213276274,1.2145902736085,1.39267668195393
"zma-miR396e-star_st",0.974700737897665,1.71521035411646,1.01072550135459,0.949934253513191,1.06747684972115,1.40332115903987,0.977375339764336,1.33139906626725,1.22640704220938
"zma-miR396e_st",1.10744314481286,0.836358757953178,1.38494741414206,1.03143649322647,0.836358757953178,1.00046742826473,1.26430143458806,1.46414147318245,1.03143649322647
"zma-miR396f-star_st",1.06273282867047,2.12258249937177,1.17947580080303,1.26442616437186,0.960067759768905,1.57459765898322,1.26442616437186,1.66511236197317,1.26442616437186
"zma-miR396f_st",0.857891945238912,0.994947303399025,1.07959403863402,1.33608350286154,1.53192482280776,0.939023826854742,0.748974721361005,1.10044796534003,1.07959403863402
"zma-miR396g-star_st",0.977375339764336,1.61706175933744,0.985481258991293,0.960484466434732,0.977375339764336,0.977375339764336,0.938922716240932,0.977375339764336,0.869239944108582
"zma-miR396g_st",1.61932787217015,0.842699392914908,1.2145902736085,1.06940794633312,1.22283529214404,1.29954063717732,1.06044385564163,1.2145902736085,1.55752959507793
"zma-miR396h_st",1.46049270613027,0.772195245064697,1.25420728258257,0.805485729787015,1.00783960415279,1.61852363804824,0.926411491198979,0.913072924553037,0.830298147253685
"zma-miR397a-star_st",0.646309652459441,0.853151206949107,0.973052386230312,1.17317122233954,0.973052386230312,1.51559967844227,0.702775030185791,1.19760054265497,1.08638153106192
"zma-miR397a_st",1.13287487537393,1.48148913024422,0.677041338728303,0.950668057062392,0.950668057062392,0.950668057062392,1.00960557786732,0.950668057062392,0.906835076617937
"zma-miR397b-star_st",1.07200311704127,1.16210462699808,1.16210462699808,1.68248110278217,1.07200311704127,1.29539711825893,1.19066115416914,1.08203248206805,0.959341454065391
"zma-miR397b_st",0.993989273077395,1.07200311704127,1.17929883902182,1.03143649322647,1.07200311704127,1.07200311704127,1.12454687470261,1.28611428884363,1.08335111591094
"zma-miR398a-star_st",0.875369575995545,1.16280710582524,1.16229567081927,1.34951010227729,1.0800404086659,0.821757344330249,0.977375339764336,1.66629746947917,0.971777846053899
"zma-miR398a_st",1.68268715093672,1.31853866914064,1.68268715093672,1.98291808592991,3.15186604290933,1.68268715093672,1.68019092411217,1.43054605080843,1.68268715093672
"zma-miR398b-star_st",7.02571218969607,5.5092866812957,5.76033002241089,6.09721884399144,6.25540433683406,6.17203223495867,6.6481619359621,6.92947673761429,6.45398144652151
"zma-miR398b_st",2.01033166085215,1.44336925976545,1.87234825063898,2.01033166085215,2.22975416463492,1.40332115903987,2.38755455461919,2.16512472754028,2.27107361729264
"zma-miR399a-star_st",0.793943630735648,0.884045140692457,0.907272775567256,0.931023606695083,1.12072766499262,0.728669732329309,0.931023606695083,1.12072766499262,1.07709710733108
"zma-miR399a_st",1.06159978664707,1.2006717430963,1.15695348061009,0.874113066987768,1.06159978664707,1.04661301635876,1.06159978664707,1.3054368852425,0.72067893972578
"zma-miR399b-star_st",1.23922316506451,1.2006717430963,1.15695348061009,1.03143649322647,1.15695348061009,1.47601180863989,1.28898443571891,0.851934537342755,1.3184195463118
"zma-miR399b_st",0.736929028674006,1.02938441299659,1.11627033443235,0.977375339764336,0.977375339764336,0.977375339764336,0.895947226810527,1.07200311704127,0.78495229243375
"zma-miR399c-star_st",1.18014556319404,1.1534382804921,1.10488430319667,1.03143649322647,0.950668057062392,1.15695348061009,0.881954011547533,1.07200311704127,0.929415960474042
"zma-miR399c_st",1.10866556343929,0.618868566208295,0.783389628418875,0.913072924553037,1.16543151157661,0.756493805506772,0.901435242698283,0.900510649283593,0.690671897215676
"zma-miR399d-star_st",0.699845441906264,1.31991029548228,1.22852135833173,0.681779673953817,1.04184107814195,0.706245520852525,1.28056221067425,0.994501037506847,0.950668057062392
"zma-miR399d_st",1.30801446738205,1.40079057920553,1.28131703770146,1.25684758813835,1.96235268965109,1.54686407984152,1.31936246625172,1.5221256391844,1.40079057920553
"zma-miR399e-star_st",0.95783954077584,0.836358757953178,1.23729684852325,0.836358757953178,0.72302961312157,0.853086777429345,0.770726697559477,0.798763625443823,0.787264869138249
"zma-miR399e_st",0.977375339764336,0.950668057062392,0.977375339764336,0.847128959175459,0.860566547105583,0.849659539009808,1.10055964421233,0.995733039645801,0.995733039645801
"zma-miR399f-star_st",0.977375339764336,1.06938151942134,0.893916708695839,1.14870846207455,0.893916708695839,1.41810443600091,0.796026177466778,0.983872805508019,0.90416066834889
"zma-miR399f_st",1.77814854857362,1.64665717066755,1.22096370608572,1.14870846207455,1.44389399773486,1.39785073165628,1.57947047964176,1.44389399773486,1.43439543947832
"zma-miR399g-star_st",1.37300915302305,1.41526372398156,0.870610343407938,1.37300915302305,1.37300915302305,1.28131703770146,1.463523856013,1.29630380798977,1.52032612800782
"zma-miR399g_st",0.576266693528243,0.739133788955873,0.899295089208509,0.899295089208509,1.52496589339227,1.1086090098687,0.869239944108582,0.899295089208509,1.04295048555185
"zma-miR399h-star_st",1.23922316506451,1.07200311704127,0.748849946143978,1.04753366747816,0.885024617754477,0.987826508512317,0.999797545733797,1.17729623473515,1.2277804347378
"zma-miR399h_st",1.03143649322647,1.21879636684651,0.99086986941167,1.03143649322647,1.03143649322647,1.08876538471872,0.869239944108582,0.993841360717116,0.950668057062392
"zma-miR399i-star_st",0.893865785067571,0.950668057062392,1.09853661773793,0.910101433247592,1.58536849950453,0.810097845283118,0.755202264215399,1.05543319920859,0.950668057062392
"zma-miR399i_st",0.857891945238911,1.30523047688269,0.913942480633615,1.10055964421233,1.24574197148771,1.02374364675463,1.10055964421233,1.06296451170298,1.54939465967587
"zma-miR399j-star_st",0.563205264065062,0.836358757953178,1.40332115903987,1.23013657502836,0.563205264065062,1.105136792833,0.950668057062392,0.913072924553037,0.950668057062392
"zma-miR399j_st",1.06535277195701,0.836358757953178,0.968475782627031,0.949865149600172,1.53788180035549,1.07538213698379,1.10055964421234,1.07538213698379,1.53166832648818
"zma-miR408_st",2.5547555263466,1.94505957164881,1.50199689992385,1.4550338283502,2.56960806293448,1.67216486339979,1.7868333192043,1.7868333192043,1.7868333192043
"zma-miR408b-star_st",3.07020077998677,2.01033166085215,1.89808343630525,2.61018977982249,2.57714964524617,2.57714964524617,2.53958743666275,3.42500027052165,2.77196198931939
"zma-miR408b_st",1.40332115903987,0.775307815189416,1.53352252078124,1.53951262226972,1.40809388261219,1.3236468627542,1.10055964421233,1.01034956656468,1.41726708785226
"zma-miR482-star_st",1.23469689774438,1.49205991839951,1.27024002265383,1.02988171721179,1.06747684972115,1.06747684972115,0.977375339764336,0.854575923098783,1.06747684972115
"zma-miR482_st",0.944052456634297,1.27016283743572,0.931488897689542,0.967134078015171,1.24311399200548,1.24075041388666,0.83513523275639,1.72873041701531,0.982342604411541
"zma-miR528a-star_st",2.54480257912323,1.18716335147794,2.06977113545996,2.85264214585293,2.42495513433566,2.00397568334378,2.79470903709358,2.439166235033,1.98535164788742
"zma-miR528a_st",2.1588816669891,1.87461841154824,0.965037081852752,1.88808543549843,1.25476534470579,2.13757224935608,2.32341011715852,2.23552302627721,1.66406311548037
"zma-miR528b-star_st",2.49868935428157,1.46213422225164,2.21708811044473,2.06977113545996,3.15186604290933,2.17104484436615,2.58266689676093,2.21708811044473,2.51358940721792
"zma-miR528b_st",2.37099838329637,1.59151721246319,1.30833561484997,2.76294779650557,1.31427179662529,1.14575865481657,1.80922743810386,1.72873041701531,2.27114130723208
"zma-miR529-star_st",1.32417352863333,1.04965775862955,1.15695348061009,0.918227136400842,1.15695348061009,1.15695348061009,0.978029338878629,1.25987111342203,1.27828854058897
"zma-miR529_st",0.977375339764336,1.22593154394481,0.783389628418875,0.950668057062392,0.873953890462532,0.766264864838663,0.950668057062392,0.775822412011645,1.17396446039436
"zma-miR827-star_st",1.08551073542009,1.21610168397359,1.26508887626585,0.805485729787015,0.977375339764336,0.709389405004862,0.977375339764336,0.977375339764336,0.928281450949407
"zma-miR827_st",0.887273829807528,1.03417761175916,1.09871039974321,0.956559971918266,0.798533252671065,0.727003961864049,0.977375339764336,1.10138500160989,0.684762275982845
